5782
11485 1756
7435 2370
17298 2415
26315 3936
19182 4927
2379 5076
24545 5711
8006 6160
12508 6528
12214 7009
17991 7144
18027 7315
473 8400
8705 9081
16267 9148
7859 10157
11406 19008
19381 20086
25122 21216
22236 24617
9718 25918
15469 26551
25404 27617
26804 29390
15187 29708
20286 31020
8985 31470
6139 32704
21566 35829
8620 36743
13714 39078
10009 39580
27142 39603
19323 39664
15569 39711
5955 40455
13607 43975
1943 45737
19853 46564
26204 49589
9161 51688
5976 53458
875 53516
1309 55172
29377 55662
17574 55919
26101 59129
29879 59231
13886 60001
15796 60052
13705 60651
27341 60671
28983 61551
2213 66572
3838 68984
27720 72114
24220 72663
20721 73948
3317 82351
16657 83083
4833 84328
9683 85810
24138 86674
22331 87612
21174 88382
11821 91379
9287 91671
19791 92866
27414 93415
15031 93428
15937 93594
17131 95914
21625 97935
1300 99124
14837 99819
11587 100832
9677 103165
11951 103228
11307 109893
13649 110119
3276 117748
12338 119366
11280 119855
2627 123085
23313 123568
3240 125379
7844 125430
6528 127495
11793 128621
7024 128982
23194 129448
10864 133685
7787 135788
20274 136289
5957 136676
11306 136983
5201 137695
2210 137973
24276 138496
18290 139716
16429 140579
24537 141817
29238 146217
20783 146579
15803 148699
20443 150489
2906 151646
16034 151917
10380 153654
18563 154244
240 154641
7835 155561
15281 156693
18850 158431
24739 160398
15208 161613
21681 164431
12622 165659
3853 166585
5548 168077
20762 171020
17513 176252
6109 176420
8109 177084
18812 177359
24858 177987
6482 180881
22376 181459
6573 182888
18488 183336
27998 184652
15229 187508
10053 194513
14998 195088
3173 195574
19286 195695
2426 195836
6923 196150
9928 197102
4461 197324
3111 197782
18610 198714
22197 198965
20145 199261
595 199649
23010 201629
2020 204814
20948 206173
28389 206281
29801 206411
20908 207365
16502 209139
27566 210284
23601 210464
16670 210860
14958 213352
10239 214177
23127 216108
4991 216784
18029 216806
14014 219778
8980 221570
4000 222663
13876 223346
19385 224947
1763 226077
27542 226366
15746 226660
9906 234038
26220 234475
13354 234626
12930 235387
29587 239698
12584 241894
22815 243181
9691 243494
8522 244774
5771 250970
10688 253948
25289 253987
3863 254389
8431 254938
27044 255690
18461 256176
21261 256636
10885 257268
25679 259326
14465 259603
11949 261350
8660 263017
5468 264586
29182 264967
3370 265105
437 265446
4419 265448
13677 267298
5409 268013
28693 271090
12640 271581
2069 271596
17833 271680
22078 276624
319 277048
5264 277906
28290 278348
1101 278487
19698 280603
11352 281982
10454 285274
16001 285336
15136 285980
28047 286085
16096 287079
22615 289208
8441 290181
4609 291609
27433 291942
431 292380
11333 292792
4203 293809
10930 297479
3558 300921
25176 301904
15555 302760
22603 302855
12761 303296
1949 303568
3715 304354
23057 306776
9823 307431
8323 307674
14672 310739
24289 313105
26010 313630
20896 314110
1234 315590
16589 315656
8641 316835
3772 316836
12946 317263
20482 317345
759 318407
10084 319601
7831 320415
13290 320767
21586 321230
8035 321948
23940 323417
5708 324309
3514 326762
3747 328282
13506 329153
13671 329745
3590 333321
17570 336354
12357 337088
16606 340202
26565 343247
25047 344938
10657 346339
3944 349409
14185 352270
1031 355436
23684 356098
26986 357795
10799 358144
8564 359080
17319 359324
19673 364013
14820 365973
17110 368284
4253 369404
26841 369495
15792 371277
4512 376834
12830 376973
8763 377958
29370 381692
14352 384402
8390 384780
4391 385096
18787 390578
1056 391888
19271 399262
16722 401065
10580 403150
28659 409410
23691 410827
29040 411277
10336 411800
21296 412045
1698 412115
17085 412579
25240 414063
12554 414672
17105 415027
1452 417581
19885 418639
21290 418682
7851 418718
19640 418848
5745 419051
19078 419384
5988 419648
26249 422655
6977 425912
10755 426383
27436 429634
15137 433796
23875 435281
14053 435311
11764 435855
3374 436246
18756 437833
4342 442814
12920 443543
24518 444523
7578 446221
4790 448380
23618 450568
17834 452813
25270 453619
3057 454010
25161 454474
18649 455207
14654 462681
4976 462866
16880 468415
2693 473996
11126 476140
8510 476926
20974 477093
9696 478446
21513 480840
29837 481595
29489 483460
3663 486124
20090 487885
8521 488342
27047 492046
13875 495472
7549 497366
7764 498960
13121 503383
27458 503396
14316 503792
7103 504766
22338 508558
711 509764
9240 509804
8825 509929
20164 511448
10969 512664
20550 515822
10127 517340
5755 517925
15167 518148
22536 519148
12947 519416
1351 520284
4106 521557
21563 523937
20905 524747
2292 524928
14650 526729
26114 526871
19803 528826
16149 530561
12414 530722
20197 532386
3524 533933
16186 535604
451 537386
15919 538961
25597 542820
16309 543829
19604 549614
785 553254
23517 554133
20829 554865
23304 557378
23884 558471
18405 561922
1983 562808
8279 564575
22640 571141
15276 571604
18600 575359
4594 578336
27225 582586
11464 582826
22695 583620
8578 586597
11580 587378
5031 588605
25421 590085
13558 590506
18712 604849
29639 605283
13608 605446
5886 607753
12998 607814
28422 612729
8781 613062
13543 617463
6613 621665
25646 625784
11495 627098
26822 627682
27345 629729
27198 630245
16683 632015
26529 633031
6204 635677
22182 635797
2761 636622
1852 637817
8020 640326
16471 642196
11677 642245
7256 643519
29653 643722
25198 644635
29119 644781
6713 647600
1574 648627
21380 648953
28403 649018
11329 649606
26729 651734
217 651753
71 653762
24080 654269
18380 654916
28529 655738
24090 657077
2112 657326
18509 658557
4437 662142
25116 663523
7565 663828
14893 664663
29842 666179
10717 666323
18589 669501
27558 669961
12463 672420
16265 673941
14057 674089
27913 675227
26175 675518
2752 676399
8659 678397
125 678781
17954 682540
8400 684191
14619 685415
11984 686546
20876 686673
25017 687366
24546 688965
21580 691512
108 692459
4376 693082
14042 694253
10908 695542
8992 696557
747 696848
22812 697781
8095 699557
25340 703123
17454 708912
25138 711983
1028 712230
17205 715094
8702 715796
8353 720644
22497 720835
8864 722290
10297 722382
29447 723080
28136 724021
25425 724168
25500 724548
23840 730828
29989 731740
5099 735199
29744 736271
10307 736312
15630 737279
9104 738888
10095 742061
20100 743046
10787 744651
6509 744848
3215 750839
1279 750963
4547 751035
22539 752885
128 753662
22316 754684
481 755584
29732 755700
14805 756859
8410 757582
3956 758057
6063 759145
17924 759506
20868 760995
24872 761211
14212 763350
21365 763365
2705 764629
19369 767425
12488 768211
22777 772092
10424 778513
23375 779001
23839 780328
6111 783432
12436 785759
13403 787992
15332 797910
6447 798320
4350 798745
12586 798884
19701 800443
5137 805046
8495 805357
29006 805997
14858 807172
27869 807486
1610 807979
7398 810683
20464 811219
6773 816630
12853 816775
25442 817714
24627 818987
11226 819657
18164 821542
24738 823546
6095 828913
13333 829911
23680 831398
27652 832295
922 833421
26184 834814
4522 838024
12469 838971
20258 839176
596 842796
21545 843362
10509 844329
4507 844454
3132 849026
17487 849697
15319 850438
452 850777
6935 851125
12127 851962
12299 854309
6809 857150
28837 857885
10978 861625
3492 862489
18242 863813
12663 865473
23755 865571
9449 867254
22839 868929
13226 869677
16058 870234
12009 870973
1343 871419
7574 873867
25028 874782
28985 875416
26908 877219
10551 878743
29082 878971
25098 879330
15171 885500
27832 886654
6653 889169
19426 889576
18670 893834
28577 898555
20467 900153
9404 901146
15918 902761
14351 903190
18705 903855
19776 905861
11510 909964
5966 911795
8162 912277
10806 914505
6308 917752
16957 917918
15782 921164
5426 922432
13914 922911
18813 924970
27532 926943
29250 928536
5670 930989
22244 931240
7765 931940
17113 934266
10961 934776
9194 936981
5891 937265
3513 942288
20519 944480
14908 945445
10483 947289
7100 947378
13780 947531
728 947968
12868 948355
6207 948399
4726 949186
10508 950125
17782 950900
11528 957024
21971 960031
9856 960581
635 962177
9500 965358
8358 967418
15212 967477
16246 970814
873 972439
10396 974430
23777 978644
21216 979178
28585 979237
14099 982310
518 984362
22533 987711
29064 989157
2767 990318
24599 990982
18720 992841
10183 995974
5197 997298
49 1002850
24910 1003246
3355 1004884
19910 1006966
14149 1008751
27655 1009553
7715 1011826
20488 1014737
23923 1016973
10879 1017238
6236 1018403
7575 1018473
2448 1023035
28191 1023332
23466 1025104
19730 1025832
8610 1026198
8575 1027773
23484 1034214
5081 1035182
6681 1035433
26819 1035746
29515 1036495
18635 1039694
22025 1042502
21986 1044190
28968 1045302
14605 1048371
10461 1048713
3628 1048748
29072 1049757
25756 1050880
20186 1056392
27383 1062318
17094 1063469
9180 1064911
10548 1065371
12595 1067866
19229 1069027
19430 1069067
29413 1069706
16180 1069741
5143 1071929
13988 1074376
27635 1079116
200 1079651
27069 1082876
9477 1083527
725 1084565
9782 1085696
22475 1085757
26874 1089300
28151 1090020
26052 1090773
14510 1092905
22659 1092968
80 1093060
9417 1095837
717 1097565
19758 1099078
8349 1099287
16735 1099365
17248 1100791
21182 1103089
29633 1103138
28601 1106554
2957 1113254
26253 1113820
16937 1114137
3471 1114616
2400 1114823
26768 1115915
21121 1117752
13199 1120634
24987 1126121
10547 1127955
347 1130440
26557 1133422
4659 1136656
26870 1139128
7504 1142010
8949 1143774
24694 1143950
4119 1144425
23813 1145431
3969 1145689
14901 1146056
23401 1148168
6757 1150985
15377 1151249
10849 1151403
17279 1151935
26243 1152058
8600 1154601
15837 1154614
21444 1156427
23534 1156608
25592 1158469
12735 1158885
13902 1159789
22913 1162870
9993 1163073
13431 1165726
13933 1167319
27788 1167457
19545 1167650
26638 1170445
5521 1170576
19450 1171194
27725 1171579
16778 1177827
29038 1178551
24104 1179087
24828 1179484
14515 1179997
21189 1182023
24693 1182049
3789 1183252
4714 1183770
8767 1188772
27846 1189181
25412 1189343
5430 1191446
16896 1191803
9918 1197018
10154 1199964
17766 1200351
12513 1204571
17504 1205471
24732 1206307
4857 1206485
20392 1208369
8782 1208421
10218 1210366
18245 1210679
14431 1211740
17183 1213172
7898 1213647
8119 1214026
7817 1216796
27775 1218570
26914 1219081
2661 1222659
14835 1222971
16918 1224591
1413 1225287
26397 1225537
19392 1226023
25560 1226279
15841 1226727
29925 1227468
10230 1227730
2483 1230695
9370 1232630
9288 1235544
20371 1240741
2529 1241838
21440 1242417
18398 1244520
25647 1245819
28129 1246423
16093 1246886
233 1251332
7500 1251439
10916 1251615
12003 1255696
3689 1257363
10045 1261512
19527 1264105
4702 1264158
11434 1267479
18694 1268307
6484 1269293
15779 1270786
10451 1272104
29147 1272565
21015 1273095
13619 1276131
16775 1279817
11489 1280049
23140 1281617
19772 1281917
14376 1282536
23255 1284657
10967 1284894
26428 1286525
28107 1286867
11584 1292901
19825 1292911
28688 1297815
7019 1298485
13825 1299399
3190 1300420
26480 1302875
8139 1302986
28718 1309251
7109 1309607
23058 1314073
1041 1314494
8532 1315776
3470 1318728
2478 1321036
22966 1321586
16839 1321840
17618 1323586
18440 1323837
15340 1325649
28679 1325782
5249 1329318
26702 1330904
16032 1330942
17438 1331526
8444 1331539
20217 1331815
21313 1334149
8912 1339733
8885 1339927
5832 1341132
13645 1341367
21464 1343438
19125 1344229
28804 1346140
7492 1348479
10291 1348997
8797 1349209
28277 1350898
18179 1352143
6399 1355117
14469 1355886
23335 1358788
913 1361724
24490 1361839
3796 1362263
27219 1363630
27160 1368202
25600 1368622
8627 1369059
2664 1370312
21125 1372699
7833 1377080
20939 1377412
26999 1381238
14885 1382843
28104 1383830
15105 1384095
29901 1384375
25489 1389692
1746 1390850
12446 1390867
7906 1394451
15247 1395312
14772 1395720
15119 1396334
20104 1400075
20791 1401790
13028 1401870
8039 1406264
691 1407844
12078 1408751
26636 1410760
18906 1413544
22479 1415319
28488 1419066
17746 1421252
12052 1421819
18725 1421998
19624 1424196
24530 1427974
26099 1428268
622 1429937
6779 1430300
5740 1432626
4654 1432775
22525 1433045
27785 1433972
11732 1434262
8792 1435974
23104 1441696
23351 1442201
19311 1444059
21232 1444250
13220 1444348
9857 1446308
9706 1446526
13319 1448315
15613 1448369
4254 1450090
27104 1450126
8244 1454654
10813 1455724
24028 1457794
28029 1457891
27033 1460380
6905 1467758
9810 1468839
22736 1472283
19049 1475453
11297 1477129
5497 1477257
13245 1480388
2387 1480525
2223 1481283
1619 1485245
3100 1487776
25912 1489677
2097 1490038
27653 1492113
4814 1492461
27574 1492786
23934 1495031
13383 1495326
24977 1496745
20527 1498614
12757 1500337
19199 1500874
14319 1503471
7714 1504727
8616 1509371
6971 1509603
19031 1510337
7356 1511354
4789 1512045
10445 1512421
3616 1513758
27224 1514346
18256 1514554
18801 1515323
7607 1515577
21978 1519160
26043 1520427
28064 1521016
24059 1521622
23565 1522809
25535 1523323
6967 1525441
3127 1529384
20344 1529813
16585 1530546
10263 1531323
3526 1531736
17354 1532895
12367 1534088
21955 1540102
21785 1541430
21925 1546366
1573 1550542
4295 1551041
7516 1556048
3208 1556297
10351 1557696
5479 1558589
6000 1560917
22229 1561558
20056 1563022
28456 1563592
2834 1567268
10976 1568143
1709 1568412
1104 1570806
12071 1571381
3532 1574076
15790 1575111
5559 1575631
16827 1579832
12064 1580590
11505 1580797
13246 1581057
20553 1583024
10727 1585347
10173 1587835
9279 1588510
16208 1588555
8686 1589154
11782 1589446
25518 1590672
25230 1590813
668 1595179
5363 1598366
7913 1600725
14872 1602143
13257 1603486
18411 1603791
27343 1604989
2473 1607545
6378 1610189
3520 1611904
2488 1612323
28777 1612665
9389 1615851
14662 1617518
18781 1618245
21302 1618441
27021 1623116
6074 1623525
12820 1623525
7254 1624015
17521 1624704
27473 1627450
9832 1632071
12379 1632314
22710 1632563
9836 1637072
4763 1639505
15081 1640941
14010 1641060
18887 1641561
4062 1642914
17383 1644902
24262 1646687
11683 1647791
17355 1647829
17689 1648471
6721 1653244
18388 1653431
22460 1656732
8944 1657136
21126 1657467
28932 1658360
16163 1658978
8820 1662173
29211 1662744
21368 1662810
23892 1662857
29747 1666144
2774 1666373
8203 1670938
6679 1671074
2348 1671364
29065 1672831
28599 1673268
7614 1674671
14303 1678599
16767 1680068
9316 1680701
9924 1680956
11386 1682546
17619 1683531
12455 1683807
25469 1686223
9597 1686480
14775 1689425
9103 1690778
28354 1691227
18337 1694385
4811 1695191
28591 1695711
28401 1697628
15768 1699737
18157 1701873
100 1702211
26584 1709097
6059 1712665
24598 1713078
2370 1718079
24731 1718197
24845 1718961
22785 1719687
10860 1719991
1477 1722101
11710 1722148
8363 1725629
8779 1729192
20971 1731632
14415 1733415
20574 1736609
14801 1740779
17146 1742945
24794 1743965
15483 1749671
15140 1751878
20898 1752268
23905 1753589
2600 1756839
17498 1757880
3600 1758169
21552 1758679
9799 1759923
4591 1761833
26062 1763009
10968 1768552
8909 1770350
2127 1771698
8232 1774495
27577 1774752
20596 1774910
2207 1775840
16534 1775986
25102 1780248
11983 1780909
27109 1782173
9540 1782553
29883 1785874
25123 1787023
2349 1787377
1934 1789414
1148 1789746
15652 1791937
4864 1792155
744 1794233
2481 1795070
23530 1797558
16822 1798471
11517 1799461
19483 1799491
22565 1802555
10917 1807717
18006 1808006
29591 1809466
20151 1810116
21358 1810789
7853 1812049
27774 1815404
22095 1815788
1597 1816054
15783 1816174
24967 1816786
27718 1817792
11472 1819409
1812 1820134
1855 1822509
27820 1822802
22489 1826013
6050 1828830
23364 1829039
20291 1830816
10203 1832103
23563 1839201
5857 1839896
18361 1840456
18928 1842353
6972 1842379
6031 1844059
11243 1847237
7102 1849893
7310 1853043
3931 1857336
20607 1859205
8989 1861141
29585 1861975
6427 1866297
18277 1869820
21309 1870770
13569 1872800
29406 1872942
28558 1873849
12433 1874481
17495 1877164
3371 1879030
1262 1882625
6014 1883735
29590 1885371
24623 1886978
16781 1887447
5064 1888004
9577 1889791
23249 1891042
9578 1891881
8164 1893673
17525 1898614
24940 1898877
18661 1900439
27119 1901319
10825 1902736
15314 1909788
4829 1911856
802 1913449
2343 1915481
1373 1917818
12598 1918708
22704 1921948
23175 1924630
26750 1927899
21735 1929496
12818 1933520
3716 1934202
6203 1935703
19970 1937211
15929 1938297
6212 1938600
24309 1939226
12212 1939377
15446 1939972
26650 1942318
19411 1944505
20540 1944665
28007 1947128
9519 1948113
3028 1950824
14131 1951005
24644 1951132
9320 1951875
18743 1954873
17012 1955670
21923 1956579
9073 1957194
25206 1961185
28256 1963540
2731 1967756
26499 1968015
11014 1969782
6829 1970112
29446 1970238
29906 1970652
19682 1971729
23503 1974374
12919 1974537
26267 1975066
3475 1976983
9994 1978210
25706 1979811
14535 1980616
20593 1982052
282 1986129
19906 1987551
22154 1991111
20031 1991175
16955 1991704
17021 1992226
14843 1993836
5603 1996322
18535 1996338
7463 1998355
25326 2001505
21022 2003418
27447 2006688
11374 2010275
13164 2013107
22679 2013241
18828 2014044
7324 2016229
6749 2018332
6377 2023227
14587 2023770
20130 2024589
6190 2025220
19523 2025288
19907 2026972
10784 2027084
21859 2030855
15799 2035367
6266 2038918
1125 2039696
26522 2040844
1969 2042905
10395 2050032
27004 2052128
22627 2052782
28042 2053802
2874 2053916
20797 2053935
26174 2054651
23220 2054704
21133 2054709
29359 2055412
19813 2056723
21651 2057732
4149 2061843
23976 2062202
4671 2062809
19494 2063560
2358 2064940
10575 2067379
8829 2070809
12713 2070933
1822 2071678
15512 2072292
1290 2073252
22541 2073954
19214 2075120
16287 2076155
27611 2077101
15957 2078204
6234 2078530
13408 2082669
18416 2082764
28034 2085068
24629 2087926
12841 2088705
22528 2091451
11381 2096550
24758 2098227
16219 2099025
14309 2101292
11449 2101431
8464 2102507
17694 2103026
16407 2104873
26833 2105021
4211 2106546
11187 2107782
8141 2108589
15475 2108743
1930 2109087
3519 2110096
3362 2110976
3543 2111668
5752 2112680
22259 2114835
3732 2116246
26245 2116484
19863 2116866
24611 2117187
16912 2119074
24204 2122703
9650 2123134
9715 2125303
17326 2125442
4967 2125981
8828 2127448
27553 2128358
17526 2130735
11987 2132400
26011 2134265
1624 2135705
3482 2136034
10494 2137565
9739 2141052
24454 2146443
26972 2147019
5534 2148016
5308 2149160
11630 2149797
9011 2150558
7609 2153006
8737 2154812
13460 2158996
1268 2161267
29604 2162014
13655 2164159
27565 2164696
5848 2165183
5141 2165670
3805 2167889
23572 2168960
20542 2170906
2628 2171112
7826 2173136
20152 2174086
7631 2175842
5922 2176370
7896 2176776
25067 2176871
14260 2176900
7793 2178101
6987 2178859
25049 2179622
22685 2181290
23937 2183713
1728 2184034
13564 2185803
17771 2186343
2150 2186740
28439 2187002
28306 2187643
12637 2189912
15125 2190134
19549 2190343
9090 2190392
19990 2191091
19658 2191491
7393 2193679
12716 2196530
22072 2198239
18608 2200994
5324 2201220
24108 2201630
14578 2207577
9223 2208698
6558 2219905
29984 2220418
26911 2220991
29878 2222020
20102 2222180
12005 2225135
14740 2227594
12770 2229432
11490 2231090
7695 2235302
4185 2235808
19845 2238504
26346 2239318
29964 2241390
27817 2241466
13444 2242124
27252 2252027
27859 2252529
1707 2256345
27080 2258056
9311 2258635
9909 2260576
18701 2262719
2321 2263082
22362 2263096
263 2264614
2959 2264879
9184 2264912
644 2265283
24541 2266068
13525 2267836
11414 2267985
8669 2268243
19727 2268764
24639 2268847
14811 2270190
22992 2270925
19681 2271130
8206 2271204
9433 2271515
3277 2275826
19217 2281870
1179 2282482
5347 2284391
5012 2286718
19868 2288658
18805 2288857
25674 2290266
6929 2290352
15018 2292777
25503 2294176
29124 2295959
16220 2297549
24123 2299676
708 2300559
2445 2301415
23314 2301944
7862 2305886
5196 2308102
28130 2308203
7731 2309044
1754 2311101
16933 2311420
29834 2313031
1438 2317153
7531 2319308
1498 2320646
3865 2320740
22600 2327758
11353 2328596
6500 2329696
15297 2329722
27614 2330597
17622 2331861
13573 2333588
22172 2333738
25019 2337096
28739 2337596
29568 2338291
20334 2339771
471 2340237
17216 2340337
19024 2342670
11542 2343752
6310 2344601
21629 2345590
16352 2346339
21588 2349163
29281 2350129
21773 2350737
20659 2350789
6872 2353125
12092 2354627
21526 2355265
18997 2356731
11327 2357112
12759 2357164
10433 2357987
25810 2359007
406 2362270
22995 2362789
5934 2363151
21716 2364512
16632 2366733
15393 2371432
29333 2373564
16807 2375146
21536 2376557
11388 2377271
12314 2377618
17117 2378359
2519 2379577
7443 2382712
17193 2383355
12607 2383780
13843 2384192
28758 2385028
10185 2388845
464 2388968
6194 2389711
18669 2390028
3767 2390104
12559 2394698
16383 2395461
17328 2398473
25932 2400863
10390 2403796
26942 2404985
16668 2407544
7526 2408039
5622 2409138
6458 2409682
26337 2416650
10740 2417807
3431 2420539
29921 2420575
20984 2423224
2422 2424617
7179 2429238
11755 2430704
28231 2431581
13163 2431844
14767 2432763
23321 2433205
8308 2434120
21394 2434617
2939 2438794
14378 2439750
28084 2439952
6648 2440923
20312 2442131
20317 2443412
17987 2445271
27095 2445858
10299 2449628
2467 2451896
946 2453084
1548 2453589
11530 2454789
11408 2458468
18428 2460003
7440 2460366
24762 2467620
5624 2468472
23802 2468779
21499 2469667
2316 2470748
4273 2470880
14520 2474454
23880 2476564
15896 2477557
23860 2479484
11869 2481413
29990 2481619
13502 2483421
5701 2486703
21037 2487854
1723 2489866
4573 2490437
22546 2491334
5856 2491898
29918 2494099
29462 2494221
24914 2495826
22008 2496799
9558 2497395
5188 2500606
20836 2501843
26046 2502114
13356 2503817
26948 2503869
16936 2503965
23363 2505260
3533 2505609
7057 2507712
9259 2508302
14340 2508623
14732 2508904
18342 2509811
777 2510489
4312 2511141
24918 2512954
1536 2513178
7028 2513279
26597 2515883
12278 2517746
27841 2519871
2246 2519923
28418 2522737
26468 2524935
5483 2525291
4120 2530687
12645 2533004
14548 2537895
22254 2538369
29527 2541620
27667 2542834
5811 2543972
13761 2544606
19602 2547066
6556 2547504
384 2552403
26286 2557049
15679 2557696
4302 2561589
15624 2564071
22893 2567458
8354 2570720
6469 2573891
4630 2578229
7316 2581025
13534 2584089
8212 2584252
17593 2585112
7895 2586723
6632 2587604
16010 2587607
7713 2590868
27722 2591040
17282 2591784
26794 2592006
22212 2592275
17391 2592733
1139 2592989
27546 2595678
11435 2597761
28709 2598090
14203 2601096
438 2602305
25390 2603961
4975 2608506
10093 2608531
19282 2611640
21323 2615592
4915 2615700
15368 2617798
6831 2618834
672 2624171
16367 2624466
26348 2626926
14990 2630295
25495 2631282
17597 2636451
28650 2636818
2272 2638349
16569 2638848
2639 2639210
9657 2639767
27622 2640684
1431 2643070
28213 2643666
23806 2644077
24258 2648575
17850 2654215
22577 2657253
8254 2658630
22916 2658713
7752 2659977
26783 2661231
18584 2662375
25608 2662835
29001 2663075
10833 2664618
10141 2666750
19528 2667027
17198 2669512
16475 2670598
15702 2670826
13382 2671635
236 2672812
12575 2673403
22883 2678668
18671 2679121
5680 2682408
3095 2682545
15085 2683236
28317 2685300
986 2689482
19969 2689501
13352 2690496
27856 2692459
14168 2692874
5035 2693848
2528 2694234
6581 2697167
17260 2697837
16653 2700152
15706 2702162
15293 2702315
16228 2703844
3347 2707910
14337 2713503
4288 2714560
7484 2715108
28334 2715760
23887 2716097
14394 2718368
18677 2724192
7879 2724228
22775 2725342
29103 2728367
6663 2730186
26028 2730995
6252 2732110
392 2732453
17239 2733612
16064 2736800
29335 2745232
12703 2745683
10924 2746205
21851 2747185
3138 2749422
20824 2750970
7861 2751157
4236 2756650
16412 2757123
21152 2759699
3493 2762121
15715 2762737
25673 2763721
11573 2764459
27264 2765358
18459 2765632
10718 2766215
12546 2767492
14878 2769859
981 2770245
24625 2770883
12360 2772102
10693 2772346
17280 2773296
8371 2774638
28111 2774888
3551 2782036
8748 2783504
6893 2784829
2652 2785732
17492 2788699
3592 2793214
28320 2793450
3084 2795063
24501 2797075
21159 2798820
1666 2799118
23020 2802827
23756 2803634
19693 2805529
18414 2808550
2902 2812785
29216 2813435
21921 2813639
13151 2815136
9852 2816156
628 2816252
28379 2821359
9036 2822452
10719 2822773
2864 2823385
13533 2823902
2550 2824399
20446 2824914
8030 2825376
16516 2826282
3427 2827856
2350 2832441
28145 2838273
4440 2838550
5181 2838935
8251 2840293
19851 2841560
16989 2842772
20901 2843437
6475 2844920
20231 2845069
21369 2845876
17562 2847141
28188 2847269
23386 2847972
706 2849264
19414 2850088
2576 2850931
13211 2854774
14874 2854842
29945 2857151
6677 2860951
11875 2861923
1238 2862033
7423 2862089
19743 2863073
18082 2864333
10329 2864856
20566 2865952
12597 2868166
8656 2868383
24330 2870096
13209 2872407
14209 2872625
7336 2873083
26083 2875552
14749 2875820
18203 2877591
19304 2880859
15723 2881737
21836 2881819
2156 2884844
2521 2885152
10609 2885679
16063 2886634
22513 2887150
6840 2890031
24244 2890473
2583 2890817
29500 2891807
3257 2893363
1569 2895095
26135 2895246
7246 2896162
8451 2897511
23982 2899339
23378 2900534
10163 2900540
13007 2901432
10190 2902974
27973 2903996
29225 2904058
3618 2905345
29809 2905881
2041 2906407
14077 2908605
26785 2911355
9436 2913037
12152 2914147
9299 2915365
7819 2915585
24553 2917841
25455 2920768
9904 2921451
19539 2923384
379 2938102
18225 2939364
8122 2939861
16424 2940871
791 2942430
23760 2945973
26423 2946344
28634 2949264
2727 2952330
20598 2952944
28281 2953447
2601 2953502
29769 2955620
19397 2956317
11337 2957540
642 2958113
682 2959017
28415 2959070
296 2960142
23900 2961805
1765 2963315
3784 2965945
24101 2966918
22367 2969870
27014 2975051
8941 2975531
25033 2976543
477 2976546
23326 2979548
15337 2980112
8078 2981130
23807 2981774
24030 2982676
5803 2983678
13851 2987286
6517 2987785
6942 2994779
3737 2998832
13045 2999038
8170 2999605
4774 2999919
13697 3000008
1392 3002868
25687 3006300
16105 3010439
4360 3013119
11285 3013488
15462 3013579
1052 3014742
25066 3017001
3402 3018950
14742 3019950
21619 3022359
24257 3024084
22691 3026462
28667 3026547
6740 3030737
5509 3032467
18814 3032931
2411 3034716
8672 3035116
25845 3037459
25085 3037898
27813 3041910
2891 3043726
2332 3045614
150 3045930
8487 3047910
22764 3049419
8211 3050139
29677 3050498
17516 3051697
19708 3051790
19388 3052000
26421 3052603
27696 3052895
15570 3053120
13935 3053631
21907 3054904
14318 3059351
1250 3060009
25790 3060456
25221 3060585
17755 3060602
14702 3060845
20988 3062665
3041 3063040
5799 3064477
6485 3064985
29596 3065483
2268 3065778
3256 3065912
517 3070238
10540 3074880
4321 3074913
6830 3076177
21392 3076513
1193 3077148
131 3080578
25722 3081270
12253 3085891
26266 3089905
26601 3091004
20399 3091099
1766 3091376
29039 3093034
22135 3095787
4208 3095969
22814 3096871
6916 3100637
14522 3101794
11328 3103652
2992 3106862
21005 3109252
5806 3113132
27844 3115639
21540 3118364
14658 3119740
17182 3120184
26777 3120227
29434 3123172
29325 3127862
3733 3129097
11768 3129710
28895 3130419
24713 3135062
7592 3135644
4040 3137983
29175 3141743
18444 3144542
28578 3146808
2111 3148591
16992 3156466
26556 3156822
84 3159572
13797 3161838
28416 3162315
23022 3165247
8114 3165786
2098 3166458
8038 3167972
23849 3171418
26662 3175155
23725 3175682
17484 3175978
5105 3178171
7180 3178362
20782 3179360
16965 3179660
7176 3180866
24441 3181111
29005 3182331
16142 3184043
24497 3185427
4395 3187393
7771 3193516
12039 3193594
15154 3195008
8362 3196640
13676 3197607
21008 3197757
17948 3198831
27059 3200119
16314 3202564
17888 3202953
22192 3203683
26469 3207469
13050 3210030
6022 3212943
28892 3216436
11830 3218385
13266 3221280
10743 3221627
25155 3222112
24151 3223454
12403 3223497
12691 3224814
24007 3225497
4146 3225925
23483 3228267
8926 3230499
4700 3231933
26743 3241658
18443 3244008
27501 3244331
16203 3246215
11227 3246915
29529 3247160
11662 3247197
4218 3247266
4510 3248636
20308 3253605
25027 3257908
19192 3258018
3237 3260305
20676 3262078
8272 3263677
3419 3264773
28220 3265548
16731 3269437
25496 3270670
24416 3271518
14822 3271976
10744 3272126
12200 3273156
928 3273744
19133 3273768
15894 3273880
29534 3276385
25382 3279843
11496 3280136
12324 3282726
23311 3282763
401 3285968
3704 3286939
8834 3290813
16131 3291392
19542 3292035
29949 3293530
25021 3293784
7517 3295128
14065 3297275
2641 3307338
24642 3310140
17339 3310690
11085 3311622
3098 3311934
13371 3312218
11850 3314006
8298 3315210
18952 3315365
20058 3318197
24499 3320833
16708 3325842
21913 3327005
8230 3328532
22657 3329190
12111 3329667
16110 3330232
21555 3331103
26170 3331140
24496 3331814
7514 3334136
7302 3336766
29528 3339201
19347 3339946
9074 3340110
3309 3340644
8426 3346243
11715 3346891
4880 3347213
22413 3347672
4896 3349189
27647 3352320
14087 3352831
26886 3353666
11450 3354010
14710 3355014
12250 3355150
19357 3355483
29499 3357035
13898 3357787
20523 3359243
15020 3361332
20448 3365556
11975 3366689
2976 3367101
17658 3370157
9600 3371966
664 3373309
16199 3375311
22381 3376089
15846 3376755
14676 3377259
21894 3378452
1693 3381179
9439 3382139
7770 3386110
23385 3394131
14588 3394769
20298 3397734
7886 3399034
29702 3400958
10920 3401839
10305 3406249
3324 3407324
7909 3407591
19773 3409668
16427 3409866
5668 3410952
2012 3414005
18832 3416048
4907 3421032
4537 3423153
1862 3424997
7483 3426704
19558 3429046
21150 3429924
9455 3430269
11601 3432955
3247 3434316
20647 3436668
151 3436984
20847 3438393
6103 3438932
15323 3439934
13817 3441337
22663 3441840
18149 3443019
27101 3444012
24388 3444764
24622 3446165
10863 3446269
2311 3447142
24432 3448879
28971 3449127
23450 3449974
27612 3455494
17159 3455738
24939 3456698
17368 3458370
8837 3458497
24660 3460123
26705 3460592
9854 3460797
15683 3460939
24973 3461348
13625 3462563
18873 3462565
5707 3462601
6954 3462993
24263 3463130
28143 3464963
18460 3465387
17589 3465725
3401 3471162
14280 3472138
1776 3478697
29192 3483488
3556 3485845
15523 3486289
25405 3487080
5259 3487544
21637 3489047
3907 3491203
1959 3492741
17445 3498156
29899 3498225
12994 3498490
4908 3500710
27240 3501805
16470 3503120
8326 3503346
22708 3508238
15124 3509063
7400 3510481
24156 3511995
5003 3512812
6753 3514752
4962 3516696
20085 3517134
4856 3517948
17016 3518808
19560 3519417
20554 3521425
24106 3522772
16710 3523274
27943 3525033
9849 3527992
18293 3528058
295 3528382
22346 3530049
737 3530065
24195 3531565
28799 3531624
23916 3531654
22680 3535924
5489 3536069
21052 3540804
16442 3543996
15129 3545952
5778 3547859
5421 3547962
22575 3549140
3281 3555067
6391 3555367
21827 3555627
16967 3557914
22717 3558532
9853 3558663
6952 3560322
20068 3561750
17489 3566087
11220 3569824
21436 3570306
7388 3571427
15625 3573089
9567 3573386
19196 3574409
18878 3575582
1393 3576430
16408 3576784
10323 3583655
23459 3583939
7455 3584088
10110 3584315
7308 3587008
20469 3587351
6778 3588632
7411 3588791
26394 3589465
25871 3589916
24509 3590680
6878 3591430
11924 3592873
2351 3594354
17437 3596422
13650 3596462
16849 3598330
303 3603795
14421 3604278
12813 3606165
9137 3606327
19846 3608658
18012 3609539
14914 3609571
787 3609780
5185 3609791
24208 3610431
16488 3610727
12742 3610823
20174 3613369
5961 3613848
16130 3613924
16920 3617079
24695 3617798
26410 3618245
16984 3618615
14823 3619171
5782 3619617
28780 3620290
13017 3622333
28803 3623417
19330 3624310
29841 3624436
15956 3625044
21320 3625845
16945 3625847
18967 3627654
23932 3629359
11522 3629761
9948 3632266
19662 3633055
13381 3635376
6282 3637287
13633 3637398
17965 3637510
17305 3638551
12415 3639580
7186 3639895
11902 3640207
13048 3641561
28442 3641679
13529 3643537
22052 3644598
10458 3646191
8998 3646265
18409 3647316
15755 3647668
15965 3650184
7960 3651469
11608 3652066
12151 3656576
14840 3657617
17880 3657985
10124 3658615
12363 3659784
29260 3660494
8032 3663760
18708 3664889
6891 3668733
9947 3668995
26537 3669208
22706 3670415
15994 3671121
15950 3673727
9609 3673779
21507 3673882
23829 3676299
7877 3678999
15341 3681510
9116 3684969
14046 3685509
9690 3685845
24447 3686358
4417 3688193
23480 3689819
8456 3689896
29317 3691898
11269 3692102
20831 3693282
7815 3696473
10109 3696693
26950 3697101
411 3697510
14263 3698717
18607 3700508
26120 3702895
11476 3705737
24412 3708999
17227 3711277
13712 3711389
20432 3712832
27959 3715189
24887 3715394
17271 3718051
11752 3719574
7050 3720672
4870 3722733
9549 3722890
5526 3724335
11383 3725724
17348 3725835
2595 3727941
19659 3728360
18689 3729572
7728 3729670
16573 3729699
10436 3731335
6119 3733239
2382 3733333
17882 3733642
5902 3734875
26486 3738443
5761 3739633
17529 3741583
13056 3742975
1703 3743763
4034 3746626
29435 3752815
28949 3758952
8063 3759178
23965 3762276
938 3763151
20912 3765660
27192 3765747
17192 3771404
5658 3771862
13029 3772847
20235 3774418
23320 3774938
5610 3777731
4777 3777896
12119 3778182
16091 3779066
7424 3780263
16222 3780443
7944 3781447
4858 3783347
7820 3786813
8841 3790045
21957 3791458
29383 3792504
2128 3793905
18239 3793991
15810 3794704
24305 3795951
480 3798133
26625 3800651
26775 3802815
27440 3803714
4193 3804716
23978 3805126
24033 3806557
11323 3808217
16154 3809849
8079 3811815
17291 3812151
6957 3812861
16723 3813020
25695 3813181
22587 3814571
14458 3817618
16160 3818026
16376 3818772
29581 3820474
4176 3821319
15146 3821642
21746 3822736
9183 3825070
11199 3825646
22984 3826261
10643 3827324
28499 3830319
13601 3831863
10345 3834009
24691 3834415
26621 3834449
19811 3835762
18698 3838020
29586 3838381
8540 3839442
11120 3839850
26365 3840847
5997 3843080
13618 3844249
24816 3846867
26855 3847061
24002 3849505
19830 3851126
24071 3851367
3391 3852243
24943 3852545
21250 3852636
4337 3853442
11749 3855018
11387 3855908
25792 3856511
10482 3864287
25213 3867523
25187 3867762
5288 3869249
25499 3869523
2500 3874765
7303 3878110
10811 3878476
25255 3878544
13816 3879593
2681 3881224
24936 3881428
6330 3881639
16674 3882214
1958 3883935
15435 3890313
19964 3891374
24863 3891687
4225 3893384
4651 3894349
15347 3897388
29249 3898117
7972 3898499
26274 3899888
14385 3900616
6033 3901091
12058 3901262
7485 3901590
28010 3904268
8788 3904525
5028 3905479
25225 3906058
29256 3907804
29802 3908224
17025 3910668
10425 3911835
17910 3916404
22265 3922735
23178 3924934
16815 3925445
8960 3927714
27306 3930005
25252 3932270
6582 3933606
14196 3933959
4869 3935003
19554 3935348
9635 3935880
5921 3936000
12835 3939641
15748 3942515
11475 3944031
28258 3948271
7332 3953157
17845 3954561
7264 3955415
19608 3955475
6355 3959004
12424 3959012
5433 3961991
19821 3963643
23814 3963814
27251 3967733
26134 3968860
6018 3969308
19247 3969342
5878 3970127
11976 3970383
12331 3970462
2072 3976060
25 3977414
12366 3984077
18413 3984143
27974 3986151
25283 3986899
3372 3988897
6496 3989238
26993 3990543
10576 3994300
24681 3994475
24016 3995178
28362 3996269
4069 3996904
6115 3997953
17359 3998535
22651 3999943
24988 4000352
26834 4001652
8440 4005440
25316 4012233
23108 4014894
2310 4019098
7536 4023412
8939 4026237
20609 4026313
17876 4028498
4224 4028635
29723 4031595
25068 4033640
15102 4039381
1018 4046061
19532 4046894
21979 4049916
10187 4050121
13332 4050602
23412 4051258
5533 4054131
20610 4054223
1267 4057288
19421 4058248
3521 4058269
4867 4058761
8833 4058968
12896 4060546
22795 4064078
17806 4068481
21114 4068626
7943 4068628
8110 4068845
16196 4069221
24313 4072208
23094 4076169
27421 4076596
17041 4078822
20218 4082264
11205 4091376
20140 4091888
13807 4092926
10293 4095608
26107 4101003
28190 4101806
21172 4101912
12960 4103985
28457 4105159
23061 4107627
26774 4110348
2326 4115367
11494 4116170
7620 4117088
7627 4117235
21425 4117619
3745 4121926
24775 4127467
7890 4128207
6706 4131181
22045 4131789
4809 4135072
8987 4135544
17560 4138555
4531 4138919
26039 4140282
10082 4140957
22507 4141655
29251 4146767
29556 4147008
469 4147917
19626 4149990
27735 4151333
19239 4157680
10452 4158122
24241 4158465
6937 4159629
5838 4159924
14476 4161369
23372 4162215
29361 4163990
18146 4166631
14686 4168533
10221 4170775
211 4176027
20558 4180128
13456 4180431
18511 4181172
1757 4182688
12934 4184173
4401 4184762
3694 4186400
27176 4187268
18135 4190534
20133 4191837
23078 4195084
6995 4201346
25157 4201854
24041 4203213
6516 4204355
21167 4205699
13885 4208033
12393 4209804
28344 4211172
12035 4212450
22922 4214316
3489 4214489
29526 4221568
17944 4223513
8098 4225176
12503 4226793
18231 4232620
24696 4234166
17717 4234205
26695 4234360
13477 4235609
26725 4237464
15977 4238989
3957 4239078
4581 4239692
3958 4242480
23873 4243417
12421 4244042
10027 4245396
26425 4245537
12383 4246617
21364 4248520
12710 4248629
5274 4249782
29717 4250605
23617 4256030
13491 4258695
13285 4259289
25950 4259783
15117 4260176
24113 4260674
17087 4261260
28386 4261316
8921 4262131
27619 4264942
2189 4267535
14704 4268072
27103 4270356
4428 4271578
14821 4272345
6153 4273574
12540 4274016
26879 4274547
739 4274712
25536 4275138
14930 4279283
21434 4284717
11355 4286728
22152 4286999
12898 4289756
22032 4291899
17518 4294014
22933 4294051
6370 4294419
2149 4295188
2701 4295252
16162 4295792
24228 4298814
17018 4301214
15177 4304849
6701 4307697
20316 4308182
20319 4308934
4625 4309355
24889 4309634
22891 4311050
3065 4316240
17976 4318636
14911 4319326
22431 4319644
18331 4321874
11200 4322883
21534 4324105
5413 4328816
15976 4329918
23550 4337113
8615 4337275
19038 4340044
13681 4340963
20806 4343405
14907 4344120
11786 4344182
11833 4345193
21420 4345237
29963 4345989
13787 4346478
5597 4347255
21339 4347847
9825 4347919
2403 4348118
22354 4348947
5358 4349888
11574 4351462
11118 4354015
26232 4357717
27253 4358357
140 4362222
5406 4362879
10566 4365629
15840 4366407
1871 4366505
3811 4367092
26446 4367640
95 4370049
25565 4371000
8718 4371222
22280 4372588
10516 4375427
4708 4376480
6387 4376637
26805 4380014
8747 4382569
15289 4383903
29459 4387100
11098 4387157
24008 4388403
26612 4390015
24034 4396120
21437 4396632
551 4398552
23509 4398602
26335 4398662
663 4399382
23109 4400690
27956 4401411
29564 4403914
20624 4406264
12592 4406488
29772 4407323
8271 4410305
1594 4411553
22563 4413140
10794 4415446
7986 4417241
2911 4417724
2106 4419937
27135 4428034
18562 4428513
20481 4431765
19744 4433150
16454 4433790
29893 4434279
18628 4434741
12649 4435117
27702 4436252
18735 4443039
21208 4445516
18604 4446054
25244 4449192
28326 4450904
2569 4451518
2510 4451674
27607 4453966
29145 4454058
2135 4454557
6626 4463902
20471 4465222
21286 4465474
3206 4465657
16300 4466126
7733 4467174
23730 4468479
10990 4469938
25913 4473488
18085 4473518
19575 4475845
18348 4479008
3965 4479693
4435 4482090
1432 4483672
448 4484745
21737 4486118
648 4487653
16276 4492583
18739 4493895
13694 4495486
1820 4499738
15025 4500951
15501 4502841
19197 4503664
10808 4504029
14947 4505454
17106 4507683
10774 4508926
19700 4510201
24865 4510681
8135 4513953
26920 4514693
21097 4516979
15351 4520790
7679 4521099
1578 4523070
12090 4523667
814 4524238
29836 4526481
23452 4527216
11356 4527392
18666 4528589
18547 4529589
6510 4529822
8310 4531658
1292 4532227
9917 4533310
6602 4533604
9914 4533606
24271 4535330
18434 4537936
27272 4539038
8496 4541031
21169 4541996
11930 4547830
8574 4548931
27475 4556134
15612 4556239
18704 4556625
12682 4561470
20697 4562581
16783 4563148
16279 4563616
20539 4563847
13903 4563991
13013 4564438
16867 4569362
26798 4570493
26251 4570615
20357 4573459
12117 4579753
446 4581156
13793 4587909
950 4588938
28357 4590927
13074 4591072
29198 4595391
18107 4596674
21931 4596747
24410 4598603
26716 4600444
23944 4600449
7737 4601611
15611 4602293
27568 4607338
26179 4608187
12927 4608936
23838 4612254
20567 4613956
7532 4614223
28936 4617037
16829 4618869
6882 4620816
11405 4623291
18783 4624327
23879 4626484
24205 4626635
4248 4629360
8185 4631647
10071 4640362
13473 4640450
22214 4642547
4008 4644044
9879 4645101
15594 4649316
29122 4650318
10861 4650982
28970 4653628
11593 4657082
22310 4657543
15626 4658528
14891 4659088
19526 4660884
25208 4661847
27364 4663249
23435 4663437
24837 4664608
15838 4670516
7008 4672807
9564 4678761
4981 4680306
18771 4687597
22301 4687715
20340 4688331
28244 4691824
13136 4694911
5200 4694917
23467 4695438
26951 4698983
4661 4699481
11743 4699492
383 4701037
13588 4701618
18213 4710858
27952 4711010
25714 4711554
5029 4718681
28629 4719331
14754 4719788
20752 4720796
29209 4720872
7351 4720984
11184 4724986
11084 4725866
6146 4728233
25941 4730090
4003 4731116
23975 4731847
2663 4732558
13758 4733431
1034 4734376
19994 4736526
25313 4737450
7006 4737553
6969 4738640
25451 4740240
16065 4745800
6353 4748403
14718 4748888
24961 4749206
15284 4751840
670 4752949
845 4753130
8536 4753687
12409 4753828
7042 4753981
23085 4757554
18840 4757752
11979 4770709
26459 4773762
4684 4780258
4151 4784415
24045 4785557
20860 4786468
4871 4791180
10905 4791897
2347 4793486
6219 4796266
5206 4796665
9076 4797970
18007 4798035
11555 4799284
19959 4800139
9034 4801668
16768 4802451
6256 4802551
7501 4806475
20001 4809500
24217 4810913
4844 4812519
1915 4813698
17587 4814138
29871 4814182
22011 4814446
27597 4818181
16840 4818511
25218 4819165
6960 4819689
29484 4819890
2967 4821476
1731 4821927
8209 4823220
17790 4824193
18932 4827346
10669 4830097
15489 4832036
6223 4841972
6855 4842801
24396 4844039
10585 4844873
14246 4848267
23920 4849692
17092 4850279
13848 4850716
17269 4850797
18506 4852605
14273 4853184
537 4853802
11047 4854291
8413 4854350
25527 4855322
15113 4858042
7949 4860525
29160 4863818
10859 4864283
9661 4865649
14481 4866205
25354 4866836
5370 4867888
19937 4868999
28271 4869107
29214 4870711
26070 4871221
10703 4873843
13778 4874664
17887 4875389
25927 4875797
27724 4876294
14326 4877186
11072 4879130
20225 4880508
1137 4880786
189 4882344
27969 4883124
27134 4883967
29419 4888218
3576 4890331
24799 4890947
799 4892478
26861 4893282
18514 4896613
646 4898134
14957 4898263
17123 4898927
9985 4899643
26640 4900785
21714 4901007
10503 4902648
19092 4902766
3358 4903218
28732 4908550
19955 4908918
20747 4910013
6152 4913506
28025 4914028
2233 4918325
23663 4921223
7126 4922117
15153 4924324
8226 4928823
25666 4928872
4013 4935086
5837 4939950
4317 4941573
13482 4941627
12101 4941677
28888 4943018
1761 4943082
17690 4944425
11050 4945693
43 4945748
15043 4952482
18526 4956764
14418 4956927
435 4957304
11871 4959522
28019 4961025
2913 4961076
27926 4962322
13554 4964227
24997 4965457
6668 4966110
1584 4968296
29494 4969123
22056 4976941
2218 4978390
12483 4978578
24342 4978877
23371 4984109
5798 4984264
2479 4984340
6006 4986274
20641 4993237
29143 4993802
13823 4995252
25594 4996972
4097 4997540
10002 4998282
10374 4998694
8194 5002320
7739 5004815
27920 5007126
6925 5008606
26624 5012724
14124 5013000
17937 5013578
976 5013815
17364 5013963
19709 5016003
225 5019610
8486 5022080
2138 5025278
18719 5027930
14954 5029330
29896 5029705
6046 5030243
21269 5032887
28660 5033906
7598 5033969
7967 5036225
5735 5036348
21393 5039539
38 5040209
26981 5042739
11150 5043167
3981 5045932
18595 5046524
8225 5048112
28500 5049450
16233 5050315
11592 5051933
5918 5056004
15524 5057023
12313 5059988
16814 5061577
26212 5061870
8070 5071816
27819 5072565
19871 5074732
19515 5084286
3376 5085107
27058 5085929
20562 5086554
1817 5088645
14918 5091020
26392 5093705
2656 5093933
17636 5104458
29620 5106677
23090 5112083
26789 5113223
5440 5113993
28316 5114866
28373 5115287
14649 5116482
19296 5121880
1486 5125060
5996 5127021
17835 5128888
20148 5140228
16503 5145442
7374 5149712
20895 5150458
3182 5150919
19034 5152068
15833 5152094
13030 5152375
4293 5153894
7113 5155810
15421 5156622
27216 5157008
23899 5157754
21242 5163356
15255 5164059
8423 5168619
14765 5169605
17768 5169883
20889 5171049
1739 5171940
25683 5174096
7128 5174232
24683 5175147
22459 5178166
18612 5178467
24602 5180371
1732 5182713
21719 5182831
5780 5183089
22233 5183395
8236 5186773
1456 5187693
17773 5188535
28325 5188605
9232 5191107
20551 5194204
11773 5194867
25781 5196367
25385 5196948
23269 5202319
23665 5210924
17039 5213223
9394 5216467
20260 5216796
27255 5219690
14402 5219845
29479 5221961
7362 5222340
18746 5222645
11145 5224089
10471 5229149
19670 5235518
25665 5236634
9009 5237295
9658 5238522
19396 6291516
25975 6292202
20811 6292325
8689 6292968
16040 6294921
12773 6296312
28560 6297909
15318 6299112
9252 6300803
4168 6301146
13178 6308766
11302 6311900
4765 6312622
5087 6313758
5459 6314236
24439 6316265
21151 6317433
25872 6317465
25350 6319066
25910 6319604
2512 6319984
23960 6320339
22662 6320507
25634 6324626
647 6329912
7417 6331175
18752 6331689
8991 6332031
1877 6333184
3888 6334259
23599 6339166
15984 6339867
26589 6340400
24966 6341459
10957 6347827
2440 6349546
16496 6349768
27499 6352474
11060 6353298
13518 6356736
27789 6357542
1258 6359045
18269 6361599
17367 6362966
20794 6363206
23992 6363596
8345 6364247
11469 6365723
13343 6366044
12544 6366880
22424 6369848
27174 6370873
9348 6372263
22688 6372497
17045 6373184
897 6373811
4026 6379276
17893 6379283
10949 6379924
16409 6382670
4633 6382798
20926 6383821
6781 6383907
12453 6384009
10734 6387539
8596 6389265
25639 6389604
7108 6389904
13283 6390276
6714 6392928
25808 6393144
2485 6394240
6817 6397592
25315 6401023
26361 6401456
10622 6403962
29297 6406567
7509 6407404
12542 6407512
21171 6407897
1161 6411795
14274 6412233
5712 6415227
23795 6415861
21997 6417348
4828 6418059
235 6420062
25668 6420653
5853 6424666
17026 6426490
19889 6427491
1253 6428022
7834 6428250
20653 6429393
1559 6429589
10888 6432603
20627 6434040
25448 6436232
21592 6438742
24274 6439523
7855 6442304
24109 6443418
21473 6445567
5945 6447772
4524 6448409
21384 6448932
18790 6451938
8411 6452013
5388 6452838
21896 6454260
8962 6455177
324 6455319
21031 6456582
13432 6467064
9945 6472036
20705 6473878
13264 6474955
28253 6475903
20572 6477856
20251 6478009
24025 6479231
574 6484117
6296 6486912
27374 6488800
9796 6491218
23636 6491249
4554 6491624
15531 6491840
21130 6492184
19329 6492406
26675 6494906
4830 6499800
5395 6499994
26137 6501553
3410 6501658
25452 6502608
21647 6504398
1756 6505244
25994 6505956
9077 6507244
8090 6507748
474 6508641
9998 6508758
27903 6508890
26963 6508980
17104 6509498
17285 6510077
8344 6511498
16637 6511912
20162 6512718
5303 6513617
7699 6514111
7548 6514872
9536 6514898
1416 6517429
12362 6517733
9646 6518901
6596 6518956
29895 6519286
13011 6522836
25139 6523033
14330 6523506
12271 6525644
2513 6526836
27402 6527230
7513 6529217
19760 6529470
5515 6534048
8577 6534412
19897 6536702
22014 6538425
21510 6540886
21614 6541581
14257 6543057
5389 6543296
10391 6543332
7882 6544171
22278 6545553
1060 6547224
19343 6549519
17244 6549944
26067 6551705
20866 6556433
3151 6556751
11735 6562491
20913 6563574
23853 6565456
27111 6568051
2724 6568546
19732 6569158
21762 6572466
17900 6577007
4161 6577318
24166 6580318
12837 6581740
15848 6582151
17632 6583755
19448 6583956
5192 6583997
6283 6584307
23606 6584347
6525 6585972
10356 6587296
11524 6587995
1525 6588199
2745 6588866
12861 6589020
14399 6589668
23432 6591135
25850 6592431
9346 6598756
7580 6599657
12870 6600968
7380 6601202
2996 6602068
18278 6602779
412 6605288
5665 6605725
10412 6607042
11025 6609462
26620 6610480
17015 6610939
6436 6611258
28361 6611345
12715 6613733
5343 6614168
29833 6617338
12188 6617438
21084 6618953
19367 6621856
1606 6625688
18543 6626012
20910 6628695
13899 6631338
8127 6632552
27426 6637075
11849 6637799
10796 6638127
8576 6638293
8433 6638661
1474 6639189
10627 6646297
19641 6647174
24406 6651942
24893 6653379
20703 6654424
2844 6654597
24723 6658102
19236 6660817
25445 6665590
19979 6665663
15966 6666859
26230 6668699
13441 6677091
7759 6677282
342 6677339
25474 6685577
17564 6686927
20386 6687688
4970 6690861
11758 6691447
11860 6697784
5265 6698007
9785 6700555
18066 6700706
3630 6702539
2466 6703345
18018 6703734
21841 6703964
1047 6704911
22246 6707091
25543 6707435
26143 6708115
17419 6708730
16795 6709625
17194 6713731
9049 6716346
21141 6716375
455 6716550
26827 6716957
83 6720625
8000 6721531
14166 6723279
12817 6726044
6968 6728392
7165 6730058
618 6730550
3332 6731326
29448 6732197
23174 6732798
1384 6733002
8708 6736455
14265 6738014
22189 6738782
9679 6739117
2317 6739405
20543 6740855
7595 6741060
16138 6743658
17733 6745322
18940 6747170
23243 6747969
14447 6748011
14933 6751252
10680 6751484
24671 6752199
5769 6752235
4153 6753119
14833 6753306
2093 6755277
21927 6755714
9965 6756062
20398 6756330
18797 6757918
8366 6759042
19734 6762175
509 6763323
10613 6763928
8442 6764861
24626 6766144
7975 6768553
12115 6775401
20518 6783269
20346 6787043
355 6787440
2777 6789223
10699 6790986
10111 6791853
2325 6794546
19562 6795301
22711 6799145
2811 6801946
19000 6807619
15035 6807708
16828 6808033
27517 6816458
6835 6816821
19638 6817944
29582 6820448
10074 6820670
8465 6822315
16944 6827929
7470 6828115
4129 6828751
15027 6829506
18313 6833816
26790 6835028
20257 6835330
12004 6835741
26547 6835877
25114 6835990
25916 6842135
17505 6846441
710 6847877
28790 6849220
13861 6852021
22859 6853141
21609 6855500
16872 6860462
28935 6861111
10246 6861120
21985 6861593
23522 6861745
23231 6862016
20033 6862914
13819 6864375
6667 6864421
11760 6865702
27078 6868601
24815 6870685
4476 6871663
14726 6872772
391 6876678
24824 6877499
17063 6881005
8250 6881844
27020 6884309
772 6886436
20812 6889973
21073 6890442
12248 6890530
17685 6896014
14572 6896905
2707 6897514
1356 6897586
16401 6897595
8438 6898169
12207 6901948
9882 6902810
8547 6904643
3432 6910104
20872 6911237
3725 6911260
20817 6911952
15941 6914383
26177 6916876
16540 6918308
394 6918483
17756 6920762
20075 6921467
3971 6923229
28172 6923670
27287 6925086
21325 6929927
10750 6930204
14090 6931399
3753 6932154
9976 6933018
9188 6933480
7977 6933937
13878 6934643
11536 6937196
13979 6939113
29649 6939116
7427 6939267
28502 6939454
7048 6940186
14925 6940942
4474 6941234
21624 6941299
17287 6942867
21842 6944282
24784 6945837
6719 6946649
521 6948281
9594 6950472
27070 6954858
25576 6955773
16317 6956426
13299 6957044
3385 6958399
157 6958714
650 6963711
3952 6964336
793 6965039
17466 6968143
368 6971288
12419 6971661
26711 6972129
2962 6973395
29449 6973768
17679 6974984
10737 6982006
25743 6982610
28609 6983280
24849 6984686
20823 6985302
20657 6987746
17753 6988971
29632 6989006
19066 6990479
8730 6990530
12026 6991013
16443 6991921
9149 6993546
4243 6993612
4359 6993856
29537 7000865
2300 7002078
3063 7002194
19475 7003272
24093 7003974
20848 7004738
6567 7005023
14533 7009490
28462 7010509
6688 7011817
4940 7012074
11845 7015298
1479 7016149
4334 7017235
16751 7018679
4263 7021987
1831 7022545
11008 7024002
18660 7024195
24575 7026301
8469 7026968
7615 7027554
7404 7028345
13157 7028403
18282 7029652
5112 7029778
8152 7031402
4783 7031433
10115 7034306
11225 7035319
10004 7037131
14197 7037825
22799 7039906
11359 7041168
3327 7041956
752 7043031
11467 7045348
836 7046919
12733 7048061
8624 7048174
3453 7049770
3501 7049811
17946 7050011
18234 7052329
21654 7053899
25149 7053899
353 7054946
12359 7056249
8318 7058536
8462 7059742
9349 7060216
645 7060454
4210 7060510
12227 7060710
1169 7061350
17549 7062059
1896 7062387
1782 7063967
20904 7067288
9451 7069443
8064 7071789
18938 7074098
10443 7074319
21738 7076317
24745 7076468
26118 7077162
18847 7077859
3388 7078145
5539 7078146
15148 7078423
7414 7078467
7067 7078700
18905 7079430
7925 7080411
9165 7081678
23508 7083888
26656 7084344
21489 7085570
18132 7085618
7776 7091624
6662 7098732
28179 7098979
22140 7102222
1106 7107033
18165 7107427
13402 7108288
8482 7110353
10814 7111474
11667 7112493
19738 7116058
9623 7117269
7983 7117524
9982 7124444
14818 7125831
13294 7126508
22902 7130445
19685 7130724
4935 7131081
6587 7132893
1093 7133858
5061 7134780
26641 7134904
1607 7135795
28833 7135865
23411 7136237
6276 7137193
23392 7138170
15734 7138187
4242 7138332
28699 7140746
19855 7141023
9791 7143171
18819 7144801
20168 7146569
8497 7147014
643 7147917
409 7150644
23669 7152319
1045 7153534
17907 7159718
25388 7162232
16544 7170071
28518 7170744
1385 7176418
23056 7177170
6961 7178714
22674 7183691
10198 7188709
24376 7189265
20452 7189806
11734 7191310
25609 7191772
24684 7193794
25492 7194821
5520 7201633
4773 7203335
16472 7209603
17785 7211626
28838 7214568
19456 7214587
23000 7215156
3659 7215740
26988 7216631
2927 7219366
4424 7219871
4958 7220314
18876 7220847
13821 7220989
5749 7221708
7756 7223038
9655 7225588
18427 7226658
17997 7230598
11712 7232161
27910 7232239
24986 7233844
11977 7234212
6744 7235660
4815 7236513
10604 7238269
2586 7238525
7465 7240700
5627 7241483
16506 7247049
11669 7248219
6205 7248670
23582 7250451
7442 7251030
26666 7251856
4275 7252811
19129 7254526
14032 7257328
27380 7258083
3394 7263230
18136 7263495
17563 7264170
18383 7266689
19322 7267079
9705 7271293
26949 7272378
11210 7276777
22037 7277836
29753 7278677
17680 7279526
22005 7281510
13303 7283848
28388 7284087
7619 7284347
18619 7285457
26427 7286703
6331 7287306
7146 7287958
15179 7289578
8106 7289899
402 7290649
15115 7292484
9686 7292633
29121 7299372
12377 7301770
11521 7307816
27418 7308434
8449 7310887
27039 7311260
916 7311490
17389 7312198
11675 7312583
25457 7313614
5758 7313718
7910 7314511
11911 7318172
9725 7318401
1260 7319697
9637 7320222
13698 7321292
13145 7322206
15614 7323103
25841 7325408
8041 7326396
9511 7334233
26336 7334511
12978 7335324
6627 7335714
10220 8389653
15299 8393286
17186 8395530
21032 8399435
10091 8399784
23185 8400039
15666 8400293
25191 8403243
28746 8404063
8231 8405024
14565 8406725
6471 8408222
10243 8410686
1869 8413310
9437 8414432
11480 8415180
26064 8415410
21064 8416461
27982 8420067
6429 8421800
4023 8422159
4792 8422394
28724 8423964
19918 8426227
3064 8428234
4709 8431785
8631 8437730
16692 8437792
9048 8444154
18084 8445576
17310 8446841
8316 8449893
8172 8450377
19678 8451841
11919 8452456
16351 8456149
28184 8456593
21000 8456824
12057 8456910
24214 8458954
2086 8459157
12512 8459219
19028 8460039
27761 8460972
20581 8462013
1141 8463183
10306 8464276
23935 8464804
2009 8464841
21715 8465835
23708 8466099
2629 8467673
14887 8467907
10588 8471787
19008 8472116
26263 8478373
13172 8478719
6685 8479048
4087 8479387
26707 8483146
25603 8484214
28242 8484457
25738 8486930
4599 8488246
8483 8488684
7127 8490283
12955 8491428
22596 8493188
10763 8493540
24347 8494756
20813 8496724
28781 8499258
20555 8500280
15002 8501420
19920 8502478
21590 8503245
20786 8504730
23463 8504937
18517 8505513
11278 8507611
1828 8508024
29326 8509981
5024 8510968
9874 8511541
28771 8512615
22174 8514077
937 8521901
22297 8523136
2474 8523189
29095 8524343
16973 8525700
29071 8527272
9497 8527766
23644 8527947
4084 8530662
28889 8531774
5304 8532222
6317 8532657
11610 8532802
27983 8533818
4147 8534322
12707 8534659
21916 8535964
25691 8537594
25266 8539506
13411 8540721
2363 8544613
29345 8545943
16418 8547221
26559 8547574
20484 8551708
17665 8557169
21999 8559545
10898 8560098
22239 8560748
29176 8566112
21186 8566503
19211 8566923
19779 8567807
4592 8568138
19568 8569052
23332 8570881
20287 8572481
3671 8572631
29364 8574370
23212 8574619
14195 8575327
9896 8578148
161 8578788
21432 8581991
4325 8582330
11109 8585334
14904 8585495
649 8586179
5231 8586347
21350 8589861
15283 8591668
12729 8593017
17251 8593793
22594 8594866
18192 8595212
12872 8596886
18154 8600590
13192 8601240
20029 8601387
9692 8605010
4328 8614437
27068 8616200
22203 8616865
15220 8621344
18423 8621728
8014 8621835
621 8623041
15958 8623339
15298 8627308
14589 8630286
1961 8631464
15078 8631687
25755 8631869
7693 8632359
7189 8634959
17035 8635029
27360 8638664
19135 8639129
6462 8643189
23299 8645039
22249 8649176
2484 8650647
868 8655767
15311 8656238
4048 8656251
25444 8660666
11624 8661055
1729 8668480
28390 8669561
29454 8672871
4217 8674100
24184 8674810
29235 8676739
19954 8677068
27678 8677439
15591 8678826
11518 8687665
9546 8687791
18352 8687908
1485 8688029
7386 8689261
16511 8690004
9382 8692278
22975 8702393
14437 8702822
3695 8703458
18691 8705415
8289 8706508
15808 8708890
26163 8710357
24790 8712762
15192 8718188
8161 8719102
22946 8719498
1572 8722294
21092 8723428
6675 8725060
26982 8727956
18000 8729123
15742 8730546
20276 8730863
29668 8731504
14825 8732167
21262 8734544
3918 8734641
22018 8738176
26074 8741266
16706 8743696
4782 8744935
1890 8747163
4548 8747489
29473 8751476
27531 8753471
7119 8753753
26862 8755068
27332 8756767
7866 8759486
2155 8760090
11620 8761442
29721 8761742
2215 8762428
3461 8765555
18195 8769589
22204 8770883
28186 8771385
5178 8771493
15303 8776867
25357 8779220
26060 8779825
4452 8782100
7506 8782217
6225 8782395
7813 8785774
4890 8785907
8210 8788027
11561 8788741
17896 8788897
14971 8789640
11207 8789965
3072 8790380
20900 8790388
26024 8791361
10383 8792010
798 8792155
28218 8792742
5978 8794578
4148 8796246
28345 8797665
13205 8798030
15178 8802082
19449 8804894
3296 8805092
1904 8809036
20290 8809169
21956 8811624
28132 8812202
2045 8812319
27083 8812344
10281 8813033
9303 8817405
8142 8820154
19808 8820344
23121 8821085
10761 8821924
22050 8822327
11725 8822451
21543 8825001
29067 8826032
10423 8826587
28969 8827133
22066 8827236
18683 8827473
18124 8829013
5203 8829959
6918 8832023
3917 8832861
29129 8833268
12986 8833490
19013 8834892
4215 8838780
6189 8838966
15269 8839145
5727 8839488
16956 8840459
17819 8840648
22313 8840825
23758 8846039
731 8847646
9863 8849839
4138 8850185
8867 8850756
5451 8851710
29727 8853801
25087 8856000
987 8858425
20011 8861647
29657 8863325
10577 8864432
12665 8873885
2585 8874116
15687 8875621
15063 8878016
22655 8878303
2304 8879203
249 8880228
16830 8881635
15455 8883884
20105 8884074
565 8885053
9222 8888015
1554 8888017
16953 8888455
2789 8890250
6810 8894732
15597 8900247
20706 8903425
16152 8903855
11955 8904039
26014 8904470
5841 8906133
22285 8906212
25441 8906248
23426 8909691
26983 8911139
24707 8911561
5357 8913630
10253 8915041
10867 8916592
7058 8917711
26936 8918659
20955 8919448
2361 8919512
13931 8921321
21409 8921601
15405 8922635
17033 8925997
7429 8927114
27508 8927877
29844 8928391
15064 8931222
4175 8931540
20715 8933223
15355 8933599
8168 8936153
3562 8938303
8315 8943042
28767 8943534
20153 8944829
23631 8947398
19814 8948361
22194 8951732
3400 8951971
25246 8953450
7342 8958996
16727 8963931
6065 8964308
5816 8965063
1055 8965560
18158 8966538
13328 8967261
29367 8967303
21843 8968865
23893 8970369
12644 8970856
1239 8971466
16650 8972894
16461 8974724
5792 8975077
14364 8976902
28638 8977422
2756 8978890
901 8979943
11708 8980192
9788 8980845
7954 8981280
18618 8984715
13892 8988045
19966 8990478
1308 8994870
29874 8995404
10029 8996917
15559 8997366
10629 8998863
14730 8998894
27994 8999235
29090 9001465
6811 9004789
4632 9007516
6959 9009783
25801 9010553
22263 9011807
27893 9014643
18475 9015273
3160 9016001
27179 9016982
8757 9018991
10854 9019628
8845 9021694
20229 9021898
22616 9024114
14157 9027378
5968 9028511
12672 9028646
27106 9029038
16285 9030310
20646 9032116
24251 9035033
21389 9035474
18325 9036291
10975 9037661
23334 9039423
15910 9039589
15610 9039843
18355 9039897
26881 9040388
4930 9044298
13553 9047428
26246 9050231
5969 9050898
3456 9050943
10775 9051069
27871 9052937
3133 9054214
29168 9055022
13476 9055494
28677 9055715
7534 9056355
8470 9057231
1107 9057446
11046 9059205
6511 9062922
11736 9065816
25144 9066199
6315 9067181
22093 9068299
3666 9070856
21929 9075440
641 9081307
20272 9082130
11395 9094670
1560 9096517
11234 9110298
15781 9110464
15046 9110556
19041 9113779
2078 9114452
7697 9115747
3301 9121894
20177 9123243
20546 9123734
7194 9125327
21780 9126157
2430 9127227
9086 9127852
24540 9127874
4308 9129208
13595 9129357
4240 9130076
24764 9130184
7823 9132364
9632 9136802
9020 9137304
3273 9141938
17177 9147135
729 9149788
22935 9150294
11023 9160376
11137 9160378
26353 9160590
17625 9163160
14457 9163256
1614 9176212
2863 9179608
2699 9179612
29049 9179704
24700 9181578
6037 9187125
24834 9187660
22917 9189074
1567 9189116
25802 9189621
5846 9191738
21036 9195448
11838 9195683
6994 9197178
26837 9197848
21693 9198305
27173 9198460
5415 9202289
25635 9202706
9118 9203786
8701 9205666
25436 9207857
17840 9208294
28154 9210695
8034 9211699
23745 9212563
24528 9212877
23405 9213443
680 9213756
25559 9215167
22626 9215853
21203 9219749
27223 9220068
1345 9221230
11548 9221998
24560 9223730
26482 9225039
17153 9225996
18702 9227502
25999 9228255
8369 9229409
54 9229711
2235 9229838
16248 9230748
7602 9231556
22176 9233583
21774 9234215
22457 9234956
6342 9236638
2148 9238397
26252 9238697
20755 9238935
2866 9238954
19325 9241747
28068 9244808
2452 9246849
2778 9248078
20067 9249989
16728 9250007
27887 9250278
7650 9250681
25292 9251123
10493 9253708
15557 9253995
9154 9257596
1030 9259485
10097 9260321
2331 9261017
29008 9262257
24520 9263660
18960 9264316
9977 9264743
13829 9265874
25106 9266931
4498 9267933
19636 9268016
19795 9268345
19086 9268709
11284 9270155
3107 9270406
24039 9272065
3124 9272849
2333 9275737
15827 9278694
14448 9278972
29495 9279190
19650 9279258
27096 9280574
11117 9281175
18453 9281618
19900 9284253
12300 9284582
25165 9289537
7075 9296026
16940 9297198
5819 9297286
16318 9297528
2787 9298307
29891 9298497
26543 9302395
9512 9306245
17642 9306906
3889 9308697
16803 9310025
19207 9311480
17865 9313308
21905 9317192
28322 9319061
19487 9319442
19510 9320216
3607 9321954
27430 9323115
1377 9323960
25273 9330276
29262 9331152
8778 9331303
29736 9332961
14853 9337583
3420 9337829
4318 9344461
25409 9344548
21829 9355387
23751 9357256
21448 9358108
1472 9358704
10499 9362900
19400 9372522
8812 9374250
22282 9374621
24899 9376595
20652 9378671
29997 9379002
16664 9379973
25153 9386562
16320 9387054
8688 9387307
11321 9391713
29694 9392808
8052 9393558
16845 9394198
21429 9394952
15459 9397590
28571 9397960
3794 9401774
7085 9402958
17352 9403369
16062 9406700
28608 9407352
25882 9408692
7594 9409197
17001 9410488
15496 9411347
26045 9411687
27437 9422866
28766 9423118
1415 9427248
10049 9438090
375 9439118
5893 9439578
27496 9442541
3452 9443107
19546 9443430
8265 9443626
29583 9444070
27297 9445006
24237 9446396
16395 9446503
3373 9453363
12038 9453869
29600 9453890
15995 9456529
27180 9457780
18518 9458562
16773 9460072
21783 9460498
17693 9461825
11350 9462782
4409 9463895
29374 9466941
8338 9469602
2889 9474159
16019 9474229
23009 9475066
14118 9476883
13943 9478297
12245 9482778
23778 9483264
688 9487991
6910 9490425
5591 9497212
25311 9497874
12660 9498699
29822 9499267
1622 9499894
2855 9500674
23882 9501615
3295 9502194
27948 9503738
17598 9505087
10729 9506347
29956 9506408
18651 9507101
26757 9507148
2081 9511155
23962 9512613
27780 9513942
29770 9516911
21657 9517564
27790 9523108
29840 9523200
11815 9523773
8793 9524329
25172 9526115
1376 9532818
17416 9535740
21870 9536022
331 9536060
25363 9536107
3634 9536404
29116 9538389
3085 9538503
6368 9541184
28692 9541691
9902 9542642
704 9543803
27339 9543950
22000 9548660
19579 9552032
25883 9554899
12452 9555500
9443 9558585
830 9558830
6268 9559473
28225 9560453
23098 9564200
5914 9565025
2810 9566250
4441 9567035
12081 9570191
10224 9572588
29903 9575360
6895 9581867
12050 9585604
14252 9587509
8195 9588772
18990 9591616
18004 9592731
10902 9594320
1319 9598642
17821 9600678
13617 9601505
21331 9602037
16249 9602125
1241 9602586
20528 9603431
10803 9604271
23439 9606995
18403 9609035
12726 9610313
1223 9610605
6017 9611623
12466 9613815
11923 9615246
2799 9616119
27016 9616146
9671 9616895
4693 9617425
8138 9617556
14245 9617803
5227 9618276
8380 9619015
23207 9620808
22425 9622481
20010 9624745
6892 9625230
23337 9626262
13918 9626569
20226 9626982
25530 9627055
13109 9627096
9920 9627793
24606 9632295
16251 9632671
17465 9632815
27470 9632976
14838 9635732
10350 9638022
23441 9638571
3027 9642128
13195 9644228
26700 9644751
28763 9646389
6181 9647903
2975 9648160
4989 9649354
24703 9654539
26360 9657334
23354 9663827
11780 9665814
14902 9666519
12012 9669338
6386 9671218
27049 9673484
28159 9673914
16652 9675623
533 9676421
19929 9682539
12516 9683555
8924 9684080
20916 9690091
29764 9690243
15767 9690638
17713 9690828
22472 9693395
17241 9693629
24036 9701655
29552 9701995
9396 9702980
16055 9703539
7810 9703875
13417 9703878
5847 9704958
3390 9705105
14664 9705889
10201 9705913
3476 9705929
9195 9706088
7381 9707682
11628 9710427
13630 9714141
22734 9714951
15951 9716219
20744 9717035
8011 9717877
15586 9718623
136 9719466
18667 9719818
21749 9720075
16366 9725651
2960 9726825
22360 9731350
4370 9731519
25648 9733268
8703 9733384
7430 9733729
15684 9734832
2110 9735236
18930 9736573
2994 9738149
2857 9739012
4733 9740576
12246 9741877
16614 9743207
1503 9744294
5299 9745543
11420 9745903
22534 9747879
18272 9748063
22805 9749322
22161 9751126
2961 9751934
8977 9754135
28620 9756570
917 9759458
23396 9759771
1344 9770164
19146 9771831
13768 9772635
27085 9773174
24841 9773244
23656 9773392
16119 9775132
7812 9776731
598 9776896
29423 9777149
20435 9780953
19344 9782217
10497 9786293
17552 9789569
5522 9790133
865 9790254
3617 9791107
20409 9792565
22096 9794852
18551 9798059
958 9801421
12932 9802206
4468 9806501
20859 9809190
23553 9810651
12100 9812629
3444 9813384
3055 9813533
16996 9816514
27629 9818853
25239 9819801
26342 9821831
13097 9824265
22040 9824479
22879 9824871
8860 9826020
7419 9826900
8745 9827894
24829 9828815
1142 9829605
26153 9831679
5446 9832335
20389 9832832
6047 9835514
14313 9835717
10352 9836943
19407 9838292
7959 9838948
21475 9840285
12831 9844457
7930 9845241
13103 9847935
2568 9848580
28243 9849088
11753 9852378
25886 9853822
354 9854606
27940 9855236
16791 9860494
6645 9864439
9544 9866012
27354 9866040
11002 9867080
2812 9868281
15201 9868914
1972 9869168
24737 9873674
4680 9874400
3116 9875134
252 9875454
23798 9875843
3142 9876890
19441 9876950
19375 9877475
22129 9879602
11565 9881034
23475 9882662
28250 9887184
13657 9887322
23785 9887374
15945 9887664
2456 9891341
12017 9891811
22126 9896220
12434 9902608
2833 9906010
24705 9906362
1013 9907121
213 9909432
29177 9909496
21082 9910875
24965 9911557
20439 9911700
1565 9912697
29149 9912981
17014 9913250
5936 9913332
6025 9913511
12407 9913641
21572 9915306
15542 9916214
4685 9916561
11155 9917201
26970 9919019
22739 9919633
12327 9919735
19950 9922718
9687 9923992
16514 9926628
21940 9927334
27526 9930785
2417 9932970
19305 9938168
14409 9938959
28572 9940300
14444 9942673
13729 9943328
8242 9946693
16716 9947007
3503 9947142
5897 9949192
8188 9949478
7847 9949610
722 9950374
21334 9950537
1410 9952742
13190 9953030
28774 9953761
5583 9955880
25310 9956893
13008 9961441
5269 9963877
27880 9966955
28228 9969086
26996 9971778
10259 9974585
9199 9975152
28305 9977549
14814 9979305
14994 9982958
2053 9984224
5721 9986382
6920 9989138
24906 9991016
7226 9991561
21727 9991758
257 9992321
22281 9992783
156 9995827
25460 9999825
11114 10000105
29942 10000254
6316 10001776
2537 10003771
597 10003988
27067 10004438
966 10005001
10674 10005850
10583 10012331
14237 10013220
6820 10014148
27151 10016378
13228 10018060
25864 10018863
28856 10021517
28890 10021802
507 10022423
15219 10025334
1799 10025496
29628 10029978
5005 10030967
11165 10031922
15495 10035908
12918 10036265
10023 10039873
23820 10041110
5037 10044151
27310 10044383
8237 10047463
25551 10048180
24408 10050008
14575 10050372
1620 10051854
21576 10052050
16117 10055678
2029 10057613
16213 10058285
28704 10059921
5460 10060475
11738 10062706
2924 10063715
20243 10064423
24046 10064660
16028 10067102
18076 10069444
26464 10070378
26885 10070838
20020 10071541
3169 10073201
8826 10073980
23718 10074296
12795 10076088
25605 10077805
3290 10078069
27495 10080591
16164 10083087
10945 10083259
10963 10083618
19470 10083927
1295 10084979
28197 10087596
5074 10087653
24923 10089024
23433 10089224
21598 10091720
14785 10092896
16406 10093278
230 10096235
24005 10097446
18603 10100351
13367 10106653
27868 10107243
2535 10107427
20268 10107747
19433 10107776
25796 10107936
8915 10108478
11809 10112907
2294 10114548
2119 10114587
15791 10115570
12368 10116514
10992 10119524
15890 10122588
16447 10123004
24666 10123517
12122 10123873
16283 10124331
2161 10125766
2754 10132317
24234 10142233
23826 10144121
5463 10145235
29199 10146772
3661 10146813
7716 10147864
3066 10147866
10842 10162360
16328 10162511
8291 10162576
26341 10165393
22832 10167620
23267 10168169
1006 10168369
14921 10169794
11446 10170304
2024 10170827
6843 10170952
10502 10171195
28829 10175328
10389 10175857
8419 10180238
12018 10183901
24722 10187759
4859 10191145
10960 10191388
14622 10192075
4984 10192889
4826 10194144
7084 10194144
25520 10197027
9811 10197547
7297 10198840
2792 10209281
9704 10213050
14707 10215200
2434 10227480
5275 10231287
27088 10231846
615 10237738
26326 10239745
19070 10240015
21235 10244413
6064 10245905
26285 10248729
10977 10248917
2980 10249100
10192 10250163
9415 10250506
26463 10251758
26756 10252001
8903 10252225
19171 10252574
16373 10256396
19445 10256437
5609 10257176
20734 10258524
28862 10264954
12863 10265717
1080 10267145
22348 10267421
22920 10267872
8490 10268508
11819 10269037
23063 10269154
25747 10269890
9273 10273168
3790 10274206
25685 10279250
17167 10283836
22969 10286203
14393 10287139
10318 10289197
22774 10291399
13042 10296411
11714 10300101
27395 10300500
3213 10301910
1126 10303132
6220 10307779
12002 10317922
9834 10322157
1898 10322523
14741 10323519
25934 10324223
10721 10324900
515 10325483
21498 10325681
20972 10326003
5870 10326011
15861 10330318
2084 10331488
10590 10332621
23476 10332820
14132 10333311
3852 10333866
8027 10335046
12620 10335149
6970 10337684
2446 10338768
1307 10339748
9461 10340590
4874 10340609
15529 10340687
29543 10340721
28311 10340840
7062 10340892
9689 10341863
11500 10342426
20480 10342785
256 10343377
12288 10346922
8360 10347001
4656 10347303
9023 10348162
3664 10350634
28742 10351506
18093 10353684
26984 10353865
6495 10356135
19060 10357891
15819 10358686
3755 10358892
1806 10360303
1549 10360319
6865 10360715
13759 10361018
19420 10364723
3088 10365081
25337 10367612
15731 10368035
17224 10368471
23065 10372277
16695 10375377
10327 10375946
27361 10376909
3004 10377209
5214 10377934
9295 10378315
7270 10378846
26412 10379699
6302 10382248
27889 10389438
13555 10391771
16899 10392312
21724 10392445
29294 10393277
29687 10394770
14560 10404042
22991 10404634
2230 10409754
10876 10421010
29882 10422526
5638 10424275
3792 10424637
18779 10431579
1633 10431821
22245 10432667
12847 10433620
14102 10434304
27289 10434938
18065 10436033
6454 10436163
25893 10441056
9660 10441541
22790 10442108
4371 10444879
1671 10446188
17830 10446248
11161 10446523
25377 10449020
26583 10451018
7010 10451709
6045 10456457
18573 10458305
21314 10458894
8652 10475575
4352 10477001
28627 12583922
9109 12585539
5251 12587915
130 12587992
26780 12588011
8518 12591579
9390 12592359
22919 12593440
19009 12595554
20071 12595746
17162 12598160
3871 12598616
13274 12599086
23746 12601016
7322 12603634
23429 12605050
7881 12605543
9712 12609038
22890 12609937
27899 12611589
6963 12611789
428 12612355
17543 12615115
10929 12615819
16649 12618267
24983 12618577
21972 12620681
17070 12621774
8668 12625169
25716 12628565
26748 12634224
11409 12635823
4787 12639237
3315 12639901
4438 12639987
24307 12642136
25718 12645648
15678 12645929
3163 12646010
17412 12646424
2670 12647757
28232 12649917
10231 12650476
29029 12650976
3962 12651421
9326 12653000
16548 12653192
10488 12656890
21915 12660034
13478 12660416
18920 12660605
19402 12662805
13001 12665801
2464 12667140
10037 12669026
19154 12669736
25166 12671903
3089 12671923
6552 12672155
1662 12672685
16761 12673523
23159 12674382
14205 12674793
22181 12675457
5233 12675654
15930 12681003
26355 12681241
7762 12683649
23330 12685168
12224 12686566
15578 12687093
13651 12687973
8061 12692492
22291 12692856
13640 12693096
26927 12698169
2712 12698627
23046 12700669
6566 12701734
5418 12702018
187 12709938
10354 12711066
26447 12711180
7721 12711287
10946 12712601
6407 12713294
23279 12716097
5944 12717126
9742 12717893
5309 12718620
27099 12719320
5177 12719402
3487 12725159
20279 12727358
24618 12729131
21833 12729841
5766 12731063
16229 12731513
9885 12732099
16007 12732975
22358 12734084
12068 12734663
8725 12736214
5736 12736477
26033 12736704
4627 12739915
6989 12743522
23427 12744315
20719 12745186
1800 12751216
26385 12752439
7268 12752870
3827 12754737
16897 12755409
26295 12756863
21875 12757350
16904 12757673
10282 12758699
22112 12760501
25261 12763615
1146 12764266
5027 12765671
21284 12766860
24517 12773045
7160 12773287
479 12773346
22404 12774541
22028 12775918
12244 12776568
9667 12778633
4244 12779791
22277 12782385
238 12786241
18400 12786938
26818 12787767
27902 12787892
26438 12788761
25798 12789186
1634 12789676
3289 12794932
21218 12798980
19230 12799790
12318 12800081
2424 12800812
12610 12800956
1206 12802551
12547 12802928
19212 12803255
10895 12805603
14729 12806764
24668 12809627
10817 12809820
2492 12810375
10582 12814238
3636 12816744
6087 12819605
6999 12819850
11399 12821569
18935 12821872
17952 12826528
15364 12827397
5210 12833208
24964 12834149
12347 12835391
18011 12844495
179 12849633
7661 12854220
14803 12854931
29852 12858659
27738 12858762
1670 12858764
8120 12858934
9734 12859822
12670 12860816
13594 12861115
19416 12861572
13926 12862274
13126 12862702
13099 12863799
4775 12864511
5198 12864885
7984 12867876
14561 12869940
11344 12870486
2556 12871376
17020 12871838
10469 12872386
18508 12872769
21891 12874908
6790 12877540
2497 12879290
3 12881601
7990 12887981
21795 12891401
22438 12894306
16789 12894797
14595 12895271
5715 12895793
5939 12896834
24110 12898978
4012 12901088
24407 12902316
27105 12902487
17376 12906377
4598 12906928
11116 12908072
24072 12911068
18778 12912996
21718 12913528
17464 12913704
11619 12913957
11385 12914957
4731 12915647
20136 12915985
28069 12916705
28135 12918282
11132 12920016
7451 12921516
16348 12925057
20852 12925066
7426 12925981
17072 12929838
3982 12930190
16026 12935931
5290 12935969
20732 12947007
7223 12948395
3862 12949377
9828 12949577
5453 12949760
3414 12950525
27132 12952421
16016 12955225
6745 12955277
21480 12955596
29401 12959245
17447 12959572
23083 12961825
5590 12962375
3706 12968029
16385 12968208
11859 12968892
3187 12970304
28420 12971454
12432 12978020
19775 12979860
2971 12980725
3308 12982408
14186 12987490
18074 12988163
20741 12989563
9630 12989980
12226 12991562
13130 12994431
9768 12996205
7920 12998983
16332 12999527
19488 13000892
8986 13002303
9619 13002890
24367 13002902
14563 13003098
14983 13005061
27203 13005110
1037 13006411
2904 13008703
17160 13010355
22747 13011148
5791 13011610
16753 13015792
24398 13016435
15596 13017076
18893 13017097
18226 13017615
25331 13018822
1429 13021326
13149 13021433
29609 13022210
10167 13022224
29968 13025359
28307 13026134
13566 13027506
15221 13029316
15618 13031027
2622 13034576
21166 13035208
23157 13036424
2056 13040667
10633 13041861
2591 13042790
4322 13043054
28948 13043306
7692 13046691
6908 13046762
2658 13047019
1733 13047787
5300 13050661
9425 13051544
11062 13052815
11893 13052942
1679 13055843
3238 13058906
22841 13061008
22649 13075036
28052 13075789
3700 13080810
14962 13081472
9599 13082828
9984 13082837
22740 13084115
2895 13084480
3826 13085538
25358 13086096
1979 13087145
15259 13088473
27567 13088858
25794 13089656
8036 13100737
19269 13102669
15083 13107343
19960 13107682
16777 13111199
13530 13112564
6437 13114501
14400 13118876
5787 13119073
2175 13119653
6327 13120852
27645 13121849
28515 13124542
17812 13126139
20450 13126959
28430 13127301
2188 13128629
24481 13130649
17294 13130991
14831 13131794
15095 13133233
2621 13133822
12588 13138181
8307 13139326
29927 13142650
22487 13143988
11339 13145164
12839 13145913
13409 13146153
20495 13146641
18422 13147069
27045 13147765
4629 13151899
20388 13152375
5956 13152631
16703 13153843
6794 13154095
24770 13154156
8040 13154707
13106 13157550
6590 13157856
29193 13158329
2475 13158360
14549 13158552
25709 13159163
3326 13159240
27202 13159326
10776 13159848
3216 13160095
1652 13162063
16760 13166531
13915 13167128
8130 13169236
27185 13169687
1514 13170562
10208 13172198
25861 13172772
11537 13172910
29397 13175355
26115 13177910
6132 13183503
2120 13187035
21200 13191573
713 13192654
28860 13200444
14383 13202746
8169 13203181
26035 13204382
10286 13205152
26737 13206449
5123 13211545
18155 13212480
16648 13222899
23926 13222994
18794 13226918
7604 13227562
22729 13233738
1591 13234561
2815 13236177
17536 13239637
25988 13243035
27842 13244277
29497 13246090
10304 13249469
6913 13252105
22372 13254409
20969 13256318
18800 13257589
23729 13257837
26681 13259345
28275 13259495
19248 13261729
24883 13261997
10245 13263095
1312 13266420
15440 13267507
430 13270318
7987 13272069
5030 13273367
29017 13277314
21264 13277474
24897 13290592
13663 13291028
15280 13291107
7489 13292273
14041 13293059
6281 13293586
20758 13294849
13379 13303864
26764 13304006
24148 13306564
8388 13306676
24950 13306865
22309 13311527
4761 13313545
26203 13315802
11870 13316024
9573 13320862
20189 13321055
26190 13321291
25428 13321520
27038 13323946
3012 13327894
17775 13328318
6131 13328493
18553 13330348
6986 13330352
10149 13330828
1461 13331198
8650 13333031
18341 13337904
11069 13339949
23821 13353422
28791 13355313
10570 13357389
29289 13357780
25857 13358185
8647 13359602
93 13371333
20169 13371846
8 13373917
8842 13377072
8724 13383047
8773 13384108
7379 13384541
7314 13384670
4307 13386345
28517 13386645
7154 13386966
20602 13387401
8699 13389413
1821 13390874
22198 13393777
21225 13394459
16357 13398279
3494 13399128
13187 13400444
13315 13401877
4843 13404853
18734 13404963
16550 13407021
25016 13408901
28147 13409326
12876 13409883
5694 13413277
10636 13420636
18950 13429386
3594 13429968
24403 13430345
2453 13432200
20028 13433109
19609 13433213
2814 13436134
17004 13437700
9592 13438356
23690 13439152
21599 13440741
21825 13441535
17152 13441934
19 13442357
1284 13443304
13090 13444165
18449 13446908
23066 13448337
14780 13448721
6055 13448759
20005 13450332
13124 13450903
16526 13451359
7754 13452247
22033 13453877
6610 13454478
13391 13459798
3761 13460122
21068 13461056
4403 13461278
3412 13468282
13322 13469607
23008 13469961
25319 13476022
3497 13477193
10472 13477830
19876 13478334
29083 13480857
26273 13482143
26068 13482325
27194 13486701
335 13493819
26383 13494595
16473 13495850
18986 13495961
23276 13501856
27154 13502012
26040 13503132
15556 13503409
20384 13503882
24583 13503938
3393 13512277
18150 13512743
561 13513538
750 13516712
4604 13519268
14154 13519523
18480 13525777
29089 13526864
2805 13527880
7671 13529975
12303 13530142
7005 13532367
571 13532471
22223 13532501
9521 13533331
2054 13534698
9068 13535175
2894 13536817
12387 13537029
25710 13540885
878 13551950
24587 13555082
366 13555210
9101 13556302
3406 13566770
24446 13567443
17772 13567767
8473 13567784
27741 13568320
27603 13568844
5743 13569360
18527 13571057
27523 13572120
1016 13573775
11251 13574096
85 13575272
18233 13575751
16338 13576751
24163 13579196
24690 13582725
12762 13583503
18064 13590985
12730 13591120
18125 13593007
3741 13594036
24500 13599932
393 13603111
5018 13616085
