5782
725 1.419400
6471 1.387268
27044 1.367307
21232 1.365128
7906 1.360227
15791 1.355550
5886 1.353678
1126 1.345062
29435 1.344522
6087 1.343754
10091 1.334451
6252 1.334223
9690 1.333514
24537 1.328137
19830 1.324488
8977 1.322012
27437 1.318361
10049 1.318242
12645 1.318098
11870 1.316444
19636 1.312678
9348 1.309126
20218 1.308148
19821 1.307762
5418 1.307762
9874 1.306904
12831 1.306427
11187 1.304581
10445 1.302134
20243 1.301859
19528 1.301730
22372 1.301676
3524 1.300284
13045 1.299504
23299 1.299504
6204 1.298313
3391 1.297856
9705 1.297630
11667 1.295630
24899 1.295630
20641 1.294550
10243 1.293875
12003 1.292274
3453 1.291650
21369 1.291581
2569 1.291437
2992 1.290298
7514 1.290046
19420 1.289768
29462 1.289461
6781 1.289047
21425 1.287271
4062 1.287271
14376 1.287069
8122 1.284219
27179 1.284219
27869 1.283220
18813 1.282078
29723 1.281733
25492 1.280114
13979 1.279966
16338 1.279807
6679 1.279765
13555 1.279020
13933 1.279020
26074 1.276736
12004 1.275828
14522 1.274563
29537 1.274563
13056 1.274563
3732 1.274261
21172 1.273916
28275 1.273916
3064 1.271299
20824 1.269757
10968 1.268869
4581 1.268806
28143 1.268806
22859 1.268638
22203 1.268376
5897 1.268180
25499 1.267810
20443 1.267810
15031 1.267659
3607 1.264782
4468 1.264284
25743 1.264120
24739 1.263671
8172 1.260973
23085 1.260646
10452 1.260646
17216 1.260079
16488 1.260079
18511 1.259839
3666 1.258279
27253 1.258115
18443 1.257523
17821 1.257523
11084 1.255917
27982 1.255743
6959 1.255352
11923 1.255083
7614 1.254052
5105 1.253037
23920 1.252262
9417 1.252262
17806 1.252017
25474 1.252017
431 1.251389
13793 1.251286
7620 1.250909
28502 1.250169
14444 1.249518
12960 1.248996
16267 1.247865
27016 1.247315
10482 1.247044
7602 1.246716
26750 1.246716
8020 1.245596
12637 1.245314
14205 1.244760
21986 1.241646
28699 1.241646
24738 1.241297
27085 1.240682
15219 1.240614
13825 1.240446
6031 1.240316
17039 1.240128
11984 1.239298
4176 1.239298
11327 1.237986
19906 1.237668
16657 1.237443
8748 1.237147
18832 1.237147
1869 1.237147
4809 1.236919
26421 1.235940
4248 1.235940
19038 1.235940
5787 1.235167
4630 1.234631
8701 1.234338
16443 1.234236
14686 1.233933
3215 1.233933
23756 1.233536
13935 1.233536
29317 1.232600
1169 1.232385
15687 1.232198
10842 1.232198
28034 1.231648
1652 1.231648
5177 1.231648
28791 1.230737
11374 1.230588
28838 1.230295
20495 1.229578
16034 1.229578
9299 1.229333
13502 1.228615
15683 1.227695
23618 1.227250
7186 1.227062
10814 1.227062
7728 1.226923
5388 1.226284
5421 1.226284
26885 1.225973
10721 1.225973
13625 1.225973
23755 1.225666
26861 1.225565
1107 1.225485
1733 1.225485
23935 1.225009
2210 1.224393
4975 1.224092
16973 1.223291
28068 1.223220
24618 1.223038
25354 1.222938
4656 1.222740
23335 1.222592
1812 1.222388
15958 1.221920
6610 1.221594
15146 1.221594
10763 1.221319
13354 1.221211
25857 1.221049
5037 1.220960
6773 1.220052
19779 1.219473
14197 1.218429
17383 1.218114
5123 1.217805
13343 1.217728
10027 1.217602
5752 1.217205
7959 1.216986
6582 1.216986
10002 1.216986
8440 1.216628
16401 1.216628
11475 1.216348
14902 1.215606
24220 1.214964
27994 1.214964
12516 1.214964
128 1.214653
6181 1.214350
7713 1.214290
17689 1.213763
7336 1.213147
17775 1.212717
1915 1.212717
551 1.212507
6132 1.212507
16026 1.211414
156 1.211257
25747 1.210722
7019 1.210501
8265 1.210355
9637 1.210283
2379 1.209791
8423 1.209255
27069 1.208744
27004 1.208497
8251 1.208256
10173 1.208021
29687 1.208021
1765 1.207963
7548 1.207791
1584 1.207622
11284 1.207622
14821 1.207346
11353 1.207292
8410 1.206920
3543 1.206714
10946 1.206513
17419 1.206513
2213 1.206315
14303 1.205387
18551 1.204873
3084 1.204233
10499 1.203638
16373 1.203357
28311 1.203288
17766 1.203220
6342 1.203085
4253 1.202953
21576 1.202887
1707 1.202695
448 1.202695
5939 1.202323
213 1.202323
7119 1.201633
21716 1.201157
7699 1.201005
6937 1.200570
5358 1.200032
25315 1.200032
22528 1.199905
4371 1.199905
1943 1.199780
646 1.199538
2510 1.199192
8345 1.199081
20398 1.198761
12433 1.198458
2833 1.198458
24376 1.198361
13130 1.198265
13640 1.198079
13001 1.197988
26777 1.197726
15280 1.197476
2971 1.197396
18225 1.197396
19532 1.197396
21785 1.197396
24691 1.197396
28271 1.195423
16516 1.195323
24454 1.195323
11793 1.195038
16203 1.195038
8014 1.195038
2321 1.194947
27553 1.194773
9477 1.194606
5188 1.194606
13382 1.194606
21152 1.194448
17882 1.194296
19624 1.194081
15187 1.193945
24906 1.193879
21829 1.193290
17364 1.193290
29198 1.193290
15556 1.193035
21320 1.193035
27047 1.192987
24416 1.192802
14010 1.192758
17001 1.192672
4148 1.192672
16424 1.192630
7516 1.192589
25710 1.192469
13042 1.192431
4858 1.187661
8438 1.187661
18771 1.187661
23729 1.187661
8040 1.187661
20836 1.187661
2792 1.187661
7465 1.187661
23326 1.187661
18781 1.187661
7990 1.187661
20948 1.187661
13655 1.187661
1292 1.187661
25460 1.187661
20471 1.187661
29038 1.187661
10755 1.187661
21325 1.187661
452 1.187661
13294 1.187661
25648 1.187661
7820 1.187661
21384 1.187661
19402 1.187661
6033 1.187661
3470 1.187661
22404 1.187661
18269 1.182891
23332 1.182692
6509 1.182475
9390 1.182429
3410 1.182383
22479 1.182335
8308 1.182137
16540 1.182032
10627 1.182032
5251 1.181978
21746 1.181693
23426 1.181570
15524 1.181570
6308 1.181377
3133 1.181241
25756 1.181099
22600 1.180951
3163 1.180796
9785 1.180716
1125 1.180716
3412 1.180549
14510 1.180284
15364 1.178160
845 1.177681
3390 1.177681
9295 1.177596
5791 1.177510
2481 1.177151
29040 1.177057
27088 1.176561
10391 1.176561
2761 1.176457
19803 1.176350
24965 1.176241
29568 1.176241
8578 1.176017
16186 1.176017
20344 1.175542
21242 1.175542
29256 1.175290
8834 1.175290
85 1.175290
23090 1.174890
10811 1.174610
23098 1.174465
23008 1.174165
3431 1.174165
5005 1.174165
15531 1.174010
29604 1.173851
1572 1.173851
7549 1.173236
14186 1.173236
13817 1.172999
27667 1.172999
15965 1.172999
23806 1.172999
17113 1.172815
26624 1.172499
16648 1.172034
21955 1.172034
4775 1.171965
18543 1.171683
16506 1.171683
22381 1.170613
15020 1.170613
6790 1.169757
6281 1.168809
21841 1.168809
10693 1.168809
20346 1.168402
19808 1.168030
23450 1.167867
7536 1.167756
8912 1.167756
17063 1.167531
21167 1.167531
2894 1.167359
8142 1.167006
29238 1.166825
22037 1.166825
5847 1.166578
23220 1.166578
13566 1.166453
19575 1.166326
15435 1.166326
5426 1.165667
4867 1.165531
256 1.165531
3965 1.165462
22627 1.165252
18649 1.165039
26996 1.165039
26650 1.164967
23279 1.164674
3277 1.164600
84 1.164600
8426 1.164374
20291 1.163812
14575 1.163224
7513 1.162658
20913 1.162605
24910 1.162392
19760 1.162392
2246 1.162392
2054 1.161501
24439 1.161032
27160 1.160972
7762 1.160972
11911 1.160545
4915 1.160296
20904 1.160041
28403 1.159782
12245 1.158456
22533 1.158408
5201 1.158117
16899 1.157820
29822 1.157517
26039 1.156893
13283 1.156893
19609 1.156893
7483 1.156679
3865 1.156570
17104 1.156407
26583 1.155990
17948 1.155562
5521 1.155270
8289 1.154853
6447 1.154670
3796 1.154362
27039 1.153728
4263 1.153728
6891 1.153728
22922 1.153728
15746 1.153449
28305 1.153336
14257 1.153165
28290 1.153165
16514 1.153069
23094 1.152582
10547 1.152523
19236 1.152031
1877 1.151671
3100 1.151671
4829 1.151671
28948 1.151671
20290 1.151671
28147 1.151230
19008 1.151230
3055 1.151037
3489 1.150929
19910 1.150777
8433 1.150547
1732 1.150547
5708 1.150156
5891 1.150043
27702 1.149837
11809 1.149757
17819 1.149699
10774 1.149349
13322 1.149349
20225 1.149349
157 1.148993
3514 1.148933
7661 1.148849
12503 1.148630
20910 1.148630
16162 1.148399
21489 1.148334
29945 1.148334
11537 1.147883
4138 1.147883
22539 1.147401
13595 1.147173
17771 1.147107
3027 1.147057
446 1.147057
27099 1.145744
14402 1.145620
10329 1.145460
1565 1.145460
24973 1.145245
13821 1.144077
29620 1.144033
25310 1.143674
10849 1.143674
24347 1.143674
20791 1.143262
9948 1.143124
21651 1.143124
15351 1.142937
9103 1.142937
6331 1.142844
938 1.142844
29423 1.142560
25808 1.142176
22775 1.141982
22239 1.141982
8366 1.141786
6602 1.141729
19638 1.141729
11743 1.141216
24184 1.141086
15276 1.141086
1312 1.141086
27720 1.140691
2975 1.140155
7386 1.140155
12463 1.140155
14481 1.140155
17625 1.139728
20272 1.139675
21827 1.139295
8307 1.139043
2020 1.138685
8624 1.138685
21126 1.138685
19367 1.138175
8702 1.138175
3315 1.137879
25225 1.137336
29397 1.137275
12366 1.137122
2084 1.137002
6146 1.137002
17680 1.136518
19515 1.136024
8035 1.135374
6528 1.135374
18997 1.135194
19024 1.135110
28667 1.135110
10576 1.135006
217 1.134876
19049 1.134769
18413 1.134482
14874 1.134283
4254 1.134163
15332 1.133948
24113 1.133452
8354 1.133181
5736 1.133056
8032 1.133056
18743 1.133056
26326 1.132677
28307 1.132677
2485 1.132604
16058 1.132537
22291 1.132537
28609 1.132421
15289 1.132421
19171 1.131698
18158 1.131639
2452 1.131639
4350 1.131591
23820 1.131106
8812 1.131106
4428 1.131106
1578 1.130653
5680 1.130612
8237 1.130562
5446 1.130501
10336 1.130424
12331 1.130424
10957 1.130194
16845 1.130008
4334 1.129598
21724 1.129442
2787 1.129251
22112 1.129011
3057 1.129011
14732 1.128769
19693 1.128769
19229 1.128278
27185 1.128278
11490 1.128007
2550 1.128007
13315 1.127678
2628 1.127457
13476 1.127271
230 1.126897
17526 1.126897
5591 1.125964
26184 1.125875
3616 1.125696
23386 1.125655
19311 1.125655
11522 1.125153
12508 1.125153
13657 1.125153
13456 1.124642
24837 1.124599
2358 1.124413
27194 1.124319
22198 1.124036
12039 1.123655
1679 1.123655
3969 1.123596
13008 1.122879
26153 1.122879
11975 1.122011
12119 1.121961
16164 1.121345
7531 1.121345
15137 1.120938
17562 1.120938
24893 1.120823
12359 1.120665
24553 1.120435
22282 1.120239
15405 1.120239
18192 1.119579
11712 1.119579
25679 1.119262
18526 1.119262
12212 1.119142
28277 1.119041
6685 1.119041
29124 1.118953
14469 1.118700
20448 1.118611
18708 1.118538
21997 1.118538
3088 1.118381
1896 1.118381
7967 1.117799
21637 1.117161
8135 1.116401
29844 1.116401
12360 1.116272
17167 1.115992
29448 1.115849
8576 1.115369
28179 1.114349
28856 1.114089
25709 1.114089
20916 1.113740
22078 1.113432
664 1.113074
24950 1.113074
2537 1.112493
18514 1.112493
2483 1.112083
21913 1.111651
7423 1.111529
17685 1.111202
27910 1.111038
17487 1.110683
23601 1.110540
29653 1.110540
1800 1.110205
2333 1.110075
16219 1.109782
9540 1.109525
21737 1.109287
2078 1.109287
2086 1.109181
9646 1.108484
6653 1.108484
28361 1.108484
11002 1.108484
19907 1.108484
10253 1.107818
23839 1.107818
4708 1.107722
26620 1.107663
12469 1.107594
18234 1.107512
5520 1.107142
12115 1.107051
17123 1.106684
6454 1.106516
17162 1.106155
19542 1.106155
22685 1.105970
2994 1.105919
9977 1.105753
13914 1.105565
20762 1.105496
29446 1.105348
11738 1.105041
13379 1.104801
20939 1.104801
20908 1.104525
5012 1.103826
27574 1.103826
5715 1.103685
2233 1.103579
17549 1.103579
13533 1.103292
24309 1.103230
8120 1.102828
29406 1.102828
16814 1.102064
11610 1.101745
19450 1.101599
22902 1.101599
4161 1.101460
28985 1.101406
25 1.101286
7085 1.101143
8788 1.101061
3962 1.100759
1871 1.100493
27859 1.100432
23140 1.100257
4048 1.100149
438 1.100149
13988 1.100149
20133 1.100047
5665 1.099686
17192 1.099686
15894 1.098717
2119 1.098267
8371 1.098139
29744 1.097295
16955 1.097173
966 1.097077
29359 1.097036
12224 1.097036
15557 1.096302
13106 1.096302
25266 1.096302
682 1.095515
13290 1.095468
20659 1.095356
3290 1.095116
922 1.094799
26394 1.094618
17589 1.094618
23304 1.094618
25017 1.094618
16526 1.094389
23798 1.094249
24108 1.094249
12071 1.093244
2778 1.093188
7986 1.093069
16830 1.093069
21715 1.092871
17280 1.092648
5799 1.092648
21437 1.092648
5603 1.091973
17291 1.091763
4907 1.091057
25166 1.090991
15018 1.090991
29903 1.090489
20721 1.090489
4120 1.089507
16096 1.089320
8860 1.089320
14954 1.089236
11387 1.089172
8941 1.088689
23432 1.088202
22534 1.088051
7615 1.087764
17505 1.087497
8864 1.086822
26914 1.086822
5978 1.086749
12598 1.086686
18878 1.086275
16760 1.086152
9287 1.085861
28968 1.085412
4871 1.085172
23829 1.085172
25213 1.085172
16768 1.085024
10306 1.085024
6918 1.084883
22212 1.084685
25448 1.083306
8169 1.083306
1413 1.083251
25289 1.083251
11764 1.083251
11624 1.082867
26286 1.082091
16956 1.081076
437 1.080905
928 1.080715
1309 1.079692
4147 1.078701
2417 1.078701
13886 1.078525
21657 1.078367
28373 1.078271
25172 1.077957
22919 1.077585
9885 1.077332
17772 1.077332
9303 1.077332
21572 1.077332
9396 1.077009
12761 1.077009
9382 1.076813
8226 1.076813
18805 1.076501
24598 1.076318
21084 1.076113
18006 1.076001
14465 1.075818
21825 1.075618
21334 1.075146
8413 1.075038
26983 1.074550
2576 1.074550
17072 1.074266
15679 1.073115
4424 1.072726
7322 1.072726
14260 1.072726
18383 1.072354
2961 1.072354
10502 1.072354
29281 1.072288
785 1.071940
10471 1.071657
6573 1.071477
25722 1.071224
27020 1.071224
16062 1.071224
10743 1.070842
7879 1.070842
15129 1.070424
13190 1.070361
28518 1.070361
9849 1.069965
2521 1.069681
23795 1.069681
29434 1.069409
6207 1.068895
14840 1.068895
11109 1.068895
12207 1.067560
20152 1.067392
13630 1.066761
6994 1.066761
2311 1.066696
23483 1.066471
901 1.065850
12830 1.065685
11860 1.065474
13759 1.065474
26636 1.065296
8986 1.064800
29984 1.064460
26675 1.064413
23392 1.064268
15208 1.064268
27974 1.064144
2012 1.063731
25404 1.063731
19000 1.063731
6778 1.063577
19488 1.063239
23463 1.063148
21609 1.062989
16652 1.062989
29005 1.062330
26774 1.061780
17368 1.061538
29143 1.061314
18670 1.061314
24148 1.060977
8271 1.060412
19388 1.060061
5668 1.059759
14729 1.059580
798 1.059580
23565 1.059061
13618 1.058878
25861 1.058567
6923 1.058434
26101 1.057401
15731 1.057308
3004 1.057149
2127 1.056776
13228 1.055699
26249 1.055699
14263 1.055699
23880 1.055699
11528 1.054643
6663 1.054604
17183 1.054561
13226 1.054515
25798 1.054287
26045 1.054216
9455 1.054137
11983 1.054137
24274 1.054049
7440 1.053570
9655 1.053404
24090 1.053404
4627 1.052538
8236 1.052480
22346 1.052083
4084 1.051928
24849 1.050623
16664 1.050623
12393 1.050623
20357 1.050142
20859 1.050035
8079 1.049866
13797 1.048843
17790 1.048679
2268 1.048566
1729 1.048326
15102 1.048326
22161 1.048264
8797 1.047936
17376 1.047936
19900 1.047502
14053 1.047185
10149 1.047185
12978 1.047185
23435 1.047185
19135 1.046943
28829 1.046752
10115 1.046397
24897 1.046126
18990 1.045739
28746 1.045142
22587 1.045142
12703 1.043931
25311 1.043494
18440 1.043076
7429 1.042502
18355 1.042502
7759 1.042233
6627 1.042077
28949 1.042004
2895 1.041637
7715 1.041397
29065 1.041397
515 1.040517
1351 1.040430
8027 1.040430
28430 1.040174
25087 1.039942
27142 1.039841
14823 1.039203
12837 1.039203
5976 1.038602
22095 1.038602
29727 1.037956
17619 1.037866
384 1.037497
2652 1.036943
18150 1.036687
11226 1.036687
26115 1.036149
23900 1.035933
3772 1.035685
25331 1.035640
455 1.035397
20523 1.035397
24156 1.035057
12151 1.034794
27354 1.033613
1045 1.032749
10074 1.032749
14825 1.032749
23503 1.032749
353 1.032266
21859 1.032208
13558 1.031706
23960 1.031046
27374 1.030800
1486 1.030260
713 1.030114
23194 1.029764
16670 1.027917
24737 1.027784
24883 1.027465
28220 1.026886
3492 1.026832
9389 1.026752
11205 1.026752
16722 1.026521
24611 1.026374
5027 1.026139
3400 1.026027
13529 1.025707
10045 1.025469
25932 1.025469
20011 1.025412
29500 1.024221
20029 1.023846
23321 1.023846
20972 1.023846
9715 1.023846
25292 1.023216
5430 1.022560
28763 1.022290
29668 1.022167
2658 1.021512
27180 1.021388
1223 1.019709
13199 1.019709
15283 1.019650
10345 1.019596
8456 1.019497
9240 1.019497
4293 1.017995
3706 1.017995
1373 1.017995
14765 1.017995
9311 1.016307
13876 1.014809
1594 1.014585
24496 1.013471
5413 1.012432
21235 1.012211
8495 1.011971
8462 1.011971
7414 1.011711
20848 1.011501
21940 1.010984
23905 1.009124
7984 1.008391
6391 1.008391
26949 1.006824
4240 1.006759
2453 1.006684
10198 1.006141
7303 1.003657
6865 1.003369
13676 1.002914
27414 1.002429
10494 1.002089
8926 1.001169
26011 1.000770
12017 1.000714
19305 1.000136
23944 1.000136
6558 0.998476
8353 0.996103
20817 0.996103
23411 0.996103
3671 0.996103
27920 0.994899
13029 0.994793
24509 0.994666
4864 0.994593
19199 0.993757
24872 0.993757
7160 0.993130
16550 0.993130
24101 0.992962
16314 0.992859
28281 0.992357
14835 0.991028
19426 0.989717
17516 0.989717
24398 0.988648
8326 0.987333
7351 0.987006
25988 0.985611
14563 0.984249
25950 0.984249
15578 0.982892
29901 0.982104
18677 0.981800
18930 0.981800
10395 0.981638
8168 0.981420
28758 0.981111
7404 0.980778
6276 0.979398
5870 0.978074
17182 0.978074
7754 0.976768
14658 0.976160
6095 0.974491
27841 0.973023
18125 0.972354
18233 0.972225
2292 0.971286
18007 0.971191
8063 0.970562
27577 0.969923
15459 0.969806
10669 0.969519
13017 0.968479
18434 0.968202
16246 0.967724
15910 0.967724
10390 0.967326
19470 0.966840
3863 0.965790
26981 0.965453
23484 0.964598
10291 0.964598
26114 0.964340
26982 0.961669
3142 0.961440
3376 0.959726
27496 0.959726
7859 0.959567
17543 0.957949
5061 0.957791
21393 0.957400
20889 0.955293
641 0.953254
20028 0.953254
1890 0.953254
17085 0.950129
8532 0.950129
20551 0.950129
18400 0.950129
22935 0.950129
2811 0.950129
12863 0.945154
22152 0.944405
23433 0.940483
23875 0.937948
29289 0.937948
13441 0.936933
18084 0.932088
5769 0.931700
20705 0.930334
24072 0.930096
8867 0.928963
18272 0.927265
9564 0.925973
22655 0.925767
20145 0.923736
5137 0.921270
22313 0.916368
14265 0.915262
16228 0.913585
7400 0.911853
9993 0.907846
26134 0.906762
10718 0.905509
6942 0.900236
6220 0.898132
8518 0.896805
28659 0.895613
1622 0.890746
22376 0.884148
4524 0.880914
16706 0.875119
19013 0.872567
19701 0.871420
14958 0.852680
8061 0.839280
8431 0.633419
29657 0.633419
20553 0.633419
16131 0.633419
15957 0.633419
9232 0.630616
383 0.630616
27104 0.630616
8011 0.630417
20140 0.630187
15833 0.629920
21250 0.629603
26120 0.629224
18361 0.629224
4498 0.627444
12455 0.626459
1268 0.625833
20901 0.625599
2980 0.625085
10239 0.625085
24109 0.625085
13409 0.625085
11406 0.624498
6895 0.623822
6794 0.623522
235 0.623522
7987 0.622862
7008 0.622355
4359 0.622108
8070 0.622108
4671 0.622108
16473 0.622108
189 0.621238
3213 0.621238
26170 0.620999
27832 0.620687
12111 0.620223
22189 0.619649
10577 0.619160
23078 0.619160
10093 0.619023
29364 0.619023
22028 0.619023
706 0.619023
8939 0.617584
22254 0.617584
17367 0.617584
13030 0.617584
12757 0.617584
10861 0.616967
28007 0.616796
13333 0.616796
4970 0.615824
1820 0.615294
6552 0.615294
16606 0.615294
19456 0.613625
22052 0.613407
21064 0.613300
23058 0.613300
15105 0.612986
12622 0.612986
24163 0.612986
11753 0.612986
4783 0.612986
15124 0.612305
9184 0.611610
23746 0.611469
7270 0.611194
9976 0.611079
9425 0.610797
19845 0.610797
9544 0.610525
16149 0.610525
21654 0.610525
3089 0.610480
25695 0.610480
16130 0.610174
25934 0.610055
9558 0.609458
18146 0.609322
26656 0.609057
18790 0.609057
29374 0.609057
22472 0.609057
11414 0.608554
1930 0.608314
21125 0.608314
16461 0.608314
19659 0.607969
5363 0.607641
3501 0.607641
12559 0.607027
21891 0.606910
4828 0.606740
873 0.606740
28132 0.606740
7042 0.606684
28213 0.606465
18787 0.605949
10516 0.605851
9259 0.605851
25603 0.605474
15919 0.605474
9882 0.605474
5670 0.605178
11383 0.605178
14196 0.604827
15937 0.604249
4774 0.604128
16395 0.604128
10727 0.604069
6626 0.603728
17746 0.603673
18628 0.603673
28190 0.603460
8162 0.603460
12057 0.602874
26486 0.602521
9660 0.601892
4792 0.601748
11114 0.601610
17622 0.601610
8419 0.601476
2996 0.601347
4012 0.600985
4440 0.600985
6517 0.600985
7575 0.600985
3503 0.600985
22331 0.600817
19487 0.600356
1782 0.600216
9791 0.600216
8465 0.600216
23873 0.600081
15323 0.600081
19897 0.599710
14046 0.599596
8659 0.599486
2601 0.599486
6525 0.599086
3419 0.598906
3519 0.598821
11518 0.598658
7526 0.597662
9917 0.597662
27402 0.597662
16019 0.597386
6977 0.597303
16406 0.597075
22594 0.597075
20186 0.597006
6219 0.597006
15229 0.596940
23401 0.596876
28732 0.596815
25187 0.596756
19416 0.596645
13816 0.596645
4731 0.596542
6905 0.596493
20276 0.596493
11669 0.596401
20231 0.596315
17152 0.596235
14409 0.593830
17094 0.593830
1141 0.593830
17768 0.593830
13926 0.593830
17618 0.593830
6190 0.593830
25706 0.593830
7308 0.593830
7362 0.593830
3358 0.593830
12188 0.593830
9326 0.593830
13619 0.593830
21314 0.593830
16287 0.593830
10246 0.593830
5308 0.593830
25425 0.593830
3187 0.593830
21925 0.593830
3617 0.593830
14772 0.593830
25489 0.593830
13172 0.593830
27647 0.591282
24625 0.591282
23853 0.591237
11708 0.591191
19734 0.591143
18702 0.591043
3944 0.591043
28184 0.590934
6511 0.590754
16285 0.590754
16105 0.590550
21507 0.590550
19885 0.590398
23337 0.590398
25500 0.590398
282 0.590398
20319 0.590142
7739 0.589080
14893 0.588840
21440 0.588667
21269 0.588667
11495 0.588481
14316 0.588481
1607 0.588383
7435 0.588281
16674 0.587951
29168 0.587951
3476 0.587709
22223 0.587305
10230 0.587158
16471 0.587005
1104 0.586844
7379 0.586844
21203 0.586844
26246 0.586676
29582 0.586676
10734 0.586676
24059 0.586499
8188 0.586499
12586 0.586314
19322 0.586118
22626 0.585983
13918 0.585544
15846 0.585544
5902 0.585387
25206 0.585224
5622 0.585224
17665 0.585224
2218 0.585224
5969 0.585224
23255 0.585055
1415 0.584878
9904 0.584878
18612 0.584878
2189 0.584695
2361 0.584304
20786 0.584304
16496 0.584253
14930 0.584096
24762 0.583878
16777 0.583766
20168 0.583766
19641 0.583651
22920 0.583651
2777 0.583412
15377 0.583412
24305 0.583412
9461 0.583163
29694 0.583163
25442 0.583034
6427 0.582901
1634 0.582834
22657 0.582834
25218 0.582626
17773 0.582626
4318 0.582626
26118 0.582626
4273 0.582411
6662 0.582337
28111 0.582033
1671 0.581954
10282 0.581954
18213 0.581954
12419 0.581906
28326 0.581906
25913 0.581510
18600 0.581459
1438 0.581459
2519 0.581302
28692 0.581302
28970 0.581196
13633 0.581196
8747 0.581196
21774 0.581087
24700 0.580634
27696 0.580634
10978 0.580634
11850 0.580634
17389 0.580395
10192 0.580334
25635 0.580148
8668 0.579891
10961 0.579579
10297 0.579107
18480 0.578985
6925 0.578860
25428 0.578860
5806 0.578860
10009 0.578759
17020 0.578759
28422 0.578759
21436 0.578604
24441 0.578604
12813 0.578604
28895 0.578446
11524 0.578446
10201 0.578446
8041 0.578339
12250 0.577781
26463 0.577426
16867 0.577056
10425 0.576864
21133 0.576724
1241 0.576534
2466 0.576534
24923 0.576192
20279 0.575836
27119 0.575836
20151 0.575389
22424 0.575190
28320 0.575078
19396 0.575078
15945 0.574850
28322 0.574850
7268 0.574850
12762 0.574850
19286 0.574850
9920 0.574496
14154 0.574496
3533 0.574496
27426 0.574496
24497 0.574361
18124 0.574130
12018 0.574036
16383 0.573814
19700 0.573814
2670 0.573354
27943 0.573354
11420 0.573354
28724 0.573354
5143 0.573354
2595 0.572872
22799 0.572622
26556 0.572514
12363 0.572367
14704 0.572367
18719 0.572367
23405 0.572367
18952 0.572367
5758 0.572237
18850 0.572016
9739 0.571837
2656 0.571837
17753 0.571837
12068 0.571602
17092 0.571602
29211 0.571422
16154 0.571422
8451 0.571116
7737 0.570608
331 0.570543
4401 0.570543
3562 0.570077
19876 0.570077
10784 0.570077
18619 0.569647
24228 0.569522
95 0.569202
26756 0.569088
5459 0.568939
10960 0.568880
19678 0.568561
26963 0.568561
10443 0.568453
22172 0.568453
28225 0.568453
27741 0.568329
1821 0.568012
2041 0.567687
26427 0.567555
5853 0.567438
21681 0.567438
29494 0.567385
20895 0.567385
6989 0.567081
3432 0.567012
6268 0.567012
11118 0.566949
13649 0.566838
5415 0.566838
19871 0.566838
9984 0.566701
22688 0.566701
12513 0.566591
24501 0.566591
12064 0.566499
3362 0.566302
24606 0.566302
4295 0.566210
22025 0.566210
20706 0.566210
15455 0.566081
10124 0.566081
23467 0.565553
2556 0.565553
9118 0.565553
18409 0.565553
11919 0.565553
8718 0.565553
3792 0.565055
25647 0.564941
14918 0.564941
20794 0.564626
19357 0.564139
11323 0.564139
27059 0.564003
21780 0.563839
12038 0.563448
2586 0.563448
27565 0.563221
8730 0.562938
29927 0.562938
17260 0.562873
2492 0.562873
26565 0.562827
2317 0.562576
14803 0.562576
8980 0.562576
11116 0.562321
1949 0.562321
14149 0.562321
22438 0.562274
22832 0.562018
28888 0.562018
15440 0.561904
9404 0.561652
6963 0.561652
22603 0.561440
23553 0.561440
9188 0.561258
13164 0.561202
21444 0.560840
21614 0.560635
15119 0.560635
10109 0.560469
2350 0.560469
793 0.560332
25666 0.560035
19626 0.559789
10436 0.559702
26267 0.559702
15025 0.559702
12946 0.559631
3456 0.559520
7024 0.558899
11736 0.558899
23396 0.558899
18683 0.558899
20955 0.558899
2664 0.558136
13491 0.558136
29193 0.557684
21000 0.557338
18940 0.557338
29949 0.557174
26597 0.557174
29997 0.557174
7455 0.556716
16001 0.556716
537 0.556716
4322 0.556561
18411 0.556504
7534 0.556246
17437 0.556246
19421 0.556173
16385 0.555926
3372 0.555695
9273 0.555631
17504 0.555270
10350 0.555270
16992 0.554982
11476 0.554982
10949 0.554891
7332 0.554891
11768 0.554716
8672 0.554591
25801 0.554591
9788 0.554242
10761 0.554242
25047 0.554242
2891 0.554242
2235 0.554242
1761 0.553887
22309 0.553832
26589 0.553832
15148 0.553571
14838 0.553571
13149 0.553342
15950 0.553342
5440 0.553342
11517 0.553157
24408 0.552748
4632 0.552626
5816 0.552400
28418 0.552102
435 0.551942
2138 0.551942
8138 0.551942
4461 0.551942
8620 0.551688
1193 0.551615
5515 0.551414
22194 0.551414
26243 0.551235
1525 0.551235
15951 0.551180
4726 0.551180
28608 0.551075
7226 0.550977
3958 0.550977
9020 0.550643
15799 0.550571
27068 0.550504
14364 0.550504
21141 0.550379
21151 0.550216
20896 0.550075
12817 0.549951
29216 0.549747
24237 0.549293
29585 0.548151
24007 0.548151
24262 0.548151
26107 0.548151
26083 0.548151
14672 0.548151
12729 0.548151
1574 0.548151
10582 0.548151
17785 0.548151
13843 0.547357
28693 0.547256
12592 0.547125
9433 0.547044
12927 0.546622
8792 0.545881
24034 0.545819
16016 0.545682
19248 0.545355
2866 0.545156
29064 0.544927
27868 0.544927
18107 0.544927
200 0.544927
23249 0.544927
24583 0.544799
1559 0.544660
1757 0.544345
8724 0.544345
20574 0.544345
28386 0.544345
13554 0.544127
20130 0.544068
4843 0.543882
9370 0.543748
618 0.543606
6986 0.543606
22005 0.543374
7501 0.543235
7619 0.543235
5583 0.542931
25592 0.542638
8885 0.542638
10633 0.542512
574 0.542086
4594 0.541942
8949 0.541740
11608 0.541573
4507 0.541573
4981 0.541524
11755 0.541213
1142 0.541046
29325 0.540810
25116 0.540810
3028 0.540724
16791 0.540492
28010 0.540309
12919 0.539846
24918 0.539846
7128 0.539846
8627 0.539846
21590 0.539846
11871 0.539374
29294 0.539262
27614 0.539262
10259 0.539262
1258 0.539184
15612 0.539184
21555 0.538939
17965 0.538590
15299 0.538590
18876 0.538535
14319 0.538535
25221 0.538406
10688 0.537809
8688 0.537809
27014 0.537573
27820 0.537403
15977 0.537403
1693 0.537403
10570 0.537029
13902 0.537029
16803 0.537029
23000 0.536796
3695 0.536684
27902 0.536363
28243 0.536363
5755 0.536363
26348 0.536363
1754 0.536363
29449 0.536024
7048 0.536024
16896 0.535896
14990 0.535896
27080 0.535711
18018 0.535711
12986 0.535612
8390 0.535612
2727 0.535612
23046 0.535477
28104 0.535421
28936 0.535100
1106 0.534447
11069 0.534163
9599 0.534096
15890 0.533903
2156 0.533780
28357 0.533495
8209 0.533441
14421 0.533236
7578 0.533236
7595 0.533236
1416 0.532999
20971 0.532925
25457 0.532925
3308 0.532925
20090 0.532925
20647 0.532783
29632 0.532648
6017 0.532583
2939 0.532400
10163 0.532400
25634 0.532400
13712 0.531973
18414 0.531973
6961 0.531973
28627 0.531789
9600 0.531789
20258 0.531620
5300 0.531465
25691 0.531465
13124 0.531322
12932 0.531128
29942 0.531128
13573 0.530798
9782 0.530798
13178 0.530798
27255 0.530657
26355 0.530529
22674 0.530529
4733 0.530412
29367 0.530412
2111 0.530304
21082 0.530206
11875 0.530206
17833 0.530031
15625 0.530031
25098 0.529284
8828 0.529217
5856 0.529100
22278 0.529002
28019 0.529002
10776 0.529002
13151 0.529002
6037 0.527849
26464 0.527849
23061 0.527849
24690 0.527849
27788 0.527849
2585 0.526745
21200 0.526745
16376 0.526702
10817 0.526702
20005 0.526489
27813 0.526350
15790 0.526269
19658 0.526269
1614 0.526179
29090 0.525686
16683 0.525514
25608 0.525312
7427 0.524933
11405 0.524670
2600 0.524670
11977 0.524611
6713 0.524611
12588 0.524422
1018 0.524422
25536 0.524422
24166 0.524283
25999 0.524132
16442 0.524132
5274 0.523968
2424 0.523968
11480 0.523789
8596 0.523592
22050 0.523007
26855 0.522798
3332 0.522798
5479 0.522571
14340 0.522571
25208 0.522374
3745 0.522374
14662 0.522374
8510 0.522161
24008 0.522161
20189 0.522049
10859 0.521747
1456 0.521747
14785 0.521683
10976 0.521412
16944 0.521038
11815 0.521038
6189 0.521038
24071 0.520436
19673 0.520436
2707 0.520309
22066 0.520309
24815 0.520215
13383 0.519971
24005 0.519971
480 0.519920
9023 0.519920
18085 0.519920
24695 0.519920
10203 0.519920
10127 0.519920
20602 0.519602
14330 0.519602
29029 0.519301
11234 0.519196
22575 0.519196
27501 0.519110
15081 0.519110
19182 0.519110
20782 0.518978
27738 0.518252
24703 0.518022
1052 0.517698
10185 0.517698
29963 0.517698
22717 0.517698
15259 0.517698
9436 0.517528
23892 0.517397
26950 0.517292
130 0.516982
15311 0.516982
8782 0.516909
1344 0.516806
4307 0.516374
6399 0.516374
28129 0.516374
15837 0.515907
22706 0.515907
2403 0.515907
2387 0.515784
9034 0.515784
7342 0.515695
21434 0.515695
20162 0.515495
21392 0.515281
11047 0.515130
18012 0.515130
24627 0.515130
20783 0.515003
26014 0.514848
5745 0.514653
19041 0.514245
4040 0.514245
20528 0.514139
3327 0.513959
25535 0.513959
9074 0.513959
16727 0.513583
10854 0.513070
16668 0.512980
28069 0.512735
18027 0.512569
26833 0.512324
12050 0.512324
25273 0.512324
7108 0.511923
19448 0.511923
19650 0.511810
10095 0.511433
18508 0.511280
20566 0.511280
27045 0.511145
18608 0.511145
18231 0.510970
19400 0.510822
1319 0.510694
14431 0.510583
15630 0.510038
29801 0.509956
7930 0.509772
3182 0.509772
15976 0.509772
28709 0.509684
14447 0.508998
18278 0.508998
25872 0.508998
12660 0.508998
7943 0.508998
2009 0.508998
24499 0.508299
1972 0.508257
23730 0.508257
8242 0.508257
22018 0.508208
27774 0.508208
24518 0.508153
12379 0.508153
12896 0.508153
6744 0.508153
5966 0.508017
22995 0.507547
1961 0.507455
830 0.507455
28379 0.507350
23534 0.507230
12226 0.506735
19814 0.506414
16332 0.506216
22301 0.506216
6316 0.506216
22913 0.506047
11758 0.506047
368 0.506047
5893 0.505856
27725 0.505856
25883 0.505714
21448 0.505714
6327 0.505591
13332 0.505388
24041 0.505388
19385 0.505159
26775 0.505159
6310 0.505097
25027 0.505097
15063 0.505097
9689 0.504899
24660 0.504602
7592 0.504258
17755 0.503856
26789 0.503856
27252 0.503856
4976 0.503856
29249 0.503568
7356 0.503568
26137 0.503524
8006 0.503465
12742 0.503379
19682 0.503246
16412 0.503246
11469 0.503246
5347 0.503147
17946 0.503147
15918 0.503147
17016 0.503009
10920 0.502714
27645 0.502472
6000 0.502101
18403 0.502101
7176 0.502101
16199 0.502001
24412 0.501621
12409 0.501324
6014 0.501215
22711 0.500681
28517 0.500628
10374 0.500628
27566 0.500068
23884 0.500068
3238 0.500068
29129 0.500068
9623 0.500068
9661 0.500068
25912 0.500068
6878 0.500068
26972 0.500068
8141 0.500068
1034 0.499531
15559 0.499484
15167 0.499484
14415 0.499427
6063 0.499427
4625 0.499272
15755 0.499272
6482 0.498818
2331 0.498524
27531 0.498524
731 0.498393
28679 0.498238
20868 0.497822
15319 0.497822
13011 0.497687
3063 0.497687
20312 0.497450
151 0.497396
347 0.497160
14858 0.497160
11251 0.497160
7833 0.497160
22362 0.496799
9573 0.496536
18671 0.496336
14853 0.496112
21432 0.496112
20719 0.495820
12716 0.495388
11830 0.495280
6667 0.494859
4474 0.494859
15626 0.494411
13013 0.494411
10183 0.494356
10263 0.494356
1549 0.494287
28892 0.494287
21843 0.494067
3576 0.494067
23517 0.493983
4308 0.493983
16249 0.493983
3716 0.493879
27101 0.493747
26794 0.493573
11085 0.493573
10604 0.493573
17146 0.493236
24575 0.492805
688 0.492578
2904 0.492578
26033 0.492578
18651 0.492578
10717 0.492445
12876 0.492445
8363 0.492295
10208 0.491931
28136 0.491860
11199 0.491446
27597 0.491100
20988 0.491100
691 0.490988
3240 0.490677
23508 0.490677
4940 0.490556
25864 0.490451
15782 0.490451
17536 0.490319
9704 0.490319
25794 0.489977
29809 0.489910
26428 0.489910
10351 0.489757
21339 0.489650
13264 0.489650
17937 0.489650
11467 0.489460
15742 0.489037
23599 0.489037
26993 0.489037
20409 0.489037
2029 0.489037
26695 0.488749
13899 0.488703
14102 0.488703
14351 0.488703
22541 0.488638
7650 0.488261
8254 0.487904
14588 0.487904
4651 0.487789
8705 0.487789
6613 0.487649
26245 0.487566
18905 0.487566
10488 0.487566
13145 0.487511
1560 0.487246
1670 0.487246
14572 0.487246
14971 0.486991
28025 0.486991
26273 0.486991
10084 0.486941
12078 0.486867
27272 0.486651
16880 0.486512
14814 0.486177
2155 0.486177
29495 0.486112
17587 0.485861
24530 0.484760
7693 0.484566
18506 0.484518
5288 0.484441
1597 0.484441
10029 0.484441
3907 0.484142
14754 0.484142
25850 0.484070
3041 0.483862
26043 0.483862
18635 0.483862
7509 0.483862
28244 0.483663
7310 0.483663
18000 0.483663
26028 0.483598
2056 0.483598
19825 0.483473
16783 0.483473
8575 0.483350
17454 0.483291
28890 0.483291
1260 0.483116
21174 0.483116
8230 0.482895
8036 0.482120
28515 0.482120
21323 0.482120
6681 0.481949
777 0.481787
9609 0.481787
23375 0.481207
21037 0.481078
9945 0.481078
21261 0.480954
1234 0.480834
6829 0.480556
5848 0.480402
2343 0.480256
6496 0.480256
3208 0.480118
19959 0.479745
11574 0.479525
11464 0.479525
19475 0.479525
26986 0.479423
29879 0.479325
7853 0.479232
10548 0.479232
28231 0.479142
9879 0.479057
17117 0.478052
27780 0.478052
2724 0.477646
7756 0.477578
10794 0.477513
25530 0.477452
27635 0.477393
24943 0.477393
9965 0.477337
18691 0.477284
3497 0.477234
18398 0.477234
15984 0.477185
24966 0.477139
19060 0.476972
14676 0.476972
28420 0.475064
12726 0.475064
15684 0.475064
20488 0.475064
27568 0.475064
4168 0.475064
15748 0.475064
15779 0.475064
7463 0.475064
27111 0.475064
1485 0.475064
9924 0.475064
11352 0.475064
23665 0.475064
6855 0.475064
875 0.475064
14925 0.475064
10657 0.475064
10930 0.475064
5846 0.475064
21916 0.473133
28334 0.473093
15591 0.473051
11732 0.473008
26274 0.472915
23807 0.472758
26870 0.472758
18704 0.472758
18093 0.472758
15347 0.472758
6059 0.472701
4352 0.472440
4548 0.472365
26459 0.472203
26729 0.472114
22277 0.472114
13473 0.472019
1284 0.472019
1746 0.471918
6302 0.471218
38 0.471218
2812 0.471055
6458 0.470879
9090 0.470879
8989 0.470879
28601 0.470583
19449 0.470474
7831 0.470474
27361 0.470361
18405 0.470116
8338 0.470116
13477 0.469696
23083 0.469375
26984 0.469199
26666 0.468948
4325 0.468948
27418 0.468814
10389 0.468373
1432 0.467680
958 0.467433
11145 0.467433
25755 0.467058
27134 0.467058
13807 0.467058
29556 0.466581
12278 0.466387
24388 0.466387
4211 0.466387
23231 0.466387
29717 0.466387
24039 0.466321
28799 0.466321
5782 0.466185
22093 0.465972
17495 0.465749
16502 0.465563
21526 0.465515
26469 0.465369
19558 0.465269
2500 0.465167
6935 0.465010
14195 0.465010
6740 0.465010
26052 0.465010
17717 0.464957
5548 0.464737
5968 0.464737
7393 0.464507
3461 0.464143
24276 0.463820
565 0.463753
29721 0.463477
22135 0.463477
2310 0.462725
14994 0.462452
1295 0.462225
13761 0.462225
20435 0.462225
2474 0.462167
1290 0.461601
21262 0.461601
10352 0.461555
8708 0.461491
18739 0.461491
12303 0.461228
13109 0.461033
29841 0.460883
23684 0.460883
13411 0.460731
2300 0.460731
4830 0.460731
25845 0.460669
24713 0.460219
9048 0.460219
1037 0.460219
21842 0.460085
10860 0.459740
20058 0.459740
10864 0.459378
26010 0.459378
7604 0.459316
2473 0.459316
22192 0.459229
10286 0.459096
24587 0.458753
1356 0.458395
14887 0.458022
3370 0.458022
16320 0.457893
26743 0.457893
8610 0.457744
24863 0.457631
9742 0.457281
5231 0.457281
5597 0.457281
20652 0.457222
13915 0.457175
21475 0.456793
4782 0.456394
20546 0.456394
3700 0.456394
12414 0.456343
9443 0.456343
19066 0.456277
8842 0.456188
12314 0.455977
7855 0.455870
5206 0.455870
29006 0.455730
814 0.455730
26266 0.455674
22154 0.455541
20432 0.455541
10876 0.455373
11749 0.455373
571 0.454849
11496 0.454607
12090 0.454607
9161 0.454607
14619 0.453950
16503 0.453950
12052 0.453950
27817 0.453822
15035 0.453713
23313 0.453381
26584 0.453381
26757 0.453096
24841 0.453025
5087 0.452442
12839 0.452442
22176 0.451748
4789 0.451748
4302 0.451748
15340 0.451011
6968 0.451011
26780 0.451011
14740 0.451011
8745 0.450871
25496 0.450492
24983 0.450492
3889 0.450492
2488 0.450298
19031 0.450298
13460 0.450224
628 0.450224
25106 0.450061
11207 0.449951
12682 0.449765
21216 0.449765
27219 0.449116
12214 0.449116
26638 0.448994
1766 0.448994
22879 0.448994
23372 0.448794
7380 0.448672
16007 0.448559
21005 0.448559
25781 0.448403
11225 0.448403
7862 0.448403
28242 0.448403
27619 0.448174
12595 0.448174
8763 0.448174
26700 0.448174
19662 0.447918
23582 0.447918
14131 0.447918
11388 0.447807
645 0.447705
26827 0.447705
26342 0.447301
5460 0.447301
7574 0.447236
16142 0.447236
7067 0.446969
3373 0.446969
9222 0.446642
6139 0.446642
24816 0.446273
9288 0.446193
26707 0.446070
9439 0.446070
976 0.446021
6283 0.445979
19329 0.445373
25028 0.445373
19855 0.445373
15078 0.445373
2363 0.445373
14805 0.445373
23441 0.444642
20715 0.444579
14947 0.444579
19129 0.444415
20226 0.444415
15337 0.444166
20174 0.444082
23207 0.444082
15586 0.443985
14549 0.443985
27058 0.443873
16918 0.443741
18155 0.443584
25718 0.443525
11184 0.443393
14914 0.443242
8660 0.443242
26295 0.443065
20540 0.442857
1969 0.442857
29633 0.442674
19863 0.442607
6820 0.442368
4826 0.442214
5203 0.442214
1904 0.442214
27475 0.442160
19414 0.441920
6587 0.441692
26253 0.441643
9137 0.441432
13875 0.441432
13328 0.441317
25543 0.441317
25994 0.441317
25102 0.441131
7716 0.440988
412 0.440928
18517 0.440781
1461 0.440781
6485 0.440781
25792 0.440584
14352 0.440457
25451 0.440369
26834 0.440369
16367 0.440304
27508 0.440304
25576 0.439874
25444 0.439874
5303 0.439874
16318 0.439874
7765 0.439874
355 0.439874
7302 0.439874
3689 0.439366
3326 0.439041
3805 0.438918
2699 0.438754
9619 0.438686
4003 0.438303
17840 0.438072
18720 0.438072
9252 0.438072
2805 0.437909
18547 0.437909
18794 0.437559
8106 0.437559
6055 0.437559
379 0.437559
18165 0.437298
7062 0.437298
28577 0.437248
3661 0.437059
21264 0.436546
5749 0.436049
15618 0.435839
12644 0.435839
15966 0.435839
12318 0.435710
7714 0.435476
17310 0.435268
26822 0.435268
5064 0.435268
25683 0.435268
6840 0.435268
12434 0.434699
23572 0.434699
15596 0.434633
13417 0.434510
2325 0.434345
11072 0.434199
22096 0.434199
16251 0.434069
29600 0.433754
4815 0.433669
13352 0.433669
3733 0.433235
17944 0.433147
26174 0.433147
28803 0.433070
15469 0.432940
10423 0.432940
4288 0.432886
1828 0.432792
728 0.431877
26177 0.431877
17198 0.431877
11987 0.431877
25255 0.431877
23934 0.431877
16839 0.431877
4984 0.431877
518 0.431877
27532 0.431877
9854 0.431877
21097 0.431877
11434 0.431877
20898 0.431006
1429 0.430966
3107 0.430921
6566 0.430872
13898 0.430818
5192 0.430758
20235 0.430758
24671 0.430758
26263 0.429820
10503 0.429580
4441 0.429275
8206 0.429275
2475 0.429090
17194 0.428878
26702 0.428717
13367 0.428537
1093 0.428337
22739 0.428337
18388 0.428170
7050 0.428170
12488 0.428110
20610 0.428110
14418 0.427853
20812 0.427853
17690 0.427359
17021 0.427359
9796 0.427307
25916 0.427141
6843 0.426901
21510 0.426705
13848 0.426705
24367 0.426705
26557 0.426636
7194 0.426636
25927 0.426588
24432 0.426340
6999 0.426067
8194 0.426067
7314 0.426009
11321 0.425636
9346 0.425579
8349 0.425431
24745 0.425212
13408 0.425058
22563 0.424943
27095 0.424854
26447 0.424726
14399 0.424726
21985 0.424726
22045 0.424726
6516 0.424726
4370 0.424639
28151 0.424639
13246 0.424526
11472 0.424165
15555 0.423813
22280 0.423766
15929 0.423706
16731 0.423427
19994 0.423427
26908 0.423325
17070 0.423003
14090 0.422279
22615 0.422279
6929 0.422279
22891 0.422012
26212 0.422012
5343 0.422012
11381 0.421786
27310 0.421655
26353 0.421239
22734 0.420943
11062 0.420943
18734 0.420943
10451 0.420630
4833 0.420324
7975 0.420026
2834 0.419946
3374 0.419880
10187 0.419824
1179 0.419174
13758 0.419174
17518 0.418559
4342 0.418509
8647 0.418451
5290 0.418381
16283 0.418381
28344 0.418296
9165 0.418296
3085 0.418296
18242 0.417881
24799 0.417421
13090 0.416893
11630 0.416893
10318 0.416723
26335 0.416453
10380 0.416453
23644 0.416189
8119 0.416017
5299 0.415955
2497 0.415681
8998 0.415681
27341 0.415681
4376 0.415681
15085 0.415681
22507 0.415415
23104 0.415199
26537 0.415199
6296 0.414561
21619 0.414561
29802 0.414418
20926 0.414300
3789 0.414047
22596 0.413957
23691 0.413613
11573 0.413613
15715 0.413099
5409 0.413099
16064 0.413099
161 0.413099
10895 0.413099
8127 0.413099
29925 0.412615
16093 0.412481
1934 0.412046
5526 0.411906
20105 0.411369
28389 0.411369
24045 0.411113
29071 0.411113
3794 0.410867
20164 0.410687
2348 0.410687
21580 0.410549
5934 0.410396
17525 0.410283
4208 0.410283
3237 0.409954
23475 0.409901
29072 0.409538
16544 0.409538
18828 0.409538
2467 0.409083
3190 0.409083
20598 0.408495
11132 0.408495
8826 0.408426
18752 0.407884
1479 0.407884
23439 0.407600
3394 0.407531
10583 0.407531
11046 0.407482
11307 0.407198
29499 0.406823
3551 0.406823
18341 0.406472
6370 0.406472
16348 0.406472
14337 0.405909
24407 0.405909
22129 0.405543
20136 0.405202
20439 0.405202
26179 0.405202
2863 0.404763
29095 0.404310
18725 0.404050
27790 0.403649
28599 0.403357
21513 0.403357
21286 0.403357
12872 0.403151
9632 0.403151
18293 0.403151
19028 0.402956
4680 0.402832
16967 0.402597
3420 0.402597
23923 0.402597
23802 0.402597
22014 0.402431
12735 0.402431
22841 0.402272
7126 0.401796
14437 0.401624
7692 0.401028
24642 0.400898
26482 0.400836
25123 0.400836
20829 0.400836
10304 0.400774
20469 0.400657
17997 0.400490
1831 0.400490
5035 0.400335
2188 0.400054
10433 0.399694
4224 0.399694
19549 0.399587
9725 0.399587
8231 0.399486
10071 0.399390
9511 0.399390
24258 0.399132
22975 0.399054
13371 0.398175
11280 0.398175
21624 0.398175
24784 0.398099
22236 0.398099
5961 0.398099
6913 0.398027
12713 0.397837
17896 0.397781
9834 0.397728
11662 0.397678
24694 0.397631
5624 0.397586
20481 0.397586
22008 0.395887
8496 0.395887
11098 0.395887
27903 0.395887
21629 0.395887
10293 0.395887
15355 0.395887
13729 0.395887
18950 0.395887
10454 0.395887
7886 0.395887
1776 0.395887
14837 0.395887
16229 0.395887
16534 0.395887
16475 0.395887
5712 0.395887
14203 0.395887
7695 0.394244
29837 0.394202
13645 0.394158
20554 0.394011
22991 0.393956
19207 0.393898
22764 0.393836
27109 0.393700
6050 0.393625
6757 0.393544
29871 0.393544
8318 0.393458
11536 0.393365
29017 0.393365
4874 0.392694
20386 0.392694
26360 0.392615
4989 0.392615
19133 0.392615
16548 0.392532
9896 0.392532
14561 0.392445
29895 0.392352
28767 0.392352
15421 0.392255
2479 0.392255
20847 0.392152
8600 0.392043
11117 0.392043
23065 0.391806
7954 0.391806
4203 0.391806
1591 0.391675
21171 0.391537
26705 0.391537
16117 0.391388
11949 0.391388
4693 0.391230
8298 0.391117
13651 0.391117
19239 0.391059
4013 0.391059
25153 0.391059
15614 0.391000
15810 0.390876
5936 0.390876
28638 0.390876
16965 0.390746
11979 0.390746
28629 0.390678
24936 0.390678
10281 0.390609
5837 0.390464
20542 0.390464
24520 0.390311
14565 0.389978
868 0.389796
5701 0.389796
11592 0.389603
16032 0.389603
26764 0.389397
2223 0.388942
15848 0.388417
20177 0.388274
20148 0.388125
2434 0.387808
8833 0.387808
13381 0.387808
4193 0.387553
9691 0.387553
8689 0.387167
14326 0.386991
29225 0.386680
25240 0.386680
4633 0.386416
2316 0.386136
21931 0.385990
6960 0.385604
8486 0.385604
18935 0.385604
17713 0.384890
11060 0.384829
19323 0.384576
8991 0.384388
14548 0.384388
25149 0.384388
26070 0.384243
22525 0.384095
20317 0.384034
19325 0.383890
18573 0.383786
11786 0.383516
13431 0.383516
25316 0.383516
708 0.383460
6436 0.383116
7679 0.383116
17954 0.383116
20251 0.382753
25910 0.382691
9076 0.382691
29833 0.382691
596 0.382369
13195 0.382369
12795 0.381748
26790 0.381748
24961 0.381748
28971 0.381748
3513 0.381578
18325 0.381528
3406 0.381528
3663 0.381225
28804 0.381225
24681 0.381225
14393 0.381225
22358 0.381225
13780 0.381225
17597 0.381225
3664 0.381068
29175 0.381068
5539 0.380661
23320 0.380661
1862 0.380661
150 0.380513
21473 0.380513
5997 0.380463
24705 0.380463
21309 0.380052
71 0.380052
7180 0.380052
9546 0.379562
12005 0.379489
19955 0.379253
14457 0.379159
15611 0.379041
11165 0.378886
29596 0.378886
26886 0.378886
1041 0.378370
14605 0.378236
15095 0.377892
24214 0.377892
5638 0.377892
27223 0.377535
17642 0.377535
19708 0.377257
680 0.376854
15297 0.376575
13136 0.376575
7102 0.376417
6510 0.376289
10493 0.376093
14065 0.375689
29192 0.375689
6387 0.375051
25155 0.375051
16703 0.375051
23178 0.375051
18135 0.375051
2913 0.375051
5489 0.375051
1662 0.375051
25565 0.375051
23718 0.374293
13681 0.373987
4844 0.373646
20001 0.373478
1756 0.373478
25122 0.373265
29121 0.372870
19681 0.372808
2326 0.372808
21464 0.372808
10799 0.372600
22695 0.372402
24987 0.371790
22691 0.371559
24016 0.371450
10220 0.371144
12407 0.371144
28833 0.371144
7813 0.370831
2568 0.370782
25445 0.370715
2422 0.370463
17328 0.370180
7430 0.370180
22736 0.370180
3811 0.370180
28317 0.370025
22795 0.369744
6236 0.369273
16708 0.369221
3427 0.369221
13299 0.368839
17159 0.368175
22680 0.368175
9009 0.368008
17045 0.368008
22204 0.368008
25085 0.367860
26425 0.367792
10787 0.367609
14087 0.367453
15002 0.367318
24500 0.367200
3784 0.367095
8411 0.367095
16767 0.367003
8903 0.366478
16470 0.366406
16933 0.366288
15610 0.366195
26220 0.365434
20085 0.365434
12026 0.365434
13943 0.365434
19271 0.365434
27264 0.365434
21718 0.365434
17489 0.365434
25714 0.365434
15178 0.365434
26024 0.364530
8540 0.364467
6967 0.364396
4476 0.363961
3888 0.363879
8473 0.363686
11306 0.363686
15734 0.363686
18819 0.363686
27345 0.363570
26805 0.363285
15930 0.363107
24858 0.362896
24033 0.362896
4700 0.362499
22777 0.362337
21015 0.362157
24834 0.361954
9316 0.361804
10483 0.361724
22354 0.361462
15652 0.361462
1238 0.361224
12271 0.361224
3628 0.361049
13588 0.360651
18694 0.360540
406 0.360302
16761 0.360238
7113 0.360238
25382 0.359897
17279 0.359897
6809 0.359897
24707 0.359897
28781 0.359424
7721 0.359292
25176 0.359292
1898 0.359195
23109 0.359060
10867 0.359060
5627 0.358938
11359 0.358938
5357 0.358938
13671 0.358722
23378 0.358722
17298 0.358539
24104 0.357789
10929 0.357729
23334 0.357729
15542 0.357575
10218 0.357264
18928 0.357075
14622 0.356985
7949 0.356985
2957 0.356985
21836 0.356298
2911 0.356298
21169 0.356298
15896 0.356298
3521 0.356298
12835 0.355725
24403 0.355283
28983 0.355188
4554 0.355074
23821 0.355074
4654 0.355074
473 0.354933
18887 0.354820
16220 0.354820
22259 0.354686
27106 0.354686
24887 0.354686
21762 0.354526
9799 0.354526
24490 0.354330
12691 0.354215
23429 0.354085
12244 0.354085
11243 0.354085
7944 0.353771
24764 0.353771
9718 0.353771
25600 0.353536
29882 0.353471
15027 0.353253
1822 0.352905
28052 0.352467
27603 0.352383
10967 0.352320
9852 0.352272
14252 0.351900
20153 0.351900
28660 0.351900
17900 0.351548
8470 0.351379
29209 0.351033
21166 0.350786
12930 0.350643
26783 0.350278
16692 0.350208
24289 0.350208
4790 0.350047
25639 0.349741
16276 0.349741
1376 0.349741
24696 0.349667
12092 0.349312
5743 0.349312
29753 0.349312
14833 0.348981
15994 0.348917
26143 0.348917
26499 0.348671
26942 0.348553
10097 0.348553
16996 0.348381
21358 0.348215
8924 0.348215
9810 0.348215
3761 0.348108
12436 0.347901
19154 0.347608
15861 0.347608
15995 0.347335
20860 0.347335
25738 0.347079
7388 0.347079
14710 0.346401
8110 0.346073
25019 0.345921
3952 0.345775
21480 0.345775
21036 0.345704
8034 0.345501
13257 0.345250
13220 0.345250
18938 0.345132
18701 0.345132
8315 0.344964
5196 0.344805
11902 0.344606
9536 0.344422
24251 0.344250
24151 0.344250
13534 0.344250
22489 0.344250
14957 0.343938
5792 0.343938
18667 0.343938
24025 0.343938
20450 0.343255
6668 0.343102
19937 0.342830
23978 0.342830
22577 0.342830
25882 0.342708
950 0.342708
15475 0.342708
16936 0.342595
29413 0.342488
2456 0.342389
9116 0.342389
865 0.342389
3309 0.342295
615 0.342207
18195 0.342046
25646 0.342046
6910 0.341364
12610 0.341364
12248 0.341206
1055 0.341072
18348 0.340955
24396 0.340955
17466 0.340955
3592 0.340763
11819 0.340763
15796 0.340763
19920 0.339332
27789 0.339332
5857 0.339332
28572 0.339332
28558 0.339332
22565 0.339332
27473 0.339332
23882 0.339332
12009 0.339332
8482 0.339332
29160 0.339332
5141 0.337952
791 0.337912
17564 0.337869
17492 0.337869
2098 0.337824
1536 0.337775
15956 0.337775
14742 0.337609
10803 0.337609
6115 0.337546
10221 0.337546
16447 0.337477
12421 0.337324
533 0.337324
10327 0.337237
3826 0.337237
11328 0.337142
21073 0.336584
16614 0.336233
4857 0.336130
25685 0.336130
13518 0.336130
392 0.336130
10806 0.335779
29345 0.335643
8052 0.335643
29149 0.335643
6745 0.335497
5803 0.335340
22431 0.335340
24758 0.335168
22249 0.334847
19990 0.333881
15783 0.333556
29260 0.332848
20480 0.332545
16429 0.332545
11555 0.332350
11489 0.331923
8161 0.331689
15298 0.331440
20068 0.331105
26060 0.331105
8232 0.330987
17018 0.330741
12934 0.330741
9567 0.330741
11399 0.330741
5178 0.330343
1739 0.329906
17513 0.329906
11838 0.329906
19545 0.329906
12733 0.329906
9650 0.329637
4684 0.329637
25144 0.329637
2382 0.329351
28186 0.329351
21150 0.329111
26621 0.329111
18618 0.329049
4185 0.328891
19776 0.328661
26927 0.328661
15678 0.328661
15136 0.328502
9077 0.328502
29251 0.327973
2712 0.327973
4890 0.327267
10551 0.327267
10879 0.327267
19217 0.326764
24790 0.326607
20811 0.326280
6194 0.326280
26468 0.326025
10833 0.326025
4244 0.326025
25469 0.325819
13878 0.325819
17305 0.325758
29484 0.325649
9998 0.325193
2135 0.324578
25270 0.324498
3444 0.324434
6987 0.324341
29883 0.323908
7770 0.323908
2906 0.323908
10323 0.323448
26804 0.323401
11409 0.322734
27440 0.322442
29896 0.322078
23899 0.321889
20031 0.321889
6688 0.321818
2400 0.321818
16279 0.321550
11561 0.321367
5610 0.320989
704 0.320989
26365 0.320989
21957 0.320668
23725 0.320596
23840 0.320152
14707 0.319755
7826 0.319755
9279 0.319550
7254 0.319264
20703 0.319264
19411 0.319264
2663 0.318766
2110 0.318641
744 0.318641
238 0.318641
471 0.318641
18584 0.318342
12663 0.318342
7417 0.318225
29262 0.318225
27959 0.318225
946 0.318123
19795 0.318035
26543 0.317718
11821 0.317630
7960 0.317630
17033 0.317439
14014 0.317439
14385 0.317439
12715 0.317351
18812 0.316710
8442 0.316710
10461 0.316710
19568 0.316710
20071 0.316710
11675 0.316710
9671 0.316071
24123 0.316071
23976 0.316071
717 0.316071
11593 0.315983
20823 0.315930
10898 0.315867
12035 0.315867
8845 0.315395
23669 0.315395
26879 0.315308
22246 0.315094
8490 0.315094
21130 0.315094
16822 0.315094
10053 0.315094
9578 0.314679
6469 0.314612
14318 0.314540
3289 0.314540
1569 0.314540
28688 0.314540
18906 0.314381
28585 0.314196
17177 0.314196
7264 0.314092
20169 0.313722
27332 0.313543
21031 0.313543
108 0.313494
16309 0.313340
9180 0.313229
12512 0.313229
13564 0.312542
27287 0.312542
25033 0.312249
24939 0.312185
21693 0.312013
7297 0.311761
8130 0.311518
1620 0.311518
28228 0.311054
5522 0.310906
2661 0.310906
10622 0.310906
29899 0.310696
5029 0.310411
29764 0.310411
21972 0.310411
19009 0.310344
1146 0.310290
13698 0.310246
16829 0.310246
4215 0.309825
19078 0.309825
14831 0.309825
10990 0.309825
722 0.309825
27893 0.309825
1101 0.309344
13829 0.309287
24824 0.308898
18313 0.308658
27887 0.308658
16828 0.308150
3169 0.308096
12575 0.308096
19375 0.307912
2815 0.307684
21783 0.307684
16773 0.307684
14741 0.307519
27499 0.307256
11542 0.307154
11333 0.306860
7103 0.306812
27202 0.306493
11580 0.306098
21331 0.306098
11833 0.306098
22460 0.306098
29250 0.306023
5249 0.305735
26438 0.305735
9449 0.305597
18960 0.305597
27395 0.305399
12920 0.305399
19579 0.305399
12547 0.305209
20741 0.304854
12122 0.304854
9677 0.304798
1567 0.304528
12368 0.304528
7075 0.304277
26881 0.304157
26035 0.304157
20257 0.304041
7006 0.303820
26920 0.303694
26040 0.303694
17887 0.303233
16589 0.303233
18610 0.303233
7146 0.302737
21394 0.302737
18427 0.302589
28354 0.302517
6701 0.302517
8536 0.302517
22663 0.302314
1477 0.302124
8992 0.302064
4896 0.302064
7877 0.301783
21499 0.301097
29214 0.300946
17733 0.300874
25165 0.300674
18735 0.300674
22126 0.300674
27819 0.300493
28191 0.300328
14309 0.300328
15512 0.300328
28232 0.300041
14378 0.299914
3827 0.299914
7324 0.299690
1253 0.299690
1817 0.299590
1763 0.299497
19640 0.299497
7847 0.299329
26383 0.298882
27558 0.298882
8837 0.298612
14458 0.298407
3095 0.298350
759 0.298296
3482 0.298247
17636 0.298247
4087 0.298247
24666 0.298201
23932 0.298201
28499 0.298201
15269 0.296915
3918 0.296915
29419 0.296915
22072 0.296915
28188 0.296915
19282 0.296915
11386 0.296915
15192 0.296915
17991 0.296915
7851 0.296915
649 0.296915
10356 0.296915
10396 0.295683
4598 0.295547
3659 0.295495
17186 0.295238
13432 0.295158
6282 0.295158
19344 0.295071
16328 0.294975
11344 0.294540
22310 0.294540
6205 0.294461
21851 0.294378
18563 0.294288
5533 0.294191
878 0.293975
21923 0.293723
668 0.293579
12818 0.293422
29534 0.293250
18986 0.293250
21894 0.293250
20813 0.293125
5694 0.293125
1016 0.293125
26337 0.292848
11446 0.292694
14185 0.292694
23690 0.292527
29528 0.292527
8244 0.292048
26559 0.292048
12403 0.291883
29677 0.291706
11285 0.291451
7896 0.291093
17782 0.290856
24622 0.290598
26748 0.290432
10740 0.290198
24623 0.290198
1047 0.290198
6022 0.289673
25114 0.289673
6437 0.289430
2294 0.289430
12100 0.289379
5944 0.289379
29454 0.289302
14132 0.289170
10629 0.289060
324 0.289060
10924 0.289060
11620 0.289060
4337 0.289060
6675 0.288713
136 0.288591
19954 0.288591
7484 0.288591
23778 0.288501
8211 0.288334
14394 0.288267
20624 0.288219
19269 0.287918
29639 0.287918
4609 0.287595
9104 0.287595
6581 0.287595
3957 0.287539
27458 0.287337
27926 0.287337
12432 0.287337
7977 0.287018
19296 0.287018
16028 0.286875
16650 0.286677
21498 0.286677
3295 0.286471
1139 0.286183
8487 0.286034
17888 0.285918
2106 0.285827
6103 0.285640
15495 0.285640
8825 0.285495
25421 0.285495
27083 0.285446
12707 0.285446
17412 0.285039
29083 0.285039
21189 0.285039
2924 0.284646
17464 0.284544
13205 0.284470
26423 0.284470
29583 0.284227
27154 0.284129
3276 0.283777
12002 0.283621
22214 0.283475
25796 0.283419
9657 0.283419
1959 0.283419
27655 0.283295
26662 0.283151
9828 0.282776
3127 0.282776
2464 0.282527
27135 0.282216
22497 0.282216
9194 0.282069
3256 0.281818
17498 0.281818
20518 0.281818
18179 0.281610
28256 0.281288
3257 0.281288
26798 0.281288
20567 0.281161
7817 0.281161
19979 0.280720
22984 0.280318
19494 0.280318
12665 0.280235
29182 0.280166
1731 0.280060
10808 0.280060
11565 0.280018
7381 0.279450
18778 0.279450
5727 0.279450
20646 0.279450
11510 0.279450
9086 0.279450
26716 0.278884
2641 0.278884
140 0.278794
8369 0.278669
16920 0.278669
9679 0.278587
22933 0.278280
22263 0.278280
5609 0.278086
12672 0.278086
24964 0.277963
4773 0.277963
24030 0.277963
12117 0.277491
12861 0.277491
19813 0.277491
179 0.277322
20747 0.277121
15501 0.277121
11210 0.276878
1262 0.276644
22513 0.276644
18518 0.276493
401 0.276493
25198 0.276493
8000 0.276493
6957 0.276438
21749 0.276200
4522 0.275921
18800 0.275707
17521 0.275537
27913 0.275537
29039 0.275252
7764 0.275252
27240 0.275252
21540 0.275190
18149 0.275190
12640 0.275037
21552 0.275037
14811 0.274831
28860 0.274535
13885 0.274535
7057 0.274076
8360 0.274076
6006 0.274076
23887 0.273655
13607 0.273655
6779 0.273655
4629 0.273267
5112 0.273162
9994 0.273162
23522 0.273162
11619 0.272764
22704 0.272764
24217 0.272764
411 0.272399
27339 0.272330
4452 0.272330
15803 0.272172
8064 0.272063
18422 0.271874
27517 0.271803
14595 0.271803
22032 0.271803
21313 0.271155
11976 0.271097
17907 0.271097
23267 0.270606
17830 0.270606
12868 0.270457
17632 0.270362
3871 0.270246
1474 0.270179
5819 0.269923
28135 0.269923
29628 0.269923
16573 0.269631
27096 0.269631
5740 0.269469
13319 0.269469
29145 0.269366
26819 0.269125
240 0.269125
24093 0.269125
20876 0.268904
15368 0.268904
19086 0.268904
9811 0.268904
15140 0.268702
9451 0.268702
20627 0.268638
28390 0.268638
18589 0.268638
21365 0.268342
19560 0.268182
7256 0.268182
21068 0.267806
18689 0.267806
27775 0.267806
9687 0.267642
16091 0.267420
10825 0.267352
18779 0.267104
354 0.267104
17248 0.267048
10231 0.266890
12998 0.266890
787 0.266747
21907 0.266747
6706 0.266747
19604 0.266391
21978 0.266391
6811 0.266200
10307 0.266200
17563 0.266036
10472 0.265564
14891 0.265477
4149 0.265399
28064 0.265329
18076 0.265264
7925 0.265206
20260 0.265206
16408 0.265206
15624 0.265152
27523 0.263925
29049 0.263925
11126 0.263925
10945 0.263925
9914 0.263925
20653 0.263925
509 0.263925
8497 0.263925
10613 0.262708
28488 0.262656
25886 0.262656
19146 0.262598
9320 0.262536
27678 0.262305
24602 0.262305
13482 0.262211
1431 0.262211
5780 0.261503
24330 0.261503
16300 0.261399
12820 0.261285
3715 0.261161
14998 0.261024
24110 0.260874
3704 0.260706
29964 0.260584
13007 0.260519
18920 0.260452
20384 0.259598
4317 0.259598
9223 0.259489
10585 0.259374
2629 0.259374
26837 0.259374
14166 0.259374
11677 0.259374
3600 0.259315
6153 0.259315
8449 0.259126
24829 0.259126
20229 0.258921
22785 0.258921
7316 0.258849
20797 0.258849
22659 0.258698
11869 0.258698
6378 0.258455
2535 0.258403
20399 0.258187
22708 0.257954
25810 0.257954
342 0.257892
20056 0.257565
9394 0.257565
16695 0.257200
15496 0.257122
21773 0.256535
29473 0.256535
7776 0.256162
23509 0.255804
22679 0.255804
2097 0.255640
11849 0.255640
7470 0.255200
20446 0.254978
12841 0.254978
16789 0.254978
3618 0.254913
3971 0.254863
21719 0.254863
21380 0.254863
7823 0.254499
19070 0.254499
16409 0.254104
21218 0.254104
16872 0.254045
24342 0.253965
27132 0.253675
14157 0.253368
5918 0.253368
20543 0.253108
2528 0.252993
21159 0.252993
14650 0.252993
26768 0.252928
29878 0.252928
17910 0.252694
29893 0.252378
2207 0.252378
5031 0.251928
4967 0.251762
28704 0.251690
644 0.251623
4777 0.251357
12387 0.251357
10916 0.251236
7424 0.251236
2927 0.251050
11385 0.250728
23975 0.250662
20974 0.250662
19698 0.250034
7697 0.250034
4321 0.250034
29361 0.250034
14780 0.250034
2513 0.250034
17160 0.250034
6892 0.249463
12955 0.249463
5534 0.249409
10412 0.249262
20676 0.249262
17106 0.248942
28130 0.248843
15569 0.248843
16196 0.248843
11161 0.248725
28771 0.248580
1728 0.248329
21599 0.248329
24684 0.248026
15393 0.247733
25357 0.247664
17352 0.247664
2484 0.247429
16751 0.247429
20075 0.247429
8829 0.247143
22348 0.247143
10037 0.246939
27049 0.246787
14885 0.246496
18801 0.246496
29335 0.246403
23663 0.246222
1514 0.246222
16710 0.245723
3917 0.245723
29119 0.245723
8915 0.245385
19758 0.245195
17319 0.244730
19772 0.244668
28316 0.244518
11735 0.244518
13074 0.243952
13892 0.243623
19092 0.243623
10703 0.243623
23606 0.242811
19523 0.242811
26999 0.242586
4437 0.242586
14908 0.242586
7504 0.242144
23057 0.242071
5200 0.242071
23893 0.241931
23777 0.241931
14872 0.241558
23020 0.241558
3401 0.241558
23121 0.241558
4438 0.241395
25455 0.241149
22475 0.240975
1503 0.240816
20371 0.240671
24080 0.240539
13163 0.240360
9928 0.240360
4537 0.240201
16317 0.239816
2693 0.239711
27856 0.239711
25157 0.239616
5509 0.239616
17227 0.239528
5838 0.239448
19347 0.239026
3634 0.239026
27430 0.238938
8985 0.238938
8170 0.238938
3737 0.238859
13157 0.238789
19192 0.238726
15446 0.238669
22182 0.238669
2120 0.238617
10729 0.238617
23826 0.238526
7451 0.237532
4761 0.237532
25594 0.237532
19966 0.237532
595 0.237532
18797 0.237532
6368 0.236547
21186 0.236406
4409 0.236289
15827 0.236289
28439 0.236143
23056 0.236143
2529 0.236143
10154 0.236143
2448 0.236143
13050 0.236057
8987 0.235959
12620 0.235569
20900 0.235392
17131 0.235392
8203 0.235058
25385 0.235058
29235 0.234922
4512 0.234922
19608 0.234922
13274 0.234770
3072 0.234770
7920 0.234600
9592 0.234474
28258 0.234474
4599 0.234474
28029 0.234407
24205 0.234337
6908 0.234022
19960 0.234022
19369 0.234022
22710 0.233638
4146 0.233472
14702 0.233472
27470 0.233472
23530 0.233413
28154 0.233160
23159 0.232875
7910 0.232685
8773 0.232685
21956 0.232685
24138 0.232635
6971 0.232478
11628 0.232478
6969 0.232072
5761 0.232072
8521 0.231739
11025 0.231739
25021 0.231739
7532 0.231739
14578 0.231739
27364 0.231493
747 0.231442
21368 0.231442
19407 0.231363
7834 0.231226
28388 0.231226
27383 0.231112
16937 0.230934
26385 0.230934
18705 0.230934
26988 0.230746
80 0.230516
16407 0.230334
26315 0.230261
24546 0.230261
22649 0.229870
20609 0.229870
10975 0.229870
26640 0.229198
3493 0.228947
937 0.228815
16065 0.228815
19212 0.228396
7426 0.228396
29552 0.228396
29891 0.228197
986 0.228138
29326 0.227635
28159 0.227635
29968 0.227635
26135 0.227576
19230 0.227424
303 0.227304
83 0.227304
22197 0.227205
25893 0.226942
1554 0.226857
16351 0.226735
12710 0.226735
29122 0.226690
6677 0.226221
17205 0.226221
8652 0.226221
13048 0.225754
1148 0.225589
7866 0.225589
24977 0.225505
24828 0.225505
16723 0.225246
10354 0.225246
21592 0.225246
19732 0.224883
22729 0.224883
23814 0.224825
28253 0.224693
28790 0.224693
24234 0.224533
5914 0.224336
13211 0.224279
13663 0.224087
5265 0.223903
2112 0.223903
25941 0.223903
9635 0.223852
16989 0.223685
21647 0.223421
26361 0.223421
20217 0.223321
25068 0.223035
27380 0.222686
7442 0.222686
25503 0.222686
21290 0.222371
23879 0.222083
23563 0.221871
27225 0.221871
19950 0.221871
23427 0.221697
26346 0.221697
8 0.221428
22413 0.221303
15179 0.221184
14983 0.220960
19196 0.220960
7890 0.220716
9512 0.220716
17484 0.220658
3520 0.220229
20392 0.220229
1279 0.219937
25340 0.219937
4573 0.219683
3347 0.219568
20550 0.219459
8098 0.219407
29989 0.219083
24914 0.219083
7983 0.218780
16778 0.218780
17876 0.218649
9696 0.218588
15792 0.218588
16957 0.218530
13209 0.218530
8400 0.218025
7489 0.217350
7913 0.217350
23311 0.217255
25441 0.217172
5309 0.217172
4962 0.216977
18595 0.216977
1619 0.216834
22893 0.216834
8139 0.216834
10540 0.216834
5275 0.215938
20572 0.215938
9109 0.215938
1239 0.215938
27612 0.215938
18712 0.215938
15523 0.215938
25138 0.215938
8279 0.215008
17355 0.214910
6920 0.214910
19304 0.214790
11714 0.214790
16632 0.214718
5081 0.214718
13543 0.214638
29147 0.214638
20033 0.214168
23476 0.213779
5185 0.213653
15284 0.213512
29990 0.213512
4395 0.213352
13617 0.213170
17285 0.213033
15221 0.213033
8344 0.213033
6330 0.212883
6835 0.212263
18932 0.212082
15046 0.212082
18475 0.212082
6714 0.211883
7398 0.211812
14649 0.211812
26625 0.211662
16637 0.211662
23022 0.211567
20067 0.211416
24986 0.211363
28529 0.211363
12584 0.211140
17598 0.210893
29834 0.210827
26163 0.210620
23276 0.210620
27718 0.210620
22651 0.210472
21999 0.210315
25609 0.210315
11505 0.210205
21727 0.210205
14448 0.209973
16653 0.209912
28935 0.209587
7419 0.209587
3 0.209279
11278 0.209225
12649 0.209225
22883 0.209148
3371 0.209148
8039 0.209148
8547 0.209028
26785 0.208820
23785 0.208565
391 0.208362
7028 0.207841
17287 0.207552
18453 0.207552
15483 0.207150
8921 0.207079
24722 0.206978
598 0.206550
10750 0.206123
24036 0.206123
3931 0.206078
16110 0.206078
22056 0.206023
6590 0.205861
3012 0.205656
2093 0.205656
19670 0.205433
14313 0.205433
6556 0.205275
19709 0.205141
12012 0.204769
14273 0.204769
29590 0.204498
24002 0.204498
11008 0.204498
27176 0.204433
24406 0.203942
9594 0.203942
10110 0.203599
25377 0.203599
7815 0.203599
6109 0.203019
10424 0.202917
26251 0.202442
2639 0.202382
29586 0.202382
13569 0.202155
20316 0.201825
18416 0.201825
26480 0.201825
5771 0.201298
25405 0.201136
2150 0.201085
5483 0.200898
6475 0.200731
3065 0.200583
14901 0.200514
14904 0.200449
24626 0.200328
11587 0.200027
6749 0.200027
9154 0.199903
26681 0.199793
20732 0.199793
27421 0.199695
7580 0.199527
21409 0.199221
8195 0.199129
24723 0.199129
25066 0.199049
6831 0.198980
13403 0.198919
2789 0.198919
5497 0.198815
6111 0.197943
17359 0.197943
9768 0.197943
20389 0.197943
9836 0.197943
6893 0.197943
16815 0.197122
19441 0.197079
29747 0.197031
12288 0.196978
22285 0.196918
29082 0.196918
6645 0.196772
1979 0.196683
16233 0.196683
17041 0.196683
1137 0.196308
9068 0.196222
8564 0.196128
22360 0.196128
13126 0.196022
10977 0.196022
28218 0.196022
3355 0.195903
27224 0.195903
8291 0.195075
11780 0.195075
29842 0.195075
7492 0.194699
27969 0.194699
5878 0.194531
18509 0.194345
26397 0.194137
11782 0.193904
18154 0.193696
2756 0.193640
18840 0.193340
27567 0.193208
21389 0.193116
6315 0.193116
402 0.192995
28774 0.192920
6567 0.192920
21536 0.192868
28591 0.192594
9667 0.192288
21545 0.192223
21022 0.192047
481 0.191730
24204 0.191558
26522 0.191558
7374 0.191377
21979 0.191118
7898 0.190981
8362 0.190612
23243 0.190534
20519 0.190474
2148 0.190474
15212 0.190427
17391 0.190026
25358 0.190026
6462 0.190026
22774 0.189627
23962 0.189580
27735 0.189580
24683 0.189520
16222 0.189443
15113 0.189443
27198 0.189185
5269 0.189185
23063 0.189080
16010 0.189080
13787 0.188946
28560 0.188946
28969 0.188694
23351 0.188518
13444 0.188518
17552 0.188288
1606 0.188288
18136 0.188144
11715 0.188046
17354 0.187879
28932 0.187879
9497 0.187879
3098 0.187816
17193 0.187525
25841 0.187525
1958 0.187525
4814 0.187525
9577 0.186947
7844 0.186947
25597 0.186823
29587 0.186544
5030 0.186492
8615 0.186492
14730 0.186492
18460 0.186300
26951 0.186300
28766 0.186300
29852 0.186300
16897 0.186300
3173 0.186085
19853 0.186019
23758 0.186019
14209 0.185895
23371 0.185725
29732 0.185090
17004 0.185090
18527 0.185090
335 0.184964
7607 0.184964
650 0.184964
18666 0.184964
12947 0.184905
5832 0.184747
1343 0.184491
3790 0.184491
12898 0.184292
2844 0.183896
8793 0.183896
12597 0.183805
17812 0.183805
5463 0.183727
3296 0.183501
29067 0.182717
6018 0.182717
1206 0.182717
17850 0.182717
6407 0.182717
1498 0.182717
26175 0.182717
18004 0.182717
8767 0.182717
12607 0.181894
16063 0.181785
11337 0.181719
14911 0.181642
11220 0.181169
22425 0.181078
5559 0.181078
26529 0.180977
23452 0.180977
987 0.180977
7835 0.180580
29906 0.180524
14589 0.180404
2304 0.180404
27611 0.180270
20984 0.180270
981 0.180119
24732 0.179949
5955 0.179530
17153 0.179530
3853 0.179530
23708 0.179469
13187 0.179270
2045 0.179270
1393 0.179270
16569 0.179044
26737 0.178895
29103 0.178428
18562 0.178149
18011 0.178149
25802 0.178149
394 0.178149
14237 0.177888
1852 0.177832
27306 0.177467
21420 0.177107
28889 0.177043
16040 0.177043
7500 0.177043
20755 0.176886
23745 0.176886
22265 0.176886
17679 0.176452
642 0.175950
20866 0.175567
19964 0.175516
27973 0.175139
20905 0.175139
4403 0.175024
296 0.174870
14476 0.174656
11734 0.174656
9630 0.174459
2960 0.174336
11930 0.174190
27360 0.174107
12870 0.174107
10004 0.174054
561 0.173804
12453 0.173804
5811 0.173804
13601 0.173804
43 0.173804
29772 0.172960
8522 0.172566
2161 0.172402
24988 0.172125
11449 0.172125
4417 0.171710
11014 0.171710
6353 0.171023
16984 0.171023
5798 0.170775
18132 0.170775
28145 0.170682
1250 0.170536
3138 0.170536
4034 0.170478
13192 0.170427
15767 0.170382
25665 0.169666
11200 0.169666
9918 0.169666
5028 0.169666
635 0.169666
23813 0.168805
9101 0.168662
3982 0.168252
7485 0.168065
25436 0.167952
225 0.167822
15125 0.167822
27343 0.167822
27174 0.167670
12324 0.167670
27192 0.167670
18157 0.167491
7100 0.167424
4000 0.167424
23992 0.167108
12081 0.166915
24967 0.166689
19197 0.166689
23751 0.166689
6810 0.166424
18698 0.166273
14280 0.165961
26392 0.165961
16781 0.165445
9683 0.165371
9982 0.164953
29370 0.164762
13028 0.164524
20484 0.164330
23860 0.164330
19211 0.164193
18604 0.164148
18661 0.163815
13819 0.163815
22992 0.163815
5778 0.163815
1548 0.163815
16849 0.163303
29527 0.163303
14749 0.163303
5956 0.163112
1028 0.163012
17835 0.162879
5074 0.162693
19970 0.162522
7565 0.162522
22966 0.162171
12357 0.161724
14907 0.161724
27722 0.161671
19397 0.161522
16511 0.161430
5945 0.161430
24271 0.161287
25390 0.161287
2976 0.161221
9521 0.161039
14587 0.160495
18342 0.160495
4026 0.160359
2349 0.160298
2705 0.160298
9415 0.160134
14718 0.159996
18164 0.159877
4225 0.159775
23185 0.159775
23009 0.159686
15115 0.159239
3981 0.159239
4709 0.159239
7594 0.159239
2215 0.159112
20452 0.159112
27948 0.159062
4991 0.158355
20197 0.158355
7609 0.158355
4218 0.158355
22233 0.158355
5735 0.158355
21429 0.158355
20596 0.158355
24313 0.158355
125 0.158355
2128 0.158355
26641 0.158355
7895 0.158355
16248 0.157698
3116 0.157547
25790 0.157480
18449 0.157401
27956 0.157401
29874 0.157046
15154 0.156960
29581 0.156960
19602 0.156960
25559 0.156960
16119 0.156861
8656 0.156747
16940 0.156615
2731 0.156458
8210 0.156271
8078 0.156124
22916 0.156124
5264 0.155955
729 0.155759
17035 0.155759
7084 0.155759
670 0.155250
9500 0.155250
10902 0.155250
14962 0.155172
13099 0.154912
29702 0.154912
2583 0.154912
28780 0.154672
20734 0.154242
7787 0.154242
236 0.154075
28742 0.153577
15941 0.153577
10636 0.153247
1799 0.153247
23385 0.153247
10111 0.153247
451 0.152867
5841 0.152631
23157 0.152631
16775 0.152631
2069 0.152264
23175 0.152114
1377 0.152021
26341 0.152021
16208 0.151910
16912 0.151616
12152 0.151369
7752 0.151294
19811 0.151157
28634 0.151032
4592 0.151032
19392 0.151032
1006 0.150974
7882 0.150814
29526 0.150630
1392 0.150630
3111 0.150337
9712 0.150337
27842 0.150337
24410 0.150164
23838 0.149899
21566 0.149795
7127 0.149391
1267 0.149391
2962 0.149235
21915 0.149175
10167 0.149175
15529 0.149079
1031 0.149079
15153 0.149079
5214 0.149079
11050 0.148458
1307 0.148458
8909 0.148458
3526 0.148458
27652 0.148458
28718 0.148458
6046 0.148458
13861 0.148458
5453 0.147798
14124 0.147798
18756 0.147747
11329 0.147747
2627 0.147747
2351 0.147688
2855 0.147619
22640 0.147231
17756 0.147044
25674 0.146625
15594 0.146625
672 0.146625
21875 0.146496
8631 0.146347
27846 0.146347
27952 0.146024
10680 0.145853
26062 0.145853
916 0.145428
1385 0.145216
1013 0.145159
26203 0.144837
27940 0.144690
6386 0.144295
18893 0.144295
25520 0.144295
13478 0.144250
14818 0.143959
319 0.143959
17239 0.143959
25139 0.143669
22297 0.143624
10863 0.143563
10299 0.143563
1452 0.143338
24447 0.143092
19527 0.143092
7109 0.142723
11752 0.142519
4908 0.142519
19330 0.142519
26099 0.142519
12424 0.142235
22033 0.142003
8358 0.141810
4360 0.141810
13525 0.141648
24046 0.141388
7819 0.141235
14933 0.141108
1573 0.141001
4859 0.140644
20464 0.140644
11530 0.140552
2370 0.140476
643 0.140476
26067 0.140476
4811 0.140413
17348 0.140413
21114 0.140360
10992 0.140360
28325 0.140314
2864 0.140314
14099 0.139725
12770 0.139725
1703 0.139140
6025 0.139140
20340 0.139095
13266 0.138908
11859 0.138560
27844 0.138560
21929 0.138368
11924 0.138246
4547 0.138100
3636 0.137986
12313 0.137986
4328 0.137922
12670 0.137922
3471 0.137922
15318 0.137922
10737 0.137854
18746 0.137854
11893 0.137854
29836 0.137854
15255 0.137700
23412 0.137519
26230 0.137302
21833 0.137038
2767 0.137038
5324 0.137038
647 0.137038
12452 0.137038
8469 0.136799
29770 0.136799
12446 0.136799
6047 0.136382
11710 0.136165
28172 0.136165
11297 0.136165
26911 0.136032
22662 0.135733
12300 0.135733
27021 0.135381
257 0.135303
5433 0.135303
10609 0.135181
17570 0.135089
12058 0.134961
20852 0.134961
17416 0.134844
21032 0.134634
2332 0.134452
4151 0.134452
3741 0.134452
25716 0.134452
2347 0.134452
18607 0.134199
3767 0.133821
18423 0.133676
8944 0.133552
14921 0.133552
622 0.133445
16827 0.133445
26948 0.133445
18074 0.133309
22140 0.133196
9149 0.133196
11350 0.133196
2959 0.133100
16357 0.132782
17560 0.132700
26412 0.132700
8841 0.132700
8030 0.132632
7246 0.132632
23926 0.132632
19775 0.132529
22740 0.131962
10458 0.131962
1806 0.131962
10224 0.131962
21714 0.131962
7733 0.131962
16265 0.131401
28084 0.131299
6484 0.131299
17445 0.131233
3694 0.131233
21586 0.131153
10908 0.131153
8574 0.130844
17014 0.130844
12415 0.130752
21543 0.130643
409 0.130643
6256 0.130353
11494 0.129993
14520 0.129993
14042 0.129799
23466 0.129799
20104 0.129744
9049 0.129744
15281 0.129349
25527 0.129202
22839 0.129202
14400 0.129094
17105 0.128977
477 0.128783
917 0.128663
19125 0.128396
27103 0.128396
27203 0.128396
18226 0.128081
21598 0.128011
29297 0.127820
25252 0.127600
25239 0.127456
20388 0.127249
10885 0.127249
5658 0.126838
14560 0.126838
4210 0.126684
20286 0.126496
15613 0.126347
2799 0.126347
12327 0.126123
10796 0.126123
14168 0.125678
14515 0.125678
252 0.125568
12246 0.125525
6203 0.125017
5099 0.124513
11951 0.124513
26936 0.124513
6952 0.124513
28862 0.124471
10643 0.124290
27038 0.124290
9947 0.124013
29529 0.123715
27289 0.123715
9549 0.123715
3273 0.123572
23010 0.123517
13402 0.123517
10699 0.123393
8090 0.123393
5181 0.123393
29840 0.123393
20555 0.123248
12127 0.123248
23617 0.123248
15303 0.123248
6266 0.122669
10775 0.122669
2902 0.122669
22281 0.122334
3247 0.121811
3301 0.121465
16427 0.121465
10719 0.121465
18444 0.121293
5018 0.121190
21284 0.120408
3494 0.120269
19969 0.119966
26410 0.119856
521 0.119764
11435 0.119764
17987 0.119513
13650 0.119430
27033 0.119430
4958 0.119363
4242 0.119308
8962 0.119308
23636 0.118766
28345 0.118766
2175 0.118766
6882 0.118766
8483 0.118766
22969 0.118766
17593 0.118766
18847 0.118766
17012 0.118273
4023 0.117696
9734 0.117696
28462 0.117590
16454 0.117590
11450 0.117300
14820 0.117300
22747 0.117300
26285 0.117300
12759 0.117300
1161 0.117168
11339 0.117011
12542 0.117011
19546 0.117011
15570 0.116819
19483 0.116645
19918 0.116580
28415 0.116437
27546 0.115869
25350 0.115556
21738 0.115556
14212 0.115307
25319 0.115307
14245 0.115104
16163 0.114935
9902 0.114750
2701 0.114750
17282 0.114473
26068 0.114473
18277 0.114473
5922 0.114473
20467 0.113788
22616 0.113652
7411 0.113602
836 0.113111
18873 0.113111
17465 0.113111
20539 0.113111
8152 0.112623
9597 0.112623
5766 0.112575
13594 0.112515
25244 0.112441
3414 0.112043
12918 0.112043
4236 0.111780
2745 0.111780
3388 0.111780
29001 0.111660
17924 0.111660
2752 0.111517
20558 0.111517
13506 0.111343
15838 0.111343
29401 0.111126
12540 0.110996
25016 0.110996
29649 0.110996
10590 0.110848
24195 0.110766
23656 0.110766
752 0.110247
13303 0.110247
16840 0.110195
2230 0.110114
17271 0.110114
20308 0.110114
11120 0.109841
14843 0.109841
13714 0.109390
6916 0.109210
8095 0.109210
6596 0.109210
2440 0.109210
12773 0.109071
18535 0.108675
2411 0.108675
18203 0.108586
12483 0.108462
4659 0.107969
13553 0.107969
17251 0.107969
1384 0.107969
11601 0.107969
15201 0.107969
14822 0.107525
25518 0.107427
6064 0.107427
1060 0.107427
2681 0.107273
24731 0.107273
4714 0.107273
17658 0.107084
27070 0.106889
3385 0.106756
22815 0.106647
28042 0.106585
12338 0.106585
26818 0.106585
21302 0.106358
20298 0.106214
20872 0.106214
21534 0.106160
10917 0.106160
25049 0.105570
17087 0.105357
3487 0.105310
9985 0.105310
9857 0.105310
18461 0.105236
19510 0.105236
9199 0.104794
24889 0.104794
25283 0.104640
17693 0.104574
11500 0.104574
16807 0.104514
25668 0.104410
18282 0.104410
24244 0.104410
15841 0.103920
3862 0.103726
24940 0.103275
6119 0.103275
26252 0.103275
14246 0.102828
21052 0.102637
19433 0.102287
23916 0.102287
13903 0.102164
25412 0.102164
9853 0.102164
22244 0.102008
23174 0.101945
24307 0.101509
17025 0.101386
1855 0.101317
27173 0.100839
28500 0.100839
24775 0.100771
6429 0.100649
11548 0.100543
2272 0.100366
6495 0.100366
16352 0.100164
3402 0.100164
6225 0.100014
6753 0.100014
1056 0.099564
3216 0.099564
25560 0.099490
3281 0.098972
24263 0.098972
4175 0.098972
739 0.098972
24028 0.098561
3475 0.098561
5198 0.098459
4531 0.098386
14118 0.098154
29089 0.098154
12377 0.098064
16753 0.098064
8388 0.097951
3532 0.097807
10744 0.097807
16649 0.097807
20831 0.097449
27495 0.097449
25495 0.097349
1030 0.097349
8038 0.097349
6223 0.097235
479 0.097172
15117 0.097172
20482 0.097172
20697 0.096952
15597 0.096952
897 0.096952
8616 0.096670
27889 0.096558
26232 0.096297
15819 0.096167
750 0.096111
16904 0.095865
474 0.095865
22487 0.095559
2446 0.095490
4702 0.095013
12383 0.095013
28739 0.095013
11302 0.095013
23269 0.094592
13694 0.094540
26204 0.094384
3747 0.094384
15064 0.094176
4312 0.094072
4685 0.093763
428 0.093763
28401 0.093609
28677 0.093412
6972 0.093412
10963 0.093353
16728 0.093150
16180 0.093150
6212 0.092947
22316 0.092890
10905 0.092890
8272 0.092695
27899 0.092695
1300 0.092545
8960 0.092374
17326 0.092374
16152 0.092246
26874 0.092246
9909 0.091948
20593 0.091948
5957 0.091751
17110 0.091359
23982 0.091359
24446 0.091359
25605 0.091359
249 0.091359
29383 0.090970
13608 0.090921
19730 0.090777
4856 0.090777
913 0.090488
10190 0.090488
16585 0.090202
13768 0.090060
10082 0.089635
20912 0.089635
20010 0.089214
29116 0.089214
15666 0.089214
4217 0.089214
17865 0.089214
25246 0.089075
6632 0.089075
802 0.088797
22000 0.088521
12101 0.088521
27105 0.088521
25388 0.088443
28457 0.088443
131 0.087975
29377 0.087975
28362 0.087512
18428 0.087435
5259 0.087435
23314 0.086902
13705 0.086600
22174 0.086600
295 0.086375
6830 0.086201
5370 0.086152
24528 0.085855
28047 0.085855
24257 0.085855
27542 0.085855
28777 0.085597
8109 0.085597
1345 0.085341
430 0.085213
18459 0.085213
9349 0.084833
9692 0.084833
24639 0.084833
17845 0.084402
28578 0.084402
27983 0.084331
187 0.083835
25551 0.083712
21921 0.083345
20102 0.083136
29459 0.082723
15341 0.082381
11683 0.082313
12347 0.082313
8577 0.082313
12730 0.081908
15840 0.081506
6954 0.081506
18245 0.081506
6355 0.081109
25191 0.080977
8225 0.080977
1709 0.080862
13356 0.080715
8820 0.080715
19744 0.080180
22229 0.079939
28250 0.079556
737 0.079556
6817 0.079177
9195 0.079177
17694 0.078802
10245 0.078740
25337 0.078740
5304 0.078307
18603 0.078062
24599 0.077456
10497 0.077456
24629 0.077336
24541 0.077336
3066 0.077336
14801 0.077246
211 0.077246
24545 0.077246
5210 0.077121
17015 0.077121
5721 0.077121
5921 0.077121
5468 0.076978
13121 0.076934
14383 0.076623
29921 0.076623
19738 0.076623
18380 0.076623
12544 0.076132
4243 0.076132
23364 0.075924
7909 0.075808
15083 0.075808
14077 0.075808
10383 0.075808
18064 0.075578
22812 0.075407
5003 0.075236
12847 0.075010
13285 0.074898
9706 0.074696
12299 0.074562
597 0.074229
15043 0.074229
263 0.074229
26064 0.074229
14664 0.073899
10141 0.073844
7165 0.073844
10588 0.073844
27078 0.073768
29489 0.073464
7793 0.073464
28416 0.073464
25871 0.072927
18352 0.072927
22457 0.072927
11955 0.072927
2814 0.072863
6074 0.072863
29447 0.072863
5227 0.072608
11023 0.072608
12554 0.072418
23108 0.072418
19445 0.072345
26547 0.072292
20562 0.071979
4069 0.071979
8380 0.071669
2053 0.071669
8757 0.071669
21008 0.071618
4419 0.071260
7731 0.071117
23212 0.070694
8699 0.070694
5233 0.070554
26711 0.070454
5451 0.070207
14274 0.070157
23363 0.069862
24693 0.069862
20806 0.069862
10580 0.069570
8703 0.069454
29736 0.069280
6065 0.069184
8316 0.069184
6131 0.068993
7517 0.068519
2426 0.068519
16418 0.068519
28620 0.068519
21364 0.068519
25067 0.068256
16472 0.067545
25452 0.067481
7506 0.067481
29609 0.067226
16953 0.067099
14057 0.067045
21121 0.066723
6317 0.066598
17529 0.066509
11227 0.066350
1080 0.065981
11485 0.065981
16160 0.065077
8778 0.065077
21225 0.064547
20657 0.064198
12853 0.064198
15220 0.063910
21870 0.063625
29008 0.063342
3852 0.062922
2621 0.062839
27151 0.062839
17026 0.062784
12253 0.062508
19430 0.062508
15462 0.062508
22011 0.062236
8250 0.062100
27653 0.061697
18814 0.061537
2622 0.061431
24560 0.061299
2149 0.061299
49 0.061299
19 0.060906
22890 0.060906
8323 0.060595
18029 0.060595
8164 0.060518
23631 0.060518
1633 0.060518
27880 0.060390
6500 0.060135
20100 0.060135
11725 0.060135
16795 0.059983
9686 0.059882
7627 0.059757
13391 0.059681
29176 0.059632
21208 0.059383
3838 0.059383
24481 0.059383
26862 0.059383
24241 0.059383
21896 0.059383
19846 0.059137
24540 0.059014
7812 0.058650
5996 0.058650
17447 0.058650
20287 0.058505
22181 0.058290
3393 0.057935
366 0.057935
5389 0.057935
16945 0.057935
11760 0.057935
21795 0.057935
5024 0.057935
14726 0.057653
2081 0.057099
17976 0.057099
11584 0.057008
8737 0.056826
20744 0.056826
22536 0.056826
2774 0.056826
24865 0.056555
19868 0.056287
21092 0.056287
24845 0.056287
3558 0.056221
12466 0.055890
27629 0.055759
25409 0.055498
4661 0.055240
20969 0.054605
1983 0.054293
27436 0.054293
14535 0.053985
6721 0.053985
7189 0.053740
29564 0.053498
8441 0.053498
19343 0.053378
17241 0.053378
7881 0.053080
13677 0.053021
29479 0.053021
15702 0.052785
20752 0.052205
375 0.051920
4106 0.051637
26612 0.051192
17893 0.051082
7671 0.050973
9036 0.050973
21625 0.050973
27785 0.050809
15171 0.050755
9906 0.050539
19791 0.050325
27622 0.050007
18660 0.049486
393 0.049281
14533 0.049229
1698 0.048976
27297 0.048875
4129 0.048279
12994 0.048279
22546 0.048230
22367 0.048230
26046 0.048083
22805 0.048083
6995 0.048083
1666 0.047986
12546 0.047745
29199 0.047506
28837 0.047506
4763 0.047506
23940 0.047270
4930 0.047270
13851 0.047270
23480 0.047192
21296 0.047192
2430 0.047192
7005 0.046881
5197 0.046881
13103 0.046575
4435 0.046273
23127 0.046273
19554 0.045974
3324 0.045900
6970 0.045900
22790 0.045679
18065 0.045461
16366 0.045388
23330 0.045388
25687 0.045244
3753 0.045244
4510 0.045101
23849 0.045030
13245 0.044817
28650 0.044817
17574 0.044817
29515 0.044817
29177 0.044817
25230 0.044607
15314 0.044537
26725 0.044537
23760 0.043718
4591 0.043451
4008 0.043451
8641 0.043451
19685 0.043385
6648 0.043188
4869 0.043188
20020 0.043188
19034 0.043188
7972 0.042992
16213 0.042928
9073 0.042416
3452 0.042416
10305 0.042416
4787 0.042416
1308 0.042165
14767 0.042165
93 0.041917
19773 0.041917
11137 0.041856
28306 0.041672
24668 0.041672
11269 0.041672
29333 0.041672
621 0.041490
4391 0.041490
3755 0.041430
9823 0.041310
7598 0.041191
18783 0.041191
21905 0.041191
2478 0.041131
22245 0.040954
28456 0.040954
24644 0.040954
710 0.040778
17244 0.040720
26446 0.040720
13931 0.040720
19851 0.040604
21182 0.040604
3556 0.040260
13697 0.040260
27998 0.040260
4275 0.039921
13097 0.039810
29497 0.039424
663 0.039370
29591 0.039370
28107 0.039262
9183 0.039100
14878 0.038940
8725 0.038940
11395 0.038781
469 0.037505
6377 0.037309
3590 0.035990
2024 0.035630
18256 0.035277
11773 0.034592
5988 0.034592
19381 0.034425
27871 0.034259
3132 0.034259
17438 0.034259
16138 0.034259
27724 0.034096
18553 0.034096
27216 0.034096
20334 0.034096
8650 0.033772
15177 0.033613
10575 0.033613
9825 0.033299
7223 0.033299
19526 0.032839
15768 0.032099
3956 0.032099
3725 0.031671
6152 0.031671
3630 0.031671
9856 0.031461
17834 0.031461
799 0.031254
25313 0.031050
14041 0.031050
25363 0.031050
15489 0.030982
11150 0.030982
14654 0.030982
27251 0.030982
25326 0.030982
12227 0.030848
711 0.030848
28571 0.030848
2857 0.030715
17294 0.030649
18082 0.030584
21563 0.030584
29543 0.030453
100 0.030259
11408 0.030259
12362 0.030067
23550 0.030067
233 0.029878
19727 0.029878
5395 0.029816
18290 0.029692
27607 0.029692
507 0.029568
19214 0.029507
3317 0.029325
14775 0.029145
18066 0.029145
25975 0.029145
6872 0.029086
4765 0.028967
20527 0.028967
11845 0.028850
24208 0.028792
8781 0.028504
11155 0.028504
3160 0.027945
12367 0.027782
1624 0.027460
4097 0.027147
18488 0.026992
27433 0.026840
8114 0.026540
25161 0.026540
7010 0.026392
8779 0.026247
26970 0.026102
1410 0.025819
22338 0.025679
18331 0.025679
24106 0.025679
26601 0.025541
17952 0.025405
4880 0.025136
18669 0.025003
10888 0.024872
1610 0.024743
22814 0.024615
26190 0.024615
19929 0.024488
8185 0.024362
7058 0.024115
15706 0.023873
5590 0.023753
5406 0.023518
24794 0.023518
26841 0.023402
20758 0.023287
18239 0.023174
2591 0.023061
17880 0.022950
23066 0.022730
27447 0.022622
9863 0.022515
8686 0.022515
14032 0.022199
6045 0.022096
7861 0.021994
9437 0.021994
28442 0.021892
7154 0.021792
4870 0.021692
10969 0.021594
2754 0.021208
15781 0.020745
13778 0.020655
20268 0.020566
17269 0.020302
10813 0.019961
2889 0.019712
23354 0.019631
24997 0.019470
1472 0.019390
23937 0.019390
13530 0.019390
2072 0.019156
648 0.019079
11355 0.015835
9832 0.015835
8212 0.015731
23680 0.015731
54 0.015731
18967 0.015731
21588 0.015525
4604 0.015525
4119 0.015525
16716 0.015424
24517 0.015325
15293 0.015325
9519 0.015034
3594 0.015034
1723 0.014939
7810 0.014846
22459 0.014846
8669 0.014846
15723 0.014573
17224 0.014573
22040 0.014484
6234 0.014396
9658 0.014396
13823 0.014396
21350 0.014396
10469 0.014309
3124 0.014139
3206 0.014139
10566 0.014055
26336 0.014055
19247 0.014055
27067 0.014055
464 0.014055
25261 0.013891
16055 0.013730
10508 0.013730
6719 0.013730
20274 0.013496
8444 0.013196
21735 0.013196
7771 0.013196
19889 0.013051
10023 0.012980
4935 0.012980
17339 0.012909
517 0.012909
2967 0.012568
29769 0.012568
16735 0.012502
10509 0.012371
20581 0.012307
18337 0.012307
20607 0.012244
22946 0.012119
5707 0.012057
2512 0.012057
9011 0.012057
8464 0.011936
19539 0.011877
19743 0.011701
11521 0.011475
7179 0.011365
4153 0.011257
8310 0.011204
27761 0.011204
7631 0.011152
28197 0.011100
23459 0.010997
19562 0.010748
3151 0.010652
24770 0.010604
15247 0.010604
2874 0.010557
11356 0.010283
22917 0.010195
10674 0.010195
15808 0.010195
27526 0.010195
23965 0.010151
2445 0.010151
29956 0.010108
772 0.010108
2810 0.010022
25673 0.010022
7443 0.009815
12200 0.009775
21971 0.009656
21927 0.009539
29918 0.009501
