5782
3 0.209279
8 0.221428
19 0.060906
25 1.101286
38 0.471218
43 0.173804
49 0.061299
54 0.015731
71 0.380052
80 0.230516
83 0.227304
84 1.164600
85 1.175290
93 0.041917
95 0.569202
100 0.030259
108 0.313494
125 0.158355
128 1.214653
130 0.516982
131 0.087975
136 0.288591
140 0.278794
150 0.380513
151 0.497396
156 1.211257
157 1.148993
161 0.413099
179 0.277322
187 0.083835
189 0.621238
200 0.544927
211 0.077246
213 1.202323
217 1.134876
225 0.167822
230 1.126897
233 0.029878
235 0.623522
236 0.154075
238 0.318641
240 0.269125
249 0.091359
252 0.125568
256 1.165531
257 0.135303
263 0.074229
282 0.590398
295 0.086375
296 0.174870
303 0.227304
319 0.143959
324 0.289060
331 0.570543
335 0.184964
342 0.257892
347 0.497160
353 1.032266
354 0.267104
355 0.439874
366 0.057935
368 0.506047
375 0.051920
379 0.437559
383 0.630616
384 1.037497
391 0.208362
392 0.336130
393 0.049281
394 0.178149
401 0.276493
402 0.192995
406 0.360302
409 0.130643
411 0.272399
412 0.440928
428 0.093763
430 0.085213
431 1.251389
435 0.551942
437 1.080905
438 1.100149
446 1.147057
448 1.202695
451 0.152867
452 1.187661
455 1.035397
464 0.014055
469 0.037505
471 0.318641
473 0.354933
474 0.095865
477 0.128783
479 0.097172
480 0.519920
481 0.191730
507 0.029568
509 0.263925
515 1.040517
517 0.012909
518 0.431877
521 0.119764
533 0.337324
537 0.556716
551 1.212507
561 0.173804
565 0.463753
571 0.454849
574 0.542086
595 0.237532
596 0.382369
597 0.074229
598 0.206550
615 0.342207
618 0.543606
621 0.041490
622 0.133445
628 0.450224
635 0.169666
641 0.953254
642 0.175950
643 0.140476
644 0.251623
645 0.447705
646 1.199538
647 0.137038
648 0.019079
649 0.296915
650 0.184964
663 0.039370
664 1.113074
668 0.293579
670 0.155250
672 0.146625
680 0.376854
682 1.095515
688 0.492578
691 0.490988
704 0.320989
706 0.619023
708 0.383460
710 0.040778
711 0.030848
713 1.030114
717 0.316071
722 0.309825
725 1.419400
728 0.431877
729 0.155759
731 0.498393
737 0.079556
739 0.098972
744 0.318641
747 0.231442
750 0.096111
752 0.110247
759 0.298296
772 0.010108
777 0.481787
785 1.071940
787 0.266747
791 0.337912
793 0.560332
798 1.059580
799 0.031254
802 0.088797
814 0.455730
830 0.507455
836 0.113111
845 1.177681
865 0.342389
868 0.389796
873 0.606740
875 0.475064
878 0.293975
897 0.096952
901 1.065850
913 0.090488
916 0.145428
917 0.128663
922 1.094799
928 1.080715
937 0.228815
938 1.142844
946 0.318123
950 0.342708
958 0.467433
966 1.097077
976 0.446021
981 0.180119
986 0.228138
987 0.180977
1006 0.150974
1013 0.145159
1016 0.293125
1018 0.524422
1028 0.163012
1030 0.097349
1031 0.149079
1034 0.499531
1037 0.460219
1041 0.378370
1045 1.032749
1047 0.290198
1052 0.517698
1055 0.341072
1056 0.099564
1060 0.107427
1080 0.065981
1093 0.428337
1101 0.309344
1104 0.586844
1106 0.534447
1107 1.225485
1125 1.180716
1126 1.345062
1137 0.196308
1139 0.286183
1141 0.593830
1142 0.541046
1146 0.310290
1148 0.225589
1161 0.117168
1169 1.232385
1179 0.419174
1193 0.551615
1206 0.182717
1223 1.019709
1234 0.480834
1238 0.361224
1239 0.215938
1241 0.576534
1250 0.170536
1253 0.299690
1258 0.539184
1260 0.483116
1262 0.276644
1267 0.149391
1268 0.625833
1279 0.219937
1284 0.472019
1290 0.461601
1292 1.187661
1295 0.462225
1300 0.092545
1307 0.148458
1308 0.042165
1309 1.079692
1312 1.141086
1319 0.510694
1343 0.184491
1344 0.516806
1345 0.085341
1351 1.040430
1356 0.458395
1373 1.017995
1376 0.349741
1377 0.152021
1384 0.107969
1385 0.145216
1392 0.150630
1393 0.179270
1410 0.025819
1413 1.083251
1415 0.584878
1416 0.532999
1429 0.430966
1431 0.262211
1432 0.467680
1438 0.581459
1452 0.143338
1456 0.521747
1461 0.440781
1472 0.019390
1474 0.270179
1477 0.302124
1479 0.407884
1485 0.475064
1486 1.030260
1498 0.182717
1503 0.240816
1514 0.246222
1525 0.551235
1536 0.337775
1548 0.163815
1549 0.494287
1554 0.226857
1559 0.544660
1560 0.487246
1565 1.145460
1567 0.304528
1569 0.314540
1572 1.173851
1573 0.141001
1574 0.548151
1578 1.130653
1584 1.207622
1591 0.391675
1594 1.014585
1597 0.484441
1606 0.188288
1607 0.588383
1610 0.024743
1614 0.526179
1619 0.216834
1620 0.311518
1622 0.890746
1624 0.027460
1633 0.060518
1634 0.582834
1652 1.231648
1662 0.375051
1666 0.047986
1670 0.487246
1671 0.581954
1679 1.123655
1693 0.537403
1698 0.048976
1703 0.139140
1707 1.202695
1709 0.080862
1723 0.014939
1728 0.248329
1729 1.048326
1731 0.280060
1732 1.150547
1733 1.225485
1739 0.329906
1746 0.471918
1754 0.536363
1756 0.373478
1757 0.544345
1761 0.553887
1763 0.299497
1765 1.207963
1766 0.448994
1776 0.395887
1782 0.600216
1799 0.153247
1800 1.110205
1806 0.131962
1812 1.222388
1817 0.299590
1820 0.615294
1821 0.568012
1822 0.352905
1828 0.432792
1831 0.400490
1852 0.177832
1855 0.101317
1862 0.380661
1869 1.237147
1871 1.100493
1877 1.151671
1890 0.953254
1896 1.118381
1898 0.359195
1904 0.442214
1915 1.212717
1930 0.608314
1934 0.412046
1943 1.199780
1949 0.562321
1958 0.187525
1959 0.283419
1961 0.507455
1969 0.442857
1972 0.508257
1979 0.196683
1983 0.054293
2009 0.508998
2012 1.063731
2020 1.138685
2024 0.035630
2029 0.489037
2041 0.567687
2045 0.179270
2053 0.071669
2054 1.161501
2056 0.483598
2069 0.152264
2072 0.019156
2078 1.109287
2081 0.057099
2084 1.137002
2086 1.109181
2093 0.205656
2097 0.255640
2098 0.337824
2106 0.285827
2110 0.318641
2111 0.530304
2112 0.223903
2119 1.098267
2120 0.238617
2127 1.056776
2128 0.158355
2135 0.324578
2138 0.551942
2148 0.190474
2149 0.061299
2150 0.201085
2155 0.486177
2156 0.533780
2161 0.172402
2175 0.118766
2188 0.400054
2189 0.584695
2207 0.252378
2210 1.224393
2213 1.206315
2215 0.159112
2218 0.585224
2223 0.388942
2230 0.110114
2233 1.103579
2235 0.554242
2246 1.162392
2268 1.048566
2272 0.100366
2292 0.971286
2294 0.289430
2300 0.460731
2304 0.180404
2310 0.462725
2311 1.066696
2316 0.386136
2317 0.562576
2321 1.194947
2325 0.434345
2326 0.372808
2331 0.498524
2332 0.134452
2333 1.110075
2343 0.480256
2347 0.134452
2348 0.410687
2349 0.160298
2350 0.560469
2351 0.147688
2358 1.124413
2361 0.584304
2363 0.445373
2370 0.140476
2379 1.209791
2382 0.329351
2387 0.515784
2400 0.321818
2403 0.515907
2411 0.108675
2417 1.078701
2422 0.370463
2424 0.523968
2426 0.068519
2430 0.047192
2434 0.387808
2440 0.109210
2445 0.010151
2446 0.095490
2448 0.236143
2452 1.131639
2453 1.006684
2456 0.342389
2464 0.282527
2466 0.576534
2467 0.409083
2473 0.459316
2474 0.462167
2475 0.429090
2478 0.041131
2479 0.392255
2481 1.177151
2483 1.112083
2484 0.247429
2485 1.132604
2488 0.450298
2492 0.562873
2497 0.415681
2500 0.465167
2510 1.199192
2512 0.012057
2513 0.250034
2519 0.581302
2521 1.069681
2528 0.252993
2529 0.236143
2535 0.258403
2537 1.112493
2550 1.128007
2556 0.565553
2568 0.370782
2569 1.291437
2576 1.074550
2583 0.154912
2585 0.526745
2586 0.563448
2591 0.023061
2595 0.572872
2600 0.524670
2601 0.599486
2621 0.062839
2622 0.061431
2627 0.147747
2628 1.127457
2629 0.259374
2639 0.202382
2641 0.278884
2652 1.036943
2656 0.571837
2658 1.021512
2661 0.310906
2663 0.318766
2664 0.558136
2670 0.573354
2681 0.107273
2693 0.239711
2699 0.438754
2701 0.114750
2705 0.160298
2707 0.520309
2712 0.327973
2724 0.477646
2727 0.535612
2731 0.156458
2745 0.111780
2752 0.111517
2754 0.021208
2756 0.193640
2761 1.176457
2767 0.137038
2774 0.056826
2777 0.583412
2778 1.093188
2787 1.129251
2789 0.198919
2792 1.187661
2799 0.126347
2805 0.437909
2810 0.010022
2811 0.950129
2812 0.471055
2814 0.072863
2815 0.307684
2833 1.198458
2834 0.419946
2844 0.183896
2855 0.147619
2857 0.030715
2863 0.404763
2864 0.140314
2866 0.545156
2874 0.010557
2889 0.019712
2891 0.554242
2894 1.167359
2895 1.041637
2902 0.122669
2904 0.492578
2906 0.323908
2911 0.356298
2913 0.375051
2924 0.284646
2927 0.251050
2939 0.532400
2957 0.356985
2959 0.133100
2960 0.174336
2961 1.072354
2962 0.149235
2967 0.012568
2971 1.197396
2975 1.140155
2976 0.161221
2980 0.625085
2992 1.290298
2994 1.105919
2996 0.601347
3004 1.057149
3012 0.205656
3027 1.147057
3028 0.540724
3041 0.483862
3055 1.151037
3057 1.129011
3063 0.497687
3064 1.271299
3065 0.200583
3066 0.077336
3072 0.234770
3084 1.204233
3085 0.418296
3088 1.118381
3089 0.610480
3095 0.298350
3098 0.187816
3100 1.151671
3107 0.430921
3111 0.150337
3116 0.157547
3124 0.014139
3127 0.282776
3132 0.034259
3133 1.181241
3138 0.170536
3142 0.961440
3151 0.010652
3160 0.027945
3163 1.180796
3169 0.308096
3173 0.186085
3182 0.509772
3187 0.593830
3190 0.409083
3206 0.014139
3208 0.480118
3213 0.621238
3215 1.233933
3216 0.099564
3237 0.409954
3238 0.500068
3240 0.490677
3247 0.121811
3256 0.281818
3257 0.281288
3273 0.123572
3276 0.283777
3277 1.164600
3281 0.098972
3289 0.314540
3290 1.095116
3295 0.286471
3296 0.183501
3301 0.121465
3308 0.532925
3309 0.342295
3315 1.137879
3317 0.029325
3324 0.045900
3326 0.439041
3327 0.513959
3332 0.522798
3347 0.219568
3355 0.195903
3358 0.593830
3362 0.566302
3370 0.458022
3371 0.209148
3372 0.555695
3373 0.446969
3374 0.419880
3376 0.959726
3385 0.106756
3388 0.111780
3390 1.177681
3391 1.297856
3393 0.057935
3394 0.407531
3400 1.026027
3401 0.241558
3402 0.100164
3406 0.381528
3410 1.182383
3412 1.180549
3414 0.112043
3419 0.598906
3420 0.402597
3427 0.369221
3431 1.174165
3432 0.567012
3444 0.324434
3452 0.042416
3453 1.291650
3456 0.559520
3461 0.464143
3470 1.187661
3471 0.137922
3475 0.098561
3476 0.587709
3482 0.298247
3487 0.105310
3489 1.150929
3492 1.026832
3493 0.228947
3494 0.120269
3497 0.477234
3501 0.607641
3503 0.600985
3513 0.381578
3514 1.148933
3519 0.598821
3520 0.220229
3521 0.356298
3524 1.300284
3526 0.148458
3532 0.097807
3533 0.574496
3543 1.206714
3551 0.406823
3556 0.040260
3558 0.056221
3562 0.570077
3576 0.494067
3590 0.035990
3592 0.340763
3594 0.015034
3600 0.259315
3607 1.264782
3616 1.125696
3617 0.593830
3618 0.254913
3628 0.361049
3630 0.031671
3634 0.239026
3636 0.137986
3659 0.295495
3661 0.437059
3663 0.381225
3664 0.381068
3666 1.258279
3671 0.996103
3689 0.439366
3694 0.131233
3695 0.536684
3700 0.456394
3704 0.260706
3706 1.017995
3715 0.261161
3716 0.493879
3725 0.031671
3732 1.274261
3733 0.433235
3737 0.238859
3741 0.134452
3745 0.522374
3747 0.094384
3753 0.045244
3755 0.041430
3761 0.348108
3767 0.133821
3772 1.035685
3784 0.367095
3789 0.414047
3790 0.184491
3792 0.565055
3794 0.410867
3796 1.154362
3805 0.438918
3811 0.370180
3826 0.337237
3827 0.299914
3838 0.059383
3852 0.062922
3853 0.179530
3862 0.103726
3863 0.965790
3865 1.156570
3871 0.270246
3888 0.363879
3889 0.450492
3907 0.484142
3917 0.245723
3918 0.296915
3931 0.206078
3944 0.591043
3952 0.345775
3956 0.032099
3957 0.287539
3958 0.550977
3962 1.100759
3965 1.165462
3969 1.123596
3971 0.254863
3981 0.159239
3982 0.168252
4000 0.167424
4003 0.438303
4008 0.043451
4012 0.600985
4013 0.391059
4023 0.117696
4026 0.160359
4034 0.170478
4040 0.514245
4048 1.100149
4062 1.287271
4069 0.071979
4084 1.051928
4087 0.298247
4097 0.027147
4106 0.051637
4119 0.015525
4120 1.089507
4129 0.048279
4138 1.147883
4146 0.233472
4147 1.078701
4148 1.192672
4149 0.265399
4151 0.134452
4153 0.011257
4161 1.101460
4168 0.475064
4175 0.098972
4176 1.239298
4185 0.328891
4193 0.387553
4203 0.391806
4208 0.410283
4210 0.126684
4211 0.466387
4215 0.309825
4217 0.089214
4218 0.158355
4224 0.399694
4225 0.159775
4236 0.111780
4240 1.006759
4242 0.119308
4243 0.076132
4244 0.326025
4248 1.235940
4253 1.202953
4254 1.134163
4263 1.153728
4273 0.582411
4275 0.039921
4288 0.432886
4293 1.017995
4295 0.566210
4302 0.451748
4307 0.516374
4308 0.493983
4312 0.094072
4317 0.259598
4318 0.582626
4321 0.250034
4322 0.556561
4325 0.468948
4328 0.137922
4334 1.129598
4337 0.289060
4342 0.418509
4350 1.131591
4352 0.472440
4359 0.622108
4360 0.141810
4370 0.424639
4371 1.199905
4376 0.415681
4391 0.041490
4395 0.213352
4401 0.570543
4403 0.175024
4409 0.236289
4417 0.171710
4419 0.071260
4424 1.072726
4428 1.131106
4435 0.046273
4437 0.242586
4438 0.241395
4440 0.600985
4441 0.429275
4452 0.272330
4461 0.551942
4468 1.264284
4474 0.494859
4476 0.363961
4498 0.627444
4507 0.541573
4510 0.045101
4512 0.234922
4522 0.275921
4524 0.880914
4531 0.098386
4537 0.240201
4547 0.138100
4548 0.472365
4554 0.355074
4573 0.219683
4581 1.268806
4591 0.043451
4592 0.151032
4594 0.541942
4598 0.295547
4599 0.234474
4604 0.015525
4609 0.287595
4625 0.499272
4627 1.052538
4629 0.273267
4630 1.234631
4632 0.552626
4633 0.386416
4651 0.487789
4654 0.355074
4656 1.222740
4659 0.107969
4661 0.055240
4671 0.622108
4680 0.402832
4684 0.329637
4685 0.093763
4693 0.391230
4700 0.362499
4702 0.095013
4708 1.107722
4709 0.159239
4714 0.107273
4726 0.551180
4731 0.596542
4733 0.530412
4761 0.237532
4763 0.047506
4765 0.028967
4773 0.277963
4774 0.604128
4775 1.171965
4777 0.251357
4782 0.456394
4783 0.612986
4787 0.042416
4789 0.451748
4790 0.350047
4792 0.601748
4809 1.236919
4811 0.140413
4814 0.187525
4815 0.433669
4826 0.442214
4828 0.606740
4829 1.151671
4830 0.460731
4833 0.420324
4843 0.543882
4844 0.373646
4856 0.090777
4857 0.336130
4858 1.187661
4859 0.140644
4864 0.994593
4867 1.165531
4869 0.043188
4870 0.021692
4871 1.085172
4874 0.392694
4880 0.025136
4890 0.327267
4896 0.302064
4907 1.091057
4908 0.142519
4915 1.160296
4930 0.047270
4935 0.012980
4940 0.490556
4958 0.119363
4962 0.216977
4967 0.251762
4970 0.615824
4975 1.224092
4976 0.503856
4981 0.541524
4984 0.431877
4989 0.392615
4991 0.158355
5003 0.075236
5005 1.174165
5012 1.103826
5018 0.121190
5024 0.057935
5027 1.026139
5028 0.169666
5029 0.310411
5030 0.186492
5031 0.251928
5035 0.400335
5037 1.220960
5061 0.957791
5064 0.435268
5074 0.162693
5081 0.214718
5087 0.452442
5099 0.124513
5105 1.253037
5112 0.273162
5123 1.217805
5137 0.921270
5141 0.337952
5143 0.573354
5177 1.231648
5178 0.330343
5181 0.123393
5185 0.213653
5188 1.194606
5192 0.430758
5196 0.344805
5197 0.046881
5198 0.098459
5200 0.242071
5201 1.158117
5203 0.442214
5206 0.455870
5210 0.077121
5214 0.149079
5227 0.072608
5231 0.457281
5233 0.070554
5249 0.305735
5251 1.181978
5259 0.087435
5264 0.155955
5265 0.223903
5269 0.189185
5274 0.523968
5275 0.215938
5288 0.484441
5290 0.418381
5299 0.415955
5300 0.531465
5303 0.439874
5304 0.078307
5308 0.593830
5309 0.217172
5324 0.137038
5343 0.422012
5347 0.503147
5357 0.358938
5358 1.200032
5363 0.607641
5370 0.086152
5388 1.226284
5389 0.057935
5395 0.029816
5406 0.023518
5409 0.413099
5413 1.012432
5415 0.566838
5418 1.307762
5421 1.226284
5426 1.165667
5430 1.022560
5433 0.135303
5440 0.553342
5446 1.130501
5451 0.070207
5453 0.147798
5459 0.568939
5460 0.447301
5463 0.183727
5468 0.076978
5479 0.522571
5483 0.200898
5489 0.375051
5497 0.198815
5509 0.239616
5515 0.551414
5520 1.107142
5521 1.155270
5522 0.310906
5526 0.411906
5533 0.294191
5534 0.249409
5539 0.380661
5548 0.464737
5559 0.181078
5583 0.542931
5590 0.023753
5591 1.125964
5597 0.457281
5603 1.091973
5609 0.278086
5610 0.320989
5622 0.585224
5624 0.397586
5627 0.358938
5638 0.377892
5658 0.126838
5665 1.099686
5668 1.059759
5670 0.605178
5680 1.130612
5694 0.293125
5701 0.389796
5707 0.012057
5708 1.150156
5712 0.395887
5715 1.103685
5721 0.077121
5727 0.279450
5735 0.158355
5736 1.133056
5740 0.269469
5743 0.349312
5745 0.514653
5749 0.436049
5752 1.217205
5755 0.536363
5758 0.572237
5761 0.232072
5766 0.112575
5769 0.931700
5771 0.201298
5778 0.163815
5780 0.261503
5782 0.466185
5787 1.235167
5791 1.177510
5792 0.343938
5798 0.170775
5799 1.092648
5803 0.335340
5806 0.578860
5811 0.173804
5816 0.552400
5819 0.269923
5832 0.184747
5837 0.390464
5838 0.239448
5841 0.152631
5846 0.475064
5847 1.166578
5848 0.480402
5853 0.567438
5856 0.529100
5857 0.339332
5870 0.978074
5878 0.194531
5886 1.353678
5891 1.150043
5893 0.505856
5897 1.268180
5902 0.585387
5914 0.224336
5918 0.253368
5921 0.077121
5922 0.114473
5934 0.410396
5936 0.390876
5939 1.202323
5944 0.289379
5945 0.161430
5955 0.179530
5956 0.163112
5957 0.091751
5961 0.398099
5966 0.508017
5968 0.464737
5969 0.585224
5976 1.038602
5978 1.086749
5988 0.034592
5996 0.058650
5997 0.380463
6000 0.502101
6006 0.274076
6014 0.501215
6017 0.532583
6018 0.182717
6022 0.289673
6025 0.139140
6031 1.240316
6033 1.187661
6037 0.527849
6045 0.022096
6046 0.148458
6047 0.136382
6050 0.393625
6055 0.437559
6059 0.472701
6063 0.499427
6064 0.107427
6065 0.069184
6074 0.072863
6087 1.343754
6095 0.974491
6103 0.285640
6109 0.203019
6111 0.197943
6115 0.337546
6119 0.103275
6131 0.068993
6132 1.212507
6139 0.446642
6146 1.137002
6152 0.031671
6153 0.259315
6181 1.214350
6189 0.521038
6190 0.593830
6194 0.326280
6203 0.125017
6204 1.298313
6205 0.294461
6207 1.068895
6212 0.092947
6219 0.597006
6220 0.898132
6223 0.097235
6225 0.100014
6234 0.014396
6236 0.369273
6252 1.334223
6256 0.130353
6266 0.122669
6268 0.567012
6276 0.979398
6281 1.168809
6282 0.295158
6283 0.445979
6296 0.414561
6302 0.471218
6308 1.181377
6310 0.505097
6315 0.193116
6316 0.506216
6317 0.066598
6327 0.505591
6330 0.212883
6331 1.142844
6342 1.203085
6353 0.171023
6355 0.081109
6368 0.236547
6370 0.406472
6377 0.037309
6378 0.258455
6386 0.144295
6387 0.375051
6391 1.008391
6399 0.516374
6407 0.182717
6427 0.582901
6429 0.100649
6436 0.383116
6437 0.289430
6447 1.154670
6454 1.106516
6458 0.470879
6462 0.190026
6469 0.314612
6471 1.387268
6475 0.200731
6482 0.498818
6484 0.131299
6485 0.440781
6495 0.100366
6496 0.480256
6500 0.060135
6509 1.182475
6510 0.376289
6511 0.590754
6516 0.424726
6517 0.600985
6525 0.599086
6528 1.135374
6552 0.615294
6556 0.205275
6558 0.998476
6566 0.430872
6567 0.192920
6573 1.071477
6581 0.287595
6582 1.216986
6587 0.441692
6590 0.205861
6596 0.109210
6602 1.141729
6610 1.221594
6613 0.487649
6626 0.603728
6627 1.042077
6632 0.089075
6645 0.196772
6648 0.043188
6653 1.108484
6662 0.582337
6663 1.054604
6667 0.494859
6668 0.343102
6675 0.288713
6677 0.226221
6679 1.279765
6681 0.481949
6685 1.119041
6688 0.321818
6701 0.302517
6706 0.266747
6713 0.524611
6714 0.211883
6719 0.013730
6721 0.053985
6740 0.465010
6744 0.508153
6745 0.335497
6749 0.200027
6753 0.100014
6757 0.393544
6773 1.220052
6778 1.063577
6779 0.273655
6781 1.289047
6790 1.169757
6794 0.623522
6809 0.359897
6810 0.166424
6811 0.266200
6817 0.079177
6820 0.442368
6829 0.480556
6830 0.086201
6831 0.198980
6835 0.212263
6840 0.435268
6843 0.426901
6855 0.475064
6865 1.003369
6872 0.029086
6878 0.500068
6882 0.118766
6891 1.153728
6892 0.249463
6893 0.197943
6895 0.623822
6905 0.596493
6908 0.234022
6910 0.341364
6913 0.398027
6916 0.109210
6918 1.084883
6920 0.214910
6923 1.058434
6925 0.578860
6929 0.422279
6935 0.465010
6937 1.200570
6942 0.900236
6952 0.124513
6954 0.081506
6957 0.276438
6959 1.255352
6960 0.385604
6961 0.531973
6963 0.561652
6967 0.364396
6968 0.451011
6969 0.232072
6970 0.045900
6971 0.232478
6972 0.093412
6977 0.597303
6986 0.543606
6987 0.324341
6989 0.567081
6994 1.066761
6995 0.048083
6999 0.426067
7005 0.046881
7006 0.303820
7008 0.622355
7010 0.026392
7019 1.210501
7024 0.558899
7028 0.207841
7042 0.606684
7048 0.536024
7050 0.428170
7057 0.274076
7058 0.024115
7062 0.437298
7067 0.446969
7075 0.304277
7084 0.155759
7085 1.101143
7100 0.167424
7102 0.376417
7103 0.306812
7108 0.511923
7109 0.142723
7113 0.360238
7119 1.201633
7126 0.401796
7127 0.149391
7128 0.539846
7146 0.302737
7154 0.021792
7160 0.993130
7165 0.073844
7176 0.502101
7179 0.011365
7180 0.380052
7186 1.227062
7189 0.053740
7194 0.426636
7223 0.033299
7226 0.550977
7246 0.132632
7254 0.319264
7256 0.268182
7264 0.314092
7268 0.574850
7270 0.611194
7297 0.311761
7302 0.439874
7303 1.003657
7308 0.593830
7310 0.483663
7314 0.426009
7316 0.258849
7322 1.072726
7324 0.299690
7332 0.554891
7336 1.213147
7342 0.515695
7351 0.987006
7356 0.503568
7362 0.593830
7374 0.191377
7379 0.586844
7380 0.448672
7381 0.279450
7386 1.140155
7388 0.347079
7393 0.464507
7398 0.211812
7400 0.911853
7404 0.980778
7411 0.113602
7414 1.011711
7417 0.318225
7419 0.209587
7423 1.111529
7424 0.251236
7426 0.228396
7427 0.524933
7429 1.042502
7430 0.370180
7435 0.588281
7440 1.053570
7442 0.222686
7443 0.009815
7451 0.237532
7455 0.556716
7463 0.475064
7465 1.187661
7470 0.255200
7483 1.156679
7484 0.288591
7485 0.168065
7489 0.217350
7492 0.194699
7500 0.177043
7501 0.543235
7504 0.242144
7506 0.067481
7509 0.483862
7513 1.162658
7514 1.290046
7516 1.192589
7517 0.068519
7526 0.597662
7531 1.121345
7532 0.231739
7534 0.556246
7536 1.167756
7548 1.207791
7549 1.173236
7565 0.162522
7574 0.447236
7575 0.600985
7578 0.533236
7580 0.199527
7592 0.504258
7594 0.159239
7595 0.533236
7598 0.041191
7602 1.246716
7604 0.459316
7607 0.184964
7609 0.158355
7614 1.254052
7615 1.087764
7619 0.543235
7620 1.250909
7627 0.059757
7631 0.011152
7650 0.488261
7661 1.148849
7671 0.050973
7679 0.383116
7692 0.401028
7693 0.484566
7695 0.394244
7697 0.250034
7699 1.201005
7713 1.214290
7714 0.435476
7715 1.041397
7716 0.440988
7721 0.359292
7728 1.226923
7731 0.071117
7733 0.131962
7737 0.570608
7739 0.589080
7752 0.151294
7754 0.976768
7756 0.477578
7759 1.042233
7762 1.160972
7764 0.275252
7765 0.439874
7770 0.323908
7771 0.013196
7776 0.256162
7787 0.154242
7793 0.073464
7810 0.014846
7812 0.058650
7813 0.370831
7815 0.203599
7817 0.281161
7819 0.141235
7820 1.187661
7823 0.254499
7826 0.319755
7831 0.470474
7833 0.497160
7834 0.231226
7835 0.180580
7844 0.186947
7847 0.299329
7851 0.296915
7853 0.479232
7855 0.455870
7859 0.959567
7861 0.021994
7862 0.448403
7866 0.225589
7877 0.301783
7879 1.070842
7881 0.053080
7882 0.150814
7886 0.395887
7890 0.220716
7895 0.158355
7896 0.291093
7898 0.190981
7906 1.360227
7909 0.075808
7910 0.232685
7913 0.217350
7920 0.234600
7925 0.265206
7930 0.509772
7943 0.508998
7944 0.353771
7949 0.356985
7954 0.391806
7959 1.216986
7960 0.317630
7967 1.117799
7972 0.042992
7975 0.420026
7977 0.287018
7983 0.218780
7984 1.008391
7986 1.093069
7987 0.622862
7990 1.187661
8000 0.276493
8006 0.503465
8011 0.630417
8014 1.195038
8020 1.245596
8027 1.040430
8030 0.132632
8032 1.133056
8034 0.345501
8035 1.135374
8036 0.482120
8038 0.097349
8039 0.209148
8040 1.187661
8041 0.578339
8052 0.335643
8061 0.839280
8063 0.970562
8064 0.272063
8070 0.622108
8078 0.156124
8079 1.049866
8090 0.123393
8095 0.109210
8098 0.219407
8106 0.437559
8109 0.085597
8110 0.346073
8114 0.026540
8119 0.416017
8120 1.102828
8122 1.284219
8127 0.413099
8130 0.311518
8135 1.116401
8138 0.551942
8139 0.216834
8141 0.500068
8142 1.167006
8152 0.112623
8161 0.331689
8162 0.603460
8164 0.060518
8168 0.981420
8169 1.083306
8170 0.238938
8172 1.260973
8185 0.024362
8188 0.586499
8194 0.426067
8195 0.199129
8203 0.235058
8206 0.429275
8209 0.533441
8210 0.156271
8211 0.288334
8212 0.015731
8225 0.080977
8226 1.076813
8230 0.482895
8231 0.399486
8232 0.330987
8236 1.052480
8237 1.130562
8242 0.508257
8244 0.292048
8250 0.062100
8251 1.208256
8254 0.487904
8265 1.210355
8271 1.060412
8272 0.092695
8279 0.215008
8289 1.154853
8291 0.195075
8298 0.391117
8307 1.139043
8308 1.182137
8310 0.011204
8315 0.344964
8316 0.069184
8318 0.393458
8323 0.060595
8326 0.987333
8338 0.470116
8344 0.213033
8345 1.199081
8349 0.425431
8353 0.996103
8354 1.133181
8358 0.141810
8360 0.274076
8362 0.190612
8363 0.492295
8366 1.141786
8369 0.278669
8371 1.098139
8380 0.071669
8388 0.097951
8390 0.535612
8400 0.218025
8410 1.206920
8411 0.367095
8413 1.075038
8419 0.601476
8423 1.209255
8426 1.164374
8431 0.633419
8433 1.150547
8438 1.187661
8440 1.216628
8441 0.053498
8442 0.316710
8444 0.013196
8449 0.259126
8451 0.571116
8456 1.019497
8462 1.011971
8464 0.011936
8465 0.600216
8469 0.136799
8470 0.351379
8473 0.363686
8482 0.339332
8483 0.118766
8486 0.385604
8487 0.286034
8490 0.315094
8495 1.011971
8496 0.395887
8497 0.263925
8510 0.522161
8518 0.896805
8521 0.231739
8522 0.172566
8532 0.950129
8536 0.302517
8540 0.364467
8547 0.209028
8564 0.196128
8574 0.130844
8575 0.483350
8576 1.115369
8577 0.082313
8578 1.176017
8596 0.523592
8600 0.392043
8610 0.457744
8615 0.186492
8616 0.096670
8620 0.551688
8624 1.138685
8627 0.539846
8631 0.146347
8641 0.043451
8647 0.418451
8650 0.033772
8652 0.226221
8656 0.156747
8659 0.599486
8660 0.443242
8668 0.579891
8669 0.014846
8672 0.554591
8686 0.022515
8688 0.537809
8689 0.387167
8699 0.070694
8701 1.234338
8702 1.138175
8703 0.069454
8705 0.487789
8708 0.461491
8718 0.565553
8724 0.544345
8725 0.038940
8730 0.562938
8737 0.056826
8745 0.450871
8747 0.581196
8748 1.237147
8757 0.071669
8763 0.448174
8767 0.182717
8773 0.232685
8778 0.065077
8779 0.026247
8781 0.028504
8782 0.516909
8788 1.101061
8792 0.545881
8793 0.183896
8797 1.047936
8812 1.131106
8820 0.080715
8825 0.285495
8826 0.408426
8828 0.529217
8829 0.247143
8833 0.387808
8834 1.175290
8837 0.298612
8841 0.132700
8842 0.456188
8845 0.315395
8860 1.089320
8864 1.086822
8867 0.928963
8885 0.542638
8903 0.366478
8909 0.148458
8912 1.167756
8915 0.245385
8921 0.207079
8924 0.348215
8926 1.001169
8939 0.617584
8941 1.088689
8944 0.133552
8949 0.541740
8960 0.092374
8962 0.119308
8977 1.322012
8980 0.562576
8985 0.238938
8986 1.064800
8987 0.235959
8989 0.470879
8991 0.384388
8992 0.302064
8998 0.415681
9009 0.368008
9011 0.012057
9020 0.550643
9023 0.519920
9034 0.515784
9036 0.050973
9048 0.460219
9049 0.129744
9068 0.196222
9073 0.042416
9074 0.513959
9076 0.382691
9077 0.328502
9086 0.279450
9090 0.470879
9101 0.168662
9103 1.142937
9104 0.287595
9109 0.215938
9116 0.342389
9118 0.565553
9137 0.441432
9149 0.133196
9154 0.199903
9161 0.454607
9165 0.418296
9180 0.313229
9183 0.039100
9184 0.611610
9188 0.561258
9194 0.282069
9195 0.079177
9199 0.104794
9222 0.446642
9223 0.259489
9232 0.630616
9240 1.019497
9252 0.438072
9259 0.605851
9273 0.555631
9279 0.319550
9287 1.085861
9288 0.446193
9295 1.177596
9299 1.229333
9303 1.077332
9311 1.016307
9316 0.361804
9320 0.262536
9326 0.593830
9346 0.425579
9348 1.309126
9349 0.084833
9370 0.543748
9382 1.076813
9389 1.026752
9390 1.182429
9394 0.257565
9396 1.077009
9404 0.561652
9415 0.160134
9417 1.252262
9425 0.610797
9433 0.547044
9436 0.517528
9437 0.021994
9439 0.446070
9443 0.456343
9449 0.305597
9451 0.268702
9455 1.054137
9461 0.583163
9477 1.194606
9497 0.187879
9500 0.155250
9511 0.399390
9512 0.220716
9519 0.015034
9521 0.161039
9536 0.344422
9540 1.109525
9544 0.610525
9546 0.379562
9549 0.123715
9558 0.609458
9564 0.925973
9567 0.330741
9573 0.496536
9577 0.186947
9578 0.314679
9592 0.234474
9594 0.203942
9597 0.112623
9599 0.534096
9600 0.531789
9609 0.481787
9619 0.438686
9623 0.500068
9630 0.174459
9632 0.403151
9635 0.223852
9637 1.210283
9646 1.108484
9650 0.329637
9655 1.053404
9657 0.283419
9658 0.014396
9660 0.601892
9661 0.500068
9667 0.192288
9671 0.316071
9677 0.304798
9679 0.278587
9683 0.165371
9686 0.059882
9687 0.267642
9689 0.504899
9690 1.333514
9691 0.387553
9692 0.084833
9696 0.218588
9704 0.490319
9705 1.297630
9706 0.074696
9712 0.150337
9715 1.023846
9718 0.353771
9725 0.399587
9734 0.117696
9739 0.571837
9742 0.457281
9768 0.197943
9782 0.530798
9785 1.180716
9788 0.554242
9791 0.600216
9796 0.427307
9799 0.354526
9810 0.348215
9811 0.268904
9823 0.041310
9825 0.033299
9828 0.282776
9832 0.015835
9834 0.397728
9836 0.197943
9849 1.069965
9852 0.352272
9853 0.102164
9854 0.431877
9856 0.031461
9857 0.105310
9863 0.022515
9874 1.306904
9879 0.479057
9882 0.605474
9885 1.077332
9896 0.392532
9902 0.114750
9904 0.584878
9906 0.050539
9909 0.091948
9914 0.263925
9917 0.597662
9918 0.169666
9920 0.574496
9924 0.475064
9928 0.240360
9945 0.481078
9947 0.124013
9948 1.143124
9965 0.477337
9976 0.611079
9977 1.105753
9982 0.164953
9984 0.566701
9985 0.105310
9993 0.907846
9994 0.273162
9998 0.325193
10002 1.216986
10004 0.174054
10009 0.578759
10023 0.012980
10027 1.217602
10029 0.484441
10037 0.246939
10045 1.025469
10049 1.318242
10053 0.315094
10071 0.399390
10074 1.032749
10082 0.089635
10084 0.486941
10091 1.334451
10093 0.619023
10095 0.511433
10097 0.348553
10109 0.560469
10110 0.203599
10111 0.153247
10115 1.046397
10124 0.566081
10127 0.519920
10141 0.073844
10149 1.047185
10154 0.236143
10163 0.532400
10167 0.149175
10173 1.208021
10183 0.494356
10185 0.517698
10187 0.419824
10190 0.090488
10192 0.580334
10198 1.006141
10201 0.578446
10203 0.519920
10208 0.491931
10218 0.357264
10220 0.371144
10221 0.337546
10224 0.131962
10230 0.587158
10231 0.266890
10239 0.625085
10243 1.293875
10245 0.078740
10246 0.593830
10253 1.107818
10259 0.539262
10263 0.494356
10281 0.390609
10282 0.581954
10286 0.459096
10291 0.964598
10293 0.395887
10297 0.579107
10299 0.143563
10304 0.400774
10305 0.042416
10306 1.085024
10307 0.266200
10318 0.416723
10323 0.323448
10327 0.337237
10329 1.145460
10336 1.130424
10345 1.019596
10350 0.555270
10351 0.489757
10352 0.461555
10354 0.225246
10356 0.296915
10374 0.500628
10380 0.416453
10383 0.075808
10389 0.468373
10390 0.967326
10391 1.176561
10395 0.981638
10396 0.295683
10412 0.249262
10423 0.432940
10424 0.202917
10425 0.576864
10433 0.399694
10436 0.559702
10443 0.568453
10445 1.302134
10451 0.420630
10452 1.260646
10454 0.395887
10458 0.131962
10461 0.316710
10469 0.014309
10471 1.071657
10472 0.265564
10482 1.247044
10483 0.361724
10488 0.487566
10493 0.376093
10494 1.002089
10497 0.077456
10499 1.203638
10502 1.072354
10503 0.429580
10508 0.013730
10509 0.012371
10516 0.605851
10540 0.216834
10547 1.152523
10548 0.479232
10551 0.327267
10566 0.014055
10570 0.537029
10575 0.033613
10576 1.135006
10577 0.619160
10580 0.069570
10582 0.548151
10583 0.407531
10585 0.259374
10588 0.073844
10590 0.110848
10604 0.493573
10609 0.135181
10613 0.262708
10622 0.310906
10627 1.182032
10629 0.289060
10633 0.542512
10636 0.153247
10643 0.124290
10657 0.475064
10669 0.969519
10674 0.010195
10680 0.145853
10688 0.537809
10693 1.168809
10699 0.123393
10703 0.243623
10717 0.492445
10718 0.905509
10719 0.121465
10721 1.225973
10727 0.604069
10729 0.238617
10734 0.586676
10737 0.137854
10740 0.290198
10743 1.070842
10744 0.097807
10750 0.206123
10755 1.187661
10761 0.554242
10763 1.221319
10774 1.149349
10775 0.122669
10776 0.529002
10784 0.570077
10787 0.367609
10794 0.477513
10796 0.126123
10799 0.372600
10803 0.337609
10806 0.335779
10808 0.280060
10811 1.174610
10813 0.019961
10814 1.227062
10817 0.526702
10825 0.267352
10833 0.326025
10842 1.232198
10849 1.143674
10854 0.513070
10859 0.521747
10860 0.459740
10861 0.616967
10863 0.143563
10864 0.459378
10867 0.359060
10876 0.455373
10879 0.327267
10885 0.127249
10888 0.024872
10895 0.413099
10898 0.315867
10902 0.155250
10905 0.092890
10908 0.131153
10916 0.251236
10917 0.106160
10920 0.502714
10924 0.289060
10929 0.357729
10930 0.475064
10945 0.263925
10946 1.206513
10949 0.554891
10957 1.130194
10960 0.568880
10961 0.579579
10963 0.093353
10967 0.352320
10968 1.268869
10969 0.021594
10975 0.229870
10976 0.521412
10977 0.196022
10978 0.580634
10990 0.309825
10992 0.140360
11002 1.108484
11008 0.204498
11014 0.171710
11023 0.072608
11025 0.231739
11046 0.407482
11047 0.515130
11050 0.148458
11060 0.384829
11062 0.420943
11069 0.534163
11072 0.434199
11084 1.255917
11085 0.493573
11098 0.395887
11109 1.068895
11114 0.601610
11116 0.562321
11117 0.392043
11118 0.566949
11120 0.109841
11126 0.263925
11132 0.408495
11137 0.041856
11145 0.467433
11150 0.030982
11155 0.028504
11161 0.248725
11165 0.378886
11184 0.443393
11187 1.304581
11199 0.491446
11200 0.169666
11205 1.026752
11207 0.449951
11210 0.276878
11220 0.181169
11225 0.448403
11226 1.036687
11227 0.066350
11234 0.519196
11243 0.354085
11251 0.497160
11269 0.041672
11278 0.209225
11280 0.398175
11284 1.207622
11285 0.291451
11297 0.136165
11302 0.095013
11306 0.363686
11307 0.407198
11321 0.425636
11323 0.564139
11327 1.237986
11328 0.337142
11329 0.147747
11333 0.306860
11337 0.181719
11339 0.117011
11344 0.294540
11350 0.133196
11352 0.475064
11353 1.207292
11355 0.015835
11356 0.010283
11359 0.358938
11374 1.230588
11381 0.421786
11383 0.605178
11385 0.250728
11386 0.296915
11387 1.089172
11388 0.447807
11395 0.038781
11399 0.330741
11405 0.524670
11406 0.624498
11408 0.030259
11409 0.322734
11414 0.608554
11420 0.573354
11434 0.431877
11435 0.119764
11446 0.292694
11449 0.172125
11450 0.117300
11464 0.479525
11467 0.489460
11469 0.503246
11472 0.424165
11475 1.216348
11476 0.554982
11480 0.523789
11485 0.065981
11489 0.331923
11490 1.128007
11494 0.129993
11495 0.588481
11496 0.454607
11500 0.104574
11505 0.210205
11510 0.279450
11517 0.553157
11518 0.598658
11521 0.011475
11522 1.125153
11524 0.578446
11528 1.054643
11530 0.140552
11536 0.393365
11537 1.147883
11542 0.307154
11548 0.100543
11555 0.332350
11561 0.321367
11565 0.280018
11573 0.413613
11574 0.479525
11580 0.306098
11584 0.057008
11587 0.200027
11592 0.389603
11593 0.315983
11601 0.107969
11608 0.541573
11610 1.101745
11619 0.272764
11620 0.289060
11624 1.082867
11628 0.232478
11630 0.416893
11662 0.397678
11667 1.295630
11669 0.596401
11675 0.316710
11677 0.259374
11683 0.082313
11708 0.591191
11710 0.136165
11712 1.119579
11714 0.214790
11715 0.188046
11725 0.060135
11732 0.473008
11734 0.174656
11735 0.244518
11736 0.558899
11738 1.105041
11743 1.141216
11749 0.455373
11752 0.142519
11753 0.612986
11755 0.541213
11758 0.506047
11760 0.057935
11764 1.083251
11768 0.554716
11773 0.034592
11780 0.195075
11782 0.193904
11786 0.383516
11793 1.195038
11809 1.149757
11815 0.521038
11819 0.340763
11821 0.317630
11830 0.495280
11833 0.306098
11838 0.329906
11845 0.028850
11849 0.255640
11850 0.580634
11859 0.138560
11860 1.065474
11869 0.258698
11870 1.316444
11871 0.539374
11875 0.530206
11893 0.137854
11902 0.344606
11911 1.160545
11919 0.565553
11923 1.255083
11924 0.138246
11930 0.174190
11949 0.391388
11951 0.124513
11955 0.072927
11975 1.122011
11976 0.271097
11977 0.524611
11979 0.390746
11983 1.054137
11984 1.239298
11987 0.431877
12002 0.283621
12003 1.292274
12004 1.275828
12005 0.379489
12009 0.339332
12012 0.204769
12017 1.000714
12018 0.574036
12026 0.365434
12035 0.315867
12038 0.563448
12039 1.123655
12050 0.512324
12052 0.453950
12057 0.602874
12058 0.134961
12064 0.566499
12068 0.571602
12071 1.093244
12078 0.486867
12081 0.166915
12090 0.454607
12092 0.349312
12100 0.289379
12101 0.088521
12111 0.620223
12115 1.107051
12117 0.277491
12119 1.121961
12122 0.304854
12127 0.123248
12151 1.034794
12152 0.151369
12188 0.593830
12200 0.009775
12207 1.067560
12212 1.119142
12214 0.449116
12224 1.097036
12226 0.506735
12227 0.030848
12244 0.354085
12245 1.158456
12246 0.125525
12248 0.341206
12250 0.577781
12253 0.062508
12271 0.361224
12278 0.466387
12288 0.196978
12299 0.074562
12300 0.135733
12303 0.461228
12313 0.137986
12314 0.455977
12318 0.435710
12324 0.167670
12327 0.126123
12331 1.130424
12338 0.106585
12347 0.082313
12357 0.161724
12359 1.120665
12360 1.116272
12362 0.030067
12363 0.572367
12366 1.137122
12367 0.027782
12368 0.304528
12377 0.098064
12379 0.508153
12383 0.095013
12387 0.251357
12393 1.050623
12403 0.291883
12407 0.371144
12409 0.501324
12414 0.456343
12415 0.130752
12419 0.581906
12421 0.337324
12424 0.142235
12432 0.287337
12433 1.198458
12434 0.434699
12436 0.347901
12446 0.136799
12452 0.137038
12453 0.173804
12455 0.626459
12463 1.140155
12466 0.055890
12469 1.107594
12483 0.108462
12488 0.428110
12503 1.148630
12508 1.125153
12512 0.313229
12513 0.566591
12516 1.214964
12540 0.110996
12542 0.117011
12544 0.076132
12546 0.047745
12547 0.305209
12554 0.072418
12559 0.607027
12575 0.308096
12584 0.211140
12586 0.586314
12588 0.524422
12592 0.547125
12595 0.448174
12597 0.183805
12598 1.086686
12607 0.181894
12610 0.341364
12620 0.235569
12622 0.612986
12637 1.245314
12640 0.275037
12644 0.435839
12645 1.318098
12649 0.209225
12660 0.508998
12663 0.318342
12665 0.280235
12670 0.137922
12672 0.278086
12682 0.449765
12691 0.354215
12703 1.043931
12707 0.285446
12710 0.226735
12713 0.397837
12715 0.317351
12716 0.495388
12726 0.475064
12729 0.548151
12730 0.081908
12733 0.329906
12735 0.402431
12742 0.503379
12757 0.617584
12759 0.117300
12761 1.077009
12762 0.574850
12770 0.139725
12773 0.109071
12795 0.381748
12813 0.578604
12817 0.549951
12818 0.293422
12820 0.261285
12830 1.065685
12831 1.306427
12835 0.355725
12837 1.039203
12839 0.452442
12841 0.254978
12847 0.075010
12853 0.064198
12861 0.277491
12863 0.945154
12868 0.270457
12870 0.174107
12872 0.403151
12876 0.492445
12896 0.508153
12898 0.184292
12918 0.112043
12919 0.539846
12920 0.305399
12927 0.546622
12930 0.350643
12932 0.531128
12934 0.330741
12946 0.559631
12947 0.184905
12955 0.249463
12960 1.248996
12978 1.047185
12986 0.535612
12994 0.048279
12998 0.266890
13001 1.197988
13007 0.260519
13008 1.122879
13011 0.497687
13013 0.494411
13017 0.968479
13028 0.164524
13029 0.994793
13030 0.617584
13042 1.192431
13045 1.299504
13048 0.225754
13050 0.236057
13056 1.274563
13074 0.243952
13090 0.416893
13097 0.039810
13099 0.154912
13103 0.046575
13106 1.096302
13109 0.461033
13121 0.076934
13124 0.531322
13126 0.196022
13130 1.198265
13136 0.376575
13145 0.487511
13149 0.553342
13151 0.529002
13157 0.238789
13163 0.240360
13164 0.561202
13172 0.593830
13178 0.530798
13187 0.179270
13190 1.070361
13192 0.170427
13195 0.382369
13199 1.019709
13205 0.284470
13209 0.218530
13211 0.224279
13220 0.345250
13226 1.054515
13228 1.055699
13245 0.044817
13246 0.424526
13257 0.345250
13264 0.489650
13266 0.138908
13274 0.234770
13283 1.156893
13285 0.074898
13290 1.095468
13294 1.187661
13299 0.368839
13303 0.110247
13315 1.127678
13319 0.269469
13322 1.149349
13328 0.441317
13332 0.505388
13333 0.616796
13343 1.217728
13352 0.433669
13354 1.221211
13356 0.080715
13367 0.428537
13371 0.398175
13379 1.104801
13381 0.387808
13382 1.194606
13383 0.519971
13391 0.059681
13402 0.123517
13403 0.198919
13408 0.425058
13409 0.625085
13411 0.460731
13417 0.434510
13431 0.383516
13432 0.295158
13441 0.936933
13444 0.188518
13456 1.124642
13460 0.450224
13473 0.472019
13476 1.127271
13477 0.469696
13478 0.144250
13482 0.262211
13491 0.558136
13502 1.228615
13506 0.111343
13518 0.336130
13525 0.141648
13529 1.025707
13530 0.019390
13533 1.103292
13534 0.344250
13543 0.214638
13553 0.107969
13554 0.544127
13555 1.279020
13558 1.031706
13564 0.312542
13566 1.166453
13569 0.202155
13573 0.530798
13588 0.360651
13594 0.112515
13595 1.147173
13601 0.173804
13607 0.273655
13608 0.090921
13617 0.213170
13618 1.058878
13619 0.593830
13625 1.225973
13630 1.066761
13633 0.581196
13640 1.198079
13645 0.394158
13649 0.566838
13650 0.119430
13651 0.391117
13655 1.187661
13657 1.125153
13663 0.224087
13671 0.358722
13676 1.002914
13677 0.053021
13681 0.373987
13694 0.094540
13697 0.040260
13698 0.310246
13705 0.086600
13712 0.531973
13714 0.109390
13729 0.395887
13758 0.419174
13759 1.065474
13761 0.462225
13768 0.090060
13778 0.020655
13780 0.381225
13787 0.188946
13793 1.251286
13797 1.048843
13807 0.467058
13816 0.596645
13817 1.172999
13819 0.163815
13821 1.144077
13823 0.014396
13825 1.240446
13829 0.309287
13843 0.547357
13848 0.426705
13851 0.047270
13861 0.148458
13875 0.441432
13876 1.014809
13878 0.325819
13885 0.274535
13886 1.078525
13892 0.243623
13898 0.430818
13899 0.488703
13902 0.537029
13903 0.102164
13914 1.105565
13915 0.457175
13918 0.585544
13926 0.593830
13931 0.040720
13933 1.279020
13935 1.233536
13943 0.365434
13979 1.279966
13988 1.100149
14010 1.192758
14014 0.317439
14032 0.022199
14041 0.031050
14042 0.129799
14046 0.599596
14053 1.047185
14057 0.067045
14065 0.375689
14077 0.075808
14087 0.367453
14090 0.422279
14099 0.139725
14102 0.488703
14118 0.098154
14124 0.147798
14131 0.447918
14132 0.289170
14149 0.562321
14154 0.574496
14157 0.253368
14166 0.259374
14168 0.125678
14185 0.292694
14186 1.173236
14195 0.465010
14196 0.604827
14197 1.218429
14203 0.395887
14205 1.244760
14209 0.185895
14212 0.115307
14237 0.177888
14245 0.115104
14246 0.102828
14252 0.351900
14257 1.153165
14260 1.072726
14263 1.055699
14265 0.915262
14273 0.204769
14274 0.070157
14280 0.165961
14303 1.205387
14309 0.300328
14313 0.205433
14316 0.588481
14318 0.314540
14319 0.538535
14326 0.386991
14330 0.519602
14337 0.405909
14340 0.522571
14351 0.488703
14352 0.440457
14364 0.550504
14376 1.287069
14378 0.299914
14383 0.076623
14385 0.317439
14393 0.381225
14394 0.288267
14399 0.424726
14400 0.129094
14402 1.145620
14409 0.593830
14415 0.499427
14418 0.427853
14421 0.533236
14431 0.510583
14437 0.401624
14444 1.249518
14447 0.508998
14448 0.209973
14457 0.379159
14458 0.298407
14465 1.075818
14469 1.118700
14476 0.174656
14481 1.140155
14510 1.180284
14515 0.125678
14520 0.129993
14522 1.274563
14533 0.049229
14535 0.053985
14548 0.384388
14549 0.443985
14560 0.126838
14561 0.392445
14563 0.984249
14565 0.389978
14572 0.487246
14575 1.163224
14578 0.231739
14587 0.160495
14588 0.487904
14589 0.180404
14595 0.271803
14605 0.378236
14619 0.453950
14622 0.356985
14649 0.211812
14650 0.252993
14654 0.030982
14658 0.976160
14662 0.522374
14664 0.073899
14672 0.548151
14676 0.476972
14686 1.233933
14702 0.233472
14704 0.572367
14707 0.319755
14710 0.346401
14718 0.159996
14726 0.057653
14729 1.059580
14730 0.186492
14732 1.128769
14740 0.451011
14741 0.307519
14742 0.337609
14749 0.163303
14754 0.484142
14765 1.017995
14767 0.042165
14772 0.593830
14775 0.029145
14780 0.250034
14785 0.521683
14801 0.077246
14803 0.562576
14805 0.445373
14811 0.274831
14814 0.486177
14818 0.143959
14820 0.117300
14821 1.207346
14822 0.107525
14823 1.039203
14825 1.032749
14831 0.309825
14833 0.348981
14835 0.991028
14837 0.395887
14838 0.553571
14840 1.068895
14843 0.109841
14853 0.496112
14858 0.497160
14872 0.241558
14874 1.134283
14878 0.038940
14885 0.246496
14887 0.458022
14891 0.265477
14893 0.588840
14901 0.200514
14902 1.215606
14904 0.200449
14907 0.161724
14908 0.242586
14911 0.181642
14914 0.443242
14918 0.564941
14921 0.133552
14925 0.475064
14930 0.584096
14933 0.141108
14947 0.444579
14954 1.089236
14957 0.343938
14958 0.852680
14962 0.155172
14971 0.486991
14983 0.220960
14990 0.535896
14994 0.462452
14998 0.261024
15002 0.367318
15018 1.090991
15020 1.170613
15025 0.559702
15027 0.353253
15031 1.267659
15035 0.453713
15043 0.074229
15046 0.212082
15063 0.505097
15064 0.094176
15078 0.445373
15081 0.519110
15083 0.075808
15085 0.415681
15095 0.377892
15102 1.048326
15105 0.612986
15113 0.189443
15115 0.159239
15117 0.097172
15119 0.560635
15124 0.612305
15125 0.167822
15129 1.070424
15136 0.328502
15137 1.120938
15140 0.268702
15146 1.221594
15148 0.553571
15153 0.149079
15154 0.156960
15167 0.499484
15171 0.050755
15177 0.033613
15178 0.365434
15179 0.221184
15187 1.193945
15192 0.296915
15201 0.107969
15208 1.064268
15212 0.190427
15219 1.240614
15220 0.063910
15221 0.213033
15229 0.596940
15247 0.010604
15255 0.137700
15259 0.517698
15269 0.296915
15276 1.141086
15280 1.197476
15281 0.129349
15283 1.019650
15284 0.213512
15289 1.132421
15293 0.015325
15297 0.376575
15298 0.331440
15299 0.538590
15303 0.123248
15311 0.516982
15314 0.044537
15318 0.137922
15319 0.497822
15323 0.600081
15332 1.133948
15337 0.444166
15340 0.451011
15341 0.082381
15347 0.472758
15351 1.142937
15355 0.395887
15364 1.178160
15368 0.268904
15377 0.583412
15393 0.247733
15405 1.120239
15421 0.392255
15435 1.166326
15440 0.561904
15446 0.238669
15455 0.566081
15459 0.969806
15462 0.062508
15469 0.432940
15475 0.342708
15483 0.207150
15489 0.030982
15495 0.285640
15496 0.257122
15501 0.277121
15512 0.300328
15523 0.215938
15524 1.181570
15529 0.149079
15531 1.174010
15542 0.357575
15555 0.423813
15556 1.193035
15557 1.096302
15559 0.499484
15569 0.248843
15570 0.116819
15578 0.982892
15586 0.443985
15591 0.473051
15594 0.146625
15596 0.434633
15597 0.096952
15610 0.366195
15611 0.379041
15612 0.539184
15613 0.126347
15614 0.391000
15618 0.435839
15624 0.265152
15625 0.530031
15626 0.494411
15630 0.510038
15652 0.361462
15666 0.089214
15678 0.328661
15679 1.073115
15683 1.227695
15684 0.475064
15687 1.232198
15702 0.052785
15706 0.023873
15715 0.413099
15723 0.014573
15731 1.057308
15734 0.363686
15742 0.489037
15746 1.153449
15748 0.475064
15755 0.499272
15767 0.170382
15768 0.032099
15779 0.475064
15781 0.020745
15782 0.490451
15783 0.333556
15790 0.526269
15791 1.355550
15792 0.218588
15796 0.340763
15799 0.550571
15803 0.272172
15808 0.010195
15810 0.390876
15819 0.096167
15827 0.236289
15833 0.629920
15837 0.515907
15838 0.111343
15840 0.081506
15841 0.103920
15846 0.585544
15848 0.388417
15861 0.347608
15890 0.533903
15894 1.098717
15896 0.356298
15910 0.967724
15918 0.503147
15919 0.605474
15929 0.423706
15930 0.363107
15937 0.604249
15941 0.153577
15945 0.574850
15950 0.553342
15951 0.551180
15956 0.337775
15957 0.633419
15958 1.221920
15965 1.172999
15966 0.435839
15976 0.509772
15977 0.537403
15984 0.477185
15994 0.348917
15995 0.347335
16001 0.556716
16007 0.448559
16010 0.189080
16016 0.545682
16019 0.597386
16026 1.211414
16028 0.286875
16032 0.389603
16034 1.229578
16040 0.177043
16055 0.013730
16058 1.132537
16062 1.071224
16063 0.181785
16064 0.413099
16065 0.228815
16091 0.267420
16093 0.412481
16096 1.089320
16105 0.590550
16110 0.206078
16117 0.391388
16119 0.156861
16130 0.610174
16131 0.633419
16138 0.034259
16142 0.447236
16149 0.610525
16152 0.092246
16154 0.571422
16160 0.065077
16162 1.148399
16163 0.114935
16164 1.121345
16180 0.093150
16186 1.176017
16196 0.248843
16199 0.502001
16203 1.195038
16208 0.151910
16213 0.042928
16219 1.109782
16220 0.354820
16222 0.189443
16228 0.913585
16229 0.395887
16233 0.196683
16246 0.967724
16248 0.157698
16249 0.493983
16251 0.434069
16265 0.131401
16267 1.247865
16276 0.349741
16279 0.321550
16283 0.418381
16285 0.590754
16287 0.593830
16300 0.261399
16309 0.313340
16314 0.992859
16317 0.239816
16318 0.439874
16320 0.457893
16328 0.294975
16332 0.506216
16338 1.279807
16348 0.406472
16351 0.226735
16352 0.100164
16357 0.132782
16366 0.045388
16367 0.440304
16373 1.203357
16376 0.526702
16383 0.573814
16385 0.555926
16395 0.604128
16401 1.216628
16406 0.597075
16407 0.230334
16408 0.265206
16409 0.254104
16412 0.503246
16418 0.068519
16424 1.192630
16427 0.121465
16429 0.332545
16442 0.524132
16443 1.234236
16447 0.337477
16454 0.117590
16461 0.608314
16470 0.366406
16471 0.587005
16472 0.067545
16473 0.622108
16475 0.395887
16488 1.260079
16496 0.584253
16502 0.465563
16503 0.453950
16506 1.171683
16511 0.161430
16514 1.153069
16516 1.195323
16526 1.094389
16534 0.395887
16540 1.182032
16544 0.409538
16548 0.392532
16550 0.993130
16569 0.179044
16573 0.269631
16585 0.090202
16589 0.303233
16606 0.615294
16614 0.336233
16632 0.214718
16637 0.211662
16648 1.172034
16649 0.097807
16650 0.286677
16652 1.062989
16653 0.209912
16657 1.237443
16664 1.050623
16668 0.512980
16670 1.027917
16674 0.587951
16683 0.525514
16692 0.350208
16695 0.257200
16703 0.375051
16706 0.875119
16708 0.369221
16710 0.245723
16716 0.015424
16722 1.026521
16723 0.225246
16727 0.513583
16728 0.093150
16731 0.423427
16735 0.012502
16751 0.247429
16753 0.098064
16760 1.086152
16761 0.360238
16767 0.367003
16768 1.085024
16773 0.307684
16775 0.152631
16777 0.583766
16778 0.218780
16781 0.165445
16783 0.483473
16789 0.254978
16791 0.540492
16795 0.059983
16803 0.537029
16807 0.104514
16814 1.102064
16815 0.197122
16822 0.315094
16827 0.133445
16828 0.308150
16829 0.310246
16830 1.093069
16839 0.431877
16840 0.110195
16845 1.130008
16849 0.163303
16867 0.577056
16872 0.254045
16880 0.486512
16896 0.535896
16897 0.186300
16899 1.157820
16904 0.095865
16912 0.151616
16918 0.443741
16920 0.278669
16933 0.366288
16936 0.342595
16937 0.230934
16940 0.156615
16944 0.521038
16945 0.057935
16953 0.067099
16955 1.097173
16956 1.081076
16957 0.218530
16965 0.390746
16967 0.402597
16973 1.223291
16984 0.171023
16989 0.223685
16992 0.554982
16996 0.348381
17001 1.192672
17004 0.185090
17012 0.118273
17014 0.130844
17015 0.077121
17016 0.503009
17018 0.330741
17020 0.578759
17021 0.427359
17025 0.101386
17026 0.062784
17033 0.317439
17035 0.155759
17039 1.240128
17041 0.196683
17045 0.368008
17063 1.167531
17070 0.423003
17072 1.074266
17085 0.950129
17087 0.105357
17092 0.571602
17094 0.593830
17104 1.156407
17105 0.128977
17106 0.248942
17110 0.091359
17113 1.172815
17117 0.478052
17123 1.106684
17131 0.235392
17146 0.493236
17152 0.596235
17153 0.179530
17159 0.368175
17160 0.250034
17162 1.106155
17167 1.115992
17177 0.314196
17182 0.978074
17183 1.054561
17186 0.295238
17192 1.099686
17193 0.187525
17194 0.428878
17198 0.431877
17205 0.226221
17216 1.260079
17224 0.014573
17227 0.239528
17239 0.143959
17241 0.053378
17244 0.040720
17248 0.267048
17251 0.107969
17260 0.562873
17269 0.020302
17271 0.110114
17279 0.359897
17280 1.092648
17282 0.114473
17285 0.213033
17287 0.207552
17291 1.091763
17294 0.030649
17298 0.358539
17305 0.325758
17310 0.435268
17319 0.244730
17326 0.092374
17328 0.370180
17339 0.012909
17348 0.140413
17352 0.247664
17354 0.187879
17355 0.214910
17359 0.197943
17364 1.193290
17367 0.617584
17368 1.061538
17376 1.047936
17383 1.218114
17389 0.580395
17391 0.190026
17412 0.285039
17416 0.134844
17419 1.206513
17437 0.556246
17438 0.034259
17445 0.131233
17447 0.058650
17454 0.483291
17464 0.284544
17465 0.113111
17466 0.340955
17484 0.220658
17487 1.110683
17489 0.365434
17492 0.337869
17495 0.465749
17498 0.281818
17504 0.555270
17505 1.087497
17513 0.329906
17516 0.989717
17518 0.418559
17521 0.275537
17525 0.410283
17526 1.126897
17529 0.066509
17536 0.490319
17543 0.957949
17549 1.103579
17552 0.188288
17560 0.132700
17562 1.120938
17563 0.266036
17564 0.337869
17570 0.135089
17574 0.044817
17587 0.485861
17589 1.094618
17593 0.118766
17597 0.381225
17598 0.210893
17618 0.593830
17619 1.037866
17622 0.601610
17625 1.139728
17632 0.270362
17636 0.298247
17642 0.377535
17658 0.107084
17665 0.585224
17679 0.176452
17680 1.136518
17685 1.111202
17689 1.213763
17690 0.427359
17693 0.104574
17694 0.078802
17713 0.384890
17717 0.464957
17733 0.300874
17746 0.603673
17753 0.571837
17755 0.503856
17756 0.147044
17766 1.203220
17768 0.593830
17771 1.147107
17772 1.077332
17773 0.582626
17775 1.212717
17782 0.290856
17785 0.548151
17790 1.048679
17806 1.252017
17812 0.183805
17819 1.149699
17821 1.257523
17830 0.270606
17833 0.530031
17834 0.031461
17835 0.162879
17840 0.438072
17845 0.084402
17850 0.182717
17865 0.089214
17876 0.218649
17880 0.022950
17882 1.194296
17887 0.303233
17888 0.285918
17893 0.051082
17896 0.397781
17900 0.351548
17907 0.271097
17910 0.252694
17924 0.111660
17937 0.489650
17944 0.433147
17946 0.503147
17948 1.155562
17952 0.025405
17954 0.383116
17965 0.538590
17976 0.057099
17987 0.119513
17991 0.296915
17997 0.400490
18000 0.483663
18004 0.182717
18006 1.076001
18007 0.971191
18011 0.178149
18012 0.515130
18018 0.535711
18027 0.512569
18029 0.060595
18064 0.075578
18065 0.045461
18066 0.029145
18074 0.133309
18076 0.265264
18082 0.030584
18084 0.932088
18085 0.519920
18093 0.472758
18107 0.544927
18124 0.574130
18125 0.972354
18132 0.170775
18135 0.375051
18136 0.188144
18146 0.609322
18149 0.275190
18150 1.036687
18154 0.193696
18155 0.443584
18157 0.167491
18158 1.131639
18164 0.159877
18165 0.437298
18179 0.281610
18192 1.119579
18195 0.342046
18203 0.108586
18213 0.581954
18225 1.197396
18226 0.128081
18231 0.510970
18233 0.972225
18234 1.107512
18239 0.023174
18242 0.417881
18245 0.081506
18256 0.035277
18269 1.182891
18272 0.927265
18277 0.114473
18278 0.508998
18282 0.104410
18290 0.029692
18293 0.403151
18313 0.308658
18325 0.381528
18331 0.025679
18337 0.012307
18341 0.406472
18342 0.160495
18348 0.340955
18352 0.072927
18355 1.042502
18361 0.629224
18380 0.076623
18383 1.072354
18388 0.428170
18398 0.477234
18400 0.950129
18403 0.502101
18405 0.470116
18409 0.565553
18411 0.556504
18413 1.134482
18414 0.531973
18416 0.201825
18422 0.271874
18423 0.133676
18427 0.302589
18428 0.087435
18434 0.968202
18440 1.043076
18443 1.257523
18444 0.121293
18449 0.157401
18453 0.207552
18459 0.085213
18460 0.186300
18461 0.105236
18475 0.212082
18480 0.578985
18488 0.026992
18506 0.484518
18508 0.511280
18509 0.194345
18511 1.259839
18514 1.112493
18517 0.440781
18518 0.276493
18526 1.119262
18527 0.185090
18535 0.108675
18543 1.171683
18547 0.437909
18551 1.204873
18553 0.034096
18562 0.178149
18563 0.294288
18573 0.383786
18584 0.318342
18589 0.268638
18595 0.216977
18600 0.581459
18603 0.078062
18604 0.164148
18607 0.134199
18608 0.511145
18610 0.303233
18612 0.584878
18618 0.329049
18619 0.569647
18628 0.603673
18635 0.483862
18649 1.165039
18651 0.492578
18660 0.049486
18661 0.163815
18666 0.184964
18667 0.343938
18669 0.025003
18670 1.061314
18671 0.496336
18677 0.981800
18683 0.558899
18689 0.267806
18691 0.477284
18694 0.360540
18698 0.166273
18701 0.345132
18702 0.591043
18704 0.472758
18705 0.230934
18708 1.118538
18712 0.215938
18719 0.572367
18720 0.438072
18725 0.404050
18734 0.420943
18735 0.300674
18739 0.461491
18743 1.133056
18746 0.137854
18752 0.407884
18756 0.147747
18771 1.187661
18778 0.279450
18779 0.267104
18781 1.187661
18783 0.041191
18787 0.605949
18790 0.609057
18794 0.437559
18797 0.237532
18800 0.275707
18801 0.246496
18805 1.076501
18812 0.316710
18813 1.282078
18814 0.061537
18819 0.363686
18828 0.409538
18832 1.237147
18840 0.193340
18847 0.118766
18850 0.572016
18873 0.113111
18876 0.538535
18878 1.086275
18887 0.354820
18893 0.144295
18905 0.487566
18906 0.314381
18920 0.260452
18928 0.357075
18930 0.981800
18932 0.212082
18935 0.385604
18938 0.345132
18940 0.557338
18950 0.395887
18952 0.572367
18960 0.305597
18967 0.015731
18986 0.293250
18990 1.045739
18997 1.135194
19000 1.063731
19008 1.151230
19009 0.310344
19013 0.872567
19024 1.135110
19028 0.402956
19031 0.450298
19034 0.043188
19038 1.235940
19041 0.514245
19049 1.134769
19060 0.476972
19066 0.456277
19070 0.254499
19078 0.309825
19086 0.268904
19092 0.243623
19125 0.128396
19129 0.444415
19133 0.392615
19135 1.046943
19146 0.262598
19154 0.347608
19171 1.131698
19182 0.519110
19192 0.238726
19196 0.220960
19197 0.166689
19199 0.993757
19207 0.393898
19211 0.164193
19212 0.228396
19214 0.029507
19217 0.326764
19229 1.128278
19230 0.227424
19236 1.152031
19239 0.391059
19247 0.014055
19248 0.545355
19269 0.287918
19271 0.365434
19282 0.296915
19286 0.574850
19296 0.287018
19304 0.214790
19305 1.000136
19311 1.125655
19322 0.586118
19323 0.384576
19325 0.383890
19329 0.445373
19330 0.142519
19343 0.053378
19344 0.295071
19347 0.239026
19357 0.564139
19367 1.138175
19369 0.234022
19375 0.307912
19381 0.034425
19385 0.505159
19388 1.060061
19392 0.151032
19396 0.575078
19397 0.161522
19400 0.510822
19402 1.187661
19407 0.231363
19411 0.319264
19414 0.441920
19416 0.596645
19420 1.289768
19421 0.556173
19426 0.989717
19430 0.062508
19433 0.102287
19441 0.197079
19445 0.072345
19448 0.511923
19449 0.470474
19450 1.101599
19456 0.613625
19470 0.966840
19475 0.479525
19483 0.116645
19487 0.600356
19488 1.063239
19494 0.280318
19510 0.105236
19515 1.136024
19523 0.242811
19526 0.032839
19527 0.143092
19528 1.301730
19532 1.197396
19539 0.011877
19542 1.106155
19545 0.329906
19546 0.117011
19549 0.399587
19554 0.045974
19558 0.465269
19560 0.268182
19562 0.010748
19568 0.316710
19575 1.166326
19579 0.305399
19602 0.156960
19604 0.266391
19608 0.234922
19609 1.156893
19624 1.194081
19626 0.559789
19636 1.312678
19638 1.141729
19640 0.299497
19641 0.583651
19650 0.511810
19658 0.526269
19659 0.607969
19662 0.447918
19670 0.205433
19673 0.520436
19678 0.568561
19681 0.372808
19682 0.503246
19685 0.043385
19693 1.128769
19698 0.250034
19700 0.573814
19701 0.871420
19708 0.377257
19709 0.205141
19727 0.029878
19730 0.090777
19732 0.224883
19734 0.591143
19738 0.076623
19743 0.011701
19744 0.080180
19758 0.245195
19760 1.162392
19772 0.244668
19773 0.041917
19775 0.132529
19776 0.328661
19779 1.219473
19791 0.050325
19795 0.318035
19803 1.176350
19808 1.168030
19811 0.151157
19813 0.277491
19814 0.506414
19821 1.307762
19825 0.483473
19830 1.324488
19845 0.610797
19846 0.059137
19851 0.040604
19853 0.186019
19855 0.445373
19863 0.442607
19868 0.056287
19871 0.566838
19876 0.570077
19885 0.590398
19889 0.013051
19897 0.599710
19900 1.047502
19906 1.237668
19907 1.108484
19910 1.150777
19918 0.116580
19920 0.339332
19929 0.024488
19937 0.342830
19950 0.221871
19954 0.288591
19955 0.379253
19959 0.479745
19960 0.234022
19964 0.175516
19966 0.237532
19969 0.119966
19970 0.162522
19979 0.280720
19990 0.333881
19994 0.423427
20001 0.373478
20005 0.526489
20010 0.089214
20011 1.025412
20020 0.043188
20028 0.953254
20029 1.023846
20031 0.321889
20033 0.214168
20056 0.257565
20058 0.459740
20067 0.211416
20068 0.331105
20071 0.316710
20075 0.247429
20085 0.365434
20090 0.532925
20100 0.060135
20102 0.083136
20104 0.129744
20105 0.411369
20130 0.544068
20133 1.100047
20136 0.405202
20140 0.630187
20145 0.923736
20148 0.388125
20151 0.575389
20152 1.067392
20153 0.351900
20162 0.515495
20164 0.410687
20168 0.583766
20169 0.313722
20174 0.444082
20177 0.388274
20186 0.597006
20189 0.522049
20197 0.158355
20217 0.223321
20218 1.308148
20225 1.149349
20226 0.444415
20229 0.258921
20231 0.596315
20235 0.430758
20243 1.301859
20251 0.382753
20257 0.304041
20258 0.531620
20260 0.265206
20268 0.020566
20272 1.139675
20274 0.013496
20276 0.596493
20279 0.575836
20286 0.126496
20287 0.058505
20290 1.151671
20291 1.163812
20298 0.106214
20308 0.110114
20312 0.497450
20316 0.201825
20317 0.384034
20319 0.590142
20334 0.034096
20340 0.139095
20344 1.175542
20346 1.168402
20357 1.050142
20371 0.240671
20384 0.259598
20386 0.392694
20388 0.127249
20389 0.197943
20392 0.220229
20398 1.198761
20399 0.258187
20409 0.489037
20432 0.455541
20435 0.462225
20439 0.405202
20443 1.267810
20446 0.254978
20448 1.118611
20450 0.343255
20452 0.159112
20464 0.140644
20467 0.113788
20469 0.400657
20471 1.187661
20480 0.332545
20481 0.397586
20482 0.097172
20484 0.164330
20488 0.475064
20495 1.229578
20518 0.281818
20519 0.190474
20523 1.035397
20527 0.028967
20528 0.514139
20539 0.113111
20540 0.442857
20542 0.390464
20543 0.253108
20546 0.456394
20550 0.219459
20551 0.950129
20553 0.633419
20554 0.394011
20555 0.123248
20558 0.111517
20562 0.071979
20566 0.511280
20567 0.281161
20572 0.215938
20574 0.544345
20581 0.012307
20593 0.091948
20596 0.158355
20598 0.408495
20602 0.519602
20607 0.012244
20609 0.229870
20610 0.428110
20624 0.288219
20627 0.268638
20641 1.294550
20646 0.279450
20647 0.532783
20652 0.457222
20653 0.263925
20657 0.064198
20659 1.095356
20676 0.249262
20697 0.096952
20703 0.319264
20705 0.930334
20706 0.566210
20715 0.444579
20719 0.495820
20721 1.090489
20732 0.199793
20734 0.154242
20741 0.304854
20744 0.056826
20747 0.277121
20752 0.052205
20755 0.176886
20758 0.023287
20762 1.105496
20782 0.518978
20783 0.515003
20786 0.584304
20791 1.143262
20794 0.564626
20797 0.258849
20806 0.069862
20811 0.326280
20812 0.427853
20813 0.293125
20817 0.996103
20823 0.315930
20824 1.269757
20829 0.400836
20831 0.097449
20836 1.187661
20847 0.392152
20848 1.011501
20852 0.134961
20859 1.050035
20860 0.347335
20866 0.175567
20868 0.497822
20872 0.106214
20876 0.268904
20889 0.955293
20895 0.567385
20896 0.550075
20898 0.431006
20900 0.235392
20901 0.625599
20904 1.160041
20905 0.175139
20908 1.104525
20910 1.148630
20912 0.089635
20913 1.162605
20916 1.113740
20926 0.414300
20939 1.104801
20948 1.187661
20955 0.558899
20969 0.054605
20971 0.532925
20972 1.023846
20974 0.250662
20984 0.180270
20988 0.491100
21000 0.557338
21005 0.448559
21008 0.071618
21015 0.362157
21022 0.192047
21031 0.313543
21032 0.134634
21036 0.345704
21037 0.481078
21052 0.102637
21064 0.613300
21068 0.267806
21073 0.336584
21082 0.530206
21084 1.076113
21092 0.056287
21097 0.431877
21114 0.140360
21121 0.066723
21125 0.608314
21126 1.138685
21130 0.315094
21133 0.576724
21141 0.550379
21150 0.329111
21151 0.550216
21152 1.194448
21159 0.252993
21166 0.350786
21167 1.167531
21169 0.356298
21171 0.391537
21172 1.273916
21174 0.483116
21182 0.040604
21186 0.236406
21189 0.285039
21200 0.526745
21203 0.586844
21208 0.059383
21216 0.449765
21218 0.254104
21225 0.064547
21232 1.365128
21235 1.012211
21242 1.175542
21250 0.629603
21261 0.480954
21262 0.461601
21264 0.436546
21269 0.588667
21284 0.120408
21286 0.403357
21290 0.222371
21296 0.047192
21302 0.106358
21309 0.380052
21313 0.271155
21314 0.593830
21320 1.193035
21323 0.482120
21325 1.187661
21331 0.306098
21334 1.075146
21339 0.489650
21350 0.014396
21358 0.348215
21364 0.068519
21365 0.268342
21368 0.231442
21369 1.291581
21380 0.254863
21384 1.187661
21389 0.193116
21392 0.515281
21393 0.957400
21394 0.302737
21409 0.199221
21420 0.177107
21425 1.287271
21429 0.158355
21432 0.496112
21434 0.515695
21436 0.578604
21437 1.092648
21440 0.588667
21444 0.560840
21448 0.505714
21464 0.372808
21473 0.380513
21475 0.456793
21480 0.345775
21489 1.148334
21498 0.286677
21499 0.301097
21507 0.590550
21510 0.426705
21513 0.403357
21526 0.465515
21534 0.106160
21536 0.192868
21540 0.275190
21543 0.130643
21545 0.192223
21552 0.275037
21555 0.538939
21563 0.030584
21566 0.149795
21572 1.077332
21576 1.202887
21580 0.410549
21586 0.131153
21588 0.015525
21590 0.539846
21592 0.225246
21598 0.128011
21599 0.248329
21609 1.062989
21614 0.560635
21619 0.414561
21624 0.398175
21625 0.050973
21629 0.395887
21637 1.117161
21647 0.223421
21651 1.143124
21654 0.610525
21657 1.078367
21681 0.567438
21693 0.312013
21714 0.131962
21715 1.092871
21716 1.201157
21718 0.365434
21719 0.254863
21724 1.129442
21727 0.210205
21735 0.013196
21737 1.109287
21738 0.115556
21746 1.181693
21749 0.276200
21762 0.354526
21773 0.256535
21774 0.581087
21780 0.563839
21783 0.307684
21785 1.197396
21795 0.057935
21825 1.075618
21827 1.139295
21829 1.193290
21833 0.137038
21836 0.356298
21841 1.168809
21842 0.460085
21843 0.494067
21851 0.294378
21859 1.032208
21870 0.063625
21875 0.146496
21891 0.606910
21894 0.293250
21896 0.059383
21905 0.041191
21907 0.266747
21913 1.111651
21915 0.149175
21916 0.473133
21921 0.083345
21923 0.293723
21925 0.593830
21927 0.009539
21929 0.138368
21931 0.385990
21940 1.010984
21955 1.172034
21956 0.232685
21957 0.320668
21971 0.009656
21972 0.310411
21978 0.266391
21979 0.191118
21985 0.424726
21986 1.241646
21997 1.118538
21999 0.210315
22000 0.088521
22005 0.543374
22008 0.395887
22011 0.062236
22014 0.402431
22018 0.508208
22025 0.566210
22028 0.619023
22032 0.271803
22033 0.142003
22037 1.166825
22040 0.014484
22045 0.424726
22050 0.523007
22052 0.613407
22056 0.206023
22066 0.520309
22072 0.296915
22078 1.113432
22093 0.465972
22095 1.038602
22096 0.434199
22112 1.129011
22126 0.300674
22129 0.405543
22135 0.463477
22140 0.133196
22152 0.944405
22154 0.455541
22161 1.048264
22172 0.568453
22174 0.086600
22176 0.451748
22181 0.058290
22182 0.238669
22189 0.619649
22192 0.459229
22194 0.551414
22197 0.227205
22198 1.124036
22203 1.268376
22204 0.368008
22212 1.084685
22214 0.283475
22223 0.587305
22229 0.079939
22233 0.158355
22236 0.398099
22239 1.141982
22244 0.102008
22245 0.040954
22246 0.315094
22249 0.334847
22254 0.617584
22259 0.354686
22263 0.278280
22265 0.176886
22277 0.472114
22278 0.529002
22280 0.423766
22281 0.122334
22282 1.120239
22285 0.196918
22291 1.132537
22297 0.143624
22301 0.506216
22309 0.553832
22310 0.294540
22313 0.916368
22316 0.092890
22331 0.600817
22338 0.025679
22346 1.052083
22348 0.247143
22354 0.361462
22358 0.381225
22360 0.196128
22362 0.496799
22367 0.048230
22372 1.301676
22376 0.884148
22381 1.170613
22404 1.187661
22413 0.221303
22424 0.575190
22425 0.181078
22431 0.335340
22438 0.562274
22457 0.072927
22459 0.014846
22460 0.306098
22472 0.609057
22475 0.240975
22479 1.182335
22487 0.095559
22489 0.344250
22497 0.282216
22507 0.415415
22513 0.276644
22525 0.384095
22528 1.199905
22533 1.158408
22534 1.088051
22536 0.056826
22539 1.147401
22541 0.488638
22546 0.048230
22563 0.424943
22565 0.339332
22575 0.519196
22577 0.342830
22587 1.045142
22594 0.597075
22596 0.413957
22600 1.180951
22603 0.561440
22615 0.422279
22616 0.113652
22626 0.585983
22627 1.165252
22640 0.147231
22649 0.229870
22651 0.210472
22655 0.925767
22657 0.582834
22659 0.258698
22662 0.135733
22663 0.302314
22674 0.530529
22679 0.255804
22680 0.368175
22685 1.105970
22688 0.566701
22691 0.371559
22695 0.372402
22704 0.272764
22706 0.515907
22708 0.257954
22710 0.233638
22711 0.500681
22717 0.517698
22729 0.224883
22734 0.420943
22736 0.370180
22739 0.428337
22740 0.131962
22747 0.117300
22764 0.393836
22774 0.189627
22775 1.141982
22777 0.362337
22785 0.258921
22790 0.045679
22795 0.369744
22799 0.572622
22805 0.048083
22812 0.075407
22814 0.024615
22815 0.106647
22832 0.562018
22839 0.129202
22841 0.402272
22859 1.268638
22879 0.448994
22883 0.209148
22890 0.060906
22891 0.422012
22893 0.216834
22902 1.101599
22913 0.506047
22916 0.156124
22917 0.010195
22919 1.077585
22920 0.583651
22922 1.153728
22933 0.278280
22935 0.950129
22946 0.012119
22966 0.162171
22969 0.118766
22975 0.399054
22984 0.280318
22991 0.393956
22992 0.163815
22995 0.507547
23000 0.536796
23008 1.174165
23009 0.159686
23010 0.123517
23020 0.241558
23022 0.211567
23046 0.535477
23056 0.236143
23057 0.242071
23058 0.613300
23061 0.527849
23063 0.189080
23065 0.391806
23066 0.022730
23078 0.619160
23083 0.469375
23085 1.260646
23090 1.174890
23094 1.152582
23098 1.174465
23104 0.415199
23108 0.072418
23109 0.359060
23121 0.241558
23127 0.046273
23140 1.100257
23157 0.152631
23159 0.232875
23174 0.101945
23175 0.152114
23178 0.375051
23185 0.159775
23194 1.029764
23207 0.444082
23212 0.070694
23220 1.166578
23231 0.466387
23243 0.190534
23249 0.544927
23255 0.585055
23267 0.270606
23269 0.094592
23276 0.210620
23279 1.164674
23299 1.299504
23304 1.094618
23311 0.217255
23313 0.453381
23314 0.086902
23320 0.380661
23321 1.023846
23326 1.187661
23330 0.045388
23332 1.182692
23334 0.357729
23335 1.222592
23337 0.590398
23351 0.188518
23354 0.019631
23363 0.069862
23364 0.075924
23371 0.185725
23372 0.448794
23375 0.481207
23378 0.358722
23385 0.153247
23386 1.125655
23392 1.064268
23396 0.558899
23401 0.596876
23405 0.572367
23411 0.996103
23412 0.137519
23426 1.181570
23427 0.221697
23429 0.354085
23432 1.088202
23433 0.940483
23435 1.047185
23439 0.407600
23441 0.444642
23450 1.167867
23452 0.180977
23459 0.010997
23463 1.063148
23466 0.129799
23467 0.565553
23475 0.409901
23476 0.213779
23480 0.047192
23483 1.066471
23484 0.964598
23503 1.032749
23508 0.490677
23509 0.255804
23517 0.493983
23522 0.273162
23530 0.233413
23534 0.507230
23550 0.030067
23553 0.561440
23563 0.221871
23565 1.059061
23572 0.434699
23582 0.447918
23599 0.489037
23601 1.110540
23606 0.242811
23617 0.123248
23618 1.227250
23631 0.060518
23636 0.118766
23644 0.416189
23656 0.110766
23663 0.246222
23665 0.475064
23669 0.315395
23680 0.015731
23684 0.460883
23690 0.292527
23691 0.413613
23708 0.179469
23718 0.374293
23725 0.320596
23729 1.187661
23730 0.508257
23745 0.176886
23746 0.611469
23751 0.166689
23755 1.225666
23756 1.233536
23758 0.186019
23760 0.043718
23777 0.241931
23778 0.288501
23785 0.208565
23795 1.069681
23798 1.094249
23802 0.402597
23806 1.172999
23807 0.472758
23813 0.168805
23814 0.224825
23820 1.131106
23821 0.355074
23826 0.238526
23829 1.085172
23838 0.149899
23839 1.107818
23840 0.320152
23849 0.045030
23853 0.591237
23860 0.164330
23873 0.600081
23875 0.937948
23879 0.222083
23880 1.055699
23882 0.339332
23884 0.500068
23887 0.273655
23892 0.517397
23893 0.241931
23899 0.321889
23900 1.035933
23905 1.009124
23916 0.102287
23920 1.252262
23923 0.402597
23926 0.132632
23932 0.298201
23934 0.431877
23935 1.225009
23937 0.019390
23940 0.047270
23944 1.000136
23960 1.031046
23962 0.189580
23965 0.010151
23975 0.250662
23976 0.316071
23978 0.342830
23982 0.091359
23992 0.167108
24002 0.204498
24005 0.519971
24007 0.548151
24008 0.522161
24016 0.371450
24025 0.343938
24028 0.098561
24030 0.277963
24033 0.362896
24034 0.545819
24036 0.206123
24039 0.466321
24041 0.505388
24045 0.411113
24046 0.141388
24059 0.586499
24071 0.520436
24072 0.930096
24080 0.240539
24090 1.053404
24093 0.269125
24101 0.992962
24104 0.357789
24106 0.025679
24108 1.094249
24109 0.625085
24110 0.260874
24113 1.133452
24123 0.316071
24138 0.232635
24148 1.060977
24151 0.344250
24156 1.035057
24163 0.612986
24166 0.524283
24184 1.141086
24195 0.110766
24204 0.191558
24205 0.234337
24208 0.028792
24214 0.377892
24217 0.272764
24220 1.214964
24228 0.569522
24234 0.224533
24237 0.549293
24241 0.059383
24244 0.104410
24251 0.344250
24257 0.085855
24258 0.399132
24262 0.548151
24263 0.098972
24271 0.161287
24274 1.054049
24276 0.463820
24289 0.350208
24305 0.583412
24307 0.101509
24309 1.103230
24313 0.158355
24330 0.261503
24342 0.253965
24347 1.143674
24367 0.426705
24376 1.198361
24388 0.466387
24396 0.340955
24398 0.988648
24403 0.355283
24406 0.203942
24407 0.405909
24408 0.552748
24410 0.150164
24412 0.501621
24416 1.192802
24432 0.426340
24439 1.161032
24441 0.578604
24446 0.091359
24447 0.143092
24454 1.195323
24481 0.059383
24490 0.354330
24496 1.013471
24497 0.574361
24499 0.508299
24500 0.367200
24501 0.566591
24509 0.994666
24517 0.015325
24518 0.508153
24520 0.390311
24528 0.085855
24530 0.484760
24537 1.328137
24540 0.059014
24541 0.077336
24545 0.077246
24546 0.230261
24553 1.120435
24560 0.061299
24575 0.492805
24583 0.544799
24587 0.458753
24598 1.076318
24599 0.077456
24602 0.262305
24606 0.566302
24611 1.026374
24618 1.223038
24622 0.290598
24623 0.290198
24625 0.591282
24626 0.200328
24627 0.515130
24629 0.077336
24639 0.084833
24642 0.400898
24644 0.040954
24660 0.504602
24666 0.298201
24668 0.041672
24671 0.430758
24681 0.381225
24683 0.189520
24684 0.248026
24690 0.527849
24691 1.197396
24693 0.069862
24694 0.397631
24695 0.519920
24696 0.349667
24700 0.580634
24703 0.518022
24705 0.380463
24707 0.359897
24713 0.460219
24722 0.206978
24723 0.199129
24731 0.107273
24732 0.179949
24737 1.027784
24738 1.241297
24739 1.263671
24745 0.425212
24758 0.335168
24762 0.583878
24764 0.353771
24770 0.010604
24775 0.100771
24784 0.398099
24790 0.326607
24794 0.023518
24799 0.417421
24815 0.520215
24816 0.446273
24824 0.308898
24828 0.225505
24829 0.259126
24834 0.361954
24837 1.124599
24841 0.453025
24845 0.056287
24849 1.050623
24858 0.362896
24863 0.457631
24865 0.056555
24872 0.993757
24883 1.027465
24887 0.354686
24889 0.104794
24893 1.120823
24897 1.046126
24899 1.295630
24906 1.193879
24910 1.162392
24914 0.219083
24918 0.539846
24923 0.576192
24936 0.390678
24939 0.312185
24940 0.103275
24943 0.477393
24950 1.113074
24961 0.381748
24964 0.277963
24965 1.176241
24966 0.477139
24967 0.166689
24973 1.145245
24977 0.225505
24983 0.450492
24986 0.211363
24987 0.371790
24988 0.172125
24997 0.019470
25016 0.110996
25017 1.094618
25019 0.345921
25021 0.231739
25027 0.505097
25028 0.445373
25033 0.312249
25047 0.554242
25049 0.105570
25066 0.199049
25067 0.068256
25068 0.223035
25085 0.367860
25087 1.039942
25098 0.529284
25102 0.441131
25106 0.450061
25114 0.289673
25116 0.540810
25122 0.373265
25123 0.400836
25138 0.215938
25139 0.143669
25144 0.329637
25149 0.384388
25153 0.391059
25155 0.375051
25157 0.239616
25161 0.026540
25165 0.300674
25166 1.090991
25172 1.077957
25176 0.359292
25187 0.596756
25191 0.080977
25198 0.276493
25206 0.585224
25208 0.522374
25213 1.085172
25218 0.582626
25221 0.538406
25225 1.137336
25230 0.044607
25239 0.127456
25240 0.386680
25244 0.112441
25246 0.089075
25252 0.127600
25255 0.431877
25261 0.013891
25266 1.096302
25270 0.324498
25273 0.512324
25283 0.104640
25289 1.083251
25292 1.023216
25310 1.143674
25311 1.043494
25313 0.031050
25315 1.200032
25316 0.383516
25319 0.115307
25326 0.030982
25331 1.035640
25337 0.078740
25340 0.219937
25350 0.115556
25354 1.222938
25357 0.247664
25358 0.190026
25363 0.031050
25377 0.203599
25382 0.359897
25385 0.235058
25388 0.088443
25390 0.161287
25404 1.063731
25405 0.201136
25409 0.055498
25412 0.102164
25421 0.285495
25425 0.593830
25428 0.578860
25436 0.167952
25441 0.217172
25442 0.583034
25444 0.439874
25445 0.370715
25448 1.083306
25451 0.440369
25452 0.067481
25455 0.241149
25457 0.532925
25460 1.187661
25469 0.325819
25474 1.252017
25489 0.593830
25492 1.280114
25495 0.097349
25496 0.450492
25499 1.267810
25500 0.590398
25503 0.222686
25518 0.107427
25520 0.144295
25527 0.129202
25530 0.477452
25535 0.513959
25536 0.524422
25543 0.441317
25551 0.083712
25559 0.156960
25560 0.099490
25565 0.375051
25576 0.439874
25592 0.542638
25594 0.237532
25597 0.186823
25600 0.353536
25603 0.605474
25605 0.091359
25608 0.525312
25609 0.210315
25634 0.532400
25635 0.580148
25639 0.349741
25646 0.342046
25647 0.564941
25648 1.187661
25665 0.169666
25666 0.560035
25668 0.104410
25673 0.010022
25674 0.146625
25679 1.119262
25683 0.435268
25685 0.336130
25687 0.045244
25691 0.531465
25695 0.610480
25706 0.593830
25709 1.114089
25710 1.192469
25714 0.365434
25716 0.134452
25718 0.443525
25722 1.071224
25738 0.347079
25743 1.264120
25747 1.210722
25755 0.467058
25756 1.181099
25781 0.448403
25790 0.157480
25792 0.440584
25794 0.489977
25796 0.283419
25798 1.054287
25801 0.554591
25802 0.178149
25808 1.142176
25810 0.257954
25841 0.187525
25845 0.460669
25850 0.484070
25857 1.221049
25861 1.058567
25864 0.490451
25871 0.072927
25872 0.508998
25882 0.342708
25883 0.505714
25886 0.262656
25893 0.226942
25910 0.382691
25912 0.500068
25913 0.581510
25916 0.427141
25927 0.426588
25932 1.025469
25934 0.610055
25941 0.223903
25950 0.984249
25975 0.029145
25988 0.985611
25994 0.441317
25999 0.524132
26010 0.459378
26011 1.000770
26014 0.514848
26024 0.364530
26028 0.483598
26033 0.492578
26035 0.304157
26039 1.156893
26040 0.303694
26043 0.483862
26045 1.054216
26046 0.048083
26052 0.465010
26060 0.331105
26062 0.145853
26064 0.074229
26067 0.140476
26068 0.114473
26070 0.384243
26074 1.276736
26083 0.548151
26099 0.142519
26101 1.057401
26107 0.548151
26114 0.964340
26115 1.036149
26118 0.582626
26120 0.629224
26134 0.906762
26135 0.227576
26137 0.503524
26143 0.348917
26153 1.122879
26163 0.210620
26170 0.620999
26174 0.433147
26175 0.182717
26177 0.431877
26179 0.405202
26184 1.125875
26190 0.024615
26203 0.144837
26204 0.094384
26212 0.422012
26220 0.365434
26230 0.137302
26232 0.096297
26243 0.551235
26245 0.487566
26246 0.586676
26249 1.055699
26251 0.202442
26252 0.103275
26253 0.441643
26263 0.429820
26266 0.455674
26267 0.559702
26273 0.486991
26274 0.472915
26285 0.117300
26286 1.082091
26295 0.443065
26315 0.230261
26326 1.132677
26335 0.416453
26336 0.014055
26337 0.292848
26341 0.152021
26342 0.447301
26346 0.221697
26348 0.536363
26353 0.421239
26355 0.530529
26360 0.392615
26361 0.223421
26365 0.320989
26383 0.298882
26385 0.230934
26392 0.165961
26394 1.094618
26397 0.194137
26410 0.119856
26412 0.132700
26421 1.235940
26423 0.284470
26425 0.367792
26427 0.567555
26428 0.489910
26438 0.305735
26446 0.040720
26447 0.424726
26459 0.472203
26463 0.577426
26464 0.527849
26468 0.326025
26469 0.465369
26480 0.201825
26482 0.400836
26486 0.602521
26499 0.348671
26522 0.191558
26529 0.180977
26537 0.415199
26543 0.317718
26547 0.072292
26556 0.572514
26557 0.426636
26559 0.292048
26565 0.562827
26583 1.155990
26584 0.453381
26589 0.553832
26597 0.557174
26601 0.025541
26612 0.051192
26620 1.107663
26621 0.329111
26624 1.172499
26625 0.211662
26636 1.065296
26638 0.448994
26640 0.229198
26641 0.158355
26650 1.164967
26656 0.609057
26662 0.283151
26666 0.468948
26675 1.064413
26681 0.199793
26695 0.488749
26700 0.448174
26702 0.428717
26705 0.391537
26707 0.446070
26711 0.070454
26716 0.278884
26725 0.044537
26729 0.472114
26737 0.178895
26743 0.457893
26748 0.290432
26750 1.246716
26756 0.569088
26757 0.453096
26764 0.389397
26768 0.252928
26774 1.061780
26775 0.505159
26777 1.197726
26780 0.451011
26783 0.350278
26785 0.208820
26789 0.503856
26790 0.381748
26794 0.493573
26798 0.281288
26804 0.323401
26805 0.363285
26818 0.106585
26819 0.269125
26822 0.435268
26827 0.447705
26833 0.512324
26834 0.440369
26837 0.259374
26841 0.023402
26855 0.522798
26861 1.225565
26862 0.059383
26870 0.472758
26874 0.092246
26879 0.315308
26881 0.304157
26885 1.225973
26886 0.378886
26908 0.423325
26911 0.136032
26914 1.086822
26920 0.303694
26927 0.328661
26936 0.124513
26942 0.348553
26948 0.133445
26949 1.006824
26950 0.517292
26951 0.186300
26963 0.568561
26970 0.026102
26972 0.500068
26981 0.965453
26982 0.961669
26983 1.074550
26984 0.469199
26986 0.479423
26988 0.230746
26993 0.489037
26996 1.165039
26999 0.242586
27004 1.208497
27014 0.537573
27016 1.247315
27020 1.071224
27021 0.135381
27033 0.119430
27038 0.124290
27039 1.153728
27044 1.367307
27045 0.511145
27047 1.192987
27049 0.246787
27058 0.443873
27059 0.564003
27067 0.014055
27068 0.550504
27069 1.208744
27070 0.106889
27078 0.073768
27080 0.535711
27083 0.285446
27085 1.240682
27088 1.176561
27095 0.424854
27096 0.269631
27099 1.145744
27101 0.493747
27103 0.128396
27104 0.630616
27105 0.088521
27106 0.354686
27109 0.393700
27111 0.475064
27119 0.575836
27132 0.253675
27134 0.467058
27135 0.282216
27142 1.039841
27151 0.062839
27154 0.284129
27160 1.160972
27173 0.100839
27174 0.167670
27176 0.204433
27179 1.284219
27180 1.021388
27185 1.128278
27192 0.167670
27194 1.124319
27198 0.189185
27202 0.306493
27203 0.128396
27216 0.034096
27219 0.449116
27223 0.377535
27224 0.195903
27225 0.221871
27240 0.275252
27251 0.030982
27252 0.503856
27253 1.258115
27255 0.530657
27264 0.365434
27272 0.486651
27287 0.312542
27289 0.123715
27297 0.048875
27306 0.177467
27310 0.421655
27332 0.313543
27339 0.272330
27341 0.415681
27343 0.167822
27345 0.363570
27354 1.033613
27360 0.174107
27361 0.470361
27364 0.231493
27374 1.030800
27380 0.222686
27383 0.231112
27395 0.305399
27402 0.597662
27414 1.002429
27418 0.468814
27421 0.199695
27426 0.574496
27430 0.238938
27433 0.026840
27436 0.054293
27437 1.318361
27440 0.322442
27447 0.022622
27458 0.287337
27470 0.233472
27473 0.339332
27475 0.442160
27495 0.097449
27496 0.959726
27499 0.307256
27501 0.519110
27508 0.440304
27517 0.271803
27523 0.263925
27526 0.010195
27531 0.498524
27532 0.431877
27542 0.085855
27546 0.115869
27553 1.194773
27558 0.298882
27565 0.563221
27566 0.500068
27567 0.193208
27568 0.475064
27574 1.103826
27577 0.969923
27597 0.491100
27603 0.352383
27607 0.029692
27611 0.180270
27612 0.215938
27614 0.539262
27619 0.448174
27622 0.050007
27629 0.055759
27635 0.477393
27645 0.502472
27647 0.591282
27652 0.148458
27653 0.061697
27655 0.283295
27667 1.172999
27678 0.262305
27696 0.580634
27702 1.149837
27718 0.210620
27720 1.140691
27722 0.161671
27724 0.034096
27725 0.505856
27735 0.189580
27738 0.518252
27741 0.568329
27761 0.011204
27774 0.508208
27775 0.267806
27780 0.478052
27785 0.050809
27788 0.527849
27789 0.339332
27790 0.403649
27813 0.526350
27817 0.453822
27819 0.300493
27820 0.537403
27832 0.620687
27841 0.973023
27842 0.150337
27844 0.138560
27846 0.146347
27856 0.239711
27859 1.100432
27868 0.544927
27869 1.283220
27871 0.034259
27880 0.060390
27887 0.308658
27889 0.096558
27893 0.309825
27899 0.092695
27902 0.536363
27903 0.395887
27910 1.111038
27913 0.275537
27920 0.994899
27926 0.287337
27940 0.144690
27943 0.573354
27948 0.159062
27952 0.146024
27956 0.157401
27959 0.318225
27969 0.194699
27973 0.175139
27974 1.064144
27982 1.255743
27983 0.084331
27994 1.214964
27998 0.040260
28007 0.616796
28010 0.540309
28019 0.529002
28025 0.486991
28029 0.234407
28034 1.231648
28042 0.106585
28047 0.085855
28052 0.352467
28064 0.265329
28068 1.223220
28069 0.512735
28084 0.131299
28104 0.535421
28107 0.039262
28111 0.582033
28129 0.516374
28130 0.248843
28132 0.606740
28135 0.269923
28136 0.491860
28143 1.268806
28145 0.170682
28147 1.151230
28151 0.424639
28154 0.233160
28159 0.227635
28172 0.136165
28179 1.114349
28184 0.590934
28186 0.329351
28188 0.296915
28190 0.603460
28191 0.300328
28197 0.011100
28213 0.606465
28218 0.196022
28220 1.026886
28225 0.568453
28228 0.311054
28231 0.479142
28232 0.300041
28242 0.448403
28243 0.536363
28244 0.483663
28250 0.079556
28253 0.224693
28256 0.281288
28258 0.234474
28271 1.195423
28275 1.273916
28277 1.119041
28281 0.992357
28290 1.153165
28305 1.153336
28306 0.041672
28307 1.132677
28311 1.203288
28316 0.244518
28317 0.370025
28320 0.575078
28322 0.574850
28325 0.140314
28326 0.581906
28334 0.473093
28344 0.418296
28345 0.118766
28354 0.302517
28357 0.533495
28361 1.108484
28362 0.087512
28373 1.078271
28379 0.507350
28386 0.544345
28388 0.231226
28389 0.411369
28390 0.268638
28401 0.093609
28403 1.159782
28415 0.116437
28416 0.073464
28418 0.552102
28420 0.475064
28422 0.578759
28430 1.040174
28439 0.236143
28442 0.021892
28456 0.040954
28457 0.088443
28462 0.117590
28488 0.262656
28499 0.298201
28500 0.100839
28502 1.250169
28515 0.482120
28517 0.500628
28518 1.070361
28529 0.211363
28558 0.339332
28560 0.188946
28571 0.030848
28572 0.339332
28577 0.437248
28578 0.084402
28585 0.314196
28591 0.192594
28599 0.403357
28601 0.470583
28608 0.551075
28609 1.132421
28620 0.068519
28627 0.531789
28629 0.390678
28634 0.151032
28638 0.390876
28650 0.044817
28659 0.895613
28660 0.351900
28667 1.135110
28677 0.093412
28679 0.498238
28688 0.314540
28692 0.581302
28693 0.547256
28699 1.241646
28704 0.251690
28709 0.509684
28718 0.148458
28724 0.573354
28732 0.596815
28739 0.095013
28742 0.153577
28746 1.045142
28758 0.981111
28763 1.022290
28766 0.186300
28767 0.392352
28771 0.248580
28774 0.192920
28777 0.085597
28780 0.154672
28781 0.359424
28790 0.224693
28791 1.230737
28799 0.466321
28803 0.433070
28804 0.381225
28829 1.046752
28833 0.371144
28837 0.047506
28838 1.230295
28856 1.114089
28860 0.274535
28862 0.124471
28888 0.562018
28889 0.177043
28890 0.483291
28892 0.494287
28895 0.578446
28932 0.187879
28935 0.209587
28936 0.535100
28948 1.151671
28949 1.042004
28968 1.085412
28969 0.188694
28970 0.581196
28971 0.381748
28983 0.355188
28985 1.101406
29001 0.111660
29005 1.062330
29006 0.455730
29008 0.063342
29017 0.393365
29029 0.519301
29038 1.187661
29039 0.275252
29040 1.177057
29049 0.263925
29064 0.544927
29065 1.041397
29067 0.182717
29071 0.411113
29072 0.409538
29082 0.196918
29083 0.285039
29089 0.098154
29090 0.525686
29095 0.404310
29103 0.178428
29116 0.089214
29119 0.245723
29121 0.372870
29122 0.226690
29124 1.118953
29129 0.500068
29143 1.061314
29145 0.269366
29147 0.214638
29149 0.335643
29160 0.339332
29168 0.587951
29175 0.381068
29176 0.059632
29177 0.044817
29182 0.280166
29192 0.375689
29193 0.557684
29198 1.193290
29199 0.047506
29209 0.351033
29211 0.571422
29214 0.300946
29216 0.549747
29225 0.386680
29235 0.234922
29238 1.166825
29249 0.503568
29250 0.306023
29251 0.327973
29256 1.175290
29260 0.332848
29262 0.318225
29281 1.072288
29289 0.937948
29294 0.539262
29297 0.127820
29317 1.232600
29325 0.540810
29326 0.227635
29333 0.041672
29335 0.246403
29345 0.335643
29359 1.097036
29361 0.250034
29364 0.619023
29367 0.530412
29370 0.164762
29374 0.609057
29377 0.087975
29383 0.090970
29397 1.137275
29401 0.111126
29406 1.102828
29413 0.342488
29419 0.296915
29423 1.142560
29434 1.069409
29435 1.344522
29446 1.105348
29447 0.072863
29448 1.115849
29449 0.536024
29454 0.289302
29459 0.082723
29462 1.289461
29473 0.256535
29479 0.053021
29484 0.325649
29489 0.073464
29494 0.567385
29495 0.486112
29497 0.039424
29499 0.406823
29500 1.024221
29515 0.044817
29526 0.150630
29527 0.163303
29528 0.292527
29529 0.123715
29534 0.293250
29537 1.274563
29543 0.030453
29552 0.228396
29556 0.466581
29564 0.053498
29568 1.176241
29581 0.156960
29582 0.586676
29583 0.284227
29585 0.548151
29586 0.202382
29587 0.186544
29590 0.204498
29591 0.039370
29596 0.378886
29600 0.433754
29604 1.173851
29609 0.067226
29620 1.144033
29628 0.269923
29632 0.532648
29633 0.442674
29639 0.287918
29649 0.110996
29653 1.110540
29657 0.633419
29668 1.022167
29677 0.291706
29687 1.208021
29694 0.583163
29702 0.154912
29717 0.466387
29721 0.463477
29723 1.281733
29727 1.037956
29732 0.185090
29736 0.069280
29744 1.097295
29747 0.197031
29753 0.349312
29764 0.310411
29769 0.012568
29770 0.136799
29772 0.172960
29801 0.509956
29802 0.414418
29809 0.489910
29822 1.157517
29833 0.382691
29834 0.210827
29836 0.137854
29837 0.394202
29840 0.123393
29841 0.460883
29842 0.195075
29844 1.116401
29852 0.186300
29871 0.393544
29874 0.157046
29878 0.252928
29879 0.479325
29882 0.353471
29883 0.323908
29891 0.228197
29893 0.252378
29895 0.392352
29896 0.322078
29899 0.310696
29901 0.982104
29903 1.090489
29906 0.180524
29918 0.009501
29921 0.076623
29925 0.412615
29927 0.562938
29942 0.531128
29945 1.148334
29949 0.557174
29956 0.010108
29963 0.517698
29964 0.260584
29968 0.227635
29984 1.064460
29989 0.219083
29990 0.213512
29997 0.557174
