5995
10940 1.359620
22982 1.345716
23714 1.342907
16755 1.338753
29995 1.337217
6199 1.329591
4417 1.324838
28933 1.321781
28715 1.317930
18252 1.314980
1023 1.313603
1531 1.313500
28680 1.309222
20313 1.301754
3452 1.299847
26128 1.298519
2768 1.296062
1130 1.293896
29548 1.291699
18528 1.290628
5374 1.290628
7167 1.289054
25057 1.287953
11141 1.285387
12971 1.284860
27260 1.282452
12898 1.281727
27168 1.281727
8254 1.280861
19851 1.280700
4982 1.277219
9635 1.277114
20676 1.276288
7790 1.275916
12453 1.274889
7358 1.274638
1778 1.272948
10077 1.271882
14480 1.271714
20781 1.270951
23957 1.270772
7260 1.269786
20181 1.269786
5835 1.267162
830 1.267162
21490 1.265976
11422 1.265365
25521 1.265277
18429 1.263783
12686 1.263061
27161 1.260723
27654 1.260003
27433 1.260003
10419 1.259381
26065 1.259176
8699 1.258363
29969 1.257746
25573 1.257365
27452 1.256603
23062 1.255356
2108 1.254491
8033 1.254079
1247 1.253963
29171 1.253753
19278 1.252924
228 1.252924
13659 1.252788
1122 1.252669
29710 1.251843
16836 1.250917
24231 1.250159
29515 1.249231
804 1.248065
7478 1.247607
10211 1.246558
28522 1.245282
19042 1.242605
19736 1.242164
15423 1.241511
1894 1.241125
19869 1.240507
28845 1.240405
9315 1.239953
19440 1.239953
4546 1.239748
8376 1.239698
8562 1.239698
5028 1.239654
25770 1.239654
7409 1.237984
24933 1.237556
5703 1.237114
29611 1.236692
14489 1.235226
27203 1.234817
27747 1.234163
14199 1.233816
21887 1.233816
21151 1.233753
19040 1.232393
7225 1.231061
3798 1.229893
22024 1.229893
3016 1.229893
14871 1.227769
13198 1.227506
22546 1.226424
7671 1.226374
9492 1.226097
7569 1.224694
13531 1.223792
10700 1.222700
25824 1.222700
24152 1.222700
28320 1.222700
6821 1.222121
3940 1.221994
13174 1.221303
170 1.220379
16334 1.219644
5646 1.219381
4813 1.218862
27551 1.217321
20211 1.216878
22407 1.216878
1916 1.216299
752 1.215478
2700 1.215478
20188 1.215342
27659 1.214971
22046 1.214971
20960 1.214971
1402 1.214147
12670 1.214023
13802 1.213888
29528 1.213063
1966 1.212962
28110 1.212704
27348 1.212623
17428 1.212561
19338 1.212561
1087 1.212068
20083 1.210189
2371 1.209741
15313 1.208028
18749 1.208028
19623 1.208028
5067 1.208028
1889 1.208028
20807 1.207503
13314 1.206990
3149 1.206990
19878 1.206990
19589 1.206821
26557 1.206675
13108 1.206675
20404 1.206241
14908 1.206051
13575 1.205676
28309 1.205676
18968 1.205398
24526 1.205306
3113 1.204586
18705 1.204586
29346 1.204586
6459 1.204136
2645 1.204136
16433 1.203695
17695 1.203695
5370 1.203695
11640 1.203263
9873 1.202085
13249 1.201619
6054 1.201619
11842 1.201619
27665 1.199650
24503 1.199525
3009 1.199035
13483 1.198558
26749 1.198357
3651 1.198246
18905 1.198246
13171 1.198093
2359 1.197864
26396 1.197864
21007 1.197196
533 1.195931
2107 1.195873
19039 1.195026
18497 1.194753
8599 1.194753
12550 1.194011
19747 1.193535
20362 1.193302
24486 1.193244
13438 1.192623
15352 1.192295
22787 1.192133
2277 1.192133
22913 1.191867
22464 1.191606
24306 1.191349
11135 1.190246
27927 1.190175
7205 1.189896
8239 1.189896
23780 1.189443
5174 1.189354
2899 1.189222
558 1.188268
24983 1.188268
4540 1.188085
11514 1.187845
16698 1.187668
25238 1.187609
14599 1.187609
6707 1.187094
21878 1.186817
4790 1.186019
13327 1.185271
17278 1.185271
5032 1.185079
16397 1.185079
17049 1.185031
648 1.184890
21323 1.184567
28198 1.184341
2288 1.184341
8710 1.184120
28651 1.184047
13867 1.183903
774 1.183761
8549 1.183482
15602 1.183482
13004 1.183482
9609 1.183482
21419 1.182685
3756 1.182685
28223 1.181944
11206 1.181767
1456 1.181708
3585 1.181708
3032 1.181033
8868 1.180607
1248 1.180003
1015 1.178902
20536 1.178902
25454 1.177333
14813 1.177333
138 1.177192
21015 1.177192
10514 1.176782
3649 1.176651
6221 1.176457
21138 1.176269
23072 1.176146
17259 1.176085
16849 1.176085
7952 1.175906
20697 1.175789
12099 1.175789
20760 1.175560
11239 1.175231
27263 1.174917
7824 1.174765
20385 1.174765
15095 1.174765
15350 1.174472
12047 1.174330
16846 1.173665
2274 1.173298
6021 1.173181
3036 1.173181
538 1.172953
29367 1.172843
15303 1.172524
15344 1.172421
27421 1.171845
27198 1.171845
14191 1.171755
8510 1.171579
25907 1.170858
26224 1.169059
18786 1.168964
17640 1.168871
2035 1.168780
11888 1.168692
10348 1.168605
8131 1.168439
5167 1.168439
13118 1.168280
13961 1.168203
22156 1.168055
19655 1.168055
5180 1.168055
14397 1.167913
5738 1.167777
1976 1.167522
19814 1.167462
9992 1.167123
18147 1.166869
6905 1.166774
636 1.166638
26149 1.166594
21348 1.166551
13188 1.166508
12260 1.166467
13801 1.166426
29363 1.166426
28745 1.161565
27633 1.161565
19197 1.161565
20031 1.161565
12910 1.161565
25555 1.161565
22435 1.161565
23903 1.161565
7215 1.161565
4264 1.161565
26898 1.161565
13663 1.161565
9334 1.161565
24934 1.161565
23633 1.161565
15009 1.161565
15136 1.161565
1512 1.161565
3958 1.161565
18432 1.161565
1811 1.161565
2503 1.161565
24363 1.156824
22442 1.156785
5531 1.156623
14979 1.156357
15562 1.156008
18926 1.155954
6215 1.155954
17981 1.155547
21017 1.155547
4497 1.155218
11227 1.155076
215 1.154851
24808 1.154773
17207 1.154692
20406 1.154610
8565 1.154260
23631 1.154167
2681 1.154071
22766 1.153973
27223 1.153873
27114 1.152273
26401 1.152198
15161 1.151886
17275 1.151638
9623 1.151376
7677 1.151376
3181 1.151376
4110 1.151006
9997 1.150909
4737 1.150810
12949 1.150288
13103 1.150178
28864 1.149950
13712 1.149466
37 1.149466
21689 1.149208
9797 1.148940
10313 1.148940
20951 1.148801
8454 1.148514
11011 1.148366
15592 1.148059
26119 1.147900
21244 1.147571
12792 1.147400
9005 1.147342
22837 1.147342
26695 1.147225
14934 1.147046
24168 1.147046
17067 1.146985
27012 1.146862
12804 1.146737
12239 1.146674
28089 1.146480
8365 1.146480
13688 1.146480
7983 1.146282
22355 1.146078
26900 1.146078
22091 1.145654
21147 1.145654
21313 1.145654
3098 1.145358
1700 1.144892
15530 1.144892
29404 1.144567
10695 1.144399
20922 1.144399
12938 1.144229
22115 1.143695
8647 1.143510
27960 1.143321
26747 1.142729
8664 1.142678
18470 1.142366
19301 1.142313
8775 1.142206
23331 1.142206
28404 1.142043
26850 1.142043
23310 1.141878
11512 1.141653
8173 1.141653
8085 1.141538
27723 1.141187
24992 1.141007
8849 1.140446
21298 1.140187
8395 1.140187
15630 1.140187
25889 1.139921
20484 1.139649
233 1.139649
25102 1.139440
13426 1.139440
4962 1.139228
26378 1.139228
9779 1.138334
8283 1.138099
11703 1.138099
5229 1.137860
10683 1.137665
26755 1.137665
17266 1.137616
15915 1.137616
16003 1.137616
18221 1.137467
21003 1.137366
9056 1.137366
19795 1.137265
14274 1.137060
6143 1.136851
24625 1.136639
15329 1.136314
28295 1.136314
17781 1.135463
4166 1.135463
18436 1.134801
11603 1.134801
24381 1.134552
21646 1.134552
14705 1.133909
3332 1.133777
3582 1.133777
1616 1.133508
26380 1.133463
25137 1.133235
18782 1.132766
16520 1.132526
10995 1.132380
18734 1.132159
9061 1.132159
15384 1.131782
15565 1.131782
25849 1.131782
24640 1.131473
10638 1.131395
8090 1.131395
3311 1.131158
1313 1.130836
6097 1.130836
1283 1.130727
1699 1.130590
21778 1.130508
18481 1.129478
12996 1.129300
28151 1.129119
6176 1.129119
10862 1.129119
24257 1.128911
12533 1.128753
15041 1.128105
9140 1.127994
12307 1.127733
26384 1.127602
28706 1.127402
19940 1.127258
22734 1.127258
9561 1.127063
29897 1.126966
1504 1.126669
21780 1.126366
275 1.126059
13653 1.125746
13095 1.125746
29516 1.125428
23845 1.125267
6167 1.125038
23831 1.125038
894 1.124884
5147 1.124884
18009 1.124494
10510 1.124494
9917 1.124096
9383 1.124096
10655 1.124096
12397 1.123791
16237 1.123747
20932 1.123747
29078 1.123688
13809 1.123606
2748 1.123606
24879 1.123103
1687 1.123030
16532 1.122847
10335 1.122521
18715 1.122285
11843 1.121967
19018 1.121511
8754 1.121511
13403 1.121511
27157 1.121511
14884 1.121163
23130 1.121163
8452 1.121046
21764 1.120809
6660 1.120706
4841 1.120706
6227 1.120292
29895 1.120081
18871 1.119868
1375 1.119581
26093 1.119436
19709 1.119327
957 1.119327
6285 1.119241
11523 1.119241
23114 1.118995
13370 1.118995
4407 1.118939
3313 1.118544
10266 1.118544
20927 1.118544
4159 1.118544
17556 1.118187
28983 1.118142
15559 1.118142
16140 1.117824
16820 1.117824
20449 1.117824
12287 1.117614
26843 1.117455
15859 1.117134
11439 1.117134
3841 1.116698
15866 1.116643
26051 1.116643
1987 1.116014
12153 1.116014
10532 1.115914
2803 1.115914
6559 1.115714
20958 1.115103
16982 1.115103
24433 1.115103
25866 1.114262
12204 1.114262
22259 1.114262
7332 1.113960
23803 1.113567
15985 1.113453
18274 1.112877
26028 1.112877
24969 1.112657
26958 1.111606
9285 1.111546
1650 1.111546
27228 1.111063
17714 1.111063
29026 1.110620
19755 1.110570
18550 1.110251
26821 1.109776
25893 1.109776
26330 1.109710
27517 1.109555
2357 1.109108
15180 1.109032
18360 1.108984
9988 1.108984
29415 1.108767
19434 1.108767
8231 1.108767
9500 1.108422
22980 1.108104
20696 1.107955
16342 1.107718
2744 1.107539
8616 1.107539
11858 1.106904
22171 1.106832
23866 1.106775
22968 1.106253
12061 1.106253
6935 1.106253
20491 1.106253
25421 1.105721
9121 1.105586
27575 1.105361
1343 1.105179
5500 1.105057
17567 1.104626
4144 1.104626
26289 1.103967
18142 1.103750
5003 1.103750
14317 1.103487
25028 1.103487
21864 1.103222
691 1.103163
19565 1.102999
4538 1.102752
19557 1.102684
27525 1.102503
4558 1.102136
608 1.101998
20185 1.100921
24661 1.100921
19061 1.100430
18531 1.100430
10608 1.100430
10137 1.099889
22373 1.099889
24685 1.099889
127 1.099780
9079 1.099707
14919 1.099707
812 1.099615
2157 1.099615
132 1.099615
9468 1.099339
936 1.099116
29355 1.098623
8786 1.098623
24799 1.098384
5049 1.098207
1141 1.098207
14432 1.097743
3991 1.097743
4992 1.097358
28732 1.097358
19073 1.097034
16419 1.096757
16719 1.096633
1941 1.096431
14938 1.096431
17985 1.096041
21840 1.096041
5088 1.095816
10166 1.095567
27159 1.095044
9946 1.095044
22622 1.094979
17813 1.094669
8469 1.094669
11191 1.094367
13240 1.094120
20798 1.094120
10924 1.093961
20269 1.093238
22331 1.093238
16348 1.093238
26805 1.093238
16599 1.093238
12717 1.092614
14288 1.092614
21194 1.092562
27651 1.092562
12844 1.092425
27933 1.092333
21090 1.091745
17863 1.091592
13918 1.091331
23966 1.091331
18714 1.090738
14659 1.090672
19902 1.090449
4660 1.090449
23378 1.090449
3340 1.090184
5626 1.090184
11635 1.090000
20746 1.089864
29452 1.089610
23397 1.089315
27916 1.089269
13746 1.088968
17664 1.088968
5768 1.088968
24491 1.088664
18521 1.088617
8445 1.088553
7479 1.088049
19675 1.088049
3134 1.087709
11540 1.087648
20998 1.087648
6197 1.087423
8781 1.087225
5675 1.086787
7633 1.086787
19560 1.086626
7163 1.086439
14595 1.086439
11550 1.086439
25459 1.086139
20572 1.086139
8932 1.086016
22647 1.085961
26415 1.085811
2340 1.085397
6551 1.085055
22332 1.085055
8123 1.084979
5124 1.084128
8449 1.084128
6375 1.083433
11035 1.083383
12899 1.082815
8721 1.082815
2580 1.082726
5107 1.082142
8065 1.081850
8818 1.081457
13364 1.080815
3139 1.080761
18512 1.080304
18213 1.080256
24588 1.080182
11718 1.079942
9786 1.079629
11564 1.079573
22500 1.079050
10235 1.078990
26814 1.078596
13024 1.078138
25967 1.077849
8898 1.077394
11932 1.077206
26472 1.077088
23294 1.077088
330 1.077088
1726 1.076868
40 1.076816
7407 1.076313
3401 1.076253
16967 1.076253
19131 1.076082
22121 1.076082
11740 1.076082
15594 1.075524
11988 1.075524
4448 1.075336
20661 1.075336
6060 1.075278
28914 1.075278
7082 1.075278
7543 1.075066
20306 1.074448
11918 1.074448
6341 1.072214
23597 1.072214
23914 1.072214
797 1.072214
27467 1.072214
10361 1.072214
1497 1.072214
21766 1.072214
7066 1.071144
4489 1.071054
11104 1.071054
95 1.070567
2689 1.070567
26696 1.070462
15229 1.070343
13193 1.070343
29394 1.070048
28041 1.069168
29628 1.069168
265 1.068858
23156 1.068640
4416 1.068640
10686 1.068444
19384 1.068106
11430 1.068106
10394 1.067891
10462 1.067891
12309 1.067702
13268 1.066744
14042 1.066355
28012 1.065907
28619 1.065568
2253 1.065303
3551 1.065303
20091 1.065303
20228 1.065240
23973 1.065191
3170 1.064768
29613 1.064144
4483 1.064144
9084 1.064144
15022 1.063749
4897 1.063324
10181 1.063128
11324 1.063128
7950 1.062942
21739 1.062336
29001 1.062286
14146 1.062286
6817 1.062003
24680 1.062003
10740 1.061702
18156 1.061183
21453 1.060852
7444 1.060790
4422 1.060560
13321 1.060301
18858 1.059928
1637 1.059674
660 1.059503
27398 1.059450
18138 1.059074
15774 1.058915
13300 1.058772
28176 1.058642
12431 1.058315
24391 1.058315
3515 1.058180
24424 1.058180
19288 1.058060
20139 1.057233
8195 1.057233
25884 1.057025
28010 1.056875
3209 1.055969
14342 1.055969
21571 1.055969
16552 1.055000
15966 1.055000
20036 1.054755
18285 1.054272
6300 1.054108
19471 1.054108
9092 1.053908
5595 1.053908
27508 1.053908
5926 1.053660
1444 1.053513
13274 1.053513
3688 1.053008
27289 1.052669
11426 1.052242
7566 1.051766
24524 1.051766
13504 1.051623
23328 1.050711
21193 1.050662
29545 1.050662
26199 1.050352
11784 1.050182
25550 1.049607
992 1.049607
15440 1.049156
1026 1.048387
22166 1.048110
449 1.047934
6191 1.047934
835 1.047686
27369 1.047423
11173 1.047313
5989 1.047045
620 1.046904
21930 1.046904
10037 1.046559
17517 1.046559
16257 1.046455
10679 1.046178
17566 1.046178
27634 1.046178
18745 1.046017
7557 1.045409
4816 1.045409
14791 1.044794
129 1.044236
16383 1.044104
17649 1.043874
29453 1.043874
3780 1.043440
24515 1.043322
14737 1.043258
1808 1.043038
1586 1.042828
12861 1.042152
13572 1.042063
654 1.041889
2863 1.041763
25270 1.040966
27043 1.040883
6569 1.040883
2330 1.040763
12869 1.040421
8975 1.040359
16043 1.040063
27105 1.038916
21277 1.038576
25816 1.037995
19215 1.037665
16665 1.037665
24448 1.037665
26527 1.037515
1267 1.037373
10440 1.037305
6015 1.037112
3296 1.036934
14610 1.036769
7795 1.036299
23941 1.036138
24699 1.035729
13543 1.035613
22920 1.035453
14071 1.035308
11278 1.035177
16745 1.035177
22077 1.035058
21186 1.034949
4666 1.034672
28942 1.033921
16130 1.033687
20156 1.033596
4632 1.033556
7295 1.033556
19553 1.032503
25688 1.032503
9187 1.032503
28702 1.032503
26833 1.032503
7449 1.032503
11799 1.032503
1079 1.032503
8856 1.031432
15941 1.031390
11658 1.031345
16904 1.031345
22325 1.030975
8012 1.030793
17057 1.030343
8263 1.030258
28511 1.030258
24903 1.030167
16294 1.030067
1664 1.029569
18991 1.029411
23360 1.029235
8305 1.029106
20138 1.029106
23722 1.028815
25303 1.028271
22275 1.028271
23180 1.027809
13921 1.026741
22701 1.026283
3196 1.026168
8627 1.025798
15873 1.025231
3604 1.024290
28221 1.024176
22286 1.024012
16674 1.023558
11207 1.023406
24411 1.023406
12972 1.023030
210 1.022178
20159 1.022178
3715 1.021691
27269 1.021053
14362 1.020994
16892 1.019655
11437 1.019109
17762 1.019109
24881 1.018917
12762 1.018359
16328 1.017319
21938 1.017229
26290 1.017229
6757 1.017229
13854 1.017092
5994 1.017039
12425 1.017039
5283 1.016370
25924 1.016370
19925 1.016370
27811 1.015408
26383 1.015408
13353 1.014325
520 1.013963
9433 1.013730
23033 1.013172
5883 1.013172
16591 1.012929
22816 1.012647
13911 1.011916
10162 1.011853
6804 1.011363
29151 1.011363
12906 1.011245
2598 1.010992
8745 1.010992
17636 1.010510
18656 1.010467
27872 1.010057
29806 1.010057
18295 1.009037
29700 1.009037
19785 1.008903
10827 1.008728
19949 1.008728
1662 1.008728
26640 1.008728
19715 1.008392
1630 1.008392
5732 1.008338
14272 1.008151
5417 1.008151
3360 1.007970
9947 1.007623
22542 1.007480
8882 1.007480
4503 1.007480
4811 1.007071
5997 1.005684
8722 1.005534
22139 1.005534
14723 1.004597
12739 1.004597
19587 1.004065
13309 1.003966
19647 1.003418
17920 1.003170
57 1.003170
9246 1.002719
4277 1.002319
20554 1.001919
8542 1.001350
15662 1.001350
26909 1.001128
23524 1.001128
22582 1.001024
20535 1.000733
22034 1.000023
28017 0.999956
1162 0.998370
2375 0.997193
18799 0.997143
13243 0.995628
28963 0.995628
4354 0.995628
24010 0.995628
23958 0.995628
23582 0.995628
15971 0.995628
1367 0.994262
3916 0.994178
2111 0.994084
22006 0.993853
10698 0.993628
24081 0.992873
12982 0.992791
14611 0.992511
8203 0.992170
10241 0.992040
24054 0.991899
3448 0.991400
2785 0.990909
3783 0.990574
20601 0.989971
12347 0.989056
19333 0.989056
10303 0.988820
23236 0.988820
29365 0.988293
12610 0.987678
16800 0.987331
23393 0.987331
195 0.986706
22173 0.986235
21607 0.985571
26389 0.985571
61 0.985571
22698 0.985571
28056 0.984638
29280 0.984565
7125 0.984377
4300 0.983775
21062 0.983775
27548 0.983668
25139 0.983584
9471 0.983279
3475 0.983234
24068 0.981799
7573 0.981198
29181 0.980877
14396 0.980877
6465 0.980618
10191 0.979755
28190 0.979482
2126 0.979171
10239 0.978160
6463 0.978160
19296 0.977651
5624 0.977111
3546 0.976906
28322 0.975927
1768 0.975141
10321 0.972740
13440 0.972180
1336 0.971767
14784 0.969077
26020 0.968889
25290 0.967971
23912 0.967971
2696 0.967181
14134 0.967181
26328 0.967140
19750 0.966925
12998 0.965796
21250 0.965639
2502 0.965581
4831 0.965457
3955 0.965165
817 0.964993
16631 0.963955
547 0.963249
27899 0.963249
9222 0.963007
2317 0.962877
11854 0.962877
28216 0.961296
15740 0.960227
24452 0.959856
10643 0.958967
18929 0.953360
12418 0.953079
9777 0.949902
15616 0.948004
14545 0.947199
7870 0.947009
11976 0.946928
4781 0.944240
22416 0.944160
29233 0.943403
1069 0.943403
12247 0.942861
16452 0.942159
21318 0.942159
5575 0.941399
9446 0.941166
13111 0.941166
25858 0.940539
16212 0.940315
1000 0.939995
25767 0.938187
3466 0.937978
5819 0.937172
12403 0.935159
6458 0.931299
1365 0.929252
25372 0.929252
1672 0.925141
7806 0.924511
16856 0.924118
27663 0.922888
16992 0.922739
28779 0.920486
7089 0.919152
13803 0.918927
22231 0.918447
21214 0.917339
27119 0.915173
26494 0.913765
9416 0.911608
20032 0.911228
12304 0.911032
16161 0.908404
28495 0.905116
14422 0.902373
23770 0.901375
10210 0.901324
12912 0.899276
1160 0.896647
16251 0.896233
2159 0.896065
828 0.893512
21617 0.892685
3797 0.884495
19355 0.884441
3638 0.879974
4004 0.865248
17849 0.863974
17944 0.860925
1124 0.857920
29569 0.847108
21462 0.841134
8657 0.836768
28051 0.834658
16310 0.831738
23827 0.619502
8865 0.619502
15608 0.619502
8384 0.619502
3162 0.619502
17175 0.619502
21012 0.619502
15013 0.616760
212 0.616566
16921 0.616566
7400 0.616566
4488 0.616079
23842 0.615399
7148 0.614382
5722 0.614043
17081 0.614043
16259 0.613212
3818 0.612694
8764 0.612694
19882 0.611350
3257 0.611350
24922 0.611350
6034 0.611350
24851 0.610776
2903 0.609346
11806 0.609177
8872 0.608439
7287 0.607588
11789 0.607588
20197 0.607588
26951 0.607354
20952 0.607354
20679 0.607291
14817 0.606859
9041 0.606481
5548 0.606034
10628 0.606034
20551 0.605422
28093 0.605422
15974 0.605422
10490 0.605422
29174 0.605095
12445 0.604839
12620 0.604782
3144 0.604014
26760 0.604014
19568 0.604014
27481 0.604014
28819 0.604014
28126 0.603244
17706 0.603244
13886 0.602758
27383 0.602758
3696 0.602699
3380 0.601945
15699 0.601775
12166 0.601281
6623 0.601009
7126 0.601009
14236 0.600014
2713 0.600014
10052 0.599518
4420 0.598536
8794 0.598536
17853 0.598171
3969 0.597652
26849 0.597652
27137 0.596066
7623 0.595934
29999 0.595934
22463 0.595675
10219 0.595675
5851 0.595675
10315 0.595375
26726 0.595088
6354 0.595088
19987 0.594721
20743 0.594545
23096 0.594289
16167 0.594289
22484 0.594043
8765 0.594043
29744 0.593408
29192 0.592635
12046 0.592635
29857 0.592398
16029 0.592171
19240 0.592171
577 0.591880
21967 0.591342
27113 0.591342
1406 0.591092
23220 0.591092
8720 0.590972
1452 0.590796
8784 0.590796
2315 0.590462
28966 0.590304
21195 0.590201
9610 0.590001
16627 0.589627
29872 0.589627
24819 0.589282
632 0.589282
15761 0.589282
12676 0.588963
12281 0.588963
3473 0.588667
22696 0.588391
17015 0.588325
17596 0.588325
2091 0.588134
22893 0.588012
4163 0.587894
8683 0.587894
6678 0.587458
4643 0.587165
29470 0.587028
5530 0.586896
198 0.586649
11334 0.586421
14394 0.586421
11816 0.586314
23091 0.586211
5137 0.586211
5863 0.586015
22791 0.585922
25960 0.585922
26281 0.585833
17793 0.585583
17521 0.585429
20345 0.585429
27810 0.584629
12892 0.584530
6722 0.584260
13684 0.584179
15472 0.584101
18297 0.583956
20741 0.583889
11303 0.583889
26827 0.583823
17925 0.583644
2562 0.583644
27876 0.583644
24093 0.583644
12315 0.583535
18043 0.583535
20545 0.583341
25707 0.583341
576 0.583254
7547 0.583213
12598 0.583134
9868 0.583134
9405 0.580783
6177 0.580783
15266 0.580783
5443 0.580783
1582 0.580783
28826 0.580783
3686 0.580783
7368 0.580783
9732 0.580783
5112 0.580783
7355 0.580783
27742 0.580783
9350 0.580783
20239 0.580783
28372 0.580783
12343 0.580783
28451 0.580783
21741 0.580783
7157 0.578373
3570 0.578290
4218 0.578201
9747 0.578106
15224 0.578056
1565 0.577835
4527 0.577710
28707 0.577710
15929 0.577643
24106 0.577643
9410 0.577643
26234 0.577574
8079 0.577574
4505 0.577501
9402 0.577501
23170 0.577501
27578 0.577426
6247 0.577426
20853 0.577263
1665 0.577263
4114 0.577175
15715 0.577175
8853 0.576987
13922 0.576987
15258 0.576136
23607 0.575983
24755 0.575819
4215 0.575732
5249 0.575032
17686 0.575032
2734 0.575032
22953 0.574916
22835 0.574916
13367 0.574795
26633 0.574795
3577 0.574795
4444 0.574795
19105 0.574669
2790 0.574400
11107 0.573950
5012 0.573950
2104 0.573613
16424 0.573493
16962 0.573431
20855 0.573240
500 0.573240
21058 0.573240
19908 0.573107
16476 0.573107
17843 0.573107
2232 0.573107
2328 0.573039
13263 0.572969
11539 0.572827
12756 0.572679
5202 0.572525
2950 0.572525
23205 0.572366
11432 0.572366
26819 0.572200
11671 0.572200
19627 0.572027
19146 0.572027
20428 0.571660
9377 0.571465
4515 0.571262
23253 0.571103
11715 0.571103
17361 0.570826
5076 0.570826
443 0.570769
27845 0.570769
4290 0.570594
5354 0.570412
15518 0.570349
412 0.570349
12211 0.570223
24146 0.570223
25658 0.570027
8593 0.569395
3516 0.569395
23522 0.569167
6950 0.569167
26073 0.569167
21204 0.569167
6156 0.568930
2614 0.568930
25338 0.568426
24764 0.568426
17910 0.568426
25485 0.568157
11385 0.567876
4832 0.567876
13098 0.567876
15534 0.567643
20926 0.567276
18438 0.567276
9687 0.567149
8379 0.567149
8626 0.567149
19397 0.566844
25672 0.566617
17822 0.566617
9209 0.566617
10791 0.566617
1043 0.566617
11494 0.566335
23940 0.566335
9309 0.566042
27866 0.565891
7232 0.565891
4430 0.565891
23202 0.565737
24195 0.565737
29231 0.565632
8086 0.565499
13107 0.565418
4475 0.565418
23947 0.564798
7154 0.564798
802 0.564499
25900 0.564376
26888 0.564323
23464 0.564189
29835 0.563997
28729 0.563997
19612 0.563997
28199 0.563600
5218 0.563532
12671 0.563532
6100 0.563532
13361 0.563183
5264 0.563183
19004 0.563183
6653 0.563183
8262 0.563183
18769 0.562820
20503 0.562820
24540 0.562746
19900 0.562746
14418 0.562746
15093 0.562552
19970 0.562442
21710 0.562286
8164 0.562286
7388 0.562219
28602 0.562048
19574 0.562048
6449 0.561874
4604 0.561803
4798 0.561741
22117 0.561636
10863 0.561636
15099 0.561636
516 0.561515
29944 0.561515
15522 0.561206
26868 0.561143
3298 0.561095
4230 0.560756
6957 0.560756
14473 0.560756
16365 0.560756
7917 0.560404
11510 0.560284
13434 0.560284
10815 0.559934
4135 0.559934
29853 0.559934
13137 0.559791
11400 0.559791
7552 0.559791
12517 0.559663
28772 0.559497
8984 0.559497
18916 0.559497
1349 0.559272
28459 0.559272
19644 0.559042
7839 0.558866
28504 0.558728
4126 0.558445
23317 0.558349
5647 0.558349
13336 0.558155
29275 0.558155
4149 0.558071
7772 0.558071
16605 0.558071
14414 0.558007
20479 0.557957
28540 0.557957
29876 0.557551
10641 0.557551
27365 0.557551
2460 0.557551
5309 0.557551
18094 0.557551
15364 0.557551
11963 0.557551
22640 0.556783
12406 0.556069
15613 0.556069
21039 0.555841
13623 0.555531
21854 0.555285
11885 0.555084
21787 0.554778
14469 0.554554
17075 0.554554
11498 0.554492
2966 0.554383
10260 0.554383
9708 0.554141
15153 0.554052
10132 0.554052
22951 0.553859
8297 0.553770
2262 0.553770
1841 0.553643
20124 0.553643
5912 0.553126
13287 0.553126
7060 0.553126
3012 0.553126
5692 0.553126
3652 0.553126
22812 0.553126
29951 0.553126
23894 0.553126
1909 0.553126
19805 0.552680
544 0.552589
1789 0.552528
24774 0.552528
14724 0.552452
22739 0.552220
7561 0.552220
27485 0.552134
22084 0.552031
10955 0.551744
26491 0.551744
22120 0.551744
27884 0.551450
19600 0.551450
18637 0.551251
13771 0.551251
25394 0.551251
9497 0.551251
6711 0.551251
13697 0.551251
14743 0.551068
11580 0.550845
10880 0.550742
8857 0.550569
10312 0.550569
21492 0.550505
18277 0.550461
684 0.550215
23112 0.550215
9749 0.550215
2283 0.550215
23861 0.550215
6055 0.550215
14523 0.549920
26072 0.549853
6867 0.549853
23897 0.549558
3671 0.549558
18631 0.549454
28086 0.549312
21756 0.549104
28512 0.549104
6415 0.548872
24201 0.548679
18263 0.548379
12874 0.548259
17554 0.548259
19679 0.548154
1147 0.548154
14721 0.548154
18427 0.547489
9369 0.547404
26826 0.547334
26395 0.547334
7721 0.546619
1657 0.546619
8382 0.546619
2875 0.546619
22737 0.545989
8979 0.545989
16187 0.545936
18056 0.545872
2048 0.545872
6506 0.545796
16352 0.545796
5546 0.545431
26265 0.545431
29925 0.545336
14634 0.545092
15000 0.544932
19610 0.544805
28856 0.544805
6210 0.544657
9549 0.544484
4118 0.544276
1854 0.544276
1121 0.544276
20584 0.544157
25894 0.544024
8823 0.543953
9216 0.543711
2960 0.543485
26499 0.543485
16327 0.543422
4930 0.543220
14901 0.543070
482 0.542528
10986 0.542457
6858 0.542457
17479 0.542405
16289 0.542064
6324 0.542064
26594 0.541184
2851 0.540835
3531 0.540835
19776 0.540603
9000 0.540263
13894 0.540263
20147 0.540263
23586 0.540026
5514 0.539971
27587 0.539717
4344 0.539495
15193 0.539298
24971 0.539298
5478 0.539298
10787 0.539298
24145 0.539069
29842 0.538697
26109 0.538544
1099 0.538544
21080 0.538474
22801 0.538408
396 0.538286
29398 0.537988
7838 0.537584
14344 0.537224
23704 0.537140
5683 0.537068
24562 0.536950
26443 0.536107
20256 0.536107
446 0.536107
19419 0.536107
21847 0.536107
42 0.536107
22478 0.535330
5572 0.535172
16559 0.535172
3865 0.535172
23069 0.535103
1975 0.534931
8583 0.534612
23724 0.534526
23962 0.534429
18688 0.534053
27249 0.533887
10120 0.533826
6911 0.533826
7369 0.533692
3215 0.533013
26015 0.533013
18499 0.532954
13265 0.532692
20053 0.532692
26872 0.532692
6748 0.532384
22141 0.532171
27564 0.531932
24991 0.531932
4620 0.531932
19289 0.531662
29138 0.531435
24895 0.531435
17595 0.531435
19945 0.531435
26676 0.531435
21464 0.531299
18748 0.531001
15146 0.531001
24336 0.530664
21522 0.530664
27013 0.530280
28453 0.530280
8018 0.530280
17012 0.530175
27248 0.529837
11509 0.529674
10187 0.529458
25724 0.529321
29219 0.529321
19783 0.529321
7184 0.529158
24 0.529030
27085 0.528927
18177 0.528843
28432 0.528843
2607 0.528617
2224 0.528543
16508 0.528437
14332 0.527984
10261 0.527984
1587 0.527984
23570 0.527474
22181 0.527336
15813 0.526896
20904 0.526756
3232 0.526702
702 0.526702
11612 0.526424
13093 0.526234
18033 0.526234
27589 0.525992
18493 0.525992
3718 0.525992
10687 0.525812
24200 0.525812
7288 0.525812
29766 0.525595
8087 0.525470
4341 0.525331
25234 0.525001
1457 0.524891
24181 0.524891
20391 0.524578
8679 0.524578
14712 0.524578
25207 0.524194
23994 0.524121
16076 0.524121
21837 0.523940
25835 0.523940
6253 0.523712
24595 0.523228
21616 0.522704
8934 0.522704
18596 0.522427
1977 0.521773
21862 0.521773
23630 0.521519
1460 0.521519
22568 0.521519
28538 0.521288
28563 0.521215
11451 0.521076
13552 0.520944
14753 0.520944
21388 0.520944
22439 0.520881
12532 0.520881
6581 0.520881
23283 0.520536
2216 0.520104
21615 0.519648
13598 0.519519
12108 0.519288
25995 0.519135
14560 0.518757
16536 0.518757
19946 0.518652
21500 0.518652
13130 0.518556
24760 0.518467
20481 0.518467
23305 0.517895
12702 0.517895
23334 0.517806
18767 0.517589
29517 0.517529
26361 0.517529
18552 0.517425
21549 0.517378
28798 0.516251
12500 0.516251
17447 0.516251
8002 0.516251
18482 0.516251
11461 0.516251
6830 0.515210
25903 0.515171
22564 0.515129
20665 0.514921
11667 0.514785
5290 0.514785
2124 0.514706
7334 0.514136
20440 0.514136
15007 0.514054
18164 0.513769
7420 0.513657
23520 0.513534
419 0.513084
12886 0.512899
10828 0.512899
19677 0.512280
11994 0.512088
6127 0.511876
9537 0.511876
16951 0.511876
28778 0.511703
28026 0.511515
2829 0.511515
12369 0.511381
28654 0.511381
5993 0.511381
27437 0.511311
11355 0.511089
21046 0.511089
19850 0.511089
28621 0.511089
3976 0.510846
15553 0.510846
13819 0.510688
17375 0.510688
26552 0.510578
18958 0.510464
11493 0.510220
6743 0.510220
15820 0.510220
17502 0.509956
22614 0.509956
19389 0.509956
6716 0.509716
20979 0.509716
27837 0.509590
25005 0.509459
12936 0.509459
28013 0.509350
535 0.509001
26623 0.508876
26434 0.508785
13532 0.508785
4 0.508785
2358 0.508614
16630 0.508546
25177 0.508496
13474 0.508496
20004 0.508496
11844 0.508185
29836 0.508185
20389 0.508185
14210 0.507847
8847 0.507847
21922 0.507788
2329 0.507788
23717 0.507788
20355 0.507350
5120 0.507079
19525 0.507079
3396 0.507079
2642 0.507079
17525 0.506865
17943 0.506691
19313 0.506640
14491 0.506465
981 0.506465
12493 0.506323
11125 0.506323
5764 0.506157
10588 0.505552
27021 0.505552
6160 0.505552
4728 0.505496
26581 0.505028
3805 0.505028
28612 0.504518
20328 0.504518
3204 0.504169
15368 0.504076
20219 0.503812
11374 0.503812
10593 0.503812
27389 0.503812
27939 0.503536
12789 0.503536
21382 0.503345
1810 0.503167
22147 0.503098
27985 0.502946
24125 0.502666
22288 0.502555
11048 0.502299
29813 0.502299
10403 0.502033
10269 0.502033
1902 0.501796
6383 0.501709
29505 0.501585
16117 0.501585
23788 0.501585
28000 0.501469
25202 0.501067
16186 0.501067
1881 0.501067
12439 0.501067
25625 0.500675
25790 0.500564
12618 0.500564
13723 0.500564
27093 0.500196
29297 0.500046
3136 0.499914
24977 0.499914
19485 0.499914
29912 0.499914
14591 0.499743
26067 0.499598
28284 0.499598
10646 0.499598
276 0.499473
29369 0.499365
27319 0.499269
20271 0.499185
1351 0.499185
26313 0.498832
27538 0.498751
8487 0.498683
5576 0.498683
16390 0.498623
29785 0.498486
7980 0.497814
27692 0.497814
244 0.497814
14184 0.497814
16593 0.497131
22574 0.497042
27499 0.496988
16750 0.496855
25661 0.496770
17318 0.496305
29965 0.496305
23995 0.496305
2206 0.496085
3385 0.495949
18627 0.495949
5502 0.495949
25465 0.495949
18024 0.495790
5541 0.495790
19924 0.495790
7828 0.495601
14498 0.495601
3606 0.495287
20103 0.495287
16274 0.494602
29032 0.494528
10709 0.494482
473 0.493999
17847 0.493665
20776 0.493665
9482 0.493515
3538 0.493408
28389 0.493179
8369 0.493179
18158 0.493117
26437 0.493117
4192 0.492785
5129 0.492785
26606 0.492785
8273 0.492785
2407 0.492504
5929 0.492504
15151 0.492461
10972 0.492403
29542 0.492403
28640 0.492403
16785 0.492092
13252 0.491957
29741 0.491957
775 0.491834
12531 0.491668
5419 0.491432
4250 0.491432
7825 0.491432
4775 0.491235
266 0.491235
19937 0.490971
20677 0.490971
9448 0.490661
15460 0.490661
26568 0.490599
15307 0.490439
14598 0.490309
16753 0.490202
29598 0.489817
19670 0.489741
10925 0.489741
26070 0.489680
2639 0.489628
19544 0.489080
8862 0.489080
26706 0.489080
11829 0.489080
25911 0.489080
26817 0.489080
24396 0.489080
4863 0.489080
20732 0.488509
23565 0.488301
9049 0.488053
25126 0.487964
10220 0.487443
2565 0.487291
20870 0.487108
17791 0.487108
19279 0.487108
27326 0.486884
1994 0.486520
27143 0.486011
24317 0.485961
13334 0.485961
27781 0.485961
16770 0.485746
18077 0.485746
27720 0.485626
23512 0.485430
12914 0.485430
1306 0.485430
17661 0.485430
7396 0.485276
784 0.485152
6987 0.485152
20291 0.485152
22203 0.484925
18347 0.484579
28649 0.484444
15923 0.484397
3625 0.484397
23165 0.483986
28413 0.483986
914 0.483986
16780 0.483548
9743 0.483548
26473 0.483426
8992 0.483426
7016 0.483211
26915 0.483211
27451 0.483129
6644 0.482898
24058 0.482898
8249 0.482728
1300 0.482728
931 0.482728
20218 0.482583
17715 0.482583
13416 0.482399
28174 0.482399
8619 0.482399
28492 0.482345
14776 0.482159
1948 0.482159
29402 0.481926
27671 0.481926
4145 0.481755
3022 0.481755
20248 0.481625
1091 0.481625
26272 0.481369
29985 0.481122
7684 0.480648
28002 0.480648
16929 0.480648
25464 0.480648
18921 0.480310
28082 0.480263
687 0.480200
18353 0.480114
21813 0.480114
13776 0.480114
16682 0.480114
18762 0.479986
9439 0.479896
3584 0.479896
26252 0.479777
16238 0.479777
3817 0.479777
8199 0.479675
13288 0.479614
15318 0.479614
28740 0.479376
17177 0.479376
16969 0.479376
27290 0.479146
2940 0.479146
18163 0.479146
24641 0.478996
8178 0.478891
23895 0.478706
19034 0.478706
3048 0.478706
1198 0.478706
13316 0.478635
27767 0.478292
21759 0.478292
14709 0.477965
8961 0.477965
14899 0.477901
6952 0.477741
1199 0.477532
14403 0.477072
7676 0.476853
25800 0.476853
8771 0.476540
19930 0.476540
24981 0.476540
29996 0.476540
28474 0.476290
22060 0.476242
18625 0.476242
25836 0.476170
24506 0.476170
11388 0.476051
29126 0.476051
16038 0.475822
17800 0.475431
22053 0.475431
15159 0.475186
2983 0.475186
10807 0.474894
23300 0.474894
25756 0.474894
7323 0.474512
26096 0.474108
243 0.473872
15701 0.473796
27132 0.473648
10485 0.473648
8805 0.473504
27846 0.473434
17101 0.473434
10458 0.473230
27667 0.473230
21072 0.473230
24559 0.473036
28114 0.472730
29266 0.472501
12905 0.472501
21729 0.472338
5561 0.472338
4248 0.472181
20296 0.471702
1612 0.471702
9332 0.471527
25628 0.470905
23726 0.470767
14237 0.470767
21265 0.470700
16537 0.470634
2615 0.470508
14136 0.470508
25112 0.470386
11766 0.470327
18066 0.470327
15279 0.470327
17799 0.470269
1893 0.469998
4575 0.469847
25287 0.469704
13147 0.469569
13135 0.469441
9171 0.469441
2560 0.469204
27092 0.469094
15486 0.468889
26144 0.468889
15004 0.468889
2599 0.468793
22101 0.468702
25395 0.468702
2972 0.468531
28935 0.468531
29484 0.468373
18500 0.467643
19399 0.467643
21574 0.467548
29595 0.467459
11756 0.467375
14739 0.467375
2557 0.467296
3377 0.467296
3994 0.467151
17257 0.467151
19368 0.467085
27857 0.467021
1461 0.467021
1629 0.466961
1632 0.466961
9935 0.466797
1075 0.466748
4920 0.466570
16775 0.466492
21561 0.464626
762 0.464626
16909 0.464626
18566 0.464626
28747 0.464626
26214 0.464626
3224 0.464626
27001 0.464626
1721 0.464626
19269 0.464626
20145 0.464626
20455 0.464626
25106 0.464626
14106 0.464626
2312 0.464626
17672 0.462570
14062 0.462524
7098 0.462475
12808 0.462424
7546 0.462424
26411 0.462194
15791 0.462194
2055 0.461986
6863 0.461909
21474 0.461909
709 0.461909
29306 0.461648
12678 0.461549
24002 0.461549
16971 0.460864
4174 0.460705
14747 0.460705
21098 0.460621
20761 0.460440
14847 0.460440
28253 0.460440
25633 0.460243
21999 0.459786
11957 0.459786
7694 0.459657
1581 0.459520
337 0.459376
28222 0.459224
105 0.459062
221 0.458890
24757 0.458707
27730 0.458644
21563 0.458644
17076 0.458513
8210 0.458513
13714 0.458513
29586 0.458376
28960 0.458376
2479 0.458232
17903 0.457925
20243 0.457925
14077 0.457212
18992 0.457009
22348 0.456569
8680 0.456569
25339 0.456569
8922 0.456569
29216 0.456510
23581 0.456329
610 0.456075
26739 0.455804
3003 0.455804
15734 0.455734
10841 0.455516
16005 0.455287
9237 0.455046
27488 0.454946
22164 0.454793
222 0.454793
26999 0.454741
5948 0.454526
44 0.454301
18792 0.454243
9726 0.454066
12522 0.453945
8238 0.453945
4914 0.453821
29360 0.453629
14812 0.453629
11130 0.453564
9801 0.453294
22040 0.453294
14089 0.453011
12384 0.452937
28477 0.452937
11478 0.452814
26556 0.452713
29015 0.452713
20623 0.452558
17607 0.452558
8132 0.452399
12435 0.452291
27675 0.452291
13624 0.452291
28061 0.452069
1796 0.452012
382 0.451720
25318 0.451720
9981 0.451459
5466 0.451414
8477 0.451351
23285 0.451187
23068 0.451093
21335 0.450961
9600 0.450757
9460 0.450607
2143 0.450547
21493 0.450547
28406 0.450547
2661 0.450031
21300 0.449638
28805 0.449638
3338 0.449638
10061 0.449638
26981 0.449638
11059 0.449330
6479 0.449285
6964 0.449008
26535 0.448914
24082 0.448787
26148 0.448787
25452 0.448787
21128 0.448787
4134 0.448673
5361 0.448323
21604 0.448117
26011 0.448117
4267 0.448117
1204 0.447958
3675 0.447832
16149 0.447832
5974 0.447832
20285 0.447832
10222 0.447832
8553 0.447832
27756 0.447687
20128 0.447576
23381 0.447488
22997 0.447234
6216 0.447130
3419 0.446756
24529 0.446756
2141 0.446756
26858 0.446756
9930 0.446756
16340 0.446366
9915 0.446316
19025 0.446251
17979 0.446164
554 0.446041
11398 0.446041
4171 0.446041
5857 0.445958
15525 0.445853
16483 0.445853
22308 0.445853
9111 0.445367
9358 0.445267
23050 0.445086
10958 0.444618
21529 0.444618
15946 0.444618
13565 0.444425
20419 0.444425
15607 0.444315
28861 0.443976
27274 0.443910
26142 0.443850
12334 0.443744
1411 0.443744
9840 0.443613
20210 0.443507
19540 0.443507
3167 0.443229
7036 0.443141
2202 0.443071
29648 0.442970
16624 0.442501
803 0.442501
28009 0.442501
23775 0.442501
11154 0.442501
8233 0.442053
14036 0.442053
7986 0.442012
26479 0.442012
29045 0.442012
11256 0.441900
5812 0.441900
23486 0.441900
26660 0.441822
8027 0.441587
13753 0.441587
27820 0.441500
15371 0.441395
10661 0.441395
23368 0.441265
25701 0.441265
13756 0.441265
6128 0.441265
15495 0.441101
12155 0.441101
66 0.441101
9739 0.440965
18196 0.440799
28830 0.440594
26018 0.440404
19065 0.440332
18046 0.440271
24852 0.440064
11112 0.439883
24488 0.439883
28383 0.439816
9991 0.439770
1817 0.439511
23692 0.439247
7259 0.439247
11471 0.439199
25152 0.439199
28773 0.439199
21028 0.439128
10446 0.439128
10991 0.438933
22240 0.438814
24378 0.438814
10038 0.438814
22118 0.438703
7575 0.438503
27595 0.438327
6616 0.438327
27182 0.438327
4178 0.438327
23434 0.438327
1393 0.438327
21881 0.438134
2247 0.438134
16609 0.438076
22130 0.437967
15255 0.437691
8589 0.437691
17358 0.437540
1703 0.437410
22336 0.437410
17860 0.437295
26956 0.436828
6255 0.436828
22081 0.436828
28005 0.436389
23 0.435587
24891 0.435587
19917 0.435587
9847 0.435587
9543 0.435587
24720 0.435587
9710 0.435587
18681 0.435587
8192 0.434969
5628 0.434969
28753 0.434924
21045 0.434924
26845 0.434872
6232 0.434872
13204 0.434872
16881 0.434872
18185 0.434811
19394 0.434811
25627 0.434811
10056 0.434811
13865 0.434738
26553 0.434738
23707 0.434650
22818 0.434650
6548 0.434407
29091 0.434407
15804 0.434230
15455 0.434230
4385 0.434120
6641 0.433838
11867 0.433838
16135 0.433780
6090 0.433651
9680 0.433651
5937 0.433651
27154 0.433503
5198 0.433330
21167 0.433126
87 0.433126
8458 0.432947
6919 0.432740
3208 0.432498
23048 0.432444
29411 0.432210
2219 0.432210
3787 0.431939
19898 0.431864
12014 0.431864
25263 0.431864
4629 0.431732
25942 0.431240
5034 0.431240
12023 0.431240
5821 0.431096
12115 0.430988
18910 0.430988
7206 0.430779
5139 0.430693
24282 0.430629
7659 0.430580
13470 0.430580
13962 0.430209
13190 0.430209
2147 0.430209
11073 0.430209
2191 0.430209
16595 0.430209
28811 0.430209
10058 0.429779
16102 0.429394
16869 0.429173
26650 0.429113
15991 0.429047
10346 0.428886
23875 0.428886
24919 0.428732
24549 0.428539
4709 0.428287
428 0.427945
21479 0.427945
20702 0.427945
12296 0.427945
18777 0.427945
3668 0.427945
9940 0.427641
22512 0.427456
6013 0.427456
23353 0.426900
13027 0.426698
21758 0.426698
1323 0.426397
26733 0.426397
8260 0.426136
21069 0.426076
11110 0.425907
25590 0.425907
24572 0.425362
23472 0.425362
28643 0.425084
10636 0.424658
20953 0.424658
14892 0.424418
29440 0.424418
7487 0.424316
8576 0.424224
19283 0.423630
18691 0.423374
21528 0.423326
11094 0.423282
17404 0.423282
5047 0.423282
27428 0.423242
28482 0.423242
10651 0.422387
24213 0.422387
15717 0.422387
16125 0.422387
15239 0.422387
19811 0.422387
3112 0.422387
5061 0.421536
7653 0.421496
6940 0.421453
4308 0.421453
15654 0.421405
13165 0.421293
26190 0.421293
4929 0.421227
15675 0.421067
5471 0.420649
29023 0.420649
16432 0.420476
16273 0.420476
23602 0.420376
6941 0.420376
15332 0.420265
29881 0.420141
7801 0.419843
5740 0.419725
3936 0.419297
12288 0.419297
2060 0.419122
12 0.418762
15793 0.418762
20078 0.418704
7083 0.418704
2284 0.418452
18810 0.418452
6851 0.418164
4419 0.418164
8815 0.417969
2314 0.417918
16906 0.417918
21947 0.417521
16308 0.417521
21436 0.416972
22890 0.416972
5982 0.416972
300 0.416972
11866 0.416972
20621 0.416972
1518 0.416705
19717 0.416705
18457 0.416705
28501 0.416648
9957 0.416284
20705 0.416228
16781 0.416083
7300 0.415869
27771 0.415869
16887 0.415519
20326 0.415308
12784 0.415308
3324 0.415246
23038 0.415198
6657 0.415198
16451 0.415198
20038 0.414845
7271 0.414845
8292 0.414845
11147 0.414501
25350 0.414396
18743 0.413891
15179 0.413837
2506 0.413708
4455 0.413708
13773 0.413542
23347 0.413542
22856 0.413001
29433 0.413001
10040 0.413001
11166 0.412739
5681 0.412739
9870 0.412331
13222 0.412331
28319 0.411984
28340 0.411984
19689 0.411828
5038 0.411694
20788 0.411694
15504 0.411694
8759 0.411526
1706 0.411526
19168 0.411272
16972 0.411272
3266 0.411174
16683 0.411174
6558 0.411174
12460 0.411174
26002 0.411174
15092 0.411089
14954 0.410719
19969 0.410654
19076 0.410654
1085 0.410600
27669 0.410600
25477 0.410513
10660 0.409964
5894 0.409964
7735 0.409964
19340 0.409964
13826 0.409964
14779 0.409964
2163 0.409964
27244 0.409964
22466 0.409964
10283 0.409314
28356 0.409314
19488 0.409314
26529 0.409314
21503 0.409188
9629 0.409105
11377 0.408871
12867 0.408591
25420 0.408463
11846 0.408308
5239 0.408118
26795 0.407964
11463 0.407733
23646 0.407733
21990 0.407374
18109 0.406548
12463 0.406548
24590 0.406548
4404 0.406548
11849 0.406287
19365 0.405984
6725 0.405848
8160 0.405848
12720 0.405626
12364 0.405312
10373 0.405197
13040 0.405197
26410 0.404949
15072 0.404949
6488 0.404949
16437 0.404949
26767 0.404861
819 0.404674
26512 0.404590
26590 0.404023
7746 0.404023
11758 0.404023
18825 0.404023
26729 0.404023
13378 0.404023
25068 0.403549
2494 0.403491
329 0.403100
19511 0.402992
16136 0.402992
24079 0.402676
7076 0.402676
25145 0.402676
18070 0.402676
14556 0.402080
7871 0.401892
15772 0.401839
13183 0.401839
21297 0.401839
24504 0.401663
17572 0.401529
3304 0.401529
20950 0.401529
7599 0.401529
10788 0.401379
23059 0.401183
504 0.401183
28390 0.401017
11200 0.401017
23433 0.400946
7582 0.400894
12195 0.400540
17409 0.400095
26769 0.400009
19499 0.400009
15049 0.399795
29184 0.399678
16015 0.399579
26154 0.399519
338 0.399452
627 0.399452
27158 0.399288
9969 0.399288
15393 0.399065
4789 0.399065
22412 0.398921
26089 0.398921
4019 0.398644
26183 0.398644
18354 0.398644
23599 0.398576
25025 0.398251
25973 0.398251
22066 0.398251
5545 0.398251
9861 0.397944
251 0.397884
4858 0.397653
14587 0.397653
18920 0.397378
21613 0.397378
28895 0.397219
13428 0.396991
24209 0.396632
22329 0.396632
22879 0.396632
866 0.396632
23078 0.396364
17625 0.395870
19132 0.395642
12976 0.395427
1709 0.395427
2246 0.395427
20370 0.395221
10351 0.395172
8093 0.395026
848 0.395026
15437 0.394932
29844 0.394932
16897 0.394780
28820 0.394494
3371 0.394494
19888 0.393981
9449 0.393981
14970 0.393922
6179 0.393922
15489 0.393922
18299 0.393751
10889 0.393751
5321 0.393751
8358 0.392967
27153 0.392967
19792 0.392967
12427 0.392492
20691 0.392217
9764 0.392090
12890 0.391969
1139 0.391853
21381 0.391691
10057 0.391264
15597 0.391139
26895 0.391139
18256 0.391022
2678 0.390911
14431 0.390807
19014 0.390615
6524 0.390526
14867 0.390526
25638 0.390442
25160 0.390362
4608 0.389686
3692 0.389686
17475 0.389507
15023 0.389507
18580 0.389427
28556 0.389281
9984 0.389154
22544 0.389041
19860 0.388940
4913 0.388940
14213 0.388769
20207 0.387188
3104 0.387188
20246 0.387188
29957 0.387188
15494 0.387188
21044 0.387188
18636 0.387188
415 0.387188
2589 0.387188
6111 0.387188
2717 0.387188
9565 0.387188
3658 0.387188
27390 0.387188
29670 0.387188
6897 0.387188
876 0.387188
3368 0.387188
25076 0.385582
1016 0.385541
14465 0.385452
3460 0.385452
1502 0.385404
22335 0.385353
16263 0.385353
29261 0.385353
17451 0.385300
8521 0.385300
8782 0.385182
29273 0.385182
28689 0.385049
23251 0.385049
17317 0.384976
5208 0.384976
18780 0.384813
8488 0.384722
8503 0.383989
20253 0.383536
21687 0.383429
19953 0.383429
28224 0.383429
2210 0.383197
17263 0.382789
16022 0.382467
21141 0.382467
10507 0.382287
15835 0.382094
13783 0.382094
5619 0.382026
3337 0.381735
7023 0.381735
8802 0.381735
25744 0.381577
23123 0.381410
8171 0.381410
4514 0.381410
6492 0.381410
22465 0.381232
8651 0.381043
18518 0.381043
8639 0.381043
26249 0.381043
10724 0.380993
20966 0.380841
7652 0.380841
24009 0.380841
146 0.380681
3043 0.380681
2083 0.380626
9529 0.380626
28330 0.380626
6480 0.380513
19825 0.380336
1335 0.380149
21350 0.380149
29096 0.379883
10226 0.379883
60 0.379883
13105 0.379743
10562 0.379597
15058 0.379597
9154 0.379521
20043 0.379287
9649 0.379287
1551 0.379287
18029 0.379287
9335 0.379088
11681 0.378771
17984 0.378488
1243 0.378488
21519 0.378429
22468 0.378184
15846 0.378184
456 0.378184
13869 0.378184
16153 0.378184
4631 0.377926
12994 0.377745
3339 0.377261
7562 0.377132
3300 0.377132
24304 0.377053
2849 0.377053
8946 0.376373
17657 0.376126
14005 0.376126
29531 0.375998
12053 0.375942
21353 0.375655
18877 0.375596
7142 0.375353
28519 0.375164
1324 0.375164
22413 0.375164
23862 0.375089
20107 0.374699
2912 0.374699
18124 0.374343
8843 0.374343
24985 0.374343
20421 0.374282
28679 0.373967
11084 0.373837
15282 0.373569
1077 0.373145
496 0.372695
29331 0.372485
17001 0.372485
21576 0.372297
6201 0.372214
2961 0.372152
22720 0.372103
25042 0.371701
16026 0.371701
23708 0.371701
20865 0.371701
25533 0.371701
13402 0.371701
14428 0.371701
28871 0.371701
10282 0.371701
25212 0.371277
13078 0.371222
27007 0.371222
959 0.371222
11720 0.370920
10294 0.370920
9879 0.370920
2873 0.370499
5431 0.370499
27529 0.370169
11265 0.370169
24867 0.370169
24312 0.370056
14649 0.369925
12340 0.369805
10769 0.369805
21590 0.369589
1237 0.369589
18903 0.369589
11196 0.369318
28731 0.369318
7918 0.369239
25856 0.369239
25260 0.369239
25712 0.369096
911 0.368301
17165 0.368301
285 0.368301
4973 0.368146
21572 0.368146
23477 0.368021
21839 0.368021
20100 0.367584
10486 0.367501
27165 0.367501
23079 0.367434
10232 0.367379
2936 0.367333
13926 0.366810
16648 0.366810
10118 0.366810
19405 0.366810
7549 0.366810
1427 0.366810
2881 0.366810
16053 0.366208
8397 0.366146
9533 0.366146
21018 0.366069
24127 0.366069
2052 0.365569
8959 0.365272
16108 0.365272
5319 0.365208
3600 0.365208
26969 0.364890
23298 0.364890
18222 0.364789
7006 0.364678
11018 0.364617
23991 0.364413
9644 0.364220
7401 0.364166
19820 0.363993
12856 0.363864
21160 0.363864
14439 0.363864
2982 0.363864
23454 0.363620
11742 0.363620
22461 0.363395
6556 0.363288
1562 0.362989
7919 0.362989
7617 0.362989
25473 0.362989
22143 0.362989
19474 0.362989
8902 0.362683
20507 0.362683
8551 0.362635
12845 0.362570
9762 0.362408
18959 0.362046
10401 0.361799
10676 0.361799
4667 0.361799
6069 0.361799
29518 0.361685
29609 0.361619
855 0.361376
18404 0.361376
3364 0.361376
21831 0.361376
6058 0.361376
7045 0.361108
8785 0.360735
22978 0.360735
17906 0.360735
8663 0.360486
7655 0.360486
2743 0.360272
20686 0.360085
6514 0.359922
18702 0.359922
18217 0.359777
23902 0.359777
20593 0.359711
4139 0.359532
519 0.359532
11449 0.359131
23876 0.359131
17818 0.359131
13355 0.359131
27419 0.358858
1704 0.358508
24402 0.358508
29258 0.358426
14692 0.358355
13925 0.358240
7389 0.357405
15271 0.357405
13261 0.357405
26498 0.357405
9065 0.357405
17066 0.357405
9510 0.357405
20293 0.357405
11748 0.357405
24007 0.357405
6131 0.356663
16248 0.356663
29827 0.356663
17062 0.356574
28527 0.356459
11204 0.356389
10202 0.356308
13317 0.356213
11013 0.355884
19186 0.355695
22572 0.355581
15943 0.355302
11513 0.355302
28713 0.355128
28624 0.355128
20037 0.355128
19840 0.355064
22520 0.354764
5720 0.354583
25585 0.354534
26359 0.354376
3861 0.354199
29191 0.354136
21911 0.354136
9251 0.354001
18017 0.353854
6212 0.353520
8117 0.353225
29477 0.353225
27816 0.353025
9080 0.352881
26471 0.352881
2179 0.352727
1180 0.352385
27041 0.352385
19387 0.352323
4153 0.352323
23017 0.351990
7907 0.351990
3228 0.351990
29288 0.351990
27042 0.351609
1219 0.351171
10623 0.350890
7768 0.350890
22491 0.350890
826 0.350890
12098 0.350840
15739 0.350661
22761 0.350661
22727 0.350661
7284 0.349869
3171 0.349597
25570 0.349498
11313 0.349229
9267 0.349141
28892 0.349141
6378 0.349071
26517 0.349015
28822 0.348470
11024 0.348470
1426 0.348470
21875 0.347958
8695 0.347958
19957 0.347908
22344 0.347908
13741 0.347848
1677 0.347774
29303 0.347477
17739 0.347384
1084 0.347384
18255 0.347384
4332 0.347272
12325 0.347134
18559 0.347134
14232 0.347024
10350 0.346961
15997 0.346893
27417 0.346432
29943 0.346305
22458 0.345768
4906 0.345704
28928 0.345590
21594 0.345590
5168 0.345491
11480 0.345491
26465 0.345204
26565 0.345204
21407 0.345151
10621 0.345151
19554 0.344723
15831 0.344723
23411 0.344723
18802 0.344579
14143 0.344579
21299 0.344168
23387 0.344168
29220 0.344168
2594 0.344168
3603 0.343823
27520 0.343782
1468 0.343729
27921 0.343658
24978 0.343419
25796 0.343190
26155 0.343078
22662 0.342938
27688 0.342938
26244 0.342757
23519 0.342582
18852 0.342513
19212 0.342513
27877 0.342356
18737 0.341637
18797 0.341637
12674 0.341637
13313 0.341010
10784 0.340726
25049 0.340726
7752 0.340331
8875 0.340207
28387 0.339970
24946 0.339970
10569 0.339970
4780 0.339970
10154 0.339639
17334 0.339639
12319 0.339639
13690 0.339639
27101 0.339334
17549 0.339218
29013 0.338998
2341 0.338790
3881 0.338790
6822 0.338790
23992 0.338547
8524 0.338320
8982 0.338108
16700 0.337724
28353 0.337664
23085 0.337438
101 0.337229
12013 0.337229
3449 0.337229
24672 0.337035
18337 0.337035
1459 0.337035
16054 0.337035
29508 0.336854
11602 0.336686
7189 0.336381
3470 0.336243
23043 0.336243
17957 0.336113
18187 0.335874
6438 0.335874
10832 0.335713
23901 0.335713
13873 0.335563
6182 0.335425
11079 0.335178
9360 0.335178
17948 0.334866
21174 0.334688
1377 0.334531
19138 0.334045
28158 0.333950
25802 0.333950
12420 0.333783
28761 0.333709
21609 0.333709
1773 0.333641
12734 0.333519
737 0.333464
4141 0.333412
15220 0.333364
16678 0.333364
22048 0.333319
9337 0.333276
22322 0.333236
8081 0.331876
4967 0.331876
5018 0.331876
4397 0.331876
6204 0.331876
16027 0.331876
21819 0.331876
16796 0.331876
24550 0.331876
13475 0.331876
24006 0.331876
23274 0.331876
27380 0.331876
19102 0.331876
17443 0.330487
4180 0.330445
2861 0.330445
20514 0.330303
1144 0.330191
5123 0.330191
17452 0.330191
10477 0.330129
21742 0.329990
18488 0.329990
15411 0.329912
11570 0.329912
29936 0.329827
2532 0.329735
2007 0.329735
17294 0.329735
5254 0.329735
24326 0.329735
22988 0.329110
27860 0.328939
9972 0.328638
17344 0.328268
15554 0.328126
23121 0.328126
18781 0.327971
28633 0.327804
4016 0.327745
24555 0.327621
19770 0.327490
10691 0.327490
7169 0.327350
2954 0.327350
5499 0.327202
17500 0.327043
8418 0.326873
27193 0.326873
15477 0.326873
29962 0.326544
18868 0.326282
1230 0.326227
11750 0.326053
5891 0.325869
26200 0.325673
14 0.325534
2171 0.325463
3462 0.325238
3384 0.325238
12480 0.325238
6023 0.324998
16261 0.324739
8280 0.324739
11190 0.324630
17708 0.324158
376 0.324158
28611 0.323898
6158 0.323898
15207 0.323715
1541 0.323620
5483 0.323620
12451 0.323620
26195 0.323620
19401 0.323474
3223 0.323322
11241 0.323322
20392 0.323084
2891 0.322657
17579 0.322657
14165 0.322657
11329 0.322348
780 0.322348
6944 0.321284
20330 0.321284
13322 0.321170
24061 0.321083
8731 0.320959
12766 0.320959
8980 0.320959
18511 0.320874
8659 0.320813
6969 0.320432
25023 0.320432
29153 0.320076
26423 0.319952
27922 0.319952
26490 0.319783
5226 0.319697
5649 0.319584
24344 0.319584
4600 0.318861
6572 0.318861
28421 0.318660
23761 0.318601
18203 0.318601
1540 0.318494
28907 0.318399
23549 0.318399
26287 0.318237
10758 0.317902
26278 0.317693
3892 0.317693
9159 0.317446
16406 0.317368
12360 0.317368
4932 0.317368
561 0.317306
14308 0.317215
7470 0.316791
18527 0.316791
1683 0.316791
22369 0.316791
26607 0.316791
19999 0.316791
27486 0.316791
1054 0.316295
4840 0.316166
8517 0.315864
29667 0.315864
7149 0.315765
16463 0.315487
9206 0.315487
5570 0.315487
22303 0.315487
14304 0.315199
442 0.315001
16947 0.315001
17547 0.314817
29937 0.314591
15880 0.314485
20108 0.314485
7528 0.314306
21054 0.314306
14262 0.314306
74 0.314240
335 0.314194
16332 0.314194
7219 0.314194
8109 0.313937
18953 0.313623
4923 0.313353
28780 0.313353
5385 0.313231
6151 0.313231
12344 0.312961
3198 0.312961
17283 0.312961
9067 0.312729
16608 0.312729
19769 0.312729
20276 0.312529
1221 0.312529
23942 0.312468
17666 0.312468
5188 0.312468
5258 0.312468
23893 0.311902
10717 0.311640
27546 0.311640
9099 0.311481
1148 0.311481
16199 0.311347
4861 0.311233
4651 0.311134
21445 0.311134
16890 0.310737
18510 0.310737
19320 0.310737
17839 0.310651
19268 0.310651
15914 0.310579
21284 0.310464
6470 0.309751
25877 0.309751
21515 0.309751
23984 0.309751
6095 0.309751
5569 0.309751
22535 0.309086
19246 0.309086
28931 0.309040
4076 0.309040
2410 0.308927
23046 0.308856
29984 0.308466
19665 0.308466
14761 0.308466
8631 0.308283
12791 0.308283
1557 0.307885
5300 0.307629
5633 0.307473
21229 0.306653
4346 0.306606
25291 0.306606
21855 0.306347
18214 0.306231
8423 0.306231
6864 0.306041
27091 0.305675
11670 0.305675
2146 0.305675
29259 0.305675
16302 0.305326
22714 0.305326
19641 0.305326
11250 0.305326
4825 0.305326
24986 0.305157
8068 0.305058
7228 0.304911
7482 0.304845
10365 0.304488
5680 0.304340
18339 0.304340
25015 0.304220
21514 0.304220
2131 0.303961
16417 0.303677
20618 0.303472
14155 0.303429
3690 0.303017
5261 0.303017
11946 0.303017
17250 0.303017
19195 0.303017
2759 0.303017
18440 0.303017
20262 0.303017
27904 0.302419
15206 0.302196
1571 0.302196
25956 0.302111
1590 0.301876
16979 0.301876
24202 0.301560
3236 0.301327
6959 0.300924
9201 0.300924
19187 0.300640
11767 0.300640
19590 0.300180
24701 0.300071
2100 0.299426
24841 0.299373
9245 0.299299
7779 0.298882
13860 0.298503
4280 0.298384
8051 0.298384
27731 0.297837
9037 0.297837
14564 0.297837
3680 0.297837
13975 0.297837
9458 0.297591
13820 0.297474
23997 0.297361
13805 0.297273
25897 0.297145
1292 0.297145
27038 0.297145
15244 0.297145
17961 0.297021
5837 0.297021
29717 0.297021
13082 0.296788
23248 0.296788
6121 0.295940
23617 0.295870
20773 0.295870
4948 0.295671
6931 0.295671
28066 0.295671
12339 0.295671
18120 0.295427
1992 0.295427
29523 0.295204
19431 0.295204
9434 0.295204
22970 0.295152
13060 0.294814
15163 0.294641
1089 0.294333
25398 0.294333
18957 0.294263
19188 0.294067
12662 0.293947
18902 0.293890
25991 0.293729
23448 0.293448
13247 0.293448
14499 0.293448
12197 0.293325
1673 0.292916
6073 0.292314
23574 0.292314
14944 0.292130
7182 0.292051
18326 0.292051
29966 0.291912
17089 0.291794
7491 0.291794
28639 0.291606
1727 0.291606
17808 0.291567
29072 0.290391
11621 0.290391
18621 0.290391
24045 0.290391
5972 0.290391
4961 0.290391
7726 0.290391
11701 0.290391
3872 0.290391
682 0.290391
4827 0.289225
11360 0.289145
27918 0.289101
17896 0.289002
2129 0.288751
20286 0.288673
15328 0.288068
4232 0.287727
22927 0.287626
16382 0.287516
3164 0.287398
28201 0.287129
2687 0.286975
22573 0.286975
130 0.286975
29202 0.286806
18398 0.286413
1603 0.286413
9212 0.285924
2395 0.285733
7382 0.285631
10273 0.285524
7998 0.285524
6208 0.285469
8307 0.285297
1833 0.284912
12060 0.284771
25771 0.284771
20112 0.284265
13281 0.284265
23191 0.284051
28059 0.284051
15464 0.283938
526 0.283821
17501 0.283821
15977 0.283821
18401 0.283575
11034 0.283575
15891 0.283575
16743 0.283309
6379 0.283309
23134 0.283309
13702 0.283309
3051 0.283071
11945 0.282369
22103 0.282369
5364 0.282250
14186 0.282162
8670 0.281999
3763 0.281999
12180 0.281933
13119 0.281933
22740 0.281592
15015 0.281592
165 0.281592
10123 0.281592
18602 0.281592
22242 0.281276
25305 0.281221
19442 0.281143
25792 0.281024
21709 0.280937
6275 0.280818
1622 0.280712
18909 0.280571
20025 0.280571
6254 0.280177
22635 0.280177
21872 0.279895
8428 0.279547
10079 0.279364
18770 0.279283
23478 0.279175
17871 0.278776
16151 0.278776
20538 0.278776
24733 0.278776
10606 0.278776
12740 0.278776
1758 0.278776
28260 0.278392
12975 0.278292
12039 0.278219
18736 0.278219
26489 0.278219
25741 0.277981
10095 0.277886
22646 0.277886
15345 0.277542
9615 0.277389
23816 0.277389
20699 0.277389
7038 0.277246
27215 0.277071
23455 0.276850
17439 0.276563
18129 0.276563
23212 0.276563
13369 0.276563
26746 0.276264
29481 0.276264
23614 0.276016
7868 0.276016
944 0.276016
2984 0.276016
29541 0.275872
14329 0.275872
11226 0.275626
27880 0.275626
14031 0.275423
10347 0.275423
21722 0.275252
9426 0.275108
15925 0.274983
29158 0.274779
344 0.274779
29003 0.274779
20524 0.274779
9822 0.274552
7689 0.274552
4979 0.274463
22057 0.274158
29461 0.274077
23650 0.274010
15900 0.274010
23972 0.273954
12351 0.273906
9678 0.273310
22264 0.273310
12152 0.273310
4387 0.273310
12050 0.273310
23118 0.273310
11987 0.273310
4244 0.273310
21032 0.272756
7595 0.272612
16141 0.272612
4553 0.272546
8499 0.272546
21921 0.271711
26444 0.271711
9074 0.271711
21906 0.271535
24100 0.271032
18054 0.271032
24892 0.271032
20022 0.270858
23036 0.270794
21816 0.270794
22684 0.270794
16152 0.270656
13465 0.270656
4207 0.270417
8152 0.270364
23037 0.270364
14537 0.270131
27378 0.270131
12133 0.269907
20333 0.269859
25200 0.269783
28507 0.269783
18851 0.269783
21871 0.269783
9931 0.269783
26303 0.269783
7009 0.269649
8779 0.269535
13716 0.269535
19352 0.269535
13344 0.269483
14013 0.269483
7965 0.269204
13938 0.269143
18367 0.268881
2657 0.268792
8204 0.268792
16885 0.268792
20590 0.268570
89 0.268503
29005 0.268503
16679 0.268503
22052 0.268054
7860 0.268054
8519 0.268054
16645 0.268054
14401 0.268054
29804 0.268054
9015 0.267642
22324 0.267642
18099 0.267586
26370 0.267512
21456 0.267263
17329 0.267263
19461 0.266589
17335 0.266589
14135 0.266346
16096 0.266346
17486 0.266346
27277 0.266192
2647 0.265831
13092 0.265501
24604 0.265501
27457 0.265501
11003 0.265501
1205 0.265198
7015 0.264813
6853 0.264813
10051 0.264813
6901 0.264660
28463 0.264660
26364 0.264515
10609 0.264421
15435 0.264308
22490 0.264242
21231 0.263992
24371 0.263992
25961 0.263707
17940 0.263707
21227 0.263707
4216 0.263548
2533 0.263288
4891 0.263288
27111 0.263288
24165 0.262996
29533 0.262798
15979 0.262735
3616 0.262615
9941 0.262501
9682 0.262289
26216 0.262289
7322 0.262289
22418 0.262289
5701 0.262097
5274 0.261922
3897 0.261761
24187 0.261545
15210 0.261352
8927 0.261352
13390 0.261352
26731 0.261026
7311 0.260886
14433 0.260760
15861 0.260644
15385 0.260538
2432 0.260441
14894 0.260351
2300 0.260351
16388 0.260268
3017 0.259824
1890 0.259824
18107 0.259644
11663 0.259568
29983 0.259499
10753 0.259499
10733 0.259379
13244 0.259326
14609 0.258126
18006 0.258126
11006 0.258126
22296 0.258126
23113 0.258126
28687 0.258126
12566 0.258126
953 0.258126
26538 0.258126
19167 0.258126
9973 0.258126
24974 0.257068
10882 0.257027
13689 0.256936
7517 0.256885
21826 0.256767
24023 0.256700
22554 0.256700
6440 0.256700
28480 0.256625
19958 0.256019
1330 0.256019
12587 0.255938
21977 0.255851
14914 0.255656
13113 0.255656
11188 0.255544
10742 0.255423
15017 0.254590
28254 0.254590
1414 0.254438
2601 0.254438
5963 0.254273
17648 0.254092
3759 0.254092
15959 0.253945
22805 0.253945
5660 0.253945
10649 0.253787
19800 0.253787
16325 0.253675
25925 0.253675
25306 0.253617
24456 0.253432
22352 0.253432
14711 0.253432
5055 0.253432
15335 0.253432
27573 0.253232
22065 0.253162
8577 0.253014
24772 0.252922
13384 0.252776
24104 0.252726
16581 0.252514
24676 0.252514
13212 0.252514
9312 0.252226
10694 0.252038
24395 0.251906
29888 0.251906
6682 0.251906
19527 0.251906
28558 0.251768
15918 0.251768
8682 0.251673
5342 0.251473
5087 0.251421
18556 0.251149
16293 0.250793
5001 0.250793
322 0.250628
2964 0.250628
1073 0.250534
13524 0.250534
16019 0.250397
10772 0.250337
18543 0.250023
17627 0.249957
26350 0.249799
23095 0.249593
11108 0.249376
4365 0.249312
4549 0.249312
23671 0.249263
21224 0.248907
1171 0.248907
5775 0.248907
21987 0.248463
6528 0.248385
22857 0.248385
19973 0.248385
17149 0.248198
19361 0.248198
22995 0.248198
16197 0.248101
18764 0.247801
1485 0.247801
2512 0.247643
11158 0.247643
3693 0.247142
25107 0.247142
8534 0.246589
9413 0.246536
7040 0.246536
420 0.246536
2430 0.246160
17325 0.245834
29010 0.245834
18687 0.245617
10334 0.245219
15603 0.245155
4595 0.245056
9503 0.244540
5097 0.244540
4107 0.244540
16185 0.244540
7555 0.244540
2412 0.244540
8509 0.243929
4695 0.243785
25675 0.243554
1680 0.243554
17332 0.243376
20448 0.243118
20142 0.243118
22793 0.242942
17345 0.242942
20656 0.242942
3174 0.242576
4700 0.242576
8640 0.242525
24565 0.242414
6427 0.242290
15698 0.242290
1995 0.241993
6868 0.241993
1063 0.241993
1863 0.241993
1693 0.241774
21422 0.241774
8276 0.241774
4351 0.241606
18103 0.241514
5921 0.241364
6258 0.241199
11779 0.241199
14930 0.241199
22669 0.241080
9730 0.241080
25621 0.240739
305 0.240739
21566 0.240685
585 0.240685
14336 0.240324
13571 0.240324
29860 0.239948
12630 0.239948
5699 0.239889
19939 0.239807
708 0.239605
7226 0.239498
21378 0.239353
16638 0.239353
26636 0.239353
17093 0.239005
978 0.238951
29941 0.238951
18988 0.238827
23410 0.238536
9628 0.238270
23426 0.238270
2496 0.238270
28645 0.238270
17942 0.237979
9233 0.237911
26944 0.237054
25745 0.236824
17194 0.236615
7731 0.236486
20783 0.236425
2167 0.236251
16223 0.235525
5015 0.235383
4294 0.235254
6302 0.235135
10341 0.235135
21268 0.235079
29104 0.234660
2417 0.234444
11907 0.234351
17852 0.234351
15295 0.234187
25173 0.233774
21534 0.233611
17276 0.233611
28956 0.233480
28087 0.233480
851 0.233480
19436 0.233285
6030 0.233285
4202 0.233285
4353 0.233246
22078 0.232313
20750 0.232313
6632 0.232313
11859 0.232313
1655 0.232313
9164 0.232313
7158 0.232313
16915 0.232313
13616 0.232313
28327 0.232313
1442 0.232313
20042 0.232313
25215 0.232313
26193 0.232313
11443 0.231097
23917 0.231097
28924 0.231030
22403 0.230870
23195 0.230870
4027 0.230870
17642 0.230775
17271 0.230775
14682 0.230775
22398 0.230775
26120 0.230775
1222 0.230393
5618 0.230393
3782 0.230220
4128 0.230220
25378 0.230220
14488 0.230220
9342 0.229760
818 0.229445
18933 0.229445
28629 0.229256
8194 0.229188
17722 0.229041
1643 0.228880
18814 0.228702
10876 0.228702
1361 0.228702
27757 0.228505
10023 0.228505
11280 0.228285
15195 0.228165
29250 0.228037
15631 0.228037
12514 0.228037
7278 0.227758
18490 0.227758
12850 0.227572
7987 0.227151
21095 0.226910
10223 0.226647
18785 0.226407
1927 0.226407
22869 0.226407
11291 0.226356
29504 0.226145
23040 0.226034
17713 0.225860
4735 0.225860
17611 0.225729
9731 0.225676
15441 0.225273
706 0.225273
12525 0.224819
16600 0.224819
24859 0.224819
23352 0.224819
6819 0.224504
24409 0.224457
5472 0.224058
21405 0.224058
14427 0.223916
19341 0.223788
20693 0.223565
9053 0.223378
23222 0.223378
6839 0.222927
23270 0.222766
19202 0.222766
11053 0.222766
15355 0.222633
4247 0.222633
18879 0.222633
19513 0.221955
27359 0.221955
25451 0.221872
20982 0.221872
9452 0.221872
880 0.221872
15304 0.221753
13842 0.221710
23313 0.221710
1611 0.221251
7515 0.221251
6450 0.221251
18115 0.221251
15413 0.221251
16473 0.221251
19193 0.220633
26321 0.220550
15902 0.220550
7760 0.220550
20234 0.220086
11525 0.220086
13545 0.219941
3073 0.219941
2229 0.219885
9153 0.219756
24376 0.219756
26659 0.219756
3137 0.219599
25004 0.219407
23174 0.219351
3414 0.219163
6758 0.218770
17095 0.218512
22824 0.218414
24324 0.218414
13789 0.218195
15600 0.218134
14029 0.217794
10428 0.217794
19412 0.217485
14543 0.217436
9591 0.217436
21351 0.217436
25912 0.217369
5696 0.217203
15586 0.217115
26615 0.216996
14372 0.216826
8155 0.216826
4462 0.216826
12705 0.216665
6603 0.216441
10276 0.216370
11787 0.216105
8896 0.215315
14869 0.215105
24832 0.215105
2344 0.214856
16402 0.214856
23575 0.214856
10960 0.214743
9509 0.214743
2051 0.214637
11834 0.214637
12419 0.214586
20299 0.214443
2867 0.214269
12790 0.213845
29176 0.213845
3566 0.213845
3235 0.213785
2243 0.213785
28608 0.213728
9142 0.213728
24980 0.213621
29237 0.213349
28472 0.212954
16036 0.212481
8671 0.212401
5315 0.212158
26386 0.212112
21684 0.211194
2708 0.211194
283 0.211194
25032 0.211194
23469 0.211194
484 0.211194
3842 0.211194
6307 0.211194
26940 0.210238
12985 0.209921
14903 0.209463
28545 0.209381
13516 0.209291
28384 0.209291
10708 0.209192
25671 0.208959
1321 0.208821
8207 0.208664
13394 0.208486
14371 0.208486
27292 0.208486
25457 0.208486
19883 0.208353
28091 0.208042
5201 0.208042
28195 0.208042
6284 0.207859
13594 0.207859
15215 0.207760
24962 0.207760
12962 0.207654
15845 0.207654
15783 0.207599
15856 0.207599
26076 0.207422
23927 0.207422
26484 0.207422
5437 0.207422
18873 0.207422
6362 0.207422
20052 0.207422
7558 0.207158
10145 0.207158
27702 0.207158
23796 0.206259
2298 0.206195
11248 0.205847
3986 0.205847
24457 0.205847
8712 0.205360
13540 0.205300
25537 0.204982
22410 0.204681
15762 0.204628
15899 0.204552
1513 0.204552
15911 0.204552
14846 0.204231
3932 0.204124
11269 0.203783
3788 0.203573
12711 0.203573
29386 0.203408
29131 0.203274
1037 0.203274
27609 0.202992
7628 0.202894
4647 0.202529
18335 0.202529
104 0.202475
11700 0.202011
8327 0.202011
24815 0.201594
20015 0.201550
1088 0.201496
19175 0.201428
9602 0.201338
6011 0.201338
24442 0.201338
9700 0.201338
27954 0.201137
3214 0.200919
14918 0.200919
13006 0.200919
1064 0.200764
13219 0.200634
17593 0.200634
20049 0.200473
26168 0.200473
11899 0.200270
20466 0.200270
20766 0.200005
3814 0.199942
13998 0.199839
29460 0.199839
29244 0.199461
4186 0.199461
5351 0.199461
27679 0.199126
16714 0.198689
27793 0.198689
21324 0.198558
20576 0.198458
27367 0.198182
26129 0.198182
19493 0.197994
29467 0.197935
12416 0.197935
14126 0.197713
12444 0.197466
24807 0.197390
20318 0.197247
18647 0.197051
25128 0.196875
27008 0.196875
23179 0.196875
16035 0.196875
3386 0.196717
20096 0.196484
4641 0.196484
5496 0.196175
20165 0.196108
6481 0.196108
2600 0.195927
22610 0.195927
12331 0.195927
1196 0.195769
28263 0.195769
16177 0.195632
25204 0.195511
4843 0.195404
14597 0.195404
8404 0.195307
5867 0.195307
6165 0.195221
6287 0.195143
6578 0.194753
10452 0.194676
16598 0.194608
28656 0.194608
15797 0.194495
4710 0.194447
7867 0.194404
9901 0.194404
24970 0.193594
19007 0.193594
3403 0.193594
2543 0.193594
13142 0.193594
12006 0.192749
29797 0.192525
663 0.192525
21935 0.192449
19371 0.192361
7770 0.191994
19808 0.191994
13755 0.191818
6614 0.191715
20899 0.191317
20789 0.191317
6876 0.191317
17519 0.191204
11693 0.191080
10937 0.191080
24876 0.190942
4330 0.190942
22888 0.190789
19615 0.190789
5113 0.190421
8437 0.190421
17492 0.190256
13760 0.190198
8351 0.190198
27807 0.190074
14462 0.189942
529 0.189871
3517 0.189871
21294 0.189871
19001 0.189643
17699 0.189643
19775 0.189440
22917 0.189440
11401 0.189440
3662 0.189092
13223 0.189092
8473 0.188963
10749 0.188963
14127 0.188754
8995 0.188630
14615 0.188362
3433 0.188362
1382 0.188362
12011 0.188362
16385 0.187828
14993 0.187349
8455 0.187172
17364 0.187172
3413 0.186919
8314 0.186784
12826 0.186424
24247 0.186289
20988 0.186243
10513 0.185850
7101 0.185850
29698 0.185850
1076 0.185850
4985 0.185850
16503 0.185850
5787 0.185850
12519 0.185460
13708 0.185356
23416 0.185280
4081 0.185280
602 0.184926
3392 0.184684
28939 0.184620
874 0.184620
21985 0.184620
21983 0.184548
6281 0.184375
2186 0.184213
19961 0.184151
11881 0.184151
5241 0.184010
9007 0.184010
13853 0.183915
29638 0.183405
16662 0.183035
17594 0.183035
19200 0.183035
7457 0.183035
8851 0.183035
16530 0.182718
25901 0.182445
15021 0.182395
902 0.182206
11704 0.181996
8525 0.181810
25444 0.181644
16446 0.181644
12552 0.181495
11627 0.181495
22632 0.181495
18239 0.181318
7122 0.181318
4252 0.181023
5366 0.181023
7589 0.180900
29196 0.180843
9587 0.180554
10141 0.180554
6883 0.180243
14656 0.179766
8289 0.179690
25052 0.179690
20008 0.179624
20238 0.179624
12944 0.179624
14580 0.179624
19558 0.179624
26666 0.179469
2593 0.179469
5712 0.179429
17848 0.178702
12426 0.178702
1602 0.178702
17892 0.178702
26818 0.178702
26223 0.178702
9229 0.178702
3020 0.178702
26580 0.178702
9584 0.178702
21162 0.177942
9887 0.177897
11089 0.177847
8427 0.177847
28250 0.177847
28464 0.177847
25854 0.177791
22986 0.177726
6188 0.177651
6906 0.177564
1126 0.177267
25003 0.177188
21661 0.177000
12390 0.177000
27385 0.176888
3802 0.176888
8150 0.176440
9466 0.176440
10305 0.176309
6807 0.176162
20878 0.175995
4792 0.175525
8688 0.175331
16615 0.175331
22923 0.175331
6 0.175331
14389 0.175110
28990 0.174859
20703 0.174859
2404 0.174859
12852 0.174749
20076 0.174571
24620 0.174235
4045 0.174235
1184 0.174235
11655 0.174235
7658 0.173567
25569 0.173368
14063 0.173153
16357 0.173153
10021 0.172999
17955 0.172999
7463 0.172884
28187 0.172510
10591 0.172459
23608 0.172084
10500 0.172084
5941 0.172084
15172 0.172084
15417 0.171710
19393 0.171660
1266 0.171595
21949 0.171178
26167 0.170966
23099 0.170818
5247 0.170679
26312 0.170363
10 0.170363
25581 0.170282
17474 0.170282
15383 0.170282
19706 0.169985
9345 0.169985
24388 0.169726
13536 0.169667
21121 0.169667
27615 0.169499
22454 0.169499
29101 0.169499
14444 0.169395
27628 0.169160
29928 0.168955
15860 0.168955
29364 0.168955
27033 0.168719
2929 0.168614
15069 0.168614
8511 0.168517
11521 0.168343
6689 0.168121
22205 0.167937
14175 0.167937
8918 0.167937
8751 0.167782
16834 0.167782
28641 0.167649
22668 0.167649
9119 0.167533
20700 0.167433
15429 0.167344
12897 0.167265
20467 0.166932
2841 0.166932
8964 0.166932
29035 0.166789
27562 0.166732
7021 0.166732
5936 0.166638
29330 0.165938
23515 0.165938
16343 0.165938
9595 0.165938
20214 0.165938
19248 0.165938
5311 0.165938
24194 0.165938
5416 0.165938
16684 0.165938
9398 0.165938
27491 0.165200
26162 0.165200
6647 0.165096
14083 0.165096
6159 0.165096
2475 0.164867
12327 0.164469
14727 0.164469
19173 0.164372
859 0.164262
4432 0.164134
28812 0.163986
3363 0.163986
29431 0.163986
20720 0.163811
6373 0.163247
18464 0.163195
9299 0.163027
29401 0.163027
22211 0.163027
19572 0.163027
15937 0.163027
21430 0.163027
28427 0.162836
9491 0.162836
5111 0.162836
18198 0.162767
26962 0.162315
11198 0.162079
18281 0.161737
25384 0.161609
15652 0.161609
23610 0.161142
11356 0.160909
11274 0.160720
15083 0.160642
8405 0.160642
11335 0.160642
11404 0.160642
23507 0.160585
11583 0.160542
20917 0.160542
15404 0.160216
20199 0.159792
18290 0.159715
26428 0.159715
20973 0.159528
14624 0.159247
9809 0.158847
17700 0.158723
24153 0.158653
29388 0.158653
20670 0.158395
8618 0.158395
5411 0.158171
6840 0.158119
12059 0.158119
10457 0.157883
6565 0.157679
19571 0.157500
20393 0.157500
15225 0.157120
25918 0.156968
1359 0.156968
586 0.156836
29183 0.156776
28677 0.156616
9745 0.156616
23798 0.156616
25509 0.156480
16812 0.156480
14082 0.156264
27044 0.156177
28548 0.155820
12554 0.155820
16134 0.155674
6280 0.155674
29594 0.155567
4413 0.155523
9307 0.154875
11052 0.154875
10544 0.154875
20410 0.154233
27966 0.154141
14618 0.154085
18784 0.154085
12529 0.154085
3769 0.154085
14716 0.153850
14629 0.153303
2840 0.153173
21371 0.153021
25878 0.153021
1149 0.153021
10233 0.153021
21339 0.152838
7945 0.152838
26393 0.152694
8603 0.152694
27850 0.152694
18305 0.152694
29090 0.152336
2556 0.152110
19659 0.152110
20723 0.151839
12974 0.151839
7357 0.151839
1090 0.151715
29885 0.151509
5176 0.151210
23551 0.151210
22013 0.151210
28044 0.151098
11109 0.151004
6024 0.150853
16017 0.150853
4901 0.150853
14616 0.150690
9427 0.150690
22896 0.150486
8364 0.150320
16094 0.149879
22694 0.149879
6436 0.149879
5 0.149558
18010 0.149508
12868 0.149508
1989 0.149508
29677 0.149441
8099 0.149277
16618 0.149277
9003 0.148919
27833 0.148919
11251 0.148572
9225 0.148572
26040 0.148511
4530 0.148285
6855 0.148285
5966 0.147714
15744 0.147714
1105 0.147714
7756 0.147500
16184 0.147500
9707 0.147320
27372 0.147320
4621 0.147167
16570 0.147167
16866 0.147167
33 0.147034
20114 0.146865
15127 0.146109
7299 0.146109
24753 0.146109
6005 0.145956
16526 0.145956
24193 0.145897
9318 0.145897
25121 0.145897
1226 0.145897
6338 0.145847
18548 0.145803
10831 0.145196
20996 0.144593
9432 0.144501
7329 0.144375
5392 0.144375
1045 0.144294
24267 0.143996
17355 0.143813
11242 0.143564
208 0.143403
18332 0.143131
3326 0.143131
8528 0.142962
26877 0.142962
26680 0.142962
19671 0.142233
28242 0.142233
25320 0.141969
6947 0.141787
261 0.141787
2817 0.141787
5236 0.141654
18076 0.141511
12337 0.141408
7047 0.141408
10572 0.141185
16721 0.141185
22390 0.141081
23592 0.141081
18356 0.140796
21271 0.140796
27774 0.140468
5568 0.140409
26536 0.140189
28860 0.140088
24976 0.140088
18155 0.139948
21654 0.139948
26995 0.139818
27981 0.139818
12017 0.139818
2397 0.139642
19535 0.139174
3191 0.139110
5429 0.139110
7951 0.138883
718 0.138694
27558 0.138465
3534 0.138465
15101 0.138465
28675 0.138465
11761 0.138282
2289 0.138282
2719 0.138132
21804 0.138132
7141 0.137903
966 0.137813
20028 0.137554
24830 0.137463
19411 0.137389
25898 0.137328
24477 0.137328
28050 0.137276
7213 0.137276
15479 0.137276
28030 0.137276
22581 0.137276
4208 0.137276
16851 0.137276
8611 0.137231
2839 0.136655
23159 0.136655
15826 0.136655
28207 0.136655
6521 0.136655
12943 0.136655
12718 0.136655
16061 0.136039
12429 0.135988
16670 0.135856
27802 0.135767
29121 0.135066
24004 0.134954
6228 0.134954
19726 0.134891
27081 0.134891
26577 0.134891
6268 0.134891
20166 0.134497
12430 0.134497
4177 0.134396
1849 0.134396
10539 0.134396
14852 0.134285
14945 0.134285
18513 0.134285
12584 0.134225
14977 0.133843
9055 0.133631
7923 0.133631
20353 0.133386
14706 0.133386
5332 0.133173
23532 0.133173
7935 0.132750
17453 0.132750
8337 0.132459
17963 0.132330
5494 0.132330
1942 0.132121
3542 0.131996
18685 0.131996
1783 0.131498
18244 0.131498
28922 0.131144
14834 0.131144
16965 0.130739
9391 0.130739
6133 0.130676
26488 0.130676
354 0.130618
13985 0.130513
24065 0.130513
19765 0.130513
2156 0.130513
20097 0.130269
26738 0.130269
5298 0.130175
16495 0.130175
3156 0.130095
28981 0.129784
16239 0.129784
13312 0.129718
6917 0.129718
8957 0.129617
4801 0.129063
16833 0.129063
8177 0.129063
21442 0.129063
14771 0.129063
14306 0.128514
15033 0.128514
3288 0.128350
26012 0.127772
19487 0.127645
543 0.127489
14809 0.127489
25691 0.127295
18450 0.127295
2766 0.127295
23832 0.127295
23968 0.127137
2782 0.127137
15485 0.127137
27362 0.127137
28355 0.126947
4550 0.126947
19915 0.126947
22158 0.126894
25557 0.126507
15432 0.126143
9204 0.125953
11495 0.125575
24860 0.125575
22678 0.124900
18971 0.124900
7387 0.124656
26644 0.124656
20573 0.124283
4601 0.124283
26961 0.124283
12999 0.124232
2013 0.124232
4284 0.124051
29823 0.124051
23275 0.123900
3400 0.123717
15443 0.123717
3081 0.123451
26481 0.123451
14161 0.123451
8773 0.123268
6538 0.122989
25210 0.122917
20061 0.122858
11170 0.122858
19982 0.122767
438 0.122270
27459 0.121736
20342 0.121736
25389 0.121688
21307 0.121630
10107 0.121559
14786 0.121559
3925 0.121288
1588 0.121288
27521 0.121207
21763 0.121111
23904 0.120857
21801 0.120682
4520 0.120540
15549 0.120162
7303 0.119974
10839 0.119974
11774 0.119904
16914 0.119904
3778 0.119749
13468 0.119646
29134 0.119646
15721 0.119475
9919 0.119475
14370 0.119475
23355 0.119475
22602 0.119413
5449 0.119135
17008 0.118858
13075 0.118796
19165 0.118796
689 0.118628
4133 0.118628
2699 0.118376
21110 0.118125
18091 0.118125
986 0.118125
11067 0.118125
21737 0.117925
122 0.117462
4433 0.117330
1277 0.117222
24501 0.117222
21192 0.116887
17773 0.116887
4610 0.116887
27621 0.116887
7529 0.116805
24224 0.116805
4571 0.116740
26513 0.116740
4731 0.116687
21053 0.116687
13150 0.116157
19683 0.116157
25358 0.116157
17113 0.116157
6249 0.116157
3282 0.116157
19894 0.116157
20669 0.115631
14769 0.115435
3145 0.115435
3629 0.115435
8879 0.115006
8101 0.114880
20192 0.114880
17824 0.114723
29463 0.114594
23627 0.114440
5807 0.114252
2909 0.114019
4975 0.114019
10275 0.113879
3201 0.113323
19421 0.113323
23510 0.113323
7477 0.112865
29699 0.112773
18068 0.112637
22908 0.112637
12978 0.112410
14437 0.112229
13124 0.112081
14395 0.111958
6642 0.111958
24327 0.111958
26246 0.111958
21874 0.111808
680 0.111689
1617 0.111288
11619 0.111155
19189 0.110625
9662 0.110625
7197 0.110625
29488 0.110148
18258 0.110148
2694 0.110101
27220 0.110043
21533 0.109971
11903 0.109582
23117 0.109467
11211 0.109467
10601 0.109207
7587 0.108897
6977 0.108684
11723 0.108684
6404 0.108558
1534 0.108413
22192 0.108413
25224 0.108413
14197 0.108333
8392 0.108333
272 0.108282
24634 0.107825
3592 0.107825
162 0.107695
25584 0.107428
27483 0.107428
29838 0.107428
20940 0.107372
27644 0.107221
4260 0.106986
4596 0.106674
23067 0.106674
27942 0.106566
6522 0.106200
28422 0.106133
20487 0.106133
226 0.106079
21 0.105597
12919 0.105597
18130 0.105597
15968 0.105597
11722 0.105162
13933 0.105119
9766 0.105119
25810 0.105119
24163 0.104916
23408 0.104410
10689 0.104304
26205 0.104243
23053 0.104243
22306 0.104176
6393 0.104021
10697 0.104021
7133 0.103880
29036 0.103827
19788 0.103711
3907 0.103579
1005 0.103579
20275 0.103579
12629 0.103506
29911 0.103506
23098 0.103250
22651 0.102924
19637 0.102924
6052 0.102924
11457 0.102924
15785 0.102680
28793 0.102680
21970 0.102680
4611 0.102628
2727 0.102491
28344 0.102276
23762 0.102218
27814 0.101892
3846 0.101496
15759 0.101447
23828 0.101006
8291 0.101006
18728 0.100568
11413 0.100520
22273 0.100520
20095 0.100460
5121 0.100382
7523 0.100039
18362 0.100039
24012 0.100039
11410 0.099920
6269 0.099766
24461 0.099705
29808 0.099385
21540 0.099158
18262 0.098857
12984 0.098857
25458 0.098438
8500 0.098160
133 0.098160
20818 0.097963
19861 0.097963
20099 0.097702
26796 0.097377
21237 0.097247
19824 0.097247
4698 0.097247
17122 0.097202
25636 0.096797
12956 0.096797
23290 0.096797
29968 0.096797
13955 0.096351
26442 0.096351
29086 0.096296
2368 0.095997
16837 0.095909
10030 0.095799
8839 0.095602
17132 0.095471
5017 0.095471
4185 0.095308
793 0.095308
16182 0.095308
27247 0.095308
15135 0.095099
23357 0.095037
17999 0.094607
3443 0.094546
25920 0.094340
18342 0.094181
25765 0.094054
24924 0.094054
8267 0.094054
13981 0.094000
17337 0.093759
4694 0.093459
20984 0.093340
5918 0.092925
28923 0.092925
12627 0.092925
18350 0.092925
19782 0.092925
3469 0.092925
29150 0.092310
822 0.092310
18136 0.092005
12043 0.091875
28904 0.091875
13493 0.091703
7682 0.091703
21434 0.091703
27541 0.091552
25364 0.091359
3146 0.091359
6473 0.091302
19275 0.091302
20778 0.091103
20252 0.090905
28985 0.090849
23785 0.090659
27556 0.090659
27136 0.090659
18889 0.090512
12605 0.090344
10985 0.090344
27630 0.090219
15635 0.090121
23321 0.090121
8733 0.089928
12163 0.089928
18098 0.089845
10189 0.089845
9107 0.089845
492 0.089783
20282 0.089783
29080 0.089351
9082 0.089351
1675 0.089351
11921 0.089351
17550 0.089351
8415 0.089351
23057 0.088782
3342 0.088782
5788 0.088782
19626 0.088782
12506 0.088782
1555 0.088594
11599 0.088500
9176 0.088380
25486 0.087902
920 0.087902
312 0.087849
10253 0.087849
13463 0.087849
16270 0.087849
17353 0.087849
7783 0.087665
14924 0.087665
22898 0.087482
27999 0.087430
29276 0.087254
5656 0.087254
6405 0.087117
28261 0.087117
21527 0.087117
736 0.086846
28064 0.086500
10073 0.086500
13467 0.086442
2852 0.086442
16937 0.086042
12279 0.086042
22047 0.086042
11868 0.086042
16099 0.086042
29534 0.086042
26504 0.085253
28067 0.085253
3989 0.085141
15536 0.085141
6195 0.084993
17702 0.084863
6042 0.084697
18306 0.084648
9806 0.084477
2623 0.084477
17198 0.084477
21886 0.084259
19203 0.084095
24591 0.084095
8888 0.084095
22080 0.084095
21706 0.083969
15186 0.083969
19227 0.083969
19110 0.083969
7761 0.083824
21663 0.083716
7480 0.083716
21765 0.082969
9627 0.082478
13500 0.082235
11792 0.081993
26324 0.081993
2154 0.081872
6734 0.081718
29792 0.081718
17074 0.081513
14177 0.081513
17864 0.081513
29579 0.081513
16236 0.081157
22282 0.081157
20768 0.081157
17994 0.081039
27604 0.079650
26208 0.079650
23103 0.079423
15784 0.079198
5415 0.079198
5694 0.079085
1628 0.079085
549 0.079085
25506 0.079085
24888 0.078750
25105 0.078750
23794 0.078182
5250 0.078088
25066 0.077870
1177 0.077808
29301 0.077438
29647 0.077116
24413 0.077010
5165 0.077010
7591 0.076925
6508 0.076925
17065 0.076587
20408 0.076587
25387 0.076419
6512 0.076419
4152 0.076168
5756 0.075919
27790 0.075919
9438 0.075857
12590 0.075754
4556 0.075754
13136 0.075549
22642 0.075426
16629 0.074940
8218 0.074940
12146 0.074940
14211 0.074940
18779 0.074639
16880 0.074639
9042 0.074596
12301 0.074459
22685 0.073750
14635 0.073750
13343 0.073517
26474 0.073252
15588 0.073252
19011 0.073054
3934 0.072978
9585 0.072598
23665 0.072598
12120 0.072598
9292 0.072598
17645 0.072147
21614 0.072147
16040 0.072147
12066 0.071955
19435 0.071955
20710 0.071849
29913 0.071702
25576 0.071702
15894 0.071638
19639 0.071481
907 0.071324
17937 0.071324
8676 0.071262
4535 0.071262
1500 0.071262
14227 0.071116
16063 0.071116
29851 0.071013
7224 0.070827
26211 0.070704
25634 0.070094
19606 0.069974
24483 0.069694
19243 0.069555
26334 0.069555
510 0.069495
9291 0.069347
16739 0.069347
4209 0.069347
11425 0.069141
16765 0.069004
25187 0.068664
15796 0.068616
18467 0.068327
4226 0.068327
20629 0.068041
11757 0.067928
19904 0.067758
18771 0.067533
5896 0.067337
5016 0.066921
2798 0.066693
5251 0.066693
22967 0.066375
12263 0.066375
22922 0.066375
20729 0.066061
29198 0.066061
25864 0.065838
11064 0.065838
12176 0.065749
16510 0.065749
21853 0.065572
24159 0.065440
6841 0.065309
27377 0.065309
10019 0.065309
23181 0.065309
2458 0.065256
9 0.065135
1509 0.064892
7738 0.064892
7164 0.064892
28366 0.064531
6929 0.064531
10405 0.064531
19094 0.064234
13879 0.064175
13065 0.064175
8439 0.063939
25994 0.063474
2833 0.063358
14975 0.063129
16988 0.063129
1170 0.063129
23830 0.063129
16949 0.063071
25061 0.062787
11912 0.062227
27944 0.062227
12484 0.062116
3959 0.061950
21424 0.061950
29146 0.061785
16715 0.061540
28033 0.061458
13254 0.061458
11213 0.061458
2698 0.061135
10548 0.061135
18264 0.061135
24038 0.060735
17393 0.060735
22956 0.060498
3904 0.060498
23125 0.060498
9210 0.060341
7430 0.060341
16448 0.060341
6295 0.060185
11431 0.060081
12746 0.059952
26348 0.059952
22944 0.059875
10238 0.059567
26299 0.059567
19893 0.059314
16284 0.059188
5301 0.058813
24647 0.058813
4477 0.058665
14279 0.058566
27219 0.058566
17612 0.058444
27862 0.058370
3512 0.058078
21144 0.057837
26965 0.057789
21633 0.057789
16842 0.057598
25566 0.057503
4833 0.057361
29065 0.057220
16493 0.057009
26329 0.057009
6575 0.057009
12140 0.056939
28766 0.056939
25805 0.056893
19704 0.056893
17974 0.056662
7490 0.056662
17082 0.056432
3277 0.056387
8436 0.056387
5786 0.056318
15051 0.056205
28444 0.056205
5524 0.056114
5840 0.055979
8443 0.055979
3672 0.055844
15996 0.055844
13471 0.055844
15361 0.055844
25402 0.055844
2975 0.055755
25426 0.055644
24107 0.055313
29137 0.055313
12218 0.055313
28581 0.055050
19033 0.054985
2029 0.054662
28350 0.054662
21203 0.054662
4720 0.054342
3540 0.054342
23358 0.054342
29986 0.054342
1924 0.054026
22018 0.054026
29733 0.054026
15615 0.053714
7679 0.053528
11218 0.053100
26772 0.053040
11490 0.053040
4541 0.052798
12534 0.052798
29896 0.052500
27422 0.052323
11375 0.052205
6777 0.052088
28717 0.051625
19201 0.051625
25709 0.051397
8381 0.051397
7829 0.051170
23225 0.050946
7507 0.050779
29125 0.050723
27139 0.050503
274 0.050284
12346 0.050230
3416 0.049960
16779 0.049960
24316 0.049640
11642 0.049428
6262 0.049428
1412 0.049219
3954 0.049219
7077 0.049167
15187 0.049167
13996 0.049011
14345 0.048908
14861 0.048652
12056 0.048652
16079 0.048652
4500 0.048399
3775 0.048198
9713 0.048148
27984 0.047900
27176 0.047605
5980 0.047170
25710 0.047027
12509 0.047027
13923 0.046837
28870 0.046696
15112 0.046463
18366 0.046463
9170 0.046463
9362 0.046231
7476 0.045776
1326 0.045776
19879 0.045552
11330 0.045552
10537 0.045552
22051 0.045329
23384 0.045256
20862 0.045109
24706 0.045109
7046 0.044676
1284 0.044676
20603 0.044676
22093 0.044462
12741 0.044391
26304 0.044391
1814 0.044391
19803 0.044250
27396 0.044110
9755 0.044110
445 0.044040
18525 0.043833
16946 0.043833
24688 0.043833
942 0.043833
1737 0.043833
3944 0.043627
16449 0.043559
9944 0.043423
25694 0.043288
3490 0.043288
3367 0.043288
20541 0.043021
7253 0.042626
5149 0.042626
22563 0.042626
11600 0.042626
23863 0.042496
21443 0.042496
27701 0.042432
16116 0.042239
13047 0.042239
2675 0.042239
21156 0.042239
9845 0.042239
5706 0.042239
18872 0.042239
8826 0.042048
22361 0.042048
29135 0.042048
17585 0.041984
20264 0.041984
28469 0.041984
27792 0.041984
23246 0.041984
9025 0.041858
11556 0.041671
4003 0.041484
15106 0.041300
16783 0.041117
8755 0.040996
2595 0.040996
13858 0.040757
13647 0.040520
13734 0.040520
17576 0.040402
10302 0.040286
22686 0.040286
9530 0.040286
4818 0.040054
22834 0.040054
18049 0.040054
26971 0.039882
27083 0.039882
9481 0.039712
5029 0.039599
24619 0.039599
19680 0.039209
21050 0.039154
29815 0.039044
20753 0.038719
17779 0.038558
16895 0.038505
16927 0.038505
10506 0.038505
19693 0.038399
17415 0.038084
2354 0.037877
8052 0.037877
13216 0.037672
20346 0.037672
18102 0.037470
29328 0.037319
21556 0.037269
7263 0.037269
17038 0.036875
9643 0.036299
3406 0.036111
18517 0.035925
23813 0.035378
16205 0.035022
6482 0.034847
14555 0.034847
29282 0.034674
11481 0.034502
13891 0.033997
25336 0.033669
1711 0.033346
13021 0.033346
11215 0.033346
10944 0.033188
19502 0.033030
10407 0.032874
5092 0.032720
4025 0.032266
3789 0.031970
21539 0.031970
6590 0.030975
27803 0.030975
11505 0.030838
16363 0.030770
7846 0.030770
9784 0.030770
21267 0.030770
11887 0.030770
5039 0.030568
28311 0.030568
16156 0.030568
26708 0.030434
4883 0.030434
7645 0.030434
10808 0.030434
28797 0.030368
24057 0.030302
7365 0.030302
23093 0.030171
8224 0.029912
27470 0.029784
26917 0.029657
2837 0.029531
23009 0.029283
5881 0.029039
256 0.028859
18710 0.028859
25517 0.028799
8859 0.028681
9568 0.028681
23725 0.028505
13936 0.028505
4041 0.028331
278 0.028331
27817 0.028331
28338 0.028159
13852 0.028159
1872 0.027878
21104 0.027878
26235 0.027822
23029 0.027822
11428 0.027656
13499 0.027493
15377 0.027171
3501 0.027013
7307 0.026857
1879 0.026703
6708 0.026703
17610 0.026399
9953 0.026250
11045 0.026103
22168 0.026103
22562 0.025957
26750 0.025670
4469 0.025670
4900 0.025529
20608 0.025529
13866 0.025389
14141 0.025389
21760 0.025251
28405 0.024980
7786 0.024980
10503 0.024714
12632 0.024583
1644 0.024454
27014 0.024454
14824 0.024454
24427 0.024454
7088 0.024074
18965 0.023705
15886 0.023705
22359 0.023705
10130 0.023585
28727 0.023585
3877 0.023466
22758 0.023116
21554 0.023001
26770 0.022665
27752 0.022665
16367 0.022665
3611 0.022446
3305 0.022446
13665 0.022446
22627 0.021916
27308 0.021813
14816 0.021712
23648 0.021510
21164 0.021510
3453 0.021411
16658 0.021411
885 0.021411
18228 0.021313
19420 0.021024
9892 0.021024
18190 0.020929
7804 0.020835
18351 0.020650
25433 0.020201
11327 0.019688
8459 0.019688
18420 0.019199
25132 0.019120
16301 0.019042
744 0.018887
17829 0.018887
9462 0.018887
18924 0.018811
22001 0.018735
18195 0.018585
11131 0.018585
5781 0.015488
18208 0.015488
1257 0.015184
13655 0.015085
21093 0.014988
23176 0.014892
3579 0.014797
23935 0.014611
7198 0.014611
24566 0.014520
21048 0.014520
1529 0.014340
25622 0.014252
28485 0.014165
3667 0.014165
19154 0.014165
1722 0.014165
6717 0.014080
63 0.014080
3781 0.014080
26743 0.013995
3875 0.013995
28898 0.013995
1268 0.013911
616 0.013828
4671 0.013828
9268 0.013746
19708 0.013665
11618 0.013665
17396 0.013586
25035 0.013586
20280 0.013586
201 0.013507
1341 0.013429
15500 0.013125
4582 0.013051
8257 0.012906
13279 0.012906
26286 0.012906
7602 0.012835
16464 0.012764
28814 0.012764
20475 0.012764
8083 0.012626
11177 0.012626
7657 0.012490
19400 0.012490
12658 0.012423
3152 0.012357
25198 0.012292
5485 0.012227
18663 0.012163
28849 0.012100
25817 0.012037
7954 0.011975
4871 0.011793
19141 0.011733
1671 0.011616
24124 0.011616
8479 0.011501
9347 0.011388
29701 0.011223
5148 0.011115
22182 0.011115
11751 0.010907
12503 0.010907
26130 0.010856
23241 0.010805
23763 0.010755
12872 0.010657
5204 0.010657
2693 0.010657
27733 0.010608
21258 0.010465
8341 0.010418
5729 0.010371
3539 0.010279
3710 0.010234
10463 0.010145
9385 0.010145
16673 0.010101
5814 0.010057
16723 0.010013
4699 0.009971
1878 0.009844
15814 0.009844
20240 0.009802
22732 0.009761
1169 0.009720
14115 0.009640
10297 0.009600
19532 0.009521
15636 0.009521
1866 0.009482
14092 0.009444
2563 0.009367
29993 0.009367
23380 0.009330
