5995
4 0.508785
5 0.149558
6 0.175331
9 0.065135
10 0.170363
12 0.418762
14 0.325534
21 0.105597
23 0.435587
24 0.529030
33 0.147034
37 1.149466
40 1.076816
42 0.536107
44 0.454301
57 1.003170
60 0.379883
61 0.985571
63 0.014080
66 0.441101
74 0.314240
87 0.433126
89 0.268503
95 1.070567
101 0.337229
104 0.202475
105 0.459062
122 0.117462
127 1.099780
129 1.044236
130 0.286975
132 1.099615
133 0.098160
138 1.177192
146 0.380681
162 0.107695
165 0.281592
170 1.220379
195 0.986706
198 0.586649
201 0.013507
208 0.143403
210 1.022178
212 0.616566
215 1.154851
221 0.458890
222 0.454793
226 0.106079
228 1.252924
233 1.139649
243 0.473872
244 0.497814
251 0.397884
256 0.028859
261 0.141787
265 1.068858
266 0.491235
272 0.108282
274 0.050284
275 1.126059
276 0.499473
278 0.028331
283 0.211194
285 0.368301
300 0.416972
305 0.240739
312 0.087849
322 0.250628
329 0.403100
330 1.077088
335 0.314194
337 0.459376
338 0.399452
344 0.274779
354 0.130618
376 0.324158
382 0.451720
396 0.538286
412 0.570349
415 0.387188
419 0.513084
420 0.246536
428 0.427945
438 0.122270
442 0.315001
443 0.570769
445 0.044040
446 0.536107
449 1.047934
456 0.378184
473 0.493999
482 0.542528
484 0.211194
492 0.089783
496 0.372695
500 0.573240
504 0.401183
510 0.069495
516 0.561515
519 0.359532
520 1.013963
526 0.283821
529 0.189871
533 1.195931
535 0.509001
538 1.172953
543 0.127489
544 0.552589
547 0.963249
549 0.079085
554 0.446041
558 1.188268
561 0.317306
576 0.583254
577 0.591880
585 0.240685
586 0.156836
602 0.184926
608 1.101998
610 0.456075
616 0.013828
620 1.046904
627 0.399452
632 0.589282
636 1.166638
648 1.184890
654 1.041889
660 1.059503
663 0.192525
680 0.111689
682 0.290391
684 0.550215
687 0.480200
689 0.118628
691 1.103163
702 0.526702
706 0.225273
708 0.239605
709 0.461909
718 0.138694
736 0.086846
737 0.333464
744 0.018887
752 1.215478
762 0.464626
774 1.183761
775 0.491834
780 0.322348
784 0.485152
793 0.095308
797 1.072214
802 0.564499
803 0.442501
804 1.248065
812 1.099615
817 0.964993
818 0.229445
819 0.404674
822 0.092310
826 0.350890
828 0.893512
830 1.267162
835 1.047686
848 0.395026
851 0.233480
855 0.361376
859 0.164262
866 0.396632
874 0.184620
876 0.387188
880 0.221872
885 0.021411
894 1.124884
902 0.182206
907 0.071324
911 0.368301
914 0.483986
920 0.087902
931 0.482728
936 1.099116
942 0.043833
944 0.276016
953 0.258126
957 1.119327
959 0.371222
966 0.137813
978 0.238951
981 0.506465
986 0.118125
992 1.049607
1000 0.939995
1005 0.103579
1015 1.178902
1016 0.385541
1023 1.313603
1026 1.048387
1037 0.203274
1043 0.566617
1045 0.144294
1054 0.316295
1063 0.241993
1064 0.200764
1069 0.943403
1073 0.250534
1075 0.466748
1076 0.185850
1077 0.373145
1079 1.032503
1084 0.347384
1085 0.410600
1087 1.212068
1088 0.201496
1089 0.294333
1090 0.151715
1091 0.481625
1099 0.538544
1105 0.147714
1121 0.544276
1122 1.252669
1124 0.857920
1126 0.177267
1130 1.293896
1139 0.391853
1141 1.098207
1144 0.330191
1147 0.548154
1148 0.311481
1149 0.153021
1160 0.896647
1162 0.998370
1169 0.009720
1170 0.063129
1171 0.248907
1177 0.077808
1180 0.352385
1184 0.174235
1196 0.195769
1198 0.478706
1199 0.477532
1204 0.447958
1205 0.265198
1219 0.351171
1221 0.312529
1222 0.230393
1226 0.145897
1230 0.326227
1237 0.369589
1243 0.378488
1247 1.253963
1248 1.180003
1257 0.015184
1266 0.171595
1267 1.037373
1268 0.013911
1277 0.117222
1283 1.130727
1284 0.044676
1292 0.297145
1300 0.482728
1306 0.485430
1313 1.130836
1321 0.208821
1323 0.426397
1324 0.375164
1326 0.045776
1330 0.256019
1335 0.380149
1336 0.971767
1341 0.013429
1343 1.105179
1349 0.559272
1351 0.499185
1359 0.156968
1361 0.228702
1365 0.929252
1367 0.994262
1375 1.119581
1377 0.334531
1382 0.188362
1393 0.438327
1402 1.214147
1406 0.591092
1411 0.443744
1412 0.049219
1414 0.254438
1426 0.348470
1427 0.366810
1442 0.232313
1444 1.053513
1452 0.590796
1456 1.181708
1457 0.524891
1459 0.337035
1460 0.521519
1461 0.467021
1468 0.343729
1485 0.247801
1497 1.072214
1500 0.071262
1502 0.385404
1504 1.126669
1509 0.064892
1512 1.161565
1513 0.204552
1518 0.416705
1529 0.014340
1531 1.313500
1534 0.108413
1540 0.318494
1541 0.323620
1551 0.379287
1555 0.088594
1557 0.307885
1562 0.362989
1565 0.577835
1571 0.302196
1581 0.459520
1582 0.580783
1586 1.042828
1587 0.527984
1588 0.121288
1590 0.301876
1602 0.178702
1603 0.286413
1611 0.221251
1612 0.471702
1616 1.133508
1617 0.111288
1622 0.280712
1628 0.079085
1629 0.466961
1630 1.008392
1632 0.466961
1637 1.059674
1643 0.228880
1644 0.024454
1650 1.111546
1655 0.232313
1657 0.546619
1662 1.008728
1664 1.029569
1665 0.577263
1671 0.011616
1672 0.925141
1673 0.292916
1675 0.089351
1677 0.347774
1680 0.243554
1683 0.316791
1687 1.123030
1693 0.241774
1699 1.130590
1700 1.144892
1703 0.437410
1704 0.358508
1706 0.411526
1709 0.395427
1711 0.033346
1721 0.464626
1722 0.014165
1726 1.076868
1727 0.291606
1737 0.043833
1758 0.278776
1768 0.975141
1773 0.333641
1778 1.272948
1783 0.131498
1789 0.552528
1796 0.452012
1808 1.043038
1810 0.503167
1811 1.161565
1814 0.044391
1817 0.439511
1833 0.284912
1841 0.553643
1849 0.134396
1854 0.544276
1863 0.241993
1866 0.009482
1872 0.027878
1878 0.009844
1879 0.026703
1881 0.501067
1889 1.208028
1890 0.259824
1893 0.469998
1894 1.241125
1902 0.501796
1909 0.553126
1916 1.216299
1924 0.054026
1927 0.226407
1941 1.096431
1942 0.132121
1948 0.482159
1966 1.212962
1975 0.534931
1976 1.167522
1977 0.521773
1987 1.116014
1989 0.149508
1992 0.295427
1994 0.486520
1995 0.241993
2007 0.329735
2013 0.124232
2029 0.054662
2035 1.168780
2048 0.545872
2051 0.214637
2052 0.365569
2055 0.461986
2060 0.419122
2083 0.380626
2091 0.588134
2100 0.299426
2104 0.573613
2107 1.195873
2108 1.254491
2111 0.994084
2124 0.514706
2126 0.979171
2129 0.288751
2131 0.303961
2141 0.446756
2143 0.450547
2146 0.305675
2147 0.430209
2154 0.081872
2156 0.130513
2157 1.099615
2159 0.896065
2163 0.409964
2167 0.236251
2171 0.325463
2179 0.352727
2186 0.184213
2191 0.430209
2202 0.443071
2206 0.496085
2210 0.383197
2216 0.520104
2219 0.432210
2224 0.528543
2229 0.219885
2232 0.573107
2243 0.213785
2246 0.395427
2247 0.438134
2253 1.065303
2262 0.553770
2274 1.173298
2277 1.192133
2283 0.550215
2284 0.418452
2288 1.184341
2289 0.138282
2298 0.206195
2300 0.260351
2312 0.464626
2314 0.417918
2315 0.590462
2317 0.962877
2328 0.573039
2329 0.507788
2330 1.040763
2340 1.085397
2341 0.338790
2344 0.214856
2354 0.037877
2357 1.109108
2358 0.508614
2359 1.197864
2368 0.095997
2371 1.209741
2375 0.997193
2395 0.285733
2397 0.139642
2404 0.174859
2407 0.492504
2410 0.308927
2412 0.244540
2417 0.234444
2430 0.246160
2432 0.260441
2458 0.065256
2460 0.557551
2475 0.164867
2479 0.458232
2494 0.403491
2496 0.238270
2502 0.965581
2503 1.161565
2506 0.413708
2512 0.247643
2532 0.329735
2533 0.263288
2543 0.193594
2556 0.152110
2557 0.467296
2560 0.469204
2562 0.583644
2563 0.009367
2565 0.487291
2580 1.082726
2589 0.387188
2593 0.179469
2594 0.344168
2595 0.040996
2598 1.010992
2599 0.468793
2600 0.195927
2601 0.254438
2607 0.528617
2614 0.568930
2615 0.470508
2623 0.084477
2639 0.489628
2642 0.507079
2645 1.204136
2647 0.265831
2657 0.268792
2661 0.450031
2675 0.042239
2678 0.390911
2681 1.154071
2687 0.286975
2689 1.070567
2693 0.010657
2694 0.110101
2696 0.967181
2698 0.061135
2699 0.118376
2700 1.215478
2708 0.211194
2713 0.600014
2717 0.387188
2719 0.138132
2727 0.102491
2734 0.575032
2743 0.360272
2744 1.107539
2748 1.123606
2759 0.303017
2766 0.127295
2768 1.296062
2782 0.127137
2785 0.990909
2790 0.574400
2798 0.066693
2803 1.115914
2817 0.141787
2829 0.511515
2833 0.063358
2837 0.029531
2839 0.136655
2840 0.153173
2841 0.166932
2849 0.377053
2851 0.540835
2852 0.086442
2861 0.330445
2863 1.041763
2867 0.214269
2873 0.370499
2875 0.546619
2881 0.366810
2891 0.322657
2899 1.189222
2903 0.609346
2909 0.114019
2912 0.374699
2929 0.168614
2936 0.367333
2940 0.479146
2950 0.572525
2954 0.327350
2960 0.543485
2961 0.372152
2964 0.250628
2966 0.554383
2972 0.468531
2975 0.055755
2982 0.363864
2983 0.475186
2984 0.276016
3003 0.455804
3009 1.199035
3012 0.553126
3016 1.229893
3017 0.259824
3020 0.178702
3022 0.481755
3032 1.181033
3036 1.173181
3043 0.380681
3048 0.478706
3051 0.283071
3073 0.219941
3081 0.123451
3098 1.145358
3104 0.387188
3112 0.422387
3113 1.204586
3134 1.087709
3136 0.499914
3137 0.219599
3139 1.080761
3144 0.604014
3145 0.115435
3146 0.091359
3149 1.206990
3152 0.012357
3156 0.130095
3162 0.619502
3164 0.287398
3167 0.443229
3170 1.064768
3171 0.349597
3174 0.242576
3181 1.151376
3191 0.139110
3196 1.026168
3198 0.312961
3201 0.113323
3204 0.504169
3208 0.432498
3209 1.055969
3214 0.200919
3215 0.533013
3223 0.323322
3224 0.464626
3228 0.351990
3232 0.526702
3235 0.213785
3236 0.301327
3257 0.611350
3266 0.411174
3277 0.056387
3282 0.116157
3288 0.128350
3296 1.036934
3298 0.561095
3300 0.377132
3304 0.401529
3305 0.022446
3311 1.131158
3313 1.118544
3324 0.415246
3326 0.143131
3332 1.133777
3337 0.381735
3338 0.449638
3339 0.377261
3340 1.090184
3342 0.088782
3360 1.007970
3363 0.163986
3364 0.361376
3367 0.043288
3368 0.387188
3371 0.394494
3377 0.467296
3380 0.601945
3384 0.325238
3385 0.495949
3386 0.196717
3392 0.184684
3396 0.507079
3400 0.123717
3401 1.076253
3403 0.193594
3406 0.036111
3413 0.186919
3414 0.219163
3416 0.049960
3419 0.446756
3433 0.188362
3443 0.094546
3448 0.991400
3449 0.337229
3452 1.299847
3453 0.021411
3460 0.385452
3462 0.325238
3466 0.937978
3469 0.092925
3470 0.336243
3473 0.588667
3475 0.983234
3490 0.043288
3501 0.027013
3512 0.058078
3515 1.058180
3516 0.569395
3517 0.189871
3531 0.540835
3534 0.138465
3538 0.493408
3539 0.010279
3540 0.054342
3542 0.131996
3546 0.976906
3551 1.065303
3566 0.213845
3570 0.578290
3577 0.574795
3579 0.014797
3582 1.133777
3584 0.479896
3585 1.181708
3592 0.107825
3600 0.365208
3603 0.343823
3604 1.024290
3606 0.495287
3611 0.022446
3616 0.262615
3625 0.484397
3629 0.115435
3638 0.879974
3649 1.176651
3651 1.198246
3652 0.553126
3658 0.387188
3662 0.189092
3667 0.014165
3668 0.427945
3671 0.549558
3672 0.055844
3675 0.447832
3680 0.297837
3686 0.580783
3688 1.053008
3690 0.303017
3692 0.389686
3693 0.247142
3696 0.602699
3710 0.010234
3715 1.021691
3718 0.525992
3756 1.182685
3759 0.254092
3763 0.281999
3769 0.154085
3775 0.048198
3778 0.119749
3780 1.043440
3781 0.014080
3782 0.230220
3783 0.990574
3787 0.431939
3788 0.203573
3789 0.031970
3797 0.884495
3798 1.229893
3802 0.176888
3805 0.505028
3814 0.199942
3817 0.479777
3818 0.612694
3841 1.116698
3842 0.211194
3846 0.101496
3861 0.354199
3865 0.535172
3872 0.290391
3875 0.013995
3877 0.023466
3881 0.338790
3892 0.317693
3897 0.261761
3904 0.060498
3907 0.103579
3916 0.994178
3925 0.121288
3932 0.204124
3934 0.072978
3936 0.419297
3940 1.221994
3944 0.043627
3954 0.049219
3955 0.965165
3958 1.161565
3959 0.061950
3969 0.597652
3976 0.510846
3986 0.205847
3989 0.085141
3991 1.097743
3994 0.467151
4003 0.041484
4004 0.865248
4016 0.327745
4019 0.398644
4025 0.032266
4027 0.230870
4041 0.028331
4045 0.174235
4076 0.309040
4081 0.185280
4107 0.244540
4110 1.151006
4114 0.577175
4118 0.544276
4126 0.558445
4128 0.230220
4133 0.118628
4134 0.448673
4135 0.559934
4139 0.359532
4141 0.333412
4144 1.104626
4145 0.481755
4149 0.558071
4152 0.076168
4153 0.352323
4159 1.118544
4163 0.587894
4166 1.135463
4171 0.446041
4174 0.460705
4177 0.134396
4178 0.438327
4180 0.330445
4185 0.095308
4186 0.199461
4192 0.492785
4202 0.233285
4207 0.270417
4208 0.137276
4209 0.069347
4215 0.575732
4216 0.263548
4218 0.578201
4226 0.068327
4230 0.560756
4232 0.287727
4244 0.273310
4247 0.222633
4248 0.472181
4250 0.491432
4252 0.181023
4260 0.106986
4264 1.161565
4267 0.448117
4277 1.002319
4280 0.298384
4284 0.124051
4290 0.570594
4294 0.235254
4300 0.983775
4308 0.421453
4330 0.190942
4332 0.347272
4341 0.525331
4344 0.539495
4346 0.306606
4351 0.241606
4353 0.233246
4354 0.995628
4365 0.249312
4385 0.434120
4387 0.273310
4397 0.331876
4404 0.406548
4407 1.118939
4413 0.155523
4416 1.068640
4417 1.324838
4419 0.418164
4420 0.598536
4422 1.060560
4430 0.565891
4432 0.164134
4433 0.117330
4444 0.574795
4448 1.075336
4455 0.413708
4462 0.216826
4469 0.025670
4475 0.565418
4477 0.058665
4483 1.064144
4488 0.616079
4489 1.071054
4497 1.155218
4500 0.048399
4503 1.007480
4505 0.577501
4514 0.381410
4515 0.571262
4520 0.120540
4527 0.577710
4530 0.148285
4535 0.071262
4538 1.102752
4540 1.188085
4541 0.052798
4546 1.239748
4549 0.249312
4550 0.126947
4553 0.272546
4556 0.075754
4558 1.102136
4571 0.116740
4575 0.469847
4582 0.013051
4595 0.245056
4596 0.106674
4600 0.318861
4601 0.124283
4604 0.561803
4608 0.389686
4610 0.116887
4611 0.102628
4620 0.531932
4621 0.147167
4629 0.431732
4631 0.377926
4632 1.033556
4641 0.196484
4643 0.587165
4647 0.202529
4651 0.311134
4660 1.090449
4666 1.034672
4667 0.361799
4671 0.013828
4694 0.093459
4695 0.243785
4698 0.097247
4699 0.009971
4700 0.242576
4709 0.428287
4710 0.194447
4720 0.054342
4728 0.505496
4731 0.116687
4735 0.225860
4737 1.150810
4775 0.491235
4780 0.339970
4781 0.944240
4789 0.399065
4790 1.186019
4792 0.175525
4798 0.561741
4801 0.129063
4811 1.007071
4813 1.218862
4816 1.045409
4818 0.040054
4825 0.305326
4827 0.289225
4831 0.965457
4832 0.567876
4833 0.057361
4840 0.316166
4841 1.120706
4843 0.195404
4858 0.397653
4861 0.311233
4863 0.489080
4871 0.011793
4883 0.030434
4891 0.263288
4897 1.063324
4900 0.025529
4901 0.150853
4906 0.345704
4913 0.388940
4914 0.453821
4920 0.466570
4923 0.313353
4929 0.421227
4930 0.543220
4932 0.317368
4948 0.295671
4961 0.290391
4962 1.139228
4967 0.331876
4973 0.368146
4975 0.114019
4979 0.274463
4982 1.277219
4985 0.185850
4992 1.097358
5001 0.250793
5003 1.103750
5012 0.573950
5015 0.235383
5016 0.066921
5017 0.095471
5018 0.331876
5028 1.239654
5029 0.039599
5032 1.185079
5034 0.431240
5038 0.411694
5039 0.030568
5047 0.423282
5049 1.098207
5055 0.253432
5061 0.421536
5067 1.208028
5076 0.570826
5087 0.251421
5088 1.095816
5092 0.032720
5097 0.244540
5107 1.082142
5111 0.162836
5112 0.580783
5113 0.190421
5120 0.507079
5121 0.100382
5123 0.330191
5124 1.084128
5129 0.492785
5137 0.586211
5139 0.430693
5147 1.124884
5148 0.011115
5149 0.042626
5165 0.077010
5167 1.168439
5168 0.345491
5174 1.189354
5176 0.151210
5180 1.168055
5188 0.312468
5198 0.433330
5201 0.208042
5202 0.572525
5204 0.010657
5208 0.384976
5218 0.563532
5226 0.319697
5229 1.137860
5236 0.141654
5239 0.408118
5241 0.184010
5247 0.170679
5249 0.575032
5250 0.078088
5251 0.066693
5254 0.329735
5258 0.312468
5261 0.303017
5264 0.563183
5274 0.261922
5283 1.016370
5290 0.514785
5298 0.130175
5300 0.307629
5301 0.058813
5309 0.557551
5311 0.165938
5315 0.212158
5319 0.365208
5321 0.393751
5332 0.133173
5342 0.251473
5351 0.199461
5354 0.570412
5361 0.448323
5364 0.282250
5366 0.181023
5370 1.203695
5374 1.290628
5385 0.313231
5392 0.144375
5411 0.158171
5415 0.079198
5416 0.165938
5417 1.008151
5419 0.491432
5429 0.139110
5431 0.370499
5437 0.207422
5443 0.580783
5449 0.119135
5466 0.451414
5471 0.420649
5472 0.224058
5478 0.539298
5483 0.323620
5485 0.012227
5494 0.132330
5496 0.196175
5499 0.327202
5500 1.105057
5502 0.495949
5514 0.539971
5524 0.056114
5530 0.586896
5531 1.156623
5541 0.495790
5545 0.398251
5546 0.545431
5548 0.606034
5561 0.472338
5568 0.140409
5569 0.309751
5570 0.315487
5572 0.535172
5575 0.941399
5576 0.498683
5595 1.053908
5618 0.230393
5619 0.382026
5624 0.977111
5626 1.090184
5628 0.434969
5633 0.307473
5646 1.219381
5647 0.558349
5649 0.319584
5656 0.087254
5660 0.253945
5675 1.086787
5680 0.304340
5681 0.412739
5683 0.537068
5692 0.553126
5694 0.079085
5696 0.217203
5699 0.239889
5701 0.262097
5703 1.237114
5706 0.042239
5712 0.179429
5720 0.354583
5722 0.614043
5729 0.010371
5732 1.008338
5738 1.167777
5740 0.419725
5756 0.075919
5764 0.506157
5768 1.088968
5775 0.248907
5781 0.015488
5786 0.056318
5787 0.185850
5788 0.088782
5807 0.114252
5812 0.441900
5814 0.010057
5819 0.937172
5821 0.431096
5835 1.267162
5837 0.297021
5840 0.055979
5851 0.595675
5857 0.445958
5863 0.586015
5867 0.195307
5881 0.029039
5883 1.013172
5891 0.325869
5894 0.409964
5896 0.067337
5912 0.553126
5918 0.092925
5921 0.241364
5926 1.053660
5929 0.492504
5936 0.166638
5937 0.433651
5941 0.172084
5948 0.454526
5963 0.254273
5966 0.147714
5972 0.290391
5974 0.447832
5980 0.047170
5982 0.416972
5989 1.047045
5993 0.511381
5994 1.017039
5997 1.005684
6005 0.145956
6011 0.201338
6013 0.427456
6015 1.037112
6021 1.173181
6023 0.324998
6024 0.150853
6030 0.233285
6034 0.611350
6042 0.084697
6052 0.102924
6054 1.201619
6055 0.550215
6058 0.361376
6060 1.075278
6069 0.361799
6073 0.292314
6090 0.433651
6095 0.309751
6097 1.130836
6100 0.563532
6111 0.387188
6121 0.295940
6127 0.511876
6128 0.441265
6131 0.356663
6133 0.130676
6143 1.136851
6151 0.313231
6156 0.568930
6158 0.323898
6159 0.165096
6160 0.505552
6165 0.195221
6167 1.125038
6176 1.129119
6177 0.580783
6179 0.393922
6182 0.335425
6188 0.177651
6191 1.047934
6195 0.084993
6197 1.087423
6199 1.329591
6201 0.372214
6204 0.331876
6208 0.285469
6210 0.544657
6212 0.353520
6215 1.155954
6216 0.447130
6221 1.176457
6227 1.120292
6228 0.134954
6232 0.434872
6247 0.577426
6249 0.116157
6253 0.523712
6254 0.280177
6255 0.436828
6258 0.241199
6262 0.049428
6268 0.134891
6269 0.099766
6275 0.280818
6280 0.155674
6281 0.184375
6284 0.207859
6285 1.119241
6287 0.195143
6295 0.060185
6300 1.054108
6302 0.235135
6307 0.211194
6324 0.542064
6338 0.145847
6341 1.072214
6354 0.595088
6362 0.207422
6373 0.163247
6375 1.083433
6378 0.349071
6379 0.283309
6383 0.501709
6393 0.104021
6404 0.108558
6405 0.087117
6415 0.548872
6427 0.242290
6436 0.149879
6438 0.335874
6440 0.256700
6449 0.561874
6450 0.221251
6458 0.931299
6459 1.204136
6463 0.978160
6465 0.980618
6470 0.309751
6473 0.091302
6479 0.449285
6480 0.380513
6481 0.196108
6482 0.034847
6488 0.404949
6492 0.381410
6506 0.545796
6508 0.076925
6512 0.076419
6514 0.359922
6521 0.136655
6522 0.106200
6524 0.390526
6528 0.248385
6538 0.122989
6548 0.434407
6551 1.085055
6556 0.363288
6558 0.411174
6559 1.115714
6565 0.157679
6569 1.040883
6572 0.318861
6575 0.057009
6578 0.194753
6581 0.520881
6590 0.030975
6603 0.216441
6614 0.191715
6616 0.438327
6623 0.601009
6632 0.232313
6641 0.433838
6642 0.111958
6644 0.482898
6647 0.165096
6653 0.563183
6657 0.415198
6660 1.120706
6678 0.587458
6682 0.251906
6689 0.168121
6707 1.187094
6708 0.026703
6711 0.551251
6716 0.509716
6717 0.014080
6722 0.584260
6725 0.405848
6734 0.081718
6743 0.510220
6748 0.532384
6757 1.017229
6758 0.218770
6777 0.052088
6804 1.011363
6807 0.176162
6817 1.062003
6819 0.224504
6821 1.222121
6822 0.338790
6830 0.515210
6839 0.222927
6840 0.158119
6841 0.065309
6851 0.418164
6853 0.264813
6855 0.148285
6858 0.542457
6863 0.461909
6864 0.306041
6867 0.549853
6868 0.241993
6876 0.191317
6883 0.180243
6897 0.387188
6901 0.264660
6905 1.166774
6906 0.177564
6911 0.533826
6917 0.129718
6919 0.432740
6929 0.064531
6931 0.295671
6935 1.106253
6940 0.421453
6941 0.420376
6944 0.321284
6947 0.141787
6950 0.569167
6952 0.477741
6957 0.560756
6959 0.300924
6964 0.449008
6969 0.320432
6977 0.108684
6987 0.485152
7006 0.364678
7009 0.269649
7015 0.264813
7016 0.483211
7021 0.166732
7023 0.381735
7036 0.443141
7038 0.277246
7040 0.246536
7045 0.361108
7046 0.044676
7047 0.141408
7060 0.553126
7066 1.071144
7076 0.402676
7077 0.049167
7082 1.075278
7083 0.418704
7088 0.024074
7089 0.919152
7098 0.462475
7101 0.185850
7122 0.181318
7125 0.984377
7126 0.601009
7133 0.103880
7141 0.137903
7142 0.375353
7148 0.614382
7149 0.315765
7154 0.564798
7157 0.578373
7158 0.232313
7163 1.086439
7164 0.064892
7167 1.289054
7169 0.327350
7182 0.292051
7184 0.529158
7189 0.336381
7197 0.110625
7198 0.014611
7205 1.189896
7206 0.430779
7213 0.137276
7215 1.161565
7219 0.314194
7224 0.070827
7225 1.231061
7226 0.239498
7228 0.304911
7232 0.565891
7253 0.042626
7259 0.439247
7260 1.269786
7263 0.037269
7271 0.414845
7278 0.227758
7284 0.349869
7287 0.607588
7288 0.525812
7295 1.033556
7299 0.146109
7300 0.415869
7303 0.119974
7307 0.026857
7311 0.260886
7322 0.262289
7323 0.474512
7329 0.144375
7332 1.113960
7334 0.514136
7355 0.580783
7357 0.151839
7358 1.274638
7365 0.030302
7368 0.580783
7369 0.533692
7382 0.285631
7387 0.124656
7388 0.562219
7389 0.357405
7396 0.485276
7400 0.616566
7401 0.364166
7407 1.076313
7409 1.237984
7420 0.513657
7430 0.060341
7444 1.060790
7449 1.032503
7457 0.183035
7463 0.172884
7470 0.316791
7476 0.045776
7477 0.112865
7478 1.247607
7479 1.088049
7480 0.083716
7482 0.304845
7487 0.424316
7490 0.056662
7491 0.291794
7507 0.050779
7515 0.221251
7517 0.256885
7523 0.100039
7528 0.314306
7529 0.116805
7543 1.075066
7546 0.462424
7547 0.583213
7549 0.366810
7552 0.559791
7555 0.244540
7557 1.045409
7558 0.207158
7561 0.552220
7562 0.377132
7566 1.051766
7569 1.224694
7573 0.981198
7575 0.438503
7582 0.400894
7587 0.108897
7589 0.180900
7591 0.076925
7595 0.272612
7599 0.401529
7602 0.012835
7617 0.362989
7623 0.595934
7628 0.202894
7633 1.086787
7645 0.030434
7652 0.380841
7653 0.421496
7655 0.360486
7657 0.012490
7658 0.173567
7659 0.430580
7671 1.226374
7676 0.476853
7677 1.151376
7679 0.053528
7682 0.091703
7684 0.480648
7689 0.274552
7694 0.459657
7721 0.546619
7726 0.290391
7731 0.236486
7735 0.409964
7738 0.064892
7746 0.404023
7752 0.340331
7756 0.147500
7760 0.220550
7761 0.083824
7768 0.350890
7770 0.191994
7772 0.558071
7779 0.298882
7783 0.087665
7786 0.024980
7790 1.275916
7795 1.036299
7801 0.419843
7804 0.020835
7806 0.924511
7824 1.174765
7825 0.491432
7828 0.495601
7829 0.051170
7838 0.537584
7839 0.558866
7846 0.030770
7860 0.268054
7867 0.194404
7868 0.276016
7870 0.947009
7871 0.401892
7907 0.351990
7917 0.560404
7918 0.369239
7919 0.362989
7923 0.133631
7935 0.132750
7945 0.152838
7950 1.062942
7951 0.138883
7952 1.175906
7954 0.011975
7965 0.269204
7980 0.497814
7983 1.146282
7986 0.442012
7987 0.227151
7998 0.285524
8002 0.516251
8012 1.030793
8018 0.530280
8027 0.441587
8033 1.254079
8051 0.298384
8052 0.037877
8065 1.081850
8068 0.305058
8079 0.577574
8081 0.331876
8083 0.012626
8085 1.141538
8086 0.565499
8087 0.525470
8090 1.131395
8093 0.395026
8099 0.149277
8101 0.114880
8109 0.313937
8117 0.353225
8123 1.084979
8131 1.168439
8132 0.452399
8150 0.176440
8152 0.270364
8155 0.216826
8160 0.405848
8164 0.562286
8171 0.381410
8173 1.141653
8177 0.129063
8178 0.478891
8192 0.434969
8194 0.229188
8195 1.057233
8199 0.479675
8203 0.992170
8204 0.268792
8207 0.208664
8210 0.458513
8218 0.074940
8224 0.029912
8231 1.108767
8233 0.442053
8238 0.453945
8239 1.189896
8249 0.482728
8254 1.280861
8257 0.012906
8260 0.426136
8262 0.563183
8263 1.030258
8267 0.094054
8273 0.492785
8276 0.241774
8280 0.324739
8283 1.138099
8289 0.179690
8291 0.101006
8292 0.414845
8297 0.553770
8305 1.029106
8307 0.285297
8314 0.186784
8327 0.202011
8337 0.132459
8341 0.010418
8351 0.190198
8358 0.392967
8364 0.150320
8365 1.146480
8369 0.493179
8376 1.239698
8379 0.567149
8381 0.051397
8382 0.546619
8384 0.619502
8392 0.108333
8395 1.140187
8397 0.366146
8404 0.195307
8405 0.160642
8415 0.089351
8418 0.326873
8423 0.306231
8427 0.177847
8428 0.279547
8436 0.056387
8437 0.190421
8439 0.063939
8443 0.055979
8445 1.088553
8449 1.084128
8452 1.121046
8454 1.148514
8455 0.187172
8458 0.432947
8459 0.019688
8469 1.094669
8473 0.188963
8477 0.451351
8479 0.011501
8487 0.498683
8488 0.384722
8499 0.272546
8500 0.098160
8503 0.383989
8509 0.243929
8510 1.171579
8511 0.168517
8517 0.315864
8519 0.268054
8521 0.385300
8524 0.338320
8525 0.181810
8528 0.142962
8534 0.246589
8542 1.001350
8549 1.183482
8551 0.362635
8553 0.447832
8562 1.239698
8565 1.154260
8576 0.424224
8577 0.253014
8583 0.534612
8589 0.437691
8593 0.569395
8599 1.194753
8603 0.152694
8611 0.137231
8616 1.107539
8618 0.158395
8619 0.482399
8626 0.567149
8627 1.025798
8631 0.308283
8639 0.381043
8640 0.242525
8647 1.143510
8651 0.381043
8657 0.836768
8659 0.320813
8663 0.360486
8664 1.142678
8670 0.281999
8671 0.212401
8676 0.071262
8679 0.524578
8680 0.456569
8682 0.251673
8683 0.587894
8688 0.175331
8695 0.347958
8699 1.258363
8710 1.184120
8712 0.205360
8720 0.590972
8721 1.082815
8722 1.005534
8731 0.320959
8733 0.089928
8745 1.010992
8751 0.167782
8754 1.121511
8755 0.040996
8759 0.411526
8764 0.612694
8765 0.594043
8771 0.476540
8773 0.123268
8775 1.142206
8779 0.269535
8781 1.087225
8782 0.385182
8784 0.590796
8785 0.360735
8786 1.098623
8794 0.598536
8802 0.381735
8805 0.473504
8815 0.417969
8818 1.081457
8823 0.543953
8826 0.042048
8839 0.095602
8843 0.374343
8847 0.507847
8849 1.140446
8851 0.183035
8853 0.576987
8856 1.031432
8857 0.550569
8859 0.028681
8862 0.489080
8865 0.619502
8868 1.180607
8872 0.608439
8875 0.340207
8879 0.115006
8882 1.007480
8888 0.084095
8896 0.215315
8898 1.077394
8902 0.362683
8918 0.167937
8922 0.456569
8927 0.261352
8932 1.086016
8934 0.522704
8946 0.376373
8957 0.129617
8959 0.365272
8961 0.477965
8964 0.166932
8975 1.040359
8979 0.545989
8980 0.320959
8982 0.338108
8984 0.559497
8992 0.483426
8995 0.188630
9000 0.540263
9003 0.148919
9005 1.147342
9007 0.184010
9015 0.267642
9025 0.041858
9037 0.297837
9041 0.606481
9042 0.074596
9049 0.488053
9053 0.223378
9055 0.133631
9056 1.137366
9061 1.132159
9065 0.357405
9067 0.312729
9074 0.271711
9079 1.099707
9080 0.352881
9082 0.089351
9084 1.064144
9092 1.053908
9099 0.311481
9107 0.089845
9111 0.445367
9119 0.167533
9121 1.105586
9140 1.127994
9142 0.213728
9153 0.219756
9154 0.379521
9159 0.317446
9164 0.232313
9170 0.046463
9171 0.469441
9176 0.088380
9187 1.032503
9201 0.300924
9204 0.125953
9206 0.315487
9209 0.566617
9210 0.060341
9212 0.285924
9216 0.543711
9222 0.963007
9225 0.148572
9229 0.178702
9233 0.237911
9237 0.455046
9245 0.299299
9246 1.002719
9251 0.354001
9267 0.349141
9268 0.013746
9285 1.111546
9291 0.069347
9292 0.072598
9299 0.163027
9307 0.154875
9309 0.566042
9312 0.252226
9315 1.239953
9318 0.145897
9332 0.471527
9334 1.161565
9335 0.379088
9337 0.333276
9342 0.229760
9345 0.169985
9347 0.011388
9350 0.580783
9358 0.445267
9360 0.335178
9362 0.046231
9369 0.547404
9377 0.571465
9383 1.124096
9385 0.010145
9391 0.130739
9398 0.165938
9402 0.577501
9405 0.580783
9410 0.577643
9413 0.246536
9416 0.911608
9426 0.275108
9427 0.150690
9432 0.144501
9433 1.013730
9434 0.295204
9438 0.075857
9439 0.479896
9446 0.941166
9448 0.490661
9449 0.393981
9452 0.221872
9458 0.297591
9460 0.450607
9462 0.018887
9466 0.176440
9468 1.099339
9471 0.983279
9481 0.039712
9482 0.493515
9491 0.162836
9492 1.226097
9497 0.551251
9500 1.108422
9503 0.244540
9509 0.214743
9510 0.357405
9529 0.380626
9530 0.040286
9533 0.366146
9537 0.511876
9543 0.435587
9549 0.544484
9561 1.127063
9565 0.387188
9568 0.028681
9584 0.178702
9585 0.072598
9587 0.180554
9591 0.217436
9595 0.165938
9600 0.450757
9602 0.201338
9609 1.183482
9610 0.590001
9615 0.277389
9623 1.151376
9627 0.082478
9628 0.238270
9629 0.409105
9635 1.277114
9643 0.036299
9644 0.364220
9649 0.379287
9662 0.110625
9678 0.273310
9680 0.433651
9682 0.262289
9687 0.567149
9700 0.201338
9707 0.147320
9708 0.554141
9710 0.435587
9713 0.048148
9726 0.454066
9730 0.241080
9731 0.225676
9732 0.580783
9739 0.440965
9743 0.483548
9745 0.156616
9747 0.578106
9749 0.550215
9755 0.044110
9762 0.362408
9764 0.392090
9766 0.105119
9777 0.949902
9779 1.138334
9784 0.030770
9786 1.079629
9797 1.148940
9801 0.453294
9806 0.084477
9809 0.158847
9822 0.274552
9840 0.443613
9845 0.042239
9847 0.435587
9861 0.397944
9868 0.583134
9870 0.412331
9873 1.202085
9879 0.370920
9887 0.177897
9892 0.021024
9901 0.194404
9915 0.446316
9917 1.124096
9919 0.119475
9930 0.446756
9931 0.269783
9935 0.466797
9940 0.427641
9941 0.262501
9944 0.043423
9946 1.095044
9947 1.007623
9953 0.026250
9957 0.416284
9969 0.399288
9972 0.328638
9973 0.258126
9981 0.451459
9984 0.389154
9988 1.108984
9991 0.439770
9992 1.167123
9997 1.150909
10019 0.065309
10021 0.172999
10023 0.228505
10030 0.095799
10037 1.046559
10038 0.438814
10040 0.413001
10051 0.264813
10052 0.599518
10056 0.434811
10057 0.391264
10058 0.429779
10061 0.449638
10073 0.086500
10077 1.271882
10079 0.279364
10095 0.277886
10107 0.121559
10118 0.366810
10120 0.533826
10123 0.281592
10130 0.023585
10132 0.554052
10137 1.099889
10141 0.180554
10145 0.207158
10154 0.339639
10162 1.011853
10166 1.095567
10181 1.063128
10187 0.529458
10189 0.089845
10191 0.979755
10202 0.356308
10210 0.901324
10211 1.246558
10219 0.595675
10220 0.487443
10222 0.447832
10223 0.226647
10226 0.379883
10232 0.367379
10233 0.153021
10235 1.078990
10238 0.059567
10239 0.978160
10241 0.992040
10253 0.087849
10260 0.554383
10261 0.527984
10266 1.118544
10269 0.502033
10273 0.285524
10275 0.113879
10276 0.216370
10282 0.371701
10283 0.409314
10294 0.370920
10297 0.009600
10302 0.040286
10303 0.988820
10305 0.176309
10312 0.550569
10313 1.148940
10315 0.595375
10321 0.972740
10334 0.245219
10335 1.122521
10341 0.235135
10346 0.428886
10347 0.275423
10348 1.168605
10350 0.346961
10351 0.395172
10361 1.072214
10365 0.304488
10373 0.405197
10394 1.067891
10401 0.361799
10403 0.502033
10405 0.064531
10407 0.032874
10419 1.259381
10428 0.217794
10440 1.037305
10446 0.439128
10452 0.194676
10457 0.157883
10458 0.473230
10462 1.067891
10463 0.010145
10477 0.330129
10485 0.473648
10486 0.367501
10490 0.605422
10500 0.172084
10503 0.024714
10506 0.038505
10507 0.382287
10510 1.124494
10513 0.185850
10514 1.176782
10532 1.115914
10537 0.045552
10539 0.134396
10544 0.154875
10548 0.061135
10562 0.379597
10569 0.339970
10572 0.141185
10588 0.505552
10591 0.172459
10593 0.503812
10601 0.109207
10606 0.278776
10608 1.100430
10609 0.264421
10621 0.345151
10623 0.350890
10628 0.606034
10636 0.424658
10638 1.131395
10641 0.557551
10643 0.958967
10646 0.499598
10649 0.253787
10651 0.422387
10655 1.124096
10660 0.409964
10661 0.441395
10676 0.361799
10679 1.046178
10683 1.137665
10686 1.068444
10687 0.525812
10689 0.104304
10691 0.327490
10694 0.252038
10695 1.144399
10697 0.104021
10698 0.993628
10700 1.222700
10708 0.209192
10709 0.494482
10717 0.311640
10724 0.380993
10733 0.259379
10740 1.061702
10742 0.255423
10749 0.188963
10753 0.259499
10758 0.317902
10769 0.369805
10772 0.250337
10784 0.340726
10787 0.539298
10788 0.401379
10791 0.566617
10807 0.474894
10808 0.030434
10815 0.559934
10827 1.008728
10828 0.512899
10831 0.145196
10832 0.335713
10839 0.119974
10841 0.455516
10862 1.129119
10863 0.561636
10876 0.228702
10880 0.550742
10882 0.257027
10889 0.393751
10924 1.093961
10925 0.489741
10937 0.191080
10940 1.359620
10944 0.033188
10955 0.551744
10958 0.444618
10960 0.214743
10972 0.492403
10985 0.090344
10986 0.542457
10991 0.438933
10995 1.132380
11003 0.265501
11006 0.258126
11011 1.148366
11013 0.355884
11018 0.364617
11024 0.348470
11034 0.283575
11035 1.083383
11045 0.026103
11048 0.502299
11052 0.154875
11053 0.222766
11059 0.449330
11064 0.065838
11067 0.118125
11073 0.430209
11079 0.335178
11084 0.373837
11089 0.177847
11094 0.423282
11104 1.071054
11107 0.573950
11108 0.249376
11109 0.151004
11110 0.425907
11112 0.439883
11125 0.506323
11130 0.453564
11131 0.018585
11135 1.190246
11141 1.285387
11147 0.414501
11154 0.442501
11158 0.247643
11166 0.412739
11170 0.122858
11173 1.047313
11177 0.012626
11188 0.255544
11190 0.324630
11191 1.094367
11196 0.369318
11198 0.162079
11200 0.401017
11204 0.356389
11206 1.181767
11207 1.023406
11211 0.109467
11213 0.061458
11215 0.033346
11218 0.053100
11226 0.275626
11227 1.155076
11239 1.175231
11241 0.323322
11242 0.143564
11248 0.205847
11250 0.305326
11251 0.148572
11256 0.441900
11265 0.370169
11269 0.203783
11274 0.160720
11278 1.035177
11280 0.228285
11291 0.226356
11303 0.583889
11313 0.349229
11324 1.063128
11327 0.019688
11329 0.322348
11330 0.045552
11334 0.586421
11335 0.160642
11355 0.511089
11356 0.160909
11360 0.289145
11374 0.503812
11375 0.052205
11377 0.408871
11385 0.567876
11388 0.476051
11398 0.446041
11400 0.559791
11401 0.189440
11404 0.160642
11410 0.099920
11413 0.100520
11422 1.265365
11425 0.069141
11426 1.052242
11428 0.027656
11430 1.068106
11431 0.060081
11432 0.572366
11437 1.019109
11439 1.117134
11443 0.231097
11449 0.359131
11451 0.521076
11457 0.102924
11461 0.516251
11463 0.407733
11471 0.439199
11478 0.452814
11480 0.345491
11481 0.034502
11490 0.053040
11493 0.510220
11494 0.566335
11495 0.125575
11498 0.554492
11505 0.030838
11509 0.529674
11510 0.560284
11512 1.141653
11513 0.355302
11514 1.187845
11521 0.168343
11523 1.119241
11525 0.220086
11539 0.572827
11540 1.087648
11550 1.086439
11556 0.041671
11564 1.079573
11570 0.329912
11580 0.550845
11583 0.160542
11599 0.088500
11600 0.042626
11602 0.336686
11603 1.134801
11612 0.526424
11618 0.013665
11619 0.111155
11621 0.290391
11627 0.181495
11635 1.090000
11640 1.203263
11642 0.049428
11655 0.174235
11658 1.031345
11663 0.259568
11667 0.514785
11670 0.305675
11671 0.572200
11681 0.378771
11693 0.191080
11700 0.202011
11701 0.290391
11703 1.138099
11704 0.181996
11715 0.571103
11718 1.079942
11720 0.370920
11722 0.105162
11723 0.108684
11740 1.076082
11742 0.363620
11748 0.357405
11750 0.326053
11751 0.010907
11756 0.467375
11757 0.067928
11758 0.404023
11761 0.138282
11766 0.470327
11767 0.300640
11774 0.119904
11779 0.241199
11784 1.050182
11787 0.216105
11789 0.607588
11792 0.081993
11799 1.032503
11806 0.609177
11816 0.586314
11829 0.489080
11834 0.214637
11842 1.201619
11843 1.121967
11844 0.508185
11846 0.408308
11849 0.406287
11854 0.962877
11858 1.106904
11859 0.232313
11866 0.416972
11867 0.433838
11868 0.086042
11881 0.184151
11885 0.555084
11887 0.030770
11888 1.168692
11899 0.200270
11903 0.109582
11907 0.234351
11912 0.062227
11918 1.074448
11921 0.089351
11932 1.077206
11945 0.282369
11946 0.303017
11957 0.459786
11963 0.557551
11976 0.946928
11987 0.273310
11988 1.075524
11994 0.512088
12006 0.192749
12011 0.188362
12013 0.337229
12014 0.431864
12017 0.139818
12023 0.431240
12039 0.278219
12043 0.091875
12046 0.592635
12047 1.174330
12050 0.273310
12053 0.375942
12056 0.048652
12059 0.158119
12060 0.284771
12061 1.106253
12066 0.071955
12098 0.350840
12099 1.175789
12108 0.519288
12115 0.430988
12120 0.072598
12133 0.269907
12140 0.056939
12146 0.074940
12152 0.273310
12153 1.116014
12155 0.441101
12163 0.089928
12166 0.601281
12176 0.065749
12180 0.281933
12195 0.400540
12197 0.293325
12204 1.114262
12211 0.570223
12218 0.055313
12239 1.146674
12247 0.942861
12260 1.166467
12263 0.066375
12279 0.086042
12281 0.588963
12287 1.117614
12288 0.419297
12296 0.427945
12301 0.074459
12304 0.911032
12307 1.127733
12309 1.067702
12315 0.583535
12319 0.339639
12325 0.347134
12327 0.164469
12331 0.195927
12334 0.443744
12337 0.141408
12339 0.295671
12340 0.369805
12343 0.580783
12344 0.312961
12346 0.050230
12347 0.989056
12351 0.273906
12360 0.317368
12364 0.405312
12369 0.511381
12384 0.452937
12390 0.177000
12397 1.123791
12403 0.935159
12406 0.556069
12416 0.197935
12418 0.953079
12419 0.214586
12420 0.333783
12425 1.017039
12426 0.178702
12427 0.392492
12429 0.135988
12430 0.134497
12431 1.058315
12435 0.452291
12439 0.501067
12444 0.197466
12445 0.604839
12451 0.323620
12453 1.274889
12460 0.411174
12463 0.406548
12480 0.325238
12484 0.062116
12493 0.506323
12500 0.516251
12503 0.010907
12506 0.088782
12509 0.047027
12514 0.228037
12517 0.559663
12519 0.185460
12522 0.453945
12525 0.224819
12529 0.154085
12531 0.491668
12532 0.520881
12533 1.128753
12534 0.052798
12550 1.194011
12552 0.181495
12554 0.155820
12566 0.258126
12584 0.134225
12587 0.255938
12590 0.075754
12598 0.583134
12605 0.090344
12610 0.987678
12618 0.500564
12620 0.604782
12627 0.092925
12629 0.103506
12630 0.239948
12632 0.024583
12658 0.012423
12662 0.293947
12670 1.214023
12671 0.563532
12674 0.341637
12676 0.588963
12678 0.461549
12686 1.263061
12702 0.517895
12705 0.216665
12711 0.203573
12717 1.092614
12718 0.136655
12720 0.405626
12734 0.333519
12739 1.004597
12740 0.278776
12741 0.044391
12746 0.059952
12756 0.572679
12762 1.018359
12766 0.320959
12784 0.415308
12789 0.503536
12790 0.213845
12791 0.308283
12792 1.147400
12804 1.146737
12808 0.462424
12826 0.186424
12844 1.092425
12845 0.362570
12850 0.227572
12852 0.174749
12856 0.363864
12861 1.042152
12867 0.408591
12868 0.149508
12869 1.040421
12872 0.010657
12874 0.548259
12886 0.512899
12890 0.391969
12892 0.584530
12897 0.167265
12898 1.281727
12899 1.082815
12905 0.472501
12906 1.011245
12910 1.161565
12912 0.899276
12914 0.485430
12919 0.105597
12936 0.509459
12938 1.144229
12943 0.136655
12944 0.179624
12949 1.150288
12956 0.096797
12962 0.207654
12971 1.284860
12972 1.023030
12974 0.151839
12975 0.278292
12976 0.395427
12978 0.112410
12982 0.992791
12984 0.098857
12985 0.209921
12994 0.377745
12996 1.129300
12998 0.965796
12999 0.124232
13004 1.183482
13006 0.200919
13021 0.033346
13024 1.078138
13027 0.426698
13040 0.405197
13047 0.042239
13060 0.294814
13065 0.064175
13075 0.118796
13078 0.371222
13082 0.296788
13092 0.265501
13093 0.526234
13095 1.125746
13098 0.567876
13103 1.150178
13105 0.379743
13107 0.565418
13108 1.206675
13111 0.941166
13113 0.255656
13118 1.168280
13119 0.281933
13124 0.112081
13130 0.518556
13135 0.469441
13136 0.075549
13137 0.559791
13142 0.193594
13147 0.469569
13150 0.116157
13165 0.421293
13171 1.198093
13174 1.221303
13183 0.401839
13188 1.166508
13190 0.430209
13193 1.070343
13198 1.227506
13204 0.434872
13212 0.252514
13216 0.037672
13219 0.200634
13222 0.412331
13223 0.189092
13240 1.094120
13243 0.995628
13244 0.259326
13247 0.293448
13249 1.201619
13252 0.491957
13254 0.061458
13261 0.357405
13263 0.572969
13265 0.532692
13268 1.066744
13274 1.053513
13279 0.012906
13281 0.284265
13287 0.553126
13288 0.479614
13300 1.058772
13309 1.003966
13312 0.129718
13313 0.341010
13314 1.206990
13316 0.478635
13317 0.356213
13321 1.060301
13322 0.321170
13327 1.185271
13334 0.485961
13336 0.558155
13343 0.073517
13344 0.269483
13353 1.014325
13355 0.359131
13361 0.563183
13364 1.080815
13367 0.574795
13369 0.276563
13370 1.118995
13378 0.404023
13384 0.252776
13390 0.261352
13394 0.208486
13402 0.371701
13403 1.121511
13416 0.482399
13426 1.139440
13428 0.396991
13434 0.560284
13438 1.192623
13440 0.972180
13463 0.087849
13465 0.270656
13467 0.086442
13468 0.119646
13470 0.430580
13471 0.055844
13474 0.508496
13475 0.331876
13483 1.198558
13493 0.091703
13499 0.027493
13500 0.082235
13504 1.051623
13516 0.209291
13524 0.250534
13531 1.223792
13532 0.508785
13536 0.169667
13540 0.205300
13543 1.035613
13545 0.219941
13552 0.520944
13565 0.444425
13571 0.240324
13572 1.042063
13575 1.205676
13594 0.207859
13598 0.519519
13616 0.232313
13623 0.555531
13624 0.452291
13647 0.040520
13653 1.125746
13655 0.015085
13659 1.252788
13663 1.161565
13665 0.022446
13684 0.584179
13688 1.146480
13689 0.256936
13690 0.339639
13697 0.551251
13702 0.283309
13708 0.185356
13712 1.149466
13714 0.458513
13716 0.269535
13723 0.500564
13734 0.040520
13741 0.347848
13746 1.088968
13753 0.441587
13755 0.191818
13756 0.441265
13760 0.190198
13771 0.551251
13773 0.413542
13776 0.480114
13783 0.382094
13789 0.218195
13801 1.166426
13802 1.213888
13803 0.918927
13805 0.297273
13809 1.123606
13819 0.510688
13820 0.297474
13826 0.409964
13842 0.221710
13852 0.028159
13853 0.183915
13854 1.017092
13858 0.040757
13860 0.298503
13865 0.434738
13866 0.025389
13867 1.183903
13869 0.378184
13873 0.335563
13879 0.064175
13886 0.602758
13891 0.033997
13894 0.540263
13911 1.011916
13918 1.091331
13921 1.026741
13922 0.576987
13923 0.046837
13925 0.358240
13926 0.366810
13933 0.105119
13936 0.028505
13938 0.269143
13955 0.096351
13961 1.168203
13962 0.430209
13975 0.297837
13981 0.094000
13985 0.130513
13996 0.049011
13998 0.199839
14005 0.376126
14013 0.269483
14029 0.217794
14031 0.275423
14036 0.442053
14042 1.066355
14062 0.462524
14063 0.173153
14071 1.035308
14077 0.457212
14082 0.156264
14083 0.165096
14089 0.453011
14092 0.009444
14106 0.464626
14115 0.009640
14126 0.197713
14127 0.188754
14134 0.967181
14135 0.266346
14136 0.470508
14141 0.025389
14143 0.344579
14146 1.062286
14155 0.303429
14161 0.123451
14165 0.322657
14175 0.167937
14177 0.081513
14184 0.497814
14186 0.282162
14191 1.171755
14197 0.108333
14199 1.233816
14210 0.507847
14211 0.074940
14213 0.388769
14227 0.071116
14232 0.347024
14236 0.600014
14237 0.470767
14262 0.314306
14272 1.008151
14274 1.137060
14279 0.058566
14288 1.092614
14304 0.315199
14306 0.128514
14308 0.317215
14317 1.103487
14329 0.275872
14332 0.527984
14336 0.240324
14342 1.055969
14344 0.537224
14345 0.048908
14362 1.020994
14370 0.119475
14371 0.208486
14372 0.216826
14389 0.175110
14394 0.586421
14395 0.111958
14396 0.980877
14397 1.167913
14401 0.268054
14403 0.477072
14414 0.558007
14418 0.562746
14422 0.902373
14427 0.223916
14428 0.371701
14431 0.390807
14432 1.097743
14433 0.260760
14437 0.112229
14439 0.363864
14444 0.169395
14462 0.189942
14465 0.385452
14469 0.554554
14473 0.560756
14480 1.271714
14488 0.230220
14489 1.235226
14491 0.506465
14498 0.495601
14499 0.293448
14523 0.549920
14537 0.270131
14543 0.217436
14545 0.947199
14555 0.034847
14556 0.402080
14560 0.518757
14564 0.297837
14580 0.179624
14587 0.397653
14591 0.499743
14595 1.086439
14597 0.195404
14598 0.490309
14599 1.187609
14609 0.258126
14610 1.036769
14611 0.992511
14615 0.188362
14616 0.150690
14618 0.154085
14624 0.159247
14629 0.153303
14634 0.545092
14635 0.073750
14649 0.369925
14656 0.179766
14659 1.090672
14682 0.230775
14692 0.358355
14705 1.133909
14706 0.133386
14709 0.477965
14711 0.253432
14712 0.524578
14716 0.153850
14721 0.548154
14723 1.004597
14724 0.552452
14727 0.164469
14737 1.043258
14739 0.467375
14743 0.551068
14747 0.460705
14753 0.520944
14761 0.308466
14769 0.115435
14771 0.129063
14776 0.482159
14779 0.409964
14784 0.969077
14786 0.121559
14791 1.044794
14809 0.127489
14812 0.453629
14813 1.177333
14816 0.021712
14817 0.606859
14824 0.024454
14834 0.131144
14846 0.204231
14847 0.460440
14852 0.134285
14861 0.048652
14867 0.390526
14869 0.215105
14871 1.227769
14884 1.121163
14892 0.424418
14894 0.260351
14899 0.477901
14901 0.543070
14903 0.209463
14908 1.206051
14914 0.255656
14918 0.200919
14919 1.099707
14924 0.087665
14930 0.241199
14934 1.147046
14938 1.096431
14944 0.292130
14945 0.134285
14954 0.410719
14970 0.393922
14975 0.063129
14977 0.133843
14979 1.156357
14993 0.187349
15000 0.544932
15004 0.468889
15007 0.514054
15009 1.161565
15013 0.616760
15015 0.281592
15017 0.254590
15021 0.182395
15022 1.063749
15023 0.389507
15033 0.128514
15041 1.128105
15049 0.399795
15051 0.056205
15058 0.379597
15069 0.168614
15072 0.404949
15083 0.160642
15092 0.411089
15093 0.562552
15095 1.174765
15099 0.561636
15101 0.138465
15106 0.041300
15112 0.046463
15127 0.146109
15135 0.095099
15136 1.161565
15146 0.531001
15151 0.492461
15153 0.554052
15159 0.475186
15161 1.151886
15163 0.294641
15172 0.172084
15179 0.413837
15180 1.109032
15186 0.083969
15187 0.049167
15193 0.539298
15195 0.228165
15206 0.302196
15207 0.323715
15210 0.261352
15215 0.207760
15220 0.333364
15224 0.578056
15225 0.157120
15229 1.070343
15239 0.422387
15244 0.297145
15255 0.437691
15258 0.576136
15266 0.580783
15271 0.357405
15279 0.470327
15282 0.373569
15295 0.234187
15303 1.172524
15304 0.221753
15307 0.490439
15313 1.208028
15318 0.479614
15328 0.288068
15329 1.136314
15332 0.420265
15335 0.253432
15344 1.172421
15345 0.277542
15350 1.174472
15352 1.192295
15355 0.222633
15361 0.055844
15364 0.557551
15368 0.504076
15371 0.441395
15377 0.027171
15383 0.170282
15384 1.131782
15385 0.260538
15393 0.399065
15404 0.160216
15411 0.329912
15413 0.221251
15417 0.171710
15423 1.241511
15429 0.167344
15432 0.126143
15435 0.264308
15437 0.394932
15440 1.049156
15441 0.225273
15443 0.123717
15455 0.434230
15460 0.490661
15464 0.283938
15472 0.584101
15477 0.326873
15479 0.137276
15485 0.127137
15486 0.468889
15489 0.393922
15494 0.387188
15495 0.441101
15500 0.013125
15504 0.411694
15518 0.570349
15522 0.561206
15525 0.445853
15530 1.144892
15534 0.567643
15536 0.085141
15549 0.120162
15553 0.510846
15554 0.328126
15559 1.118142
15562 1.156008
15565 1.131782
15586 0.217115
15588 0.073252
15592 1.148059
15594 1.075524
15597 0.391139
15600 0.218134
15602 1.183482
15603 0.245155
15607 0.444315
15608 0.619502
15613 0.556069
15615 0.053714
15616 0.948004
15630 1.140187
15631 0.228037
15635 0.090121
15636 0.009521
15652 0.161609
15654 0.421405
15662 1.001350
15675 0.421067
15698 0.242290
15699 0.601775
15701 0.473796
15715 0.577175
15717 0.422387
15721 0.119475
15734 0.455734
15739 0.350661
15740 0.960227
15744 0.147714
15759 0.101447
15761 0.589282
15762 0.204628
15772 0.401839
15774 1.058915
15783 0.207599
15784 0.079198
15785 0.102680
15791 0.462194
15793 0.418762
15796 0.068616
15797 0.194495
15804 0.434230
15813 0.526896
15814 0.009844
15820 0.510220
15826 0.136655
15831 0.344723
15835 0.382094
15845 0.207654
15846 0.378184
15856 0.207599
15859 1.117134
15860 0.168955
15861 0.260644
15866 1.116643
15873 1.025231
15880 0.314485
15886 0.023705
15891 0.283575
15894 0.071638
15899 0.204552
15900 0.274010
15902 0.220550
15911 0.204552
15914 0.310579
15915 1.137616
15918 0.251768
15923 0.484397
15925 0.274983
15929 0.577643
15937 0.163027
15941 1.031390
15943 0.355302
15946 0.444618
15959 0.253945
15966 1.055000
15968 0.105597
15971 0.995628
15974 0.605422
15977 0.283821
15979 0.262735
15985 1.113453
15991 0.429047
15996 0.055844
15997 0.346893
16003 1.137616
16005 0.455287
16015 0.399579
16017 0.150853
16019 0.250397
16022 0.382467
16026 0.371701
16027 0.331876
16029 0.592171
16035 0.196875
16036 0.212481
16038 0.475822
16040 0.072147
16043 1.040063
16053 0.366208
16054 0.337035
16061 0.136039
16063 0.071116
16076 0.524121
16079 0.048652
16094 0.149879
16096 0.266346
16099 0.086042
16102 0.429394
16108 0.365272
16116 0.042239
16117 0.501585
16125 0.422387
16130 1.033687
16134 0.155674
16135 0.433780
16136 0.402992
16140 1.117824
16141 0.272612
16149 0.447832
16151 0.278776
16152 0.270656
16153 0.378184
16156 0.030568
16161 0.908404
16167 0.594289
16177 0.195632
16182 0.095308
16184 0.147500
16185 0.244540
16186 0.501067
16187 0.545936
16197 0.248101
16199 0.311347
16205 0.035022
16212 0.940315
16223 0.235525
16236 0.081157
16237 1.123747
16238 0.479777
16239 0.129784
16248 0.356663
16251 0.896233
16257 1.046455
16259 0.613212
16261 0.324739
16263 0.385353
16270 0.087849
16273 0.420476
16274 0.494602
16284 0.059188
16289 0.542064
16293 0.250793
16294 1.030067
16301 0.019042
16302 0.305326
16308 0.417521
16310 0.831738
16325 0.253675
16327 0.543422
16328 1.017319
16332 0.314194
16334 1.219644
16340 0.446366
16342 1.107718
16343 0.165938
16348 1.093238
16352 0.545796
16357 0.173153
16363 0.030770
16365 0.560756
16367 0.022665
16382 0.287516
16383 1.044104
16385 0.187828
16388 0.260268
16390 0.498623
16397 1.185079
16402 0.214856
16406 0.317368
16417 0.303677
16419 1.096757
16424 0.573493
16432 0.420476
16433 1.203695
16437 0.404949
16446 0.181644
16448 0.060341
16449 0.043559
16451 0.415198
16452 0.942159
16463 0.315487
16464 0.012764
16473 0.221251
16476 0.573107
16483 0.445853
16493 0.057009
16495 0.130175
16503 0.185850
16508 0.528437
16510 0.065749
16520 1.132526
16526 0.145956
16530 0.182718
16532 1.122847
16536 0.518757
16537 0.470634
16552 1.055000
16559 0.535172
16570 0.147167
16581 0.252514
16591 1.012929
16593 0.497131
16595 0.430209
16598 0.194608
16599 1.093238
16600 0.224819
16605 0.558071
16608 0.312729
16609 0.438076
16615 0.175331
16618 0.149277
16624 0.442501
16627 0.589627
16629 0.074940
16630 0.508546
16631 0.963955
16638 0.239353
16645 0.268054
16648 0.366810
16658 0.021411
16662 0.183035
16665 1.037665
16670 0.135856
16673 0.010101
16674 1.023558
16678 0.333364
16679 0.268503
16682 0.480114
16683 0.411174
16684 0.165938
16698 1.187668
16700 0.337724
16714 0.198689
16715 0.061540
16719 1.096633
16721 0.141185
16723 0.010013
16739 0.069347
16743 0.283309
16745 1.035177
16750 0.496855
16753 0.490202
16755 1.338753
16765 0.069004
16770 0.485746
16775 0.466492
16779 0.049960
16780 0.483548
16781 0.416083
16783 0.041117
16785 0.492092
16796 0.331876
16800 0.987331
16812 0.156480
16820 1.117824
16833 0.129063
16834 0.167782
16836 1.250917
16837 0.095909
16842 0.057598
16846 1.173665
16849 1.176085
16851 0.137276
16856 0.924118
16866 0.147167
16869 0.429173
16880 0.074639
16881 0.434872
16885 0.268792
16887 0.415519
16890 0.310737
16892 1.019655
16895 0.038505
16897 0.394780
16904 1.031345
16906 0.417918
16909 0.464626
16914 0.119904
16915 0.232313
16921 0.616566
16927 0.038505
16929 0.480648
16937 0.086042
16946 0.043833
16947 0.315001
16949 0.063071
16951 0.511876
16962 0.573431
16965 0.130739
16967 1.076253
16969 0.479376
16971 0.460864
16972 0.411272
16979 0.301876
16982 1.115103
16988 0.063129
16992 0.922739
17001 0.372485
17008 0.118858
17012 0.530175
17015 0.588325
17038 0.036875
17049 1.185031
17057 1.030343
17062 0.356574
17065 0.076587
17066 0.357405
17067 1.146985
17074 0.081513
17075 0.554554
17076 0.458513
17081 0.614043
17082 0.056432
17089 0.291794
17093 0.239005
17095 0.218512
17101 0.473434
17113 0.116157
17122 0.097202
17132 0.095471
17149 0.248198
17165 0.368301
17175 0.619502
17177 0.479376
17194 0.236615
17198 0.084477
17207 1.154692
17250 0.303017
17257 0.467151
17259 1.176085
17263 0.382789
17266 1.137616
17271 0.230775
17275 1.151638
17276 0.233611
17278 1.185271
17283 0.312961
17294 0.329735
17317 0.384976
17318 0.496305
17325 0.245834
17329 0.267263
17332 0.243376
17334 0.339639
17335 0.266589
17337 0.093759
17344 0.328268
17345 0.242942
17353 0.087849
17355 0.143813
17358 0.437540
17361 0.570826
17364 0.187172
17375 0.510688
17393 0.060735
17396 0.013586
17404 0.423282
17409 0.400095
17415 0.038084
17428 1.212561
17439 0.276563
17443 0.330487
17447 0.516251
17451 0.385300
17452 0.330191
17453 0.132750
17474 0.170282
17475 0.389507
17479 0.542405
17486 0.266346
17492 0.190256
17500 0.327043
17501 0.283821
17502 0.509956
17517 1.046559
17519 0.191204
17521 0.585429
17525 0.506865
17547 0.314817
17549 0.339218
17550 0.089351
17554 0.548259
17556 1.118187
17566 1.046178
17567 1.104626
17572 0.401529
17576 0.040402
17579 0.322657
17585 0.041984
17593 0.200634
17594 0.183035
17595 0.531435
17596 0.588325
17607 0.452558
17610 0.026399
17611 0.225729
17612 0.058444
17625 0.395870
17627 0.249957
17636 1.010510
17640 1.168871
17642 0.230775
17645 0.072147
17648 0.254092
17649 1.043874
17657 0.376126
17661 0.485430
17664 1.088968
17666 0.312468
17672 0.462570
17686 0.575032
17695 1.203695
17699 0.189643
17700 0.158723
17702 0.084863
17706 0.603244
17708 0.324158
17713 0.225860
17714 1.111063
17715 0.482583
17722 0.229041
17739 0.347384
17762 1.019109
17773 0.116887
17779 0.038558
17781 1.135463
17791 0.487108
17793 0.585583
17799 0.470269
17800 0.475431
17808 0.291567
17813 1.094669
17818 0.359131
17822 0.566617
17824 0.114723
17829 0.018887
17839 0.310651
17843 0.573107
17847 0.493665
17848 0.178702
17849 0.863974
17852 0.234351
17853 0.598171
17860 0.437295
17863 1.091592
17864 0.081513
17871 0.278776
17892 0.178702
17896 0.289002
17903 0.457925
17906 0.360735
17910 0.568426
17920 1.003170
17925 0.583644
17937 0.071324
17940 0.263707
17942 0.237979
17943 0.506691
17944 0.860925
17948 0.334866
17955 0.172999
17957 0.336113
17961 0.297021
17963 0.132330
17974 0.056662
17979 0.446164
17981 1.155547
17984 0.378488
17985 1.096041
17994 0.081039
17999 0.094607
18006 0.258126
18009 1.124494
18010 0.149508
18017 0.353854
18024 0.495790
18029 0.379287
18033 0.526234
18043 0.583535
18046 0.440271
18049 0.040054
18054 0.271032
18056 0.545872
18066 0.470327
18068 0.112637
18070 0.402676
18076 0.141511
18077 0.485746
18091 0.118125
18094 0.557551
18098 0.089845
18099 0.267586
18102 0.037470
18103 0.241514
18107 0.259644
18109 0.406548
18115 0.221251
18120 0.295427
18124 0.374343
18129 0.276563
18130 0.105597
18136 0.092005
18138 1.059074
18142 1.103750
18147 1.166869
18155 0.139948
18156 1.061183
18158 0.493117
18163 0.479146
18164 0.513769
18177 0.528843
18185 0.434811
18187 0.335874
18190 0.020929
18195 0.018585
18196 0.440799
18198 0.162767
18203 0.318601
18208 0.015488
18213 1.080256
18214 0.306231
18217 0.359777
18221 1.137467
18222 0.364789
18228 0.021313
18239 0.181318
18244 0.131498
18252 1.314980
18255 0.347384
18256 0.391022
18258 0.110148
18262 0.098857
18263 0.548379
18264 0.061135
18274 1.112877
18277 0.550461
18281 0.161737
18285 1.054272
18290 0.159715
18295 1.009037
18297 0.583956
18299 0.393751
18305 0.152694
18306 0.084648
18326 0.292051
18332 0.143131
18335 0.202529
18337 0.337035
18339 0.304340
18342 0.094181
18347 0.484579
18350 0.092925
18351 0.020650
18353 0.480114
18354 0.398644
18356 0.140796
18360 1.108984
18362 0.100039
18366 0.046463
18367 0.268881
18398 0.286413
18401 0.283575
18404 0.361376
18420 0.019199
18427 0.547489
18429 1.263783
18432 1.161565
18436 1.134801
18438 0.567276
18440 0.303017
18450 0.127295
18457 0.416705
18464 0.163195
18467 0.068327
18470 1.142366
18481 1.129478
18482 0.516251
18488 0.329990
18490 0.227758
18493 0.525992
18497 1.194753
18499 0.532954
18500 0.467643
18510 0.310737
18511 0.320874
18512 1.080304
18513 0.134285
18517 0.035925
18518 0.381043
18521 1.088617
18525 0.043833
18527 0.316791
18528 1.290628
18531 1.100430
18543 0.250023
18548 0.145803
18550 1.110251
18552 0.517425
18556 0.251149
18559 0.347134
18566 0.464626
18580 0.389427
18596 0.522427
18602 0.281592
18621 0.290391
18625 0.476242
18627 0.495949
18631 0.549454
18636 0.387188
18637 0.551251
18647 0.197051
18656 1.010467
18663 0.012163
18681 0.435587
18685 0.131996
18687 0.245617
18688 0.534053
18691 0.423374
18702 0.359922
18705 1.204586
18710 0.028859
18714 1.090738
18715 1.122285
18728 0.100568
18734 1.132159
18736 0.278219
18737 0.341637
18743 0.413891
18745 1.046017
18748 0.531001
18749 1.208028
18762 0.479986
18764 0.247801
18767 0.517589
18769 0.562820
18770 0.279283
18771 0.067533
18777 0.427945
18779 0.074639
18780 0.384813
18781 0.327971
18782 1.132766
18784 0.154085
18785 0.226407
18786 1.168964
18792 0.454243
18797 0.341637
18799 0.997143
18802 0.344579
18810 0.418452
18814 0.228702
18825 0.404023
18851 0.269783
18852 0.342513
18858 1.059928
18868 0.326282
18871 1.119868
18872 0.042239
18873 0.207422
18877 0.375596
18879 0.222633
18889 0.090512
18902 0.293890
18903 0.369589
18905 1.198246
18909 0.280571
18910 0.430988
18916 0.559497
18920 0.397378
18921 0.480310
18924 0.018811
18926 1.155954
18929 0.953360
18933 0.229445
18953 0.313623
18957 0.294263
18958 0.510464
18959 0.362046
18965 0.023705
18968 1.205398
18971 0.124900
18988 0.238827
18991 1.029411
18992 0.457009
19001 0.189643
19004 0.563183
19007 0.193594
19011 0.073054
19014 0.390615
19018 1.121511
19025 0.446251
19033 0.054985
19034 0.478706
19039 1.195026
19040 1.232393
19042 1.242605
19061 1.100430
19065 0.440332
19073 1.097034
19076 0.410654
19094 0.064234
19102 0.331876
19105 0.574669
19110 0.083969
19131 1.076082
19132 0.395642
19138 0.334045
19141 0.011733
19146 0.572027
19154 0.014165
19165 0.118796
19167 0.258126
19168 0.411272
19173 0.164372
19175 0.201428
19186 0.355695
19187 0.300640
19188 0.294067
19189 0.110625
19193 0.220633
19195 0.303017
19197 1.161565
19200 0.183035
19201 0.051625
19202 0.222766
19203 0.084095
19212 0.342513
19215 1.037665
19227 0.083969
19240 0.592171
19243 0.069555
19246 0.309086
19248 0.165938
19268 0.310651
19269 0.464626
19275 0.091302
19278 1.252924
19279 0.487108
19283 0.423630
19288 1.058060
19289 0.531662
19296 0.977651
19301 1.142313
19313 0.506640
19320 0.310737
19333 0.989056
19338 1.212561
19340 0.409964
19341 0.223788
19352 0.269535
19355 0.884441
19361 0.248198
19365 0.405984
19368 0.467085
19371 0.192361
19384 1.068106
19387 0.352323
19389 0.509956
19393 0.171660
19394 0.434811
19397 0.566844
19399 0.467643
19400 0.012490
19401 0.323474
19405 0.366810
19411 0.137389
19412 0.217485
19419 0.536107
19420 0.021024
19421 0.113323
19431 0.295204
19434 1.108767
19435 0.071955
19436 0.233285
19440 1.239953
19442 0.281143
19461 0.266589
19471 1.054108
19474 0.362989
19485 0.499914
19487 0.127645
19488 0.409314
19493 0.197994
19499 0.400009
19502 0.033030
19511 0.402992
19513 0.221955
19525 0.507079
19527 0.251906
19532 0.009521
19535 0.139174
19540 0.443507
19544 0.489080
19553 1.032503
19554 0.344723
19557 1.102684
19558 0.179624
19560 1.086626
19565 1.102999
19568 0.604014
19571 0.157500
19572 0.163027
19574 0.562048
19587 1.004065
19589 1.206821
19590 0.300180
19600 0.551450
19606 0.069974
19610 0.544805
19612 0.563997
19615 0.190789
19623 1.208028
19626 0.088782
19627 0.572027
19637 0.102924
19639 0.071481
19641 0.305326
19644 0.559042
19647 1.003418
19655 1.168055
19659 0.152110
19665 0.308466
19670 0.489741
19671 0.142233
19675 1.088049
19677 0.512280
19679 0.548154
19680 0.039209
19683 0.116157
19689 0.411828
19693 0.038399
19704 0.056893
19706 0.169985
19708 0.013665
19709 1.119327
19715 1.008392
19717 0.416705
19726 0.134891
19736 1.242164
19747 1.193535
19750 0.966925
19755 1.110570
19765 0.130513
19769 0.312729
19770 0.327490
19775 0.189440
19776 0.540603
19782 0.092925
19783 0.529321
19785 1.008903
19788 0.103711
19792 0.392967
19795 1.137265
19800 0.253787
19803 0.044250
19805 0.552680
19808 0.191994
19811 0.422387
19814 1.167462
19820 0.363993
19824 0.097247
19825 0.380336
19840 0.355064
19850 0.511089
19851 1.280700
19860 0.388940
19861 0.097963
19869 1.240507
19878 1.206990
19879 0.045552
19882 0.611350
19883 0.208353
19888 0.393981
19893 0.059314
19894 0.116157
19898 0.431864
19900 0.562746
19902 1.090449
19904 0.067758
19908 0.573107
19915 0.126947
19917 0.435587
19924 0.495790
19925 1.016370
19930 0.476540
19937 0.490971
19939 0.239807
19940 1.127258
19945 0.531435
19946 0.518652
19949 1.008728
19953 0.383429
19957 0.347908
19958 0.256019
19961 0.184151
19969 0.410654
19970 0.562442
19973 0.248385
19982 0.122767
19987 0.594721
19999 0.316791
20004 0.508496
20008 0.179624
20015 0.201550
20022 0.270858
20025 0.280571
20028 0.137554
20031 1.161565
20032 0.911228
20036 1.054755
20037 0.355128
20038 0.414845
20042 0.232313
20043 0.379287
20049 0.200473
20052 0.207422
20053 0.532692
20061 0.122858
20076 0.174571
20078 0.418704
20083 1.210189
20091 1.065303
20095 0.100460
20096 0.196484
20097 0.130269
20099 0.097702
20100 0.367584
20103 0.495287
20107 0.374699
20108 0.314485
20112 0.284265
20114 0.146865
20124 0.553643
20128 0.447576
20138 1.029106
20139 1.057233
20142 0.243118
20145 0.464626
20147 0.540263
20156 1.033596
20159 1.022178
20165 0.196108
20166 0.134497
20181 1.269786
20185 1.100921
20188 1.215342
20192 0.114880
20197 0.607588
20199 0.159792
20207 0.387188
20210 0.443507
20211 1.216878
20214 0.165938
20218 0.482583
20219 0.503812
20228 1.065240
20234 0.220086
20238 0.179624
20239 0.580783
20240 0.009802
20243 0.457925
20246 0.387188
20248 0.481625
20252 0.090905
20253 0.383536
20256 0.536107
20262 0.303017
20264 0.041984
20269 1.093238
20271 0.499185
20275 0.103579
20276 0.312529
20280 0.013586
20282 0.089783
20285 0.447832
20286 0.288673
20291 0.485152
20293 0.357405
20296 0.471702
20299 0.214443
20306 1.074448
20313 1.301754
20318 0.197247
20326 0.415308
20328 0.504518
20330 0.321284
20333 0.269859
20342 0.121736
20345 0.585429
20346 0.037672
20353 0.133386
20355 0.507350
20362 1.193302
20370 0.395221
20385 1.174765
20389 0.508185
20391 0.524578
20392 0.323084
20393 0.157500
20404 1.206241
20406 1.154610
20408 0.076587
20410 0.154233
20419 0.444425
20421 0.374282
20428 0.571660
20440 0.514136
20448 0.243118
20449 1.117824
20455 0.464626
20466 0.200270
20467 0.166932
20475 0.012764
20479 0.557957
20481 0.518467
20484 1.139649
20487 0.106133
20491 1.106253
20503 0.562820
20507 0.362683
20514 0.330303
20524 0.274779
20535 1.000733
20536 1.178902
20538 0.278776
20541 0.043021
20545 0.583341
20551 0.605422
20554 1.001919
20572 1.086139
20573 0.124283
20576 0.198458
20584 0.544157
20590 0.268570
20593 0.359711
20601 0.989971
20603 0.044676
20608 0.025529
20618 0.303472
20621 0.416972
20623 0.452558
20629 0.068041
20656 0.242942
20661 1.075336
20665 0.514921
20669 0.115631
20670 0.158395
20676 1.276288
20677 0.490971
20679 0.607291
20686 0.360085
20691 0.392217
20693 0.223565
20696 1.107955
20697 1.175789
20699 0.277389
20700 0.167433
20702 0.427945
20703 0.174859
20705 0.416228
20710 0.071849
20720 0.163811
20723 0.151839
20729 0.066061
20732 0.488509
20741 0.583889
20743 0.594545
20746 1.089864
20750 0.232313
20753 0.038719
20760 1.175560
20761 0.460440
20766 0.200005
20768 0.081157
20773 0.295870
20776 0.493665
20778 0.091103
20781 1.270951
20783 0.236425
20788 0.411694
20789 0.191317
20798 1.094120
20807 1.207503
20818 0.097963
20853 0.577263
20855 0.573240
20862 0.045109
20865 0.371701
20870 0.487108
20878 0.175995
20899 0.191317
20904 0.526756
20917 0.160542
20922 1.144399
20926 0.567276
20927 1.118544
20932 1.123747
20940 0.107372
20950 0.401529
20951 1.148801
20952 0.607354
20953 0.424658
20958 1.115103
20960 1.214971
20966 0.380841
20973 0.159528
20979 0.509716
20982 0.221872
20984 0.093340
20988 0.186243
20996 0.144593
20998 1.087648
21003 1.137366
21007 1.197196
21012 0.619502
21015 1.177192
21017 1.155547
21018 0.366069
21028 0.439128
21032 0.272756
21039 0.555841
21044 0.387188
21045 0.434924
21046 0.511089
21048 0.014520
21050 0.039154
21053 0.116687
21054 0.314306
21058 0.573240
21062 0.983775
21069 0.426076
21072 0.473230
21080 0.538474
21090 1.091745
21093 0.014988
21095 0.226910
21098 0.460621
21104 0.027878
21110 0.118125
21121 0.169667
21128 0.448787
21138 1.176269
21141 0.382467
21144 0.057837
21147 1.145654
21151 1.233753
21156 0.042239
21160 0.363864
21162 0.177942
21164 0.021510
21167 0.433126
21174 0.334688
21186 1.034949
21192 0.116887
21193 1.050662
21194 1.092562
21195 0.590201
21203 0.054662
21204 0.569167
21214 0.917339
21224 0.248907
21227 0.263707
21229 0.306653
21231 0.263992
21237 0.097247
21244 1.147571
21250 0.965639
21258 0.010465
21265 0.470700
21267 0.030770
21268 0.235079
21271 0.140796
21277 1.038576
21284 0.310464
21294 0.189871
21297 0.401839
21298 1.140187
21299 0.344168
21300 0.449638
21307 0.121630
21313 1.145654
21318 0.942159
21323 1.184567
21324 0.198558
21335 0.450961
21339 0.152838
21348 1.166551
21350 0.380149
21351 0.217436
21353 0.375655
21371 0.153021
21378 0.239353
21381 0.391691
21382 0.503345
21388 0.520944
21405 0.224058
21407 0.345151
21419 1.182685
21422 0.241774
21424 0.061950
21430 0.163027
21434 0.091703
21436 0.416972
21442 0.129063
21443 0.042496
21445 0.311134
21453 1.060852
21456 0.267263
21462 0.841134
21464 0.531299
21474 0.461909
21479 0.427945
21490 1.265976
21492 0.550505
21493 0.450547
21500 0.518652
21503 0.409188
21514 0.304220
21515 0.309751
21519 0.378429
21522 0.530664
21527 0.087117
21528 0.423326
21529 0.444618
21533 0.109971
21534 0.233611
21539 0.031970
21540 0.099158
21549 0.517378
21554 0.023001
21556 0.037269
21561 0.464626
21563 0.458644
21566 0.240685
21571 1.055969
21572 0.368146
21574 0.467548
21576 0.372297
21590 0.369589
21594 0.345590
21604 0.448117
21607 0.985571
21609 0.333709
21613 0.397378
21614 0.072147
21615 0.519648
21616 0.522704
21617 0.892685
21633 0.057789
21646 1.134552
21654 0.139948
21661 0.177000
21663 0.083716
21684 0.211194
21687 0.383429
21689 1.149208
21706 0.083969
21709 0.280937
21710 0.562286
21722 0.275252
21729 0.472338
21737 0.117925
21739 1.062336
21741 0.580783
21742 0.329990
21756 0.549104
21758 0.426698
21759 0.478292
21760 0.025251
21763 0.121111
21764 1.120809
21765 0.082969
21766 1.072214
21778 1.130508
21780 1.126366
21787 0.554778
21801 0.120682
21804 0.138132
21813 0.480114
21816 0.270794
21819 0.331876
21826 0.256767
21831 0.361376
21837 0.523940
21839 0.368021
21840 1.096041
21847 0.536107
21853 0.065572
21854 0.555285
21855 0.306347
21862 0.521773
21864 1.103222
21871 0.269783
21872 0.279895
21874 0.111808
21875 0.347958
21878 1.186817
21881 0.438134
21886 0.084259
21887 1.233816
21906 0.271535
21911 0.354136
21921 0.271711
21922 0.507788
21930 1.046904
21935 0.192449
21938 1.017229
21947 0.417521
21949 0.171178
21967 0.591342
21970 0.102680
21977 0.255851
21983 0.184548
21985 0.184620
21987 0.248463
21990 0.407374
21999 0.459786
22001 0.018735
22006 0.993853
22013 0.151210
22018 0.054026
22024 1.229893
22034 1.000023
22040 0.453294
22046 1.214971
22047 0.086042
22048 0.333319
22051 0.045329
22052 0.268054
22053 0.475431
22057 0.274158
22060 0.476242
22065 0.253162
22066 0.398251
22077 1.035058
22078 0.232313
22080 0.084095
22081 0.436828
22084 0.552031
22091 1.145654
22093 0.044462
22101 0.468702
22103 0.282369
22115 1.143695
22117 0.561636
22118 0.438703
22120 0.551744
22121 1.076082
22130 0.437967
22139 1.005534
22141 0.532171
22143 0.362989
22147 0.503098
22156 1.168055
22158 0.126894
22164 0.454793
22166 1.048110
22168 0.026103
22171 1.106832
22173 0.986235
22181 0.527336
22182 0.011115
22192 0.108413
22203 0.484925
22205 0.167937
22211 0.163027
22231 0.918447
22240 0.438814
22242 0.281276
22259 1.114262
22264 0.273310
22273 0.100520
22275 1.028271
22282 0.081157
22286 1.024012
22288 0.502555
22296 0.258126
22303 0.315487
22306 0.104176
22308 0.445853
22322 0.333236
22324 0.267642
22325 1.030975
22329 0.396632
22331 1.093238
22332 1.085055
22335 0.385353
22336 0.437410
22344 0.347908
22348 0.456569
22352 0.253432
22355 1.146078
22359 0.023705
22361 0.042048
22369 0.316791
22373 1.099889
22390 0.141081
22398 0.230775
22403 0.230870
22407 1.216878
22410 0.204681
22412 0.398921
22413 0.375164
22416 0.944160
22418 0.262289
22435 1.161565
22439 0.520881
22442 1.156785
22454 0.169499
22458 0.345768
22461 0.363395
22463 0.595675
22464 1.191606
22465 0.381232
22466 0.409964
22468 0.378184
22478 0.535330
22484 0.594043
22490 0.264242
22491 0.350890
22500 1.079050
22512 0.427456
22520 0.354764
22535 0.309086
22542 1.007480
22544 0.389041
22546 1.226424
22554 0.256700
22562 0.025957
22563 0.042626
22564 0.515129
22568 0.521519
22572 0.355581
22573 0.286975
22574 0.497042
22581 0.137276
22582 1.001024
22602 0.119413
22610 0.195927
22614 0.509956
22622 1.094979
22627 0.021916
22632 0.181495
22635 0.280177
22640 0.556783
22642 0.075426
22646 0.277886
22647 1.085961
22651 0.102924
22662 0.342938
22668 0.167649
22669 0.241080
22678 0.124900
22684 0.270794
22685 0.073750
22686 0.040286
22694 0.149879
22696 0.588391
22698 0.985571
22701 1.026283
22714 0.305326
22720 0.372103
22727 0.350661
22732 0.009761
22734 1.127258
22737 0.545989
22739 0.552220
22740 0.281592
22758 0.023116
22761 0.350661
22766 1.153973
22787 1.192133
22791 0.585922
22793 0.242942
22801 0.538408
22805 0.253945
22812 0.553126
22816 1.012647
22818 0.434650
22824 0.218414
22834 0.040054
22835 0.574916
22837 1.147342
22856 0.413001
22857 0.248385
22869 0.226407
22879 0.396632
22888 0.190789
22890 0.416972
22893 0.588012
22896 0.150486
22898 0.087482
22908 0.112637
22913 1.191867
22917 0.189440
22920 1.035453
22922 0.066375
22923 0.175331
22927 0.287626
22944 0.059875
22951 0.553859
22953 0.574916
22956 0.060498
22967 0.066375
22968 1.106253
22970 0.295152
22978 0.360735
22980 1.108104
22982 1.345716
22986 0.177726
22988 0.329110
22995 0.248198
22997 0.447234
23009 0.029283
23017 0.351990
23029 0.027822
23033 1.013172
23036 0.270794
23037 0.270364
23038 0.415198
23040 0.226034
23043 0.336243
23046 0.308856
23048 0.432444
23050 0.445086
23053 0.104243
23057 0.088782
23059 0.401183
23062 1.255356
23067 0.106674
23068 0.451093
23069 0.535103
23072 1.176146
23078 0.396364
23079 0.367434
23085 0.337438
23091 0.586211
23093 0.030171
23095 0.249593
23096 0.594289
23098 0.103250
23099 0.170818
23103 0.079423
23112 0.550215
23113 0.258126
23114 1.118995
23117 0.109467
23118 0.273310
23121 0.328126
23123 0.381410
23125 0.060498
23130 1.121163
23134 0.283309
23156 1.068640
23159 0.136655
23165 0.483986
23170 0.577501
23174 0.219351
23176 0.014892
23179 0.196875
23180 1.027809
23181 0.065309
23191 0.284051
23195 0.230870
23202 0.565737
23205 0.572366
23212 0.276563
23220 0.591092
23222 0.223378
23225 0.050946
23236 0.988820
23241 0.010805
23246 0.041984
23248 0.296788
23251 0.385049
23253 0.571103
23270 0.222766
23274 0.331876
23275 0.123900
23283 0.520536
23285 0.451187
23290 0.096797
23294 1.077088
23298 0.364890
23300 0.474894
23305 0.517895
23310 1.141878
23313 0.221710
23317 0.558349
23321 0.090121
23328 1.050711
23331 1.142206
23334 0.517806
23347 0.413542
23352 0.224819
23353 0.426900
23355 0.119475
23357 0.095037
23358 0.054342
23360 1.029235
23368 0.441265
23378 1.090449
23380 0.009330
23381 0.447488
23384 0.045256
23387 0.344168
23393 0.987331
23397 1.089315
23408 0.104410
23410 0.238536
23411 0.344723
23416 0.185280
23426 0.238270
23433 0.400946
23434 0.438327
23448 0.293448
23454 0.363620
23455 0.276850
23464 0.564189
23469 0.211194
23472 0.425362
23477 0.368021
23478 0.279175
23486 0.441900
23507 0.160585
23510 0.113323
23512 0.485430
23515 0.165938
23519 0.342582
23520 0.513534
23522 0.569167
23524 1.001128
23532 0.133173
23549 0.318399
23551 0.151210
23565 0.488301
23570 0.527474
23574 0.292314
23575 0.214856
23581 0.456329
23582 0.995628
23586 0.540026
23592 0.141081
23597 1.072214
23599 0.398576
23602 0.420376
23607 0.575983
23608 0.172084
23610 0.161142
23614 0.276016
23617 0.295870
23627 0.114440
23630 0.521519
23631 1.154167
23633 1.161565
23646 0.407733
23648 0.021510
23650 0.274010
23665 0.072598
23671 0.249263
23692 0.439247
23704 0.537140
23707 0.434650
23708 0.371701
23714 1.342907
23717 0.507788
23722 1.028815
23724 0.534526
23725 0.028505
23726 0.470767
23761 0.318601
23762 0.102218
23763 0.010755
23770 0.901375
23775 0.442501
23780 1.189443
23785 0.090659
23788 0.501585
23794 0.078182
23796 0.206259
23798 0.156616
23803 1.113567
23813 0.035378
23816 0.277389
23827 0.619502
23828 0.101006
23830 0.063129
23831 1.125038
23832 0.127295
23842 0.615399
23845 1.125267
23861 0.550215
23862 0.375089
23863 0.042496
23866 1.106775
23875 0.428886
23876 0.359131
23893 0.311902
23894 0.553126
23895 0.478706
23897 0.549558
23901 0.335713
23902 0.359777
23903 1.161565
23904 0.120857
23912 0.967971
23914 1.072214
23917 0.231097
23927 0.207422
23935 0.014611
23940 0.566335
23941 1.036138
23942 0.312468
23947 0.564798
23957 1.270772
23958 0.995628
23962 0.534429
23966 1.091331
23968 0.127137
23972 0.273954
23973 1.065191
23984 0.309751
23991 0.364413
23992 0.338547
23994 0.524121
23995 0.496305
23997 0.297361
24002 0.461549
24004 0.134954
24006 0.331876
24007 0.357405
24009 0.380841
24010 0.995628
24012 0.100039
24023 0.256700
24038 0.060735
24045 0.290391
24054 0.991899
24057 0.030302
24058 0.482898
24061 0.321083
24065 0.130513
24068 0.981799
24079 0.402676
24081 0.992873
24082 0.448787
24093 0.583644
24100 0.271032
24104 0.252726
24106 0.577643
24107 0.055313
24124 0.011616
24125 0.502666
24127 0.366069
24145 0.539069
24146 0.570223
24152 1.222700
24153 0.158653
24159 0.065440
24163 0.104916
24165 0.262996
24168 1.147046
24181 0.524891
24187 0.261545
24193 0.145897
24194 0.165938
24195 0.565737
24200 0.525812
24201 0.548679
24202 0.301560
24209 0.396632
24213 0.422387
24224 0.116805
24231 1.250159
24247 0.186289
24257 1.128911
24267 0.143996
24282 0.430629
24304 0.377053
24306 1.191349
24312 0.370056
24316 0.049640
24317 0.485961
24324 0.218414
24326 0.329735
24327 0.111958
24336 0.530664
24344 0.319584
24363 1.156824
24371 0.263992
24376 0.219756
24378 0.438814
24381 1.134552
24388 0.169726
24391 1.058315
24395 0.251906
24396 0.489080
24402 0.358508
24409 0.224457
24411 1.023406
24413 0.077010
24424 1.058180
24427 0.024454
24433 1.115103
24442 0.201338
24448 1.037665
24452 0.959856
24456 0.253432
24457 0.205847
24461 0.099705
24477 0.137328
24483 0.069694
24486 1.193244
24488 0.439883
24491 1.088664
24501 0.117222
24503 1.199525
24504 0.401663
24506 0.476170
24515 1.043322
24524 1.051766
24526 1.205306
24529 0.446756
24540 0.562746
24549 0.428539
24550 0.331876
24555 0.327621
24559 0.473036
24562 0.536950
24565 0.242414
24566 0.014520
24572 0.425362
24588 1.080182
24590 0.406548
24591 0.084095
24595 0.523228
24604 0.265501
24619 0.039599
24620 0.174235
24625 1.136639
24634 0.107825
24640 1.131473
24641 0.478996
24647 0.058813
24661 1.100921
24672 0.337035
24676 0.252514
24680 1.062003
24685 1.099889
24688 0.043833
24699 1.035729
24701 0.300071
24706 0.045109
24720 0.435587
24733 0.278776
24753 0.146109
24755 0.575819
24757 0.458707
24760 0.518467
24764 0.568426
24772 0.252922
24774 0.552528
24799 1.098384
24807 0.197390
24808 1.154773
24815 0.201594
24819 0.589282
24830 0.137463
24832 0.215105
24841 0.299373
24851 0.610776
24852 0.440064
24859 0.224819
24860 0.125575
24867 0.370169
24876 0.190942
24879 1.123103
24881 1.018917
24888 0.078750
24891 0.435587
24892 0.271032
24895 0.531435
24903 1.030167
24919 0.428732
24922 0.611350
24924 0.094054
24933 1.237556
24934 1.161565
24946 0.339970
24962 0.207760
24969 1.112657
24970 0.193594
24971 0.539298
24974 0.257068
24976 0.140088
24977 0.499914
24978 0.343419
24980 0.213621
24981 0.476540
24983 1.188268
24985 0.374343
24986 0.305157
24991 0.531932
24992 1.141007
25003 0.177188
25004 0.219407
25005 0.509459
25015 0.304220
25023 0.320432
25025 0.398251
25028 1.103487
25032 0.211194
25035 0.013586
25042 0.371701
25049 0.340726
25052 0.179690
25057 1.287953
25061 0.062787
25066 0.077870
25068 0.403549
25076 0.385582
25102 1.139440
25105 0.078750
25106 0.464626
25107 0.247142
25112 0.470386
25121 0.145897
25126 0.487964
25128 0.196875
25132 0.019120
25137 1.133235
25139 0.983584
25145 0.402676
25152 0.439199
25160 0.390362
25173 0.233774
25177 0.508496
25187 0.068664
25198 0.012292
25200 0.269783
25202 0.501067
25204 0.195511
25207 0.524194
25210 0.122917
25212 0.371277
25215 0.232313
25224 0.108413
25234 0.525001
25238 1.187609
25260 0.369239
25263 0.431864
25270 1.040966
25287 0.469704
25290 0.967971
25291 0.306606
25303 1.028271
25305 0.281221
25306 0.253617
25318 0.451720
25320 0.141969
25336 0.033669
25338 0.568426
25339 0.456569
25350 0.414396
25358 0.116157
25364 0.091359
25372 0.929252
25378 0.230220
25384 0.161609
25387 0.076419
25389 0.121688
25394 0.551251
25395 0.468702
25398 0.294333
25402 0.055844
25420 0.408463
25421 1.105721
25426 0.055644
25433 0.020201
25444 0.181644
25451 0.221872
25452 0.448787
25454 1.177333
25457 0.208486
25458 0.098438
25459 1.086139
25464 0.480648
25465 0.495949
25473 0.362989
25477 0.410513
25485 0.568157
25486 0.087902
25506 0.079085
25509 0.156480
25517 0.028799
25521 1.265277
25533 0.371701
25537 0.204982
25550 1.049607
25555 1.161565
25557 0.126507
25566 0.057503
25569 0.173368
25570 0.349498
25573 1.257365
25576 0.071702
25581 0.170282
25584 0.107428
25585 0.354534
25590 0.425907
25621 0.240739
25622 0.014252
25625 0.500675
25627 0.434811
25628 0.470905
25633 0.460243
25634 0.070094
25636 0.096797
25638 0.390442
25658 0.570027
25661 0.496770
25671 0.208959
25672 0.566617
25675 0.243554
25688 1.032503
25691 0.127295
25694 0.043288
25701 0.441265
25707 0.583341
25709 0.051397
25710 0.047027
25712 0.369096
25724 0.529321
25741 0.277981
25744 0.381577
25745 0.236824
25756 0.474894
25765 0.094054
25767 0.938187
25770 1.239654
25771 0.284771
25790 0.500564
25792 0.281024
25796 0.343190
25800 0.476853
25802 0.333950
25805 0.056893
25810 0.105119
25816 1.037995
25817 0.012037
25824 1.222700
25835 0.523940
25836 0.476170
25849 1.131782
25854 0.177791
25856 0.369239
25858 0.940539
25864 0.065838
25866 1.114262
25877 0.309751
25878 0.153021
25884 1.057025
25889 1.139921
25893 1.109776
25894 0.544024
25897 0.297145
25898 0.137328
25900 0.564376
25901 0.182445
25903 0.515171
25907 1.170858
25911 0.489080
25912 0.217369
25918 0.156968
25920 0.094340
25924 1.016370
25925 0.253675
25942 0.431240
25956 0.302111
25960 0.585922
25961 0.263707
25967 1.077849
25973 0.398251
25991 0.293729
25994 0.063474
25995 0.519135
26002 0.411174
26011 0.448117
26012 0.127772
26015 0.533013
26018 0.440404
26020 0.968889
26028 1.112877
26040 0.148511
26051 1.116643
26065 1.259176
26067 0.499598
26070 0.489680
26072 0.549853
26073 0.569167
26076 0.207422
26089 0.398921
26093 1.119436
26096 0.474108
26109 0.538544
26119 1.147900
26120 0.230775
26128 1.298519
26129 0.198182
26130 0.010856
26142 0.443850
26144 0.468889
26148 0.448787
26149 1.166594
26154 0.399519
26155 0.343078
26162 0.165200
26167 0.170966
26168 0.200473
26183 0.398644
26190 0.421293
26193 0.232313
26195 0.323620
26199 1.050352
26200 0.325673
26205 0.104243
26208 0.079650
26211 0.070704
26214 0.464626
26216 0.262289
26223 0.178702
26224 1.169059
26234 0.577574
26235 0.027822
26244 0.342757
26246 0.111958
26249 0.381043
26252 0.479777
26265 0.545431
26272 0.481369
26278 0.317693
26281 0.585833
26286 0.012906
26287 0.318237
26289 1.103967
26290 1.017229
26299 0.059567
26303 0.269783
26304 0.044391
26312 0.170363
26313 0.498832
26321 0.220550
26324 0.081993
26328 0.967140
26329 0.057009
26330 1.109710
26334 0.069555
26348 0.059952
26350 0.249799
26359 0.354376
26361 0.517529
26364 0.264515
26370 0.267512
26378 1.139228
26380 1.133463
26383 1.015408
26384 1.127602
26386 0.212112
26389 0.985571
26393 0.152694
26395 0.547334
26396 1.197864
26401 1.152198
26410 0.404949
26411 0.462194
26415 1.085811
26423 0.319952
26428 0.159715
26434 0.508785
26437 0.493117
26442 0.096351
26443 0.536107
26444 0.271711
26465 0.345204
26471 0.352881
26472 1.077088
26473 0.483426
26474 0.073252
26479 0.442012
26481 0.123451
26484 0.207422
26488 0.130676
26489 0.278219
26490 0.319783
26491 0.551744
26494 0.913765
26498 0.357405
26499 0.543485
26504 0.085253
26512 0.404590
26513 0.116740
26517 0.349015
26527 1.037515
26529 0.409314
26535 0.448914
26536 0.140189
26538 0.258126
26552 0.510578
26553 0.434738
26556 0.452713
26557 1.206675
26565 0.345204
26568 0.490599
26577 0.134891
26580 0.178702
26581 0.505028
26590 0.404023
26594 0.541184
26606 0.492785
26607 0.316791
26615 0.216996
26623 0.508876
26633 0.574795
26636 0.239353
26640 1.008728
26644 0.124656
26650 0.429113
26659 0.219756
26660 0.441822
26666 0.179469
26676 0.531435
26680 0.142962
26695 1.147225
26696 1.070462
26706 0.489080
26708 0.030434
26726 0.595088
26729 0.404023
26731 0.261026
26733 0.426397
26738 0.130269
26739 0.455804
26743 0.013995
26746 0.276264
26747 1.142729
26749 1.198357
26750 0.025670
26755 1.137665
26760 0.604014
26767 0.404861
26769 0.400009
26770 0.022665
26772 0.053040
26795 0.407964
26796 0.097377
26805 1.093238
26814 1.078596
26817 0.489080
26818 0.178702
26819 0.572200
26821 1.109776
26826 0.547334
26827 0.583823
26833 1.032503
26843 1.117455
26845 0.434872
26849 0.597652
26850 1.142043
26858 0.446756
26868 0.561143
26872 0.532692
26877 0.142962
26888 0.564323
26895 0.391139
26898 1.161565
26900 1.146078
26909 1.001128
26915 0.483211
26917 0.029657
26940 0.210238
26944 0.237054
26951 0.607354
26956 0.436828
26958 1.111606
26961 0.124283
26962 0.162315
26965 0.057789
26969 0.364890
26971 0.039882
26981 0.449638
26995 0.139818
26999 0.454741
27001 0.464626
27007 0.371222
27008 0.196875
27012 1.146862
27013 0.530280
27014 0.024454
27021 0.505552
27033 0.168719
27038 0.297145
27041 0.352385
27042 0.351609
27043 1.040883
27044 0.156177
27081 0.134891
27083 0.039882
27085 0.528927
27091 0.305675
27092 0.469094
27093 0.500196
27101 0.339334
27105 1.038916
27111 0.263288
27113 0.591342
27114 1.152273
27119 0.915173
27132 0.473648
27136 0.090659
27137 0.596066
27139 0.050503
27143 0.486011
27153 0.392967
27154 0.433503
27157 1.121511
27158 0.399288
27159 1.095044
27161 1.260723
27165 0.367501
27168 1.281727
27176 0.047605
27182 0.438327
27193 0.326873
27198 1.171845
27203 1.234817
27215 0.277071
27219 0.058566
27220 0.110043
27223 1.153873
27228 1.111063
27244 0.409964
27247 0.095308
27248 0.529837
27249 0.533887
27260 1.282452
27263 1.174917
27269 1.021053
27274 0.443910
27277 0.266192
27289 1.052669
27290 0.479146
27292 0.208486
27308 0.021813
27319 0.499269
27326 0.486884
27348 1.212623
27359 0.221955
27362 0.127137
27365 0.557551
27367 0.198182
27369 1.047423
27372 0.147320
27377 0.065309
27378 0.270131
27380 0.331876
27383 0.602758
27385 0.176888
27389 0.503812
27390 0.387188
27396 0.044110
27398 1.059450
27417 0.346432
27419 0.358858
27421 1.171845
27422 0.052323
27428 0.423242
27433 1.260003
27437 0.511311
27451 0.483129
27452 1.256603
27457 0.265501
27459 0.121736
27467 1.072214
27470 0.029784
27481 0.604014
27483 0.107428
27485 0.552134
27486 0.316791
27488 0.454946
27491 0.165200
27499 0.496988
27508 1.053908
27517 1.109555
27520 0.343782
27521 0.121207
27525 1.102503
27529 0.370169
27538 0.498751
27541 0.091552
27546 0.311640
27548 0.983668
27551 1.217321
27556 0.090659
27558 0.138465
27562 0.166732
27564 0.531932
27573 0.253232
27575 1.105361
27578 0.577426
27587 0.539717
27589 0.525992
27595 0.438327
27604 0.079650
27609 0.202992
27615 0.169499
27621 0.116887
27628 0.169160
27630 0.090219
27633 1.161565
27634 1.046178
27644 0.107221
27651 1.092562
27654 1.260003
27659 1.214971
27663 0.922888
27665 1.199650
27667 0.473230
27669 0.410600
27671 0.481926
27675 0.452291
27679 0.199126
27688 0.342938
27692 0.497814
27701 0.042432
27702 0.207158
27720 0.485626
27723 1.141187
27730 0.458644
27731 0.297837
27733 0.010608
27742 0.580783
27747 1.234163
27752 0.022665
27756 0.447687
27757 0.228505
27767 0.478292
27771 0.415869
27774 0.140468
27781 0.485961
27790 0.075919
27792 0.041984
27793 0.198689
27802 0.135767
27803 0.030975
27807 0.190074
27810 0.584629
27811 1.015408
27814 0.101892
27816 0.353025
27817 0.028331
27820 0.441500
27833 0.148919
27837 0.509590
27845 0.570769
27846 0.473434
27850 0.152694
27857 0.467021
27860 0.328939
27862 0.058370
27866 0.565891
27872 1.010057
27876 0.583644
27877 0.342356
27880 0.275626
27884 0.551450
27899 0.963249
27904 0.302419
27916 1.089269
27918 0.289101
27921 0.343658
27922 0.319952
27927 1.190175
27933 1.092333
27939 0.503536
27942 0.106566
27944 0.062227
27954 0.201137
27960 1.143321
27966 0.154141
27981 0.139818
27984 0.047900
27985 0.502946
27999 0.087430
28000 0.501469
28002 0.480648
28005 0.436389
28009 0.442501
28010 1.056875
28012 1.065907
28013 0.509350
28017 0.999956
28026 0.511515
28030 0.137276
28033 0.061458
28041 1.069168
28044 0.151098
28050 0.137276
28051 0.834658
28056 0.984638
28059 0.284051
28061 0.452069
28064 0.086500
28066 0.295671
28067 0.085253
28082 0.480263
28086 0.549312
28087 0.233480
28089 1.146480
28091 0.208042
28093 0.605422
28110 1.212704
28114 0.472730
28126 0.603244
28151 1.129119
28158 0.333950
28174 0.482399
28176 1.058642
28187 0.172510
28190 0.979482
28195 0.208042
28198 1.184341
28199 0.563600
28201 0.287129
28207 0.136655
28216 0.961296
28221 1.024176
28222 0.459224
28223 1.181944
28224 0.383429
28242 0.142233
28250 0.177847
28253 0.460440
28254 0.254590
28260 0.278392
28261 0.087117
28263 0.195769
28284 0.499598
28295 1.136314
28309 1.205676
28311 0.030568
28319 0.411984
28320 1.222700
28322 0.975927
28327 0.232313
28330 0.380626
28338 0.028159
28340 0.411984
28344 0.102276
28350 0.054662
28353 0.337664
28355 0.126947
28356 0.409314
28366 0.064531
28372 0.580783
28383 0.439816
28384 0.209291
28387 0.339970
28389 0.493179
28390 0.401017
28404 1.142043
28405 0.024980
28406 0.450547
28413 0.483986
28421 0.318660
28422 0.106133
28427 0.162836
28432 0.528843
28444 0.056205
28451 0.580783
28453 0.530280
28459 0.559272
28463 0.264660
28464 0.177847
28469 0.041984
28472 0.212954
28474 0.476290
28477 0.452937
28480 0.256625
28482 0.423242
28485 0.014165
28492 0.482345
28495 0.905116
28501 0.416648
28504 0.558728
28507 0.269783
28511 1.030258
28512 0.549104
28519 0.375164
28522 1.245282
28527 0.356459
28538 0.521288
28540 0.557957
28545 0.209381
28548 0.155820
28556 0.389281
28558 0.251768
28563 0.521215
28581 0.055050
28602 0.562048
28608 0.213728
28611 0.323898
28612 0.504518
28619 1.065568
28621 0.511089
28624 0.355128
28629 0.229256
28633 0.327804
28639 0.291606
28640 0.492403
28641 0.167649
28643 0.425084
28645 0.238270
28649 0.484444
28651 1.184047
28654 0.511381
28656 0.194608
28675 0.138465
28677 0.156616
28679 0.373967
28680 1.309222
28687 0.258126
28689 0.385049
28702 1.032503
28706 1.127402
28707 0.577710
28713 0.355128
28715 1.317930
28717 0.051625
28727 0.023585
28729 0.563997
28731 0.369318
28732 1.097358
28740 0.479376
28745 1.161565
28747 0.464626
28753 0.434924
28761 0.333709
28766 0.056939
28772 0.559497
28773 0.439199
28778 0.511703
28779 0.920486
28780 0.313353
28793 0.102680
28797 0.030368
28798 0.516251
28805 0.449638
28811 0.430209
28812 0.163986
28814 0.012764
28819 0.604014
28820 0.394494
28822 0.348470
28826 0.580783
28830 0.440594
28845 1.240405
28849 0.012100
28856 0.544805
28860 0.140088
28861 0.443976
28864 1.149950
28870 0.046696
28871 0.371701
28892 0.349141
28895 0.397219
28898 0.013995
28904 0.091875
28907 0.318399
28914 1.075278
28922 0.131144
28923 0.092925
28924 0.231030
28928 0.345590
28931 0.309040
28933 1.321781
28935 0.468531
28939 0.184620
28942 1.033921
28956 0.233480
28960 0.458376
28963 0.995628
28966 0.590304
28981 0.129784
28983 1.118142
28985 0.090849
28990 0.174859
29001 1.062286
29003 0.274779
29005 0.268503
29010 0.245834
29013 0.338998
29015 0.452713
29023 0.420649
29026 1.110620
29032 0.494528
29035 0.166789
29036 0.103827
29045 0.442012
29065 0.057220
29072 0.290391
29078 1.123688
29080 0.089351
29086 0.096296
29090 0.152336
29091 0.434407
29096 0.379883
29101 0.169499
29104 0.234660
29121 0.135066
29125 0.050723
29126 0.476051
29131 0.203274
29134 0.119646
29135 0.042048
29137 0.055313
29138 0.531435
29146 0.061785
29150 0.092310
29151 1.011363
29153 0.320076
29158 0.274779
29171 1.253753
29174 0.605095
29176 0.213845
29181 0.980877
29183 0.156776
29184 0.399678
29191 0.354136
29192 0.592635
29196 0.180843
29198 0.066061
29202 0.286806
29216 0.456510
29219 0.529321
29220 0.344168
29231 0.565632
29233 0.943403
29237 0.213349
29244 0.199461
29250 0.228037
29258 0.358426
29259 0.305675
29261 0.385353
29266 0.472501
29273 0.385182
29275 0.558155
29276 0.087254
29280 0.984565
29282 0.034674
29288 0.351990
29297 0.500046
29301 0.077438
29303 0.347477
29306 0.461648
29328 0.037319
29330 0.165938
29331 0.372485
29346 1.204586
29355 1.098623
29360 0.453629
29363 1.166426
29364 0.168955
29365 0.988293
29367 1.172843
29369 0.499365
29386 0.203408
29388 0.158653
29394 1.070048
29398 0.537988
29401 0.163027
29402 0.481926
29404 1.144567
29411 0.432210
29415 1.108767
29431 0.163986
29433 0.413001
29440 0.424418
29452 1.089610
29453 1.043874
29460 0.199839
29461 0.274077
29463 0.114594
29467 0.197935
29470 0.587028
29477 0.353225
29481 0.276264
29484 0.468373
29488 0.110148
29504 0.226145
29505 0.501585
29508 0.336854
29515 1.249231
29516 1.125428
29517 0.517529
29518 0.361685
29523 0.295204
29528 1.213063
29531 0.375998
29533 0.262798
29534 0.086042
29541 0.275872
29542 0.492403
29545 1.050662
29548 1.291699
29569 0.847108
29579 0.081513
29586 0.458376
29594 0.155567
29595 0.467459
29598 0.489817
29609 0.361619
29611 1.236692
29613 1.064144
29628 1.069168
29638 0.183405
29647 0.077116
29648 0.442970
29667 0.315864
29670 0.387188
29677 0.149441
29698 0.185850
29699 0.112773
29700 1.009037
29701 0.011223
29710 1.251843
29717 0.297021
29733 0.054026
29741 0.491957
29744 0.593408
29766 0.525595
29785 0.498486
29792 0.081718
29797 0.192525
29804 0.268054
29806 1.010057
29808 0.099385
29813 0.502299
29815 0.039044
29823 0.124051
29827 0.356663
29835 0.563997
29836 0.508185
29838 0.107428
29842 0.538697
29844 0.394932
29851 0.071013
29853 0.559934
29857 0.592398
29860 0.239948
29872 0.589627
29876 0.557551
29881 0.420141
29885 0.151509
29888 0.251906
29895 1.120081
29896 0.052500
29897 1.126966
29911 0.103506
29912 0.499914
29913 0.071702
29925 0.545336
29928 0.168955
29936 0.329827
29937 0.314591
29941 0.238951
29943 0.346305
29944 0.561515
29951 0.553126
29957 0.387188
29962 0.326544
29965 0.496305
29966 0.291912
29968 0.096797
29969 1.257746
29983 0.259499
29984 0.308466
29985 0.481122
29986 0.054342
29993 0.009367
29995 1.337217
29996 0.476540
29999 0.595934
