5964
2706 509
15855 3930
27009 4093
2379 5076
16538 6191
13868 8095
473 8400
7859 10157
13240 12797
5273 12906
10050 14503
18684 17668
21013 17787
19381 20086
2278 20364
15727 20537
25122 21216
17318 23653
25951 26618
26626 28802
26804 29390
15187 29708
23527 29944
8461 30190
3674 31399
9411 35787
19363 35791
21412 35992
10009 39580
10287 42863
2650 43327
23339 46280
26238 47727
1288 47783
23481 48492
17918 49677
875 53516
26167 55971
19141 57055
26498 58917
23 59347
10099 61246
4550 61815
3743 62146
13019 67129
4381 68303
12082 69321
16292 70212
11006 71995
21605 73011
24411 73847
15398 74800
23193 76542
5910 76677
8948 77731
10928 79442
27821 81423
18853 81751
23671 84040
1255 84662
898 85565
339 86476
18308 86890
6108 88420
14770 88868
19193 91232
22043 93239
27414 93415
1556 95387
20423 97477
28741 103213
11951 103228
5119 104522
9800 104667
3283 105496
18397 107407
16999 112542
6732 112609
14964 114841
7464 121060
23313 123568
1057 125825
141 126754
22471 128075
22490 128136
7024 128982
3916 129584
813 129911
27796 131340
26869 132402
17551 132627
3196 133274
26960 134923
5201 137695
2210 137973
497 141655
17709 142940
17802 145330
29238 146217
12684 146260
13182 147903
25440 147917
12361 150227
415 150809
23420 153172
24368 158502
2988 158795
8983 163043
27649 164255
21681 164431
5655 165065
3853 166585
20843 168002
1050 170550
29713 171213
657 172567
28288 173113
499 173131
27199 177722
22453 178120
116 178132
29274 179489
23270 182522
18488 183336
10292 186329
23346 186875
3264 186896
25697 188776
10733 189228
6094 189596
3173 195574
2426 195836
17485 195900
2886 198726
20145 199261
595 199649
19378 201392
5025 202622
24302 206645
20062 206881
20908 207365
14596 211993
28642 220014
12814 222777
13876 223346
21649 223426
27542 226366
28284 228532
27065 228822
8625 234134
4331 237569
12160 240982
29151 243369
9691 243494
25526 243536
15480 244210
8522 244774
27392 246250
404 247392
24476 249973
15709 250280
29698 250871
4764 251346
149 252773
1111 253424
7729 253857
8431 254938
12988 255213
3285 257052
9169 259688
21755 259898
17971 260735
23896 260899
20220 262734
8660 263017
28448 265012
437 265446
20594 266147
13545 269369
2076 270042
28693 271090
29114 271954
5264 277906
29685 278615
8364 281515
6899 281833
24697 282147
6520 282202
15859 283503
17826 283520
27651 283894
10454 285274
26677 285891
15866 286180
19702 286888
1361 287527
4609 291609
27433 291942
4982 292403
1121 293543
20424 295823
16689 296689
17968 300099
3558 300921
20304 302665
15555 302760
10834 303054
29385 304420
2461 306386
15798 307066
21066 307960
13053 308432
14201 308641
11756 308751
18002 309501
24199 310117
13783 310700
7893 311366
4936 312581
573 316958
8634 317829
5284 320917
23940 323417
10041 325131
10434 326441
3514 326762
11129 329430
13671 329745
17141 330601
20345 336061
10844 336098
16729 337842
25966 340130
16606 340202
19508 345219
3036 346286
26030 347691
16239 347899
5742 348129
14777 348468
16464 351004
14185 352270
12913 353042
28217 353558
22748 354386
10196 357949
3021 359229
17319 359324
25110 359655
4696 361335
25686 365250
8393 367696
2288 367755
17101 379005
26471 380463
2185 382968
29714 383883
18787 390578
28444 392592
29683 392897
16014 392925
1073 396536
7912 400046
12664 400655
1823 401878
5180 402383
22607 402868
16905 403729
1771 404005
1346 405207
5901 406046
3559 407037
8908 407494
22054 408532
14059 408941
18253 410800
6449 410803
11121 412197
11674 413914
28921 414522
17105 415027
15598 415722
10818 415855
9634 416155
8774 417031
1452 417581
11439 417920
4497 420418
12601 423109
21963 424894
1663 424915
10755 426383
8341 428469
11848 429316
16671 434708
19797 437460
8973 438063
2067 438130
21892 441564
12693 442235
13781 445716
1755 446172
7578 446221
19084 446308
12732 446782
9179 448775
14870 449811
12396 450374
19921 450397
23618 450568
17834 452813
2533 452835
25270 453619
23505 455853
21926 456461
1363 457186
17825 461740
7460 462132
1868 463631
15286 464856
5257 466225
11334 468874
27984 469417
17307 470168
23998 470343
20143 471704
9839 474458
26691 476802
9696 478446
2217 479642
11247 479738
8693 480578
386 485136
3663 486124
23957 488433
11660 489604
12008 490706
9576 493963
723 494568
11415 497133
8590 497434
26234 498167
6693 508993
8196 509255
20164 511448
19774 511896
5538 512901
25269 513464
17943 513966
317 515637
20550 515822
1357 519680
1351 520284
11289 521041
6348 521289
20946 522783
10528 523195
12492 524047
22728 526754
5163 527183
6579 528885
25887 531786
8866 532992
21585 533271
6536 533449
10143 539094
3230 541333
24392 544432
2082 545293
13418 551026
18522 554160
7122 554630
24823 558208
12945 559728
16121 559771
28760 561333
18405 561922
15245 561934
25946 562156
17019 562750
15526 566215
19391 566494
1730 568878
14312 569605
27055 569650
22640 571141
17479 574486
23367 575553
9178 578079
5084 580518
6901 585575
19521 586617
29032 591145
4049 591580
5270 592860
27359 594968
4650 595165
16333 595597
16148 597337
7193 597766
17979 599182
12981 599914
8143 602341
28830 603569
18712 604849
788 605582
9958 605963
1720 607209
20784 607220
27967 608818
7936 609648
5190 610789
14025 611499
20537 611684
171 613428
21160 613730
27347 618384
21355 618527
1553 619792
25131 621541
6613 621665
27198 630245
16683 632015
22182 635797
4289 636430
28249 636439
14491 636989
18822 640140
3572 641936
1926 642229
11677 642245
11550 642826
24742 643111
3430 644951
28471 646313
17530 649293
11329 649606
22559 650256
23448 651273
10868 653742
24080 654269
28529 655738
23576 655986
23013 656667
6333 658720
24613 658720
18220 659800
4239 660133
175 664886
16452 665859
24326 667827
39 668027
12463 672420
20352 673787
29513 674724
3478 678051
14597 680108
19986 680694
8400 684191
11984 686546
12277 687080
13112 687797
17142 688777
29358 688994
21580 691512
11202 691765
1314 691833
2365 692627
9769 693436
14042 694253
28485 696250
16135 699538
29680 701617
25340 703123
5286 705366
27904 705428
28006 707249
9174 707692
3479 709713
19578 710641
6199 713203
23685 715354
8662 720414
6419 720823
22497 720835
15275 722447
3574 723111
25425 724168
28882 724985
23048 726474
25393 727042
18942 727485
19480 728728
23840 730828
29989 731740
22147 735081
5099 735199
15805 736070
21055 736099
25103 736343
24162 737803
28286 738629
22323 739379
15038 739799
9992 742452
14621 743705
12893 744619
4804 746351
18300 746594
29157 749758
8562 750523
22617 752998
26807 753537
20119 754583
29732 755700
46 755703
6725 757192
8410 757582
3956 758057
17909 758434
21217 759955
6676 763545
8437 763889
27316 768566
17687 770509
1404 771429
27683 774196
15708 778207
4837 785422
10044 791010
1976 791227
13027 791907
26889 792296
11649 793402
11428 794740
98 794746
18857 798591
19701 800443
8495 805357
16498 805581
12056 805653
2435 805734
9099 806315
11473 810190
14230 813603
7387 817652
24627 818987
1155 819144
4042 822826
24738 823546
20739 824131
5493 824314
28343 824514
5071 824959
4231 826470
16620 826493
20157 831178
10634 831378
22004 831499
12845 831694
22753 833366
26184 834814
29673 838787
29180 839317
15272 839516
23149 840074
669 840168
27274 842034
11031 842973
21545 843362
27510 843810
4507 844454
22258 845659
1246 845807
12590 848031
3132 849026
17487 849697
2160 853971
19618 855925
10978 861625
675 862129
9233 862359
27346 867108
14738 869132
16058 870234
12009 870973
5696 871562
17962 872461
12647 874402
18068 875834
26908 877219
29082 878971
413 880584
22319 880715
11127 882244
934 883435
23993 884029
3382 884902
6183 886966
3832 887094
7436 887553
6653 889169
19426 889576
27760 889886
11643 891808
21525 896355
28177 897642
15973 899960
28619 902484
11233 902791
1275 903224
23329 904719
26111 905345
22750 910486
321 912886
553 914482
27313 918381
14184 919358
4944 919422
21191 919800
2655 921086
18652 922645
13914 922911
29321 925043
3217 925832
5212 926355
10178 928060
19365 929598
11194 930925
5670 930989
22244 931240
18944 933164
4986 934506
29716 935966
9194 936981
28053 937451
8126 938015
10268 939666
21959 941410
1802 942912
16724 946947
3097 947298
18008 948220
19050 948238
27783 948389
17871 948621
24451 949594
2644 950210
7522 950656
2099 951010
7605 955681
5677 957181
26726 957232
3010 958954
11457 962415
2931 963510
2173 965497
12886 965613
8811 966099
17995 968621
14049 970679
873 972439
26853 974088
16509 974257
10396 974430
21938 976246
29476 979107
20372 979674
22085 980267
23302 981510
3937 981827
14099 982310
17783 983503
11572 984571
3884 984581
21747 985448
1100 985775
24880 987056
4933 987561
29064 989157
2767 990318
23072 992881
6381 993065
1558 996520
17382 997929
17461 1001618
26817 1002711
24910 1003246
7561 1003663
3110 1004123
6574 1005168
20636 1005420
19910 1006966
11585 1009623
24400 1011990
29709 1013160
10879 1017238
18913 1022134
4338 1023661
24947 1025103
19730 1025832
2783 1027396
23080 1029384
14701 1033274
28786 1034160
22562 1034607
2640 1036467
2877 1046998
14605 1048371
10461 1048713
12054 1050417
5599 1054102
12502 1058578
11224 1058874
27745 1059147
12878 1059243
11632 1059846
15407 1060797
22778 1061956
11073 1062256
27383 1062318
11 1062678
4496 1065462
16484 1066872
25982 1067253
13637 1067469
16180 1069741
20541 1076506
27118 1076651
21687 1077193
14068 1078297
200 1079651
14577 1081711
27069 1082876
9477 1083527
29851 1087369
28073 1090165
26052 1090773
4964 1090918
10118 1092364
22659 1092968
14946 1096565
20735 1096572
19758 1099078
5044 1103764
27331 1112676
26253 1113820
10549 1114214
2400 1114823
17477 1117905
5246 1119456
2487 1121080
11658 1122470
28628 1125792
28162 1127705
15690 1127754
21243 1133172
21553 1134896
15813 1137408
20245 1137497
28756 1137943
7654 1141014
10679 1141411
3759 1144008
4119 1144425
23813 1145431
3969 1145689
17414 1147444
26199 1148522
8593 1150002
24787 1158756
16702 1158889
24926 1159423
10332 1160505
17154 1163053
29037 1163377
8585 1164526
29861 1169493
14505 1171469
15068 1171977
9246 1172699
12309 1174126
22241 1176458
11390 1178037
3633 1178998
12476 1179694
13224 1179742
11631 1181112
9452 1182867
11245 1183931
23089 1185447
26767 1185529
6202 1186492
27262 1187298
26820 1188105
27846 1189181
16378 1190746
16896 1191803
5880 1193251
9322 1195302
14035 1195713
23306 1200871
3458 1200900
8443 1203821
27467 1204749
17504 1205471
6570 1205709
15016 1207635
8782 1208421
23167 1210540
15366 1211479
28411 1213221
19688 1213603
6988 1214511
9089 1214975
7817 1216796
532 1219615
8420 1221815
2661 1222659
10212 1223188
11326 1223785
23883 1224194
12879 1226143
3225 1226604
29925 1227468
12850 1227726
10230 1227730
17095 1229273
4759 1229615
4533 1232158
7646 1232415
9370 1232630
14320 1234189
5245 1234614
14019 1236390
19550 1239764
13147 1242534
13905 1243671
13061 1244585
22825 1244969
9524 1245527
24571 1246659
18894 1247583
14776 1251664
16344 1251745
1494 1251803
26145 1253055
12003 1255696
21329 1263134
18424 1265656
25545 1267140
12712 1268490
13401 1268754
14666 1268876
27126 1269057
2170 1271263
8387 1272964
29915 1274135
18194 1278450
20664 1280051
2251 1280086
6756 1283930
26428 1286525
28107 1286867
15996 1289203
29696 1289716
447 1290537
28818 1291018
12802 1292266
11584 1292901
26288 1293327
9142 1294523
5726 1297219
1995 1298256
13825 1299399
26598 1302422
26480 1302875
17408 1303328
8313 1304955
20584 1305374
7479 1305795
15788 1306630
16876 1307063
13016 1315291
6742 1316009
12532 1316336
2478 1321036
6020 1321339
16839 1321840
8799 1322021
15426 1322123
25664 1322477
5444 1322899
9239 1325316
11746 1328548
23709 1328656
4704 1332134
29610 1333306
27592 1338023
6990 1338348
24238 1339327
8885 1339927
10893 1340085
13645 1341367
10142 1341747
11590 1341875
8217 1342836
8330 1344489
2946 1344971
5772 1346216
27923 1349219
16696 1350911
19042 1355707
19110 1358984
913 1361724
5516 1364237
29045 1364283
2255 1364655
29952 1366666
26651 1366851
28283 1367427
11287 1368251
11707 1368263
9751 1368389
15077 1370400
97 1377123
16012 1378949
28380 1379514
3807 1383369
22251 1383469
5889 1385235
4339 1385741
14679 1386694
17165 1387128
2100 1387848
6515 1388292
933 1389736
18835 1390725
1746 1390850
15360 1392019
12337 1394101
28156 1396092
13446 1396095
29554 1396879
19466 1399753
4579 1401712
20791 1401790
10724 1403845
2075 1404584
3721 1405929
27759 1410096
18906 1413544
13062 1415151
19215 1415615
22781 1415722
23444 1417342
25298 1420184
18254 1424372
4427 1425224
25528 1426965
16559 1427621
24530 1427974
26099 1428268
622 1429937
12423 1434601
276 1435451
21405 1436327
8768 1436430
23735 1437512
8671 1441553
29814 1445422
14708 1446132
9857 1446308
18588 1446483
21371 1447021
1545 1452038
4001 1452661
285 1452772
831 1453611
17836 1454360
23836 1455540
24169 1455593
10813 1455724
23987 1457766
9291 1457975
16305 1461642
8478 1461670
20185 1461682
12069 1462080
2337 1466120
3608 1468995
12528 1469583
19717 1472782
4831 1476154
5497 1477257
809 1478875
25196 1480100
18086 1482731
5223 1486304
26721 1487912
10624 1489122
28193 1489754
13523 1490164
27953 1491770
21011 1491955
7597 1492213
27574 1492786
18486 1494520
23934 1495031
9017 1495499
18507 1497524
22224 1499867
28479 1503660
27489 1503664
7714 1504727
9110 1506000
11661 1507717
25554 1508623
4789 1512045
4667 1512674
27015 1512913
9472 1513635
6450 1514103
312 1514719
943 1514782
23211 1519468
24059 1521622
26582 1522608
6593 1522869
15724 1525641
567 1525742
24284 1527291
1096 1527842
23790 1528133
9358 1532413
7734 1534988
8415 1535979
14271 1537147
21093 1541891
4691 1542774
23440 1547211
4295 1551041
24240 1552423
19877 1553636
24901 1553739
24551 1554083
29445 1556823
6388 1558217
19697 1560255
19557 1561013
20036 1563483
19518 1565978
12405 1570002
1104 1570806
16255 1574626
3019 1576714
13524 1579091
23734 1581261
12445 1582319
29576 1582482
21593 1582948
10727 1585347
16208 1588555
13148 1589423
1062 1591007
7913 1600725
1348 1602109
1097 1603626
18411 1603791
6456 1604076
25416 1604487
12658 1610335
3078 1611873
266 1611916
12938 1612163
13736 1612835
4413 1616145
9829 1617727
21302 1618441
8218 1620921
27021 1623116
16752 1623138
12820 1623525
2462 1624671
14220 1625806
5070 1628202
1858 1631851
13682 1634789
9836 1637072
12909 1638008
2058 1638685
27543 1638720
28676 1638810
4763 1639505
19161 1640900
14010 1641060
20536 1641509
14782 1642048
2139 1642591
4062 1642914
2322 1644599
24483 1644956
24262 1646687
10816 1648626
11583 1648763
29030 1649340
1445 1650067
255 1650605
19046 1652441
15473 1652575
29799 1653410
12262 1653995
28155 1656287
22460 1656732
13695 1657032
8944 1657136
1598 1657460
9931 1657818
186 1658466
16163 1658978
5179 1659749
2872 1662120
23470 1662124
27032 1662397
22749 1663805
18729 1665426
23005 1665487
6958 1665891
21087 1666901
973 1668894
25250 1668949
29065 1672831
7614 1674671
7511 1674860
14929 1675722
18345 1677794
12959 1679633
832 1679717
6030 1680987
18773 1682984
109 1683679
21493 1685189
26103 1685904
14775 1689425
4314 1691781
17481 1691905
478 1693040
28591 1695711
16435 1696792
25300 1696846
14846 1702084
10447 1705060
26685 1705259
387 1706057
9843 1707131
6559 1708847
27100 1708872
11128 1708884
11362 1709666
4190 1711362
14478 1711468
11380 1712917
19390 1713630
9095 1714124
29778 1715388
20670 1717733
9051 1717753
29855 1720926
15193 1722480
20992 1723240
27601 1725491
23489 1725774
4229 1727721
8779 1729192
11887 1729208
26617 1729543
24273 1731234
11519 1734565
17814 1740973
5120 1742237
17146 1742945
6171 1743004
3139 1743402
3149 1747963
3080 1749621
20417 1752699
1990 1753934
6052 1754017
21552 1758679
17102 1758960
27909 1759392
3757 1759818
18415 1761749
4591 1761833
21177 1763431
13581 1763813
28543 1764754
23997 1768284
10968 1768552
13217 1770313
2127 1771698
10347 1771978
15507 1772534
16655 1773718
27577 1774752
16534 1775986
29004 1776519
13748 1776935
13372 1778208
12883 1781404
27686 1786131
25620 1788617
1148 1789746
6728 1789916
15652 1791937
28174 1793756
18152 1793952
21485 1794512
19057 1798018
16822 1798471
16322 1798848
6797 1799437
19483 1799491
17721 1800651
26150 1801444
27728 1801483
28304 1802237
29726 1803453
3408 1805452
1595 1807560
23213 1808671
9210 1810858
8628 1811235
117 1811598
11080 1811813
8810 1814198
14477 1815609
27718 1817792
28468 1818981
2312 1819990
61 1822911
2918 1823093
22489 1826013
4745 1827223
10203 1832103
12089 1833654
19898 1834937
4460 1836557
18361 1840456
11288 1841980
6031 1844059
23398 1851248
7687 1852873
11827 1853487
3579 1858642
20252 1861659
3912 1864414
1951 1864999
15839 1866366
29163 1868424
8925 1870059
341 1870403
10145 1871957
16449 1872695
26497 1873580
14328 1873615
12433 1874481
25268 1875723
721 1881920
2672 1882915
29014 1882976
15039 1883118
11719 1884285
29544 1887995
26593 1888680
10008 1888813
5335 1889130
26156 1889563
23766 1890368
23342 1892327
13742 1894093
17370 1896426
2014 1896928
8868 1898298
450 1899206
15463 1902403
19837 1902833
22326 1903068
3818 1906927
24593 1907310
5448 1907932
8005 1912755
23428 1913329
66 1914636
7433 1918051
12598 1918708
15023 1920362
26990 1921392
3068 1921848
4895 1923140
13096 1924416
19444 1925246
22970 1925478
1521 1926058
23819 1927539
3877 1928811
11526 1935130
12457 1935374
19970 1937211
15929 1938297
12212 1939377
4035 1939485
26650 1942318
13839 1943314
6129 1943909
19411 1944505
4344 1945921
27422 1951128
15619 1956287
389 1959466
19006 1963336
25953 1963822
26696 1964479
25167 1965556
5686 1970416
29815 1970986
8151 1971829
7842 1972059
9061 1972094
12919 1974537
8471 1975367
25804 1976508
15828 1978891
25706 1979811
14535 1980616
20191 1981393
25334 1983618
8736 1984605
20891 1985596
282 1986129
21807 1986425
860 1988335
22335 1990779
22154 1991111
15832 1991264
14655 1991358
24445 1993047
14843 1993836
27814 1994051
5603 1996322
18535 1996338
10342 1997054
11491 1998159
2121 1998958
3758 1999814
9306 2000159
5055 2000662
20942 2001283
17429 2004549
11481 2008646
21278 2013120
11636 2013825
19719 2015778
29424 2016269
19941 2018362
20655 2019758
5060 2020315
20724 2021783
942 2022605
19907 2026972
15088 2027224
29206 2027917
9889 2028771
14412 2028778
24468 2031608
4904 2032021
29994 2033554
15799 2035367
27732 2037310
9737 2038718
26522 2040844
2970 2043480
14977 2045916
19573 2048618
16893 2048860
10395 2050032
21962 2051102
14092 2052411
28042 2053802
20797 2053935
21133 2054709
2383 2057021
29442 2059618
9416 2061168
13791 2062451
13442 2063736
715 2064195
21132 2067352
10575 2067379
1822 2071678
13658 2072017
28083 2072568
1290 2073252
5504 2073862
3335 2075953
27611 2077101
2703 2077324
8744 2077477
15957 2078204
11826 2078461
8927 2080126
18210 2083459
3205 2084980
544 2085378
2380 2086091
9676 2086863
12080 2090679
18467 2095232
7573 2097233
3462 2098962
6856 2099002
13436 2100052
11449 2101431
11187 2107782
15015 2107843
19646 2109721
3519 2110096
24801 2110737
5752 2112680
5 2113990
8968 2114260
7582 2115974
19863 2116866
24611 2117187
27685 2118554
19577 2124430
22614 2127679
20808 2129209
29223 2131484
11987 2132400
23250 2132655
17575 2133261
27625 2133991
1624 2135705
13762 2137244
21089 2138522
22168 2140645
13845 2141039
19835 2142328
10147 2144870
16045 2145440
26747 2145862
11262 2148318
25615 2148650
2669 2152515
11266 2152679
28435 2153860
8737 2154812
3279 2154977
22757 2155860
13701 2157001
7653 2157911
4994 2158993
7339 2160064
26489 2160324
2524 2160508
20644 2163116
21793 2163261
21137 2168536
14920 2168734
18811 2169296
19967 2169811
4796 2170086
5442 2170671
13690 2170754
10052 2173342
18478 2173783
7896 2176776
7793 2178101
16930 2178426
22808 2178453
6007 2179606
5833 2180459
22685 2181290
1728 2184034
18115 2184136
15914 2187021
12780 2193397
24519 2193488
26567 2194266
28610 2200683
11317 2201744
27549 2202406
28604 2204175
13784 2206105
13639 2207589
17863 2208893
22466 2211844
1371 2213985
22756 2214214
12823 2221011
12005 2225135
20604 2226561
8556 2227869
12770 2229432
28342 2233218
9176 2234595
16672 2238120
19845 2238504
11986 2239327
19423 2241171
14435 2245104
16080 2246832
23281 2251675
27859 2252529
16330 2254665
29523 2255614
16168 2255706
23223 2256101
6081 2257478
9311 2258635
23551 2258755
17443 2259268
2296 2259822
12462 2260121
8707 2260407
29086 2260733
28350 2262131
2321 2263082
29788 2263301
12790 2269162
9445 2271126
9433 2271515
15274 2272546
3277 2275826
23268 2275911
8673 2279781
14438 2280003
4746 2281140
19217 2281870
6413 2283084
29091 2290382
26659 2290923
18844 2294327
29124 2295959
16220 2297549
3528 2297802
29301 2297814
28979 2299959
7183 2302269
22772 2305339
8460 2305555
11074 2308336
7731 2309044
23645 2309984
9391 2310248
21482 2313261
5751 2314248
13338 2316415
23676 2316566
20773 2317102
3714 2317981
24564 2318441
29676 2321063
3233 2322009
27988 2323544
17540 2324062
14152 2324808
22092 2325922
13834 2326752
22600 2327758
10184 2327977
2219 2328192
18707 2328619
4006 2329512
29536 2329599
26745 2330049
27412 2330070
1993 2333467
3286 2334367
20925 2338373
26809 2339571
471 2340237
470 2341859
8193 2343801
12724 2344154
6866 2344289
22863 2349414
26713 2350953
18362 2352472
133 2353021
12596 2353142
5476 2356136
1628 2357216
29202 2358432
17983 2360032
22314 2360140
4812 2360739
406 2362270
12417 2362601
16632 2366733
25772 2366905
19951 2368151
21643 2373369
7367 2376479
212 2378880
9440 2379582
16860 2380880
23369 2381310
26973 2381698
6739 2383235
17193 2383355
16102 2385268
3748 2387530
464 2388968
16680 2390785
8256 2390817
336 2391171
11036 2391912
25381 2392475
17691 2394991
16564 2395497
19447 2397217
17657 2403354
21849 2403790
10390 2403796
945 2403924
13557 2404306
17460 2405452
17000 2407548
6458 2409682
29642 2410227
1546 2412426
22622 2414246
6671 2415263
16223 2416104
291 2420534
29921 2420575
3495 2420919
20984 2423224
19973 2425718
17585 2427026
8756 2428429
23266 2429519
7031 2430611
11755 2430704
13855 2432189
20599 2434106
29697 2435242
2220 2436924
29074 2437560
17347 2440916
6648 2440923
15516 2441654
495 2442654
20314 2444771
15809 2445818
8534 2451354
2467 2451896
1548 2453589
6827 2458418
18428 2460003
7440 2460366
1158 2460761
28399 2462637
9604 2463063
6530 2463360
23114 2464341
251 2464827
13200 2465870
23880 2476564
15396 2479025
18721 2479160
10481 2481561
28333 2482063
21363 2483161
7846 2486523
29227 2487167
21037 2487854
968 2488426
5510 2492025
6680 2492198
1054 2493888
3583 2494845
22008 2496799
612 2498700
24301 2499244
6061 2500305
1084 2500421
24757 2500931
27935 2501393
8215 2505517
1651 2508313
14732 2508904
7028 2513279
26597 2515883
1242 2519244
14153 2523082
23983 2527026
26524 2527726
15744 2529469
523 2536445
21118 2536875
17747 2537752
20323 2542891
6556 2547504
9943 2548998
22643 2555123
24594 2555808
20587 2556124
16848 2556665
26286 2557049
28452 2557791
7260 2558694
26784 2559546
23901 2562212
10302 2567340
2696 2569133
15176 2569141
8059 2573329
1171 2574728
16046 2575105
13578 2575960
4630 2578229
17593 2585112
14924 2587473
350 2589530
8125 2591295
17282 2591784
13719 2595534
15983 2596429
15970 2597139
18497 2600528
438 2602305
23461 2602663
26520 2603201
25390 2603961
8573 2604604
10890 2608379
8446 2611165
7167 2611952
29332 2611972
17345 2612048
16588 2612099
2279 2614775
15820 2614871
12556 2615005
13088 2615726
7081 2616084
21091 2616617
29731 2617340
15368 2617798
13108 2618076
947 2622408
7795 2623427
672 2624171
2636 2626914
19222 2627695
16004 2630955
6420 2633767
18061 2634865
22345 2635100
15707 2635122
17597 2636451
5158 2637246
13986 2637483
2272 2638349
13451 2638921
7555 2640234
1296 2641718
12740 2643438
28213 2643666
28210 2650057
22943 2650696
5053 2651011
24567 2652308
5756 2653351
5020 2654188
3688 2658545
24543 2660114
29001 2663075
17539 2663725
28226 2664160
18240 2667732
7520 2669542
1777 2671421
8359 2671542
2032 2672080
22642 2672641
11633 2673194
10698 2676487
18671 2679121
5680 2682408
3095 2682545
2577 2683753
28961 2684573
22856 2685795
16858 2690059
15843 2694777
22974 2700068
16653 2700152
6178 2700731
15706 2702162
2412 2702279
14144 2702313
19126 2702681
11088 2712916
4364 2714810
19489 2716420
14394 2718368
6110 2718967
8731 2722236
16513 2722277
10162 2723379
26846 2724171
16894 2734665
25095 2735139
13713 2735412
13815 2737991
23166 2738162
2873 2743162
8093 2743851
11373 2744439
17178 2746156
6808 2746883
14138 2747248
22079 2748845
3138 2749422
20228 2750581
20824 2750970
23585 2752233
16972 2752577
19279 2755946
4236 2756650
3493 2762121
16081 2766634
8398 2766892
28542 2768199
18126 2769420
22705 2772839
17280 2773296
27250 2773477
24379 2778926
10628 2779860
2928 2781646
29525 2781955
8295 2783945
1320 2784103
10809 2786583
28201 2786599
29622 2786873
3449 2787911
3477 2787948
14917 2787965
17492 2788699
21287 2789445
25186 2790409
7488 2791322
20830 2792495
20613 2792699
16865 2795713
25502 2795883
3803 2795965
24501 2797075
14721 2798290
18931 2800355
14387 2801734
28831 2802507
4555 2802519
23020 2802827
16432 2804689
261 2806337
14552 2808002
2790 2808028
18414 2808550
28008 2808634
1842 2809453
28301 2812351
17212 2813471
23051 2817055
23380 2817790
13005 2819320
28379 2821359
9036 2822452
18310 2822822
26995 2822876
10560 2824655
20446 2824914
9808 2825257
13037 2826913
2730 2832634
3429 2832869
14506 2833209
4583 2833436
19859 2836402
15461 2838709
7757 2838817
15386 2838823
1839 2841681
7229 2843960
28188 2847269
12562 2855126
4723 2855354
11922 2855671
22742 2860735
11875 2861923
7423 2862089
19580 2862479
18082 2864333
25846 2864470
20566 2865952
12597 2868166
8399 2868697
24330 2870096
7690 2870501
24550 2873477
11692 2874111
1205 2879860
25957 2884121
20685 2885131
16063 2886634
23265 2887317
2416 2887575
6840 2890031
24244 2890473
27906 2890640
2583 2890817
15133 2892246
20491 2893584
21538 2900358
23378 2900534
24853 2902658
11119 2903367
25294 2903408
6569 2905850
5397 2909154
26785 2911355
7819 2915585
9723 2916897
1379 2922074
26694 2927664
25346 2929320
2222 2930171
11095 2934400
13102 2936454
589 2936455
23404 2939187
4166 2939471
26686 2940388
27937 2940891
3998 2941585
23977 2941922
791 2942430
10174 2946153
26423 2946344
6135 2948482
26257 2948962
5156 2949341
2727 2952330
28281 2953447
961 2953617
19397 2956317
11337 2957540
5279 2957928
682 2959017
12840 2959895
19657 2960029
23900 2961805
26136 2963588
17331 2964919
2741 2967947
23610 2967965
4110 2968333
9626 2968648
22367 2969870
15904 2970843
25121 2971756
15226 2972171
10793 2973364
8941 2975531
29603 2976012
25033 2976543
3854 2976598
16057 2976923
27997 2978221
765 2978253
24075 2979923
25160 2980292
17801 2983611
2702 2984653
10204 2985969
4939 2986313
13308 2986864
14079 2987347
15014 2987873
11723 2993125
6942 2994779
23290 2997751
11910 2998389
21382 3000171
11444 3000831
29541 3001077
10681 3002004
7868 3003604
23675 3006252
19596 3006313
14468 3007168
21819 3008590
27442 3009640
16105 3010439
20651 3010652
265 3011208
8895 3011289
29212 3011603
6290 3011927
11285 3013488
8107 3013811
22538 3014889
3402 3018950
11934 3020598
11122 3023413
12079 3024403
7315 3025572
21220 3025954
28667 3026547
19844 3027037
20809 3027077
8913 3027377
5474 3031116
14214 3031118
18640 3031612
28020 3034271
8672 3035116
8769 3035389
25845 3037459
150 3045930
22764 3049419
8211 3050139
27696 3052895
18896 3053851
11774 3054032
21907 3054904
17616 3060809
14702 3060845
18364 3061252
28050 3061948
3598 3066371
10366 3068895
24781 3069707
7238 3071895
9271 3071946
16533 3076135
18881 3076961
22702 3077738
27908 3078093
12439 3078835
25722 3081270
18266 3083692
11554 3085616
24333 3087254
28573 3089671
29039 3093034
28092 3095081
11866 3095105
22135 3095787
19298 3095882
5673 3097774
4475 3098491
3485 3100189
20856 3104303
12928 3107589
8080 3107817
28339 3112198
17742 3112839
14658 3119740
26777 3120227
26053 3121640
16303 3123120
345 3123425
6134 3123576
12517 3123818
8178 3125577
2388 3127600
14659 3127606
16410 3127803
13908 3128120
11768 3129710
9242 3129900
2094 3132537
23547 3133072
16237 3134080
23727 3134226
25806 3134991
28484 3135094
10076 3137220
14165 3138542
9980 3138751
28240 3141729
6572 3142006
28576 3142635
29555 3143574
2631 3146798
22665 3148078
25089 3150500
6859 3151568
26899 3152856
16992 3156466
21784 3160341
15830 3162002
2612 3162218
8114 3165786
1226 3168075
5050 3168102
11037 3169401
17591 3170246
21205 3170949
4769 3171605
3518 3173768
26662 3175155
14607 3175249
16324 3175518
23725 3175682
13196 3175774
22766 3177099
24256 3178074
11044 3178394
17898 3178421
2468 3180189
305 3180827
15571 3190654
12900 3192323
22498 3193033
3964 3193642
11501 3194145
14517 3195236
12073 3196767
16405 3202224
15329 3203533
29316 3205201
35 3207824
18436 3208259
15181 3208917
6191 3211432
8525 3217579
21379 3218109
17668 3218632
18994 3219175
26311 3220337
8700 3220911
20766 3223581
25217 3224042
12691 3224814
24007 3225497
4146 3225925
10914 3226140
24678 3227245
8445 3228265
6360 3231745
29860 3233144
5416 3233314
11335 3243470
3942 3249439
7240 3252362
5360 3252505
284 3252657
23184 3254255
11336 3256522
25027 3257908
10295 3258439
16000 3260343
20052 3261341
4514 3263769
22124 3264754
9464 3266152
1753 3266606
14472 3267231
16731 3269437
2262 3269530
14822 3271976
10744 3272126
10468 3272344
19133 3273768
15894 3273880
28622 3274425
25304 3279280
25382 3279843
11496 3280136
27243 3281299
11551 3281866
10909 3282052
22036 3284316
27388 3284705
26937 3284719
20018 3285420
11379 3285506
909 3286005
17281 3288232
29760 3290959
15476 3290968
19542 3292035
29949 3293530
3537 3293820
1885 3295846
29784 3297303
2880 3297899
8322 3300659
29034 3307374
24642 3310140
11085 3311622
11850 3314006
8298 3315210
14190 3316953
29133 3317687
9581 3320614
29578 3324038
4367 3324508
25227 3327425
25589 3327886
21895 3328849
8844 3329167
10448 3332851
12063 3335577
25821 3336163
7302 3336766
1909 3336813
20565 3338754
19886 3340458
25192 3340736
25929 3342355
19767 3344413
8426 3346243
11715 3346891
7471 3348369
4896 3349189
28755 3351606
974 3352537
22771 3353949
1269 3354455
14710 3355014
13085 3355624
18140 3355850
19293 3355917
28454 3357658
25711 3363375
10028 3364053
5010 3365173
21030 3366201
19769 3366847
16903 3367596
9495 3368770
15800 3370781
4615 3372475
26512 3377074
27824 3378565
21385 3380846
20144 3382655
778 3382966
20281 3385835
26516 3387663
2114 3387703
18724 3391704
8076 3392076
13852 3393051
25476 3393273
867 3396479
29019 3396915
21247 3397106
26081 3398335
7886 3399034
29205 3402885
25753 3406632
24975 3407793
20475 3408112
9476 3408716
5668 3410952
18832 3416048
19360 3416799
16519 3417854
23647 3417952
23970 3418433
20289 3418964
308 3419088
29322 3420304
27191 3421240
26332 3422003
14562 3424379
1862 3424997
10331 3426421
1589 3427022
20330 3427745
1462 3427931
5537 3429660
21391 3431340
7288 3433421
20647 3436668
12973 3437477
24960 3440353
22663 3441840
24388 3444764
12910 3444824
24622 3446165
5950 3446808
2306 3447763
7003 3449585
18336 3451437
11180 3452860
3691 3453463
21501 3456182
24939 3456698
3974 3457339
15887 3457709
11770 3458229
8837 3458497
7550 3458796
29474 3459696
12123 3459825
24973 3461348
24492 3467643
1000 3469002
17982 3469238
15661 3471431
4340 3472589
23402 3474362
26608 3474941
17462 3475602
17648 3477260
26802 3477815
29210 3477981
12842 3480185
11167 3480845
29422 3483849
25318 3486905
29712 3489459
16422 3494362
11748 3494633
3436 3495238
5253 3497299
20486 3503472
14609 3506336
21876 3507147
22708 3508238
25606 3509914
20209 3513035
26646 3513961
6753 3514752
7054 3517759
17016 3518808
8351 3521883
14482 3524634
27943 3525033
15885 3527594
408 3538158
486 3538769
6625 3540959
28995 3543410
177 3544758
15743 3545064
20990 3545235
15129 3545952
13542 3547126
20545 3553007
5698 3554456
4552 3555488
28855 3555727
29109 3556391
27786 3558253
24179 3558773
12195 3561069
29318 3561074
4767 3563850
14896 3565350
1566 3571771
19196 3574409
3564 3578217
17697 3578340
18747 3580498
25791 3582827
770 3583093
25860 3584522
4283 3585897
16922 3585933
18636 3588023
25871 3589916
2351 3594354
17437 3596422
15835 3597073
27691 3600987
2764 3604646
12813 3606165
18262 3608559
21258 3609202
10892 3609397
24208 3610431
16130 3613924
18147 3613948
24695 3617798
23579 3617932
26410 3618245
29605 3619798
16346 3621329
13017 3622333
28803 3623417
28094 3624522
15956 3625044
16945 3625847
23917 3626982
18967 3627654
9867 3628483
27403 3631100
12415 3639580
18972 3639709
15190 3641237
18083 3642207
10520 3642359
2144 3644212
18274 3644768
19149 3647540
15755 3647668
3102 3651817
17274 3652037
20430 3652493
22636 3652814
28262 3652972
9780 3653418
29312 3655475
6550 3655841
1581 3657044
13207 3662898
8324 3663102
18426 3664777
10401 3672224
14926 3673263
9609 3673779
12354 3675183
20508 3676570
79 3677968
11351 3680445
10370 3682833
9690 3685845
28735 3686347
738 3692429
28208 3693641
25454 3693888
17720 3693976
3734 3696514
10109 3696693
3657 3698197
15287 3702070
828 3702766
17788 3704924
11476 3705737
26616 3710907
28569 3710940
22143 3711269
10466 3714222
24938 3714439
23754 3715374
21257 3721281
18376 3721591
5526 3724335
29336 3728209
18689 3729572
10436 3731335
28876 3731376
25593 3731797
17882 3733642
15992 3735838
20175 3736693
21207 3738933
5850 3739127
18178 3739525
26384 3741201
24353 3741590
2239 3749633
27040 3750139
6491 3751152
15576 3751195
28394 3752898
26176 3754833
9331 3755016
9873 3755365
17927 3756179
27934 3758117
10294 3760470
12656 3760636
10237 3764733
24637 3765321
20912 3765660
27192 3765747
24328 3767632
10170 3767915
17192 3771404
7350 3774006
8488 3776788
4777 3777896
16091 3779066
2842 3780778
4858 3783347
19762 3783401
5491 3786490
7820 3786813
12723 3787781
328 3788834
656 3789879
10036 3792136
15484 3794410
24554 3794421
9163 3795156
5380 3795474
18454 3799344
2221 3800097
14473 3800217
26775 3802815
20698 3803927
28927 3804161
23889 3807231
1001 3809016
15061 3809430
24279 3809969
8972 3811923
9830 3811929
1996 3812317
5779 3813054
1719 3814600
28167 3816696
12182 3818225
28974 3822222
14592 3822579
21746 3822736
14744 3824487
27632 3824869
28491 3826152
18316 3828801
19283 3829087
12557 3831762
15595 3832858
1875 3833938
19811 3835762
5562 3838359
13618 3844249
7978 3845226
26855 3847061
11648 3847773
23408 3852118
3391 3852243
26465 3852360
4337 3853442
7140 3854735
22620 3855856
13404 3857493
22247 3858420
4639 3860892
11954 3861096
2040 3863116
10070 3866989
6174 3868646
5288 3869249
15962 3871394
25672 3873688
17133 3874119
27521 3874386
2500 3874765
28768 3876430
24646 3879498
26513 3881189
21462 3881460
16762 3881504
11615 3881554
19731 3881822
6771 3884220
14464 3884909
21490 3884974
22342 3887429
11009 3887789
24863 3891687
2346 3893715
1311 3895040
6034 3896248
15347 3897388
7972 3898499
6033 3901091
28100 3902146
28849 3902221
5685 3907157
18284 3907501
29256 3907804
15387 3908454
5854 3911362
24771 3913171
19888 3914635
18537 3916063
28459 3920078
28166 3920489
21113 3920641
8085 3921080
17324 3921858
15605 3923248
9428 3926882
7702 3928207
23687 3931989
68 3934208
3220 3934335
11458 3937522
26004 3938286
10752 3938474
22383 3939057
12835 3939641
6077 3945618
7264 3955415
21460 3955490
11032 3957790
23169 3957845
12424 3959012
3146 3961107
24292 3963636
14735 3965052
12270 3965256
1955 3966191
26991 3967377
29285 3967523
15860 3967611
15741 3967997
24884 3969131
6018 3969308
19247 3969342
4909 3969982
12055 3971144
23526 3974928
2072 3976060
28920 3976719
6240 3981292
10824 3983438
1769 3985337
25140 3988546
6091 3989917
22516 3990041
26399 3990257
17044 3991563
27483 3992071
8922 3992090
11895 3993768
8750 3994906
24016 3995178
24512 3995285
3007 3995489
25504 3995840
13079 3996111
28362 3996269
4069 3996904
23245 3997223
29751 3997537
26812 3997959
8905 4000211
3710 4000232
26834 4001652
13865 4006315
11600 4006694
3023 4010461
27610 4011436
6660 4012758
8735 4014080
23108 4014894
20155 4016036
8317 4019335
24607 4021303
19718 4024533
20716 4024772
27801 4030078
27023 4031969
27930 4032621
11454 4033886
7446 4035553
23759 4035909
20447 4037301
21824 4043314
21565 4043388
19017 4043979
18643 4045472
23886 4045914
11899 4048881
8401 4052568
5533 4054131
20610 4054223
6774 4054304
27993 4055169
13004 4057159
21772 4057319
5456 4057898
27866 4058491
4867 4058761
10285 4059394
16813 4062140
21611 4062223
24246 4062811
15374 4064008
7568 4066194
27870 4066341
29310 4066878
12560 4067455
7943 4068628
18469 4070000
27421 4076596
14011 4078768
4739 4079255
14919 4079384
29200 4079760
418 4084638
17953 4084997
15912 4085644
11568 4090747
2606 4092603
2659 4097883
984 4100900
28457 4105159
26902 4105610
5291 4106709
20668 4107747
13455 4110769
19386 4114517
23310 4118353
29777 4118691
3081 4119215
19039 4120383
11705 4120744
18470 4121139
15780 4121491
7856 4122691
10003 4129470
24458 4129489
15419 4132658
460 4142880
2802 4144579
23449 4145379
10648 4147479
12329 4149753
20087 4154120
18472 4154189
2592 4154803
23383 4155344
23625 4158734
6937 4159629
16739 4161155
23457 4163891
29361 4163990
2171 4165035
7070 4165555
13253 4166019
27382 4167751
28075 4169354
10858 4171088
21046 4172001
218 4174185
24423 4174552
28903 4175564
15497 4175613
10567 4176943
25433 4177623
18511 4181172
7973 4181863
22311 4182555
27176 4187268
10426 4190091
6635 4191020
17 4193612
26398 4194164
8249 4196919
13063 4197951
4292 4201531
4963 4204452
18740 4205133
5514 4206885
23247 4210746
12035 4212450
1538 4215210
21387 4215993
16077 4217350
21383 4220670
26181 4225068
8098 4225176
7257 4228509
25209 4232285
18231 4232620
18425 4232806
12941 4233874
21906 4235600
26605 4237969
15239 4238699
22387 4240868
25580 4241075
3568 4241514
2531 4242256
15075 4244103
11639 4245075
10942 4246065
4257 4246509
21364 4248520
1147 4253887
18899 4256864
12325 4257232
13285 4259289
22529 4259968
13678 4261468
6024 4262924
27285 4263028
9422 4264689
27619 4264942
23933 4267090
3404 4267995
5307 4272351
18718 4272560
23544 4274847
25536 4275138
6766 4275587
24760 4275595
21434 4284717
10490 4286078
11242 4289921
1233 4295308
19472 4297764
12158 4298467
14795 4298613
24228 4298814
23152 4298826
20654 4299991
27985 4304708
15177 4304849
14202 4305661
6701 4307697
28852 4307972
28106 4308799
20319 4308934
4625 4309355
16441 4311002
23748 4312008
26493 4312873
6934 4313002
26779 4315351
3065 4316240
6154 4317506
2408 4317620
25746 4319204
5042 4321615
18331 4321874
1229 4322560
22013 4323498
14139 4324403
24798 4327878
17630 4329754
28414 4330265
28779 4331279
7355 4332129
2769 4334266
18036 4335138
25296 4336987
3507 4337788
29553 4339217
29352 4340059
13681 4340963
21162 4344111
25832 4345698
2403 4348118
20259 4348463
29411 4349286
16688 4349537
23646 4350003
29658 4351265
24835 4352020
23164 4358032
5093 4361339
140 4362222
22199 4362627
27762 4367782
95 4370049
21376 4371979
22280 4372588
4708 4376480
9182 4377107
4875 4378479
16359 4383308
15289 4383903
11347 4386431
2013 4386588
11098 4387157
26612 4390015
15522 4390046
5523 4390575
29470 4391577
19926 4392366
15960 4393438
24275 4395629
11851 4396005
2593 4396365
26884 4398026
551 4398552
663 4399382
26987 4399432
16245 4403562
10999 4405578
29772 4407323
24900 4407940
28512 4408446
19359 4408824
17578 4409395
6885 4410229
8271 4410305
17048 4411467
7518 4412159
17150 4414934
13556 4415443
524 4415860
2911 4417724
5127 4418155
15059 4420471
19713 4421002
8336 4424646
24254 4425399
14445 4426925
6598 4427538
399 4429005
14725 4430771
21857 4430915
16454 4433790
19971 4434343
18628 4434741
20332 4436293
23214 4438241
4269 4440754
24855 4441570
6605 4444760
26210 4446297
3016 4447496
22411 4447785
16106 4448084
12274 4452019
18728 4454857
21674 4456518
12348 4456934
6919 4457795
13604 4457798
28880 4458308
18292 4459922
14842 4460242
9201 4460476
26494 4461017
15582 4461574
18836 4462392
8280 4463589
1660 4464057
20471 4465222
3206 4465657
27636 4465799
9946 4468548
1360 4470925
15353 4472646
1678 4473706
19575 4475845
18515 4476446
24843 4477513
3669 4479632
9887 4480532
4999 4481751
1432 4483672
2615 4483714
20938 4483718
28412 4484696
7139 4485596
8889 4489697
18788 4489801
19741 4494469
25838 4495985
15527 4496195
8548 4497141
16059 4499589
1820 4499738
12551 4501050
3898 4501127
24507 4507892
10568 4509292
17743 4509565
5382 4509901
22159 4510157
19700 4510201
18868 4511086
9135 4513415
25419 4516357
21097 4516979
6672 4520168
3624 4520975
1578 4523070
11697 4525669
25163 4526897
6395 4530456
19130 4532656
21568 4533162
13620 4534265
14783 4536724
14169 4538213
10061 4546699
18704 4556625
14890 4557792
19077 4560713
270 4560801
16783 4563148
27506 4565038
25257 4565515
19005 4567385
7449 4567917
29330 4568285
19174 4568448
12139 4568505
8383 4568955
14225 4569628
9663 4570625
23154 4570985
25892 4573493
11650 4579863
11140 4581078
446 4581156
27757 4587714
2338 4588709
26019 4588908
28980 4592186
24147 4596138
13895 4596238
16181 4597590
8003 4597660
7664 4597665
8523 4597911
14677 4598843
17410 4599138
23944 4600449
4679 4603442
28564 4603499
28080 4603563
15817 4606481
18199 4607205
16861 4607512
322 4608164
26179 4608187
16382 4608690
289 4609380
4616 4611049
10388 4614657
2209 4616129
8331 4616422
13802 4616428
6882 4620816
22725 4620975
18783 4624327
29790 4624730
25352 4625462
23879 4626484
740 4627940
22132 4632492
23973 4633428
17849 4635601
15121 4637327
9879 4645101
2023 4648376
29122 4650318
15241 4652175
11413 4652406
16504 4652599
3938 4655972
11593 4657082
5971 4658708
25880 4661419
17084 4662339
18357 4662920
23435 4663437
24837 4664608
8706 4664705
21812 4665729
16698 4666322
5080 4667194
2231 4667451
29021 4669475
7852 4669537
15838 4670516
25682 4673170
5809 4678739
28236 4688268
1475 4689116
21808 4692980
12669 4693016
18996 4693276
11823 4693880
13136 4694911
2709 4695229
22619 4695672
8319 4698008
8023 4698278
8474 4698951
709 4700946
8004 4701415
20765 4701582
12249 4703525
15908 4704175
5984 4705159
4906 4720694
29209 4720872
7351 4720984
26909 4728887
23632 4730027
27303 4730506
4003 4731116
16221 4732366
816 4735881
19994 4736526
27874 4738658
9268 4740856
14322 4743086
11393 4747113
13043 4747883
588 4750988
5434 4751335
20638 4751606
4822 4752005
12409 4753828
16607 4756946
23085 4757554
10838 4760551
17945 4762182
6318 4767139
13329 4767316
4647 4767730
5716 4768133
1632 4771108
25361 4774145
18680 4774437
18555 4774761
3046 4774793
21977 4774919
11133 4775841
21725 4777715
3891 4779619
4684 4780258
2563 4780927
23743 4781325
8760 4782112
3711 4782335
26904 4783270
17003 4783709
17309 4784690
16345 4784759
17071 4787640
6394 4789124
15356 4790310
13582 4790391
15716 4794523
6219 4796266
2318 4798249
16047 4798732
11555 4799284
16768 4802451
18841 4802791
12273 4804544
28011 4808510
4844 4812519
19455 4812654
5804 4813107
1915 4813698
22011 4814446
15244 4814530
20640 4814641
27597 4818181
27586 4820598
19647 4821918
23538 4823873
17790 4824193
28545 4824603
9662 4826061
23963 4827055
21856 4827563
3467 4828031
14018 4829939
2293 4830002
11240 4831736
20564 4833007
6945 4833693
27588 4834112
23562 4834224
4179 4835949
2108 4836520
6223 4841972
25345 4842384
23297 4845427
13120 4847633
8156 4849347
28826 4850299
18052 4854675
26527 4857381
4353 4857973
22957 4858472
7949 4860525
15510 4863563
10859 4864283
10819 4866232
25354 4866836
19937 4868999
13984 4871567
1713 4872956
14254 4874291
14906 4875714
4961 4876163
24612 4876435
24665 4876848
14326 4877186
8541 4877416
22687 4883713
6984 4885759
26280 4887652
17901 4888257
11776 4889842
799 4892478
24084 4894583
26640 4900785
21714 4901007
6058 4901602
10684 4903877
8327 4906051
13913 4906478
11102 4906622
19955 4908918
14845 4908995
24502 4910171
3352 4914158
15923 4920203
8975 4920524
29791 4920955
9682 4921883
12627 4922010
15153 4924324
7158 4928728
23804 4928733
1367 4935057
4013 4935086
15194 4938122
13482 4941627
2852 4943987
2308 4944082
19895 4944722
11050 4945693
21477 4947655
24329 4950145
24650 4951068
15043 4952482
13179 4955455
14418 4956927
9938 4959367
19957 4961846
11212 4963266
7711 4965999
24308 4966693
29494 4969123
23251 4971607
582 4971612
13129 4977924
2118 4978140
11096 4979182
13265 4979558
3469 4979794
19815 4980110
16194 4981909
14951 4984214
20092 4984810
2495 4985226
29827 4986982
20673 4988107
22652 4989418
6875 4991183
8282 4991529
26762 4991583
21998 4992415
3445 4992784
29143 4993802
5167 4993976
29763 4997420
18860 4998187
24605 4999877
15478 5000397
320 5002957
7739 5004815
1643 5009080
15915 5009711
18078 5009955
16700 5011274
21310 5012947
16350 5013479
20173 5014362
27453 5019033
19654 5020174
8486 5022080
4355 5022082
10641 5024353
139 5024826
29574 5027229
18719 5027930
24903 5029404
27461 5031287
6772 5031413
15056 5033778
5735 5036348
5419 5036685
10064 5037820
17964 5038564
7962 5039086
12612 5041331
13014 5041567
11150 5043167
8965 5044109
1408 5046454
28360 5047119
8851 5047500
8225 5048112
14691 5048619
5979 5048776
28500 5049450
1109 5050559
24128 5050609
28587 5055757
16942 5056053
5390 5056105
9136 5057484
8869 5059357
11295 5060779
17363 5066554
24994 5070886
7328 5071985
1077 5073907
21282 5074358
19606 5080638
6955 5084340
20562 5086554
23227 5090058
8384 5094484
6877 5097083
26403 5104328
15438 5105885
21026 5106179
19936 5113188
9903 5114872
28373 5115287
27758 5118528
19296 5121880
14579 5124554
7508 5124726
26971 5124845
14608 5126064
27878 5126266
260 5127964
2684 5129541
23569 5133415
3387 5136329
6188 5137727
623 5140261
29353 5143439
19291 5144430
19169 5145934
9953 5147097
22484 5148706
29530 5149843
8147 5150582
13795 5151008
19034 5152068
15833 5152094
25322 5152800
27097 5158685
6466 5163279
21728 5164424
8423 5168619
8602 5170009
29887 5170280
18075 5170282
1997 5170390
12815 5171253
20170 5171595
24683 5175147
6816 5177705
26261 5178678
22207 5179789
20324 5180311
25075 5180362
21719 5182831
8516 5183024
22233 5183395
23379 5184889
16968 5185581
8236 5186773
45 5186874
12126 5187128
1456 5187693
27989 5188001
19245 5188029
17773 5188535
28325 5188605
20419 5190498
8246 5190836
9232 5191107
26356 5191569
22100 5191943
14221 5194073
17494 5197066
23269 5202319
2458 5202974
10309 5204054
4683 5204537
23665 5210924
29403 5213068
9394 5216467
6780 5218463
20869 5219452
302 5219897
29479 5221961
27569 5227083
4860 5227315
19670 5235518
10153 5236918
7965 6291871
17810 6291933
12187 6292923
22851 6293336
9750 6293407
29793 6297056
24288 6300053
16272 6302557
5125 6303926
16838 6305742
8622 6306038
23226 6306572
21163 6307519
13178 6308766
14898 6309888
24998 6310138
28801 6310174
258 6310909
22353 6311806
25663 6312039
27570 6313608
12585 6314053
1705 6314724
14564 6314957
26390 6317702
25350 6319066
23239 6319435
22662 6320507
14006 6322983
25634 6324626
2328 6326134
18554 6327042
10462 6327204
29669 6331132
21577 6333414
27375 6336693
27581 6337357
23599 6339166
15984 6339867
20233 6340193
21312 6340896
12734 6341312
8923 6342465
23135 6342635
12985 6343424
3834 6344384
2440 6349546
21357 6350453
1843 6350655
26882 6351912
29181 6352523
9582 6355479
2916 6358445
20794 6363206
671 6363514
11469 6365723
13343 6366044
27391 6368920
4666 6368957
26416 6369221
26073 6369906
27174 6370873
25654 6372775
17045 6373184
2686 6373823
16457 6375426
16374 6376916
17655 6377552
1897 6378541
23477 6379410
24236 6382829
22349 6383729
16659 6384683
26893 6386955
27575 6388072
13283 6390276
12626 6390713
2955 6391985
6714 6392928
2485 6394240
11504 6394762
3534 6397605
16337 6399847
29141 6401226
29288 6401726
4873 6407091
7509 6407404
21171 6407897
24675 6409571
19277 6409795
10872 6410171
25721 6410976
23795 6415861
4828 6418059
28853 6418568
800 6419815
6431 6422455
19327 6422541
18014 6423174
26611 6423273
9865 6424551
4969 6425040
19889 6427491
1854 6427851
2624 6428547
1170 6428576
26294 6431477
10888 6432603
18402 6432902
3536 6437444
23779 6439888
12219 6440159
26308 6440288
19746 6441739
24150 6442340
28597 6443195
6684 6447105
4524 6448409
4234 6449259
8356 6449415
26945 6449692
21881 6450508
14992 6450644
6795 6451574
14471 6453672
23391 6458439
26704 6461997
28381 6463156
17402 6464268
7064 6464942
19349 6467470
28730 6467784
8075 6469241
13426 6474897
1629 6475413
22201 6476804
15562 6481456
20425 6481736
574 6484117
11392 6486058
13591 6487746
22865 6488424
15567 6488569
15291 6490967
15531 6491840
21130 6492184
8065 6493587
10710 6493837
26132 6498918
28070 6500181
16866 6502745
22392 6504218
21647 6504398
9587 6504942
8937 6505395
6208 6506357
8090 6507748
5706 6508400
17104 6509498
2688 6511541
8192 6513151
4682 6513423
18204 6514242
812 6514485
5428 6515188
24844 6515528
25521 6517189
21007 6518976
11273 6522817
12912 6523945
6532 6525476
13836 6526215
27693 6526527
5250 6527211
27402 6527230
11962 6527946
3708 6528012
16597 6528814
7513 6529217
13774 6533668
8108 6534981
16970 6538241
5359 6542201
27676 6545863
17244 6549944
884 6550749
29315 6551681
11952 6553998
20420 6554371
15505 6560074
10921 6560303
6364 6561785
21149 6563285
7659 6567743
19732 6569158
23705 6570176
25178 6571810
2369 6572057
28962 6575482
23183 6578475
22210 6578969
27273 6581665
13175 6583241
17632 6583755
5192 6583997
26202 6584645
6525 6585972
10356 6587296
19570 6587950
11846 6587997
15359 6588129
2603 6588168
19880 6594159
2711 6595856
14135 6598349
25400 6599215
3951 6599373
12870 6600968
7380 6601202
3557 6601342
20825 6601897
18278 6602779
22385 6606153
24382 6606223
12311 6606971
11310 6611383
11447 6611451
26422 6612766
5343 6614168
8066 6614499
21084 6618953
16843 6619167
2436 6619177
11988 6620252
19367 6621856
7395 6621997
17919 6622847
25228 6624053
16493 6626295
20910 6628695
3073 6628978
27419 6630853
8990 6633434
5059 6634385
18209 6635036
26671 6638773
3239 6652106
21231 6652585
21914 6653985
20703 6654424
1331 6656414
2677 6657698
923 6658409
2562 6659013
13134 6659375
3754 6659737
13723 6662131
3905 6662439
28749 6663577
17542 6665120
22483 6666072
6249 6666944
12001 6667142
25613 6671476
28463 6671628
29630 6679215
21945 6680147
13867 6686979
3621 6689301
6503 6689777
14867 6691271
2851 6691976
10595 6692872
6003 6694170
23419 6696164
23613 6699212
8594 6699639
28504 6700646
18153 6702622
22246 6707091
22788 6707216
11252 6707346
27503 6709532
7919 6710094
8302 6711564
17194 6713731
10236 6717108
26229 6719588
83 6720625
16380 6721584
25990 6721693
13018 6721765
12817 6726044
6968 6728392
21014 6729201
15452 6730467
618 6730550
20637 6732176
29448 6732197
12882 6732530
24018 6734077
29222 6734730
8270 6735905
12908 6739923
23885 6740214
20543 6740855
5768 6741432
17396 6744275
19534 6746643
23243 6747969
23052 6749352
13508 6750110
8947 6750198
1248 6750402
24134 6751543
5879 6753100
992 6756677
24535 6758838
20490 6761820
27035 6762117
509 6763323
9568 6765911
15573 6767165
17573 6767248
2948 6775983
25907 6784374
12745 6788769
2777 6789223
26042 6791607
2249 6797304
23988 6797697
22148 6797744
6161 6798464
13579 6798548
7056 6802560
24064 6803250
4197 6808607
22599 6810846
9408 6811543
12765 6815979
7137 6816004
7373 6817667
8465 6822315
3140 6822563
9556 6823503
5237 6823549
28942 6827243
4129 6828751
19933 6829175
2299 6830319
20343 6831811
28384 6833886
29869 6834899
14253 6835603
13262 6837897
2313 6847160
24533 6847979
11357 6850194
90 6858466
7079 6859807
20033 6862914
20740 6863092
6667 6864421
10615 6865575
8136 6866533
17966 6867344
4802 6868943
26358 6869176
19594 6870326
20395 6871576
2172 6872779
7457 6874208
24584 6875122
391 6876678
6687 6877963
17063 6881005
24913 6881838
13336 6884533
22250 6885404
772 6886436
14324 6888738
21073 6890442
8813 6890702
13374 6891528
951 6892719
26825 6893813
14413 6895391
273 6897412
10248 6903735
20362 6903897
22398 6908655
1381 6909988
3725 6911260
16159 6912702
25272 6913722
5310 6914308
14881 6917817
16540 6918308
7749 6921091
15143 6921813
24182 6922618
22873 6922881
27287 6925086
5993 6929664
10750 6930204
3753 6932154
29502 6932783
4993 6933557
9548 6935814
22308 6936204
6106 6936800
21696 6936929
5916 6937070
18063 6938112
28502 6939454
7048 6940186
28907 6942332
17287 6942867
9267 6943668
28753 6943926
18866 6951883
10915 6954837
10413 6955018
25356 6956134
20253 6956524
7718 6957175
3771 6958229
8013 6959081
15198 6959406
17371 6965361
13857 6966495
1596 6966862
23355 6967076
23912 6967448
24399 6968181
7253 6968291
4341 6969554
22597 6970576
12419 6971661
2962 6973395
29825 6973598
294 6974042
6352 6975955
23361 6977058
18197 6981769
10737 6982006
4343 6982537
22389 6984383
2977 6985310
26256 6988002
7593 6988062
17753 6988971
28761 6990765
27945 6993028
9149 6993546
10046 6995885
21451 6995956
10353 6996402
25461 6996672
7798 6998092
15515 7000616
17650 7000761
22637 7001788
29136 7004935
12583 7006854
26871 7007154
14533 7009490
28904 7013472
1479 7016149
21869 7018401
4263 7021987
18730 7033925
638 7034236
11225 7035319
8481 7035544
27358 7035585
10004 7037131
20114 7037630
8674 7038980
22799 7039906
2725 7040246
10260 7042223
15521 7042487
22564 7043376
12384 7043860
25782 7044188
18650 7044494
12530 7045500
1804 7047130
5648 7047653
12733 7048061
8624 7048174
27644 7049286
17946 7050011
13811 7053353
24935 7053586
16793 7054800
19300 7059482
645 7060454
12227 7060710
17091 7061163
1896 7062387
6864 7063091
833 7064831
12914 7068291
6669 7069197
19156 7070737
23943 7071445
21738 7076317
11726 7078993
7925 7080411
13055 7082046
29478 7082849
4377 7088332
17351 7090840
10705 7096185
6662 7098732
4987 7098947
23007 7099473
2518 7100285
26017 7101977
25031 7102699
27661 7104462
19663 7104536
23328 7106784
5817 7110079
27698 7110634
14392 7111518
690 7113968
18358 7114971
16748 7115206
12007 7116225
9855 7116774
21818 7116967
28737 7118240
22911 7118291
26387 7121625
15055 7122788
20472 7125766
15416 7129204
20473 7129998
15456 7132948
21642 7133211
12084 7134460
14105 7135211
28833 7135865
23217 7138021
33 7138288
4242 7138332
29142 7138914
8958 7140834
10242 7141290
20802 7141296
22329 7141494
24651 7144031
6180 7144818
26924 7146292
1439 7147556
643 7147917
11796 7149912
3032 7151500
1045 7153534
10601 7153888
21521 7154256
26680 7155212
25538 7156058
21786 7158644
23713 7160003
556 7160470
27604 7160966
26555 7169277
28449 7170710
23056 7177170
16771 7177321
7658 7177811
6650 7182318
12106 7182988
3515 7184142
3383 7184279
10444 7185304
23842 7185751
6548 7189576
17515 7195095
2491 7195731
26048 7201565
12070 7203798
18387 7211428
21548 7212768
843 7215096
23000 7215156
19167 7218009
27351 7218179
28711 7218926
5749 7221708
7756 7223038
2190 7223158
22754 7224847
22802 7225266
8392 7225287
17997 7230598
9055 7232207
28349 7232537
11977 7234212
10604 7238269
7465 7240700
18379 7241557
8459 7245315
163 7245682
24295 7246128
22458 7246195
16506 7247049
23582 7250451
505 7254346
4058 7256166
23608 7257125
11332 7257725
14873 7257970
22296 7259302
10631 7261878
10249 7262870
14653 7265668
19322 7267079
5114 7267186
4734 7268532
17449 7269149
12053 7269241
23929 7270099
27538 7270356
3186 7275408
21362 7276920
21431 7281280
21776 7281998
3993 7282000
28388 7284087
23079 7285608
15215 7285631
26905 7288085
855 7288698
9603 7289685
29433 7290217
20354 7291814
25735 7293360
23041 7293434
24840 7294188
29273 7299159
17121 7299867
22868 7301366
4281 7307384
22488 7307791
29608 7311069
6921 7311204
27039 7311260
916 7311490
27527 7311677
13753 7312942
9016 7313229
5758 7313718
24181 7313871
26736 7315709
12088 7317145
5582 7317549
11911 7318172
1260 7319697
21634 7319778
10373 7323736
21427 7323741
9638 7324677
22167 7332217
9112 7332992
14194 7333555
3728 8392947
586 8395408
19777 8396354
26929 8397610
22188 8399080
7213 8399711
7934 8401180
4184 8406572
14565 8406725
1674 8408895
22270 8412156
1869 8413310
9046 8413377
15981 8414032
21043 8415326
26064 8415410
26811 8416649
28074 8418541
7013 8419650
9926 8422025
4023 8422159
1333 8423762
23492 8425145
9473 8427369
15481 8427645
9198 8428166
3064 8428234
3642 8431837
11271 8437253
22508 8439276
5422 8443892
1668 8444009
2130 8444855
18084 8445576
18330 8445886
12997 8448103
25825 8449209
3498 8449972
19425 8450189
22388 8452699
1358 8456033
28184 8456593
2086 8459157
26319 8460479
25254 8462317
15397 8462845
7407 8462945
10306 8464276
23935 8464804
20626 8466049
28336 8466170
1998 8470759
9542 8473403
14531 8474926
18858 8475917
5989 8476375
23531 8479842
25426 8480307
11419 8483108
25603 8484214
2470 8484684
22427 8488240
6082 8490220
14982 8490755
25024 8490984
23724 8491818
22596 8493188
19985 8495770
20813 8496724
4164 8497276
16179 8497424
13400 8497621
22544 8499309
26376 8504686
23463 8504937
20814 8511634
20569 8511655
17378 8511800
29979 8516693
28002 8518252
17571 8520763
12614 8521272
22297 8523136
16973 8525700
15975 8525723
26032 8527300
23644 8527947
16772 8528032
8205 8528177
18327 8530505
24077 8532444
27983 8533818
21148 8534327
17207 8535007
13495 8535669
27143 8539123
3844 8539779
15520 8541110
7551 8542100
17550 8544471
12748 8544577
2571 8546472
8817 8546871
16418 8547221
26559 8547574
88 8548214
9612 8550116
20754 8550296
3949 8555069
16677 8559706
23554 8560105
19211 8566923
1070 8568919
1859 8570181
20287 8572481
8666 8572796
26639 8573432
8840 8574067
19124 8576426
3833 8576967
6328 8582877
17842 8584873
5231 8586347
18696 8590237
6998 8590638
27950 8591124
14008 8591372
17251 8593793
21635 8596686
17418 8596968
22414 8597150
25833 8597534
11158 8599289
206 8602096
21679 8602625
246 8603574
15157 8603725
6723 8604645
1163 8613110
2618 8614113
22315 8614474
8694 8615524
19497 8616360
8984 8616468
26129 8616529
8458 8617661
26511 8619737
25341 8620375
28251 8620850
19147 8621503
7871 8622698
15958 8623339
3204 8623925
5289 8625765
20066 8625789
6415 8626618
1942 8627538
14936 8628873
13590 8630505
18991 8631450
1961 8631464
21281 8631796
25755 8631869
29112 8632233
17111 8632695
17035 8635029
11942 8635593
2589 8637722
23677 8637974
198 8638699
25976 8642159
11470 8643881
25282 8644010
17323 8652470
11965 8653260
23390 8653518
1954 8653611
25251 8654939
27544 8655610
560 8657272
7159 8658311
9730 8659318
18447 8663494
18634 8664947
25125 8668819
29926 8669562
28114 8670581
12728 8671089
5855 8671639
3802 8671790
5016 8671994
27206 8672124
292 8677052
24438 8680143
8290 8681332
10997 8681440
11163 8681849
5814 8683760
23006 8687361
9546 8687791
1485 8688029
1965 8689406
22584 8694194
405 8695086
5366 8698162
18286 8699709
24670 8701486
27062 8703207
2335 8703595
24086 8704874
13300 8711298
28090 8715334
14895 8720557
11468 8720614
15742 8730546
17533 8731330
21262 8734544
13544 8736004
1694 8736570
443 8739427
14037 8739854
23964 8741483
15532 8742626
22641 8744947
4396 8748742
22769 8749247
19978 8750088
7119 8753753
1490 8753922
26862 8755068
27332 8756767
22048 8759325
20688 8763742
10116 8764257
28513 8764505
22831 8765192
21176 8766297
20827 8766330
14604 8768312
1702 8771351
26104 8773482
1925 8773585
23721 8776753
22485 8779696
2043 8780672
3307 8781333
13956 8781373
17896 8788897
23719 8788917
20294 8790421
1767 8792979
5978 8794578
11256 8797827
14486 8798971
1411 8801048
21051 8804360
8278 8804568
27013 8804879
3859 8804986
12846 8806604
22243 8808349
26698 8809014
14743 8809775
21569 8810144
5272 8812827
19561 8813917
10403 8815148
13598 8815325
4016 8816381
1499 8816664
4196 8817387
20526 8818812
15644 8819878
19808 8820344
19082 8821609
26110 8822372
7164 8824657
10423 8826587
18683 8827473
17297 8831907
3917 8832861
12986 8833490
6862 8837394
19980 8838462
3026 8838633
21492 8840114
17819 8840648
12694 8846725
18727 8847641
24250 8848379
14991 8849093
5451 8851710
20303 8851954
5990 8855386
6826 8856499
11315 8856890
654 8860453
9450 8860555
16394 8861063
20011 8861647
616 8861775
6838 8862327
5555 8865245
27424 8866764
4089 8866926
7848 8869174
18827 8876265
26959 8877047
17122 8878179
17369 8878785
8001 8879400
16830 8881635
14082 8882253
25397 8887657
1554 8888017
4156 8888341
29455 8888529
23116 8889156
20667 8891352
28095 8891830
4102 8895784
4037 8897229
773 8898526
19710 8899615
15597 8900247
28328 8903115
25809 8903301
9362 8903609
25441 8906248
14449 8911725
14847 8915531
10867 8916592
21067 8918998
7863 8921021
7168 8921336
26859 8923830
27164 8928929
29663 8928986
27140 8929291
3894 8929672
11698 8929866
6707 8933757
23192 8934291
4117 8935745
180 8936476
3161 8937146
4966 8937980
29794 8938005
22119 8938924
21115 8939513
796 8940497
26089 8942772
28767 8943534
20153 8944829
20520 8944979
9270 8945704
19022 8949680
5297 8949885
21667 8951331
22194 8951732
360 8953305
2372 8955351
1506 8955457
5144 8957335
3846 8957415
25080 8957607
16727 8963931
29557 8965647
10055 8965988
13328 8967261
25834 8969795
23893 8970369
20909 8972314
16651 8973780
5974 8975052
862 8976043
14364 8976902
15574 8978712
24024 8978821
20708 8981186
21537 8985548
6372 8986081
2469 8987980
20156 8990153
16018 8991247
29874 8995404
15559 8997366
28602 8997473
2204 8999777
29671 9001501
11460 9003627
1742 9004348
6811 9004789
4945 9006860
24433 9008946
19780 9014175
11856 9014189
11791 9021632
9579 9023656
24088 9026223
6796 9026679
27755 9026813
28196 9026949
14157 9027378
16285 9030310
19155 9030711
10878 9031452
9929 9032702
10975 9037661
5394 9039870
18355 9039897
7295 9045061
6845 9045733
25968 9045739
3751 9048459
6543 9049885
20711 9050591
18821 9052708
27871 9052937
17299 9056201
15691 9056355
18181 9056809
14630 9059433
17214 9061017
19109 9061789
7338 9063916
12395 9063923
11736 9065816
2285 9066585
26219 9067749
16941 9068553
29152 9068637
906 9069249
8385 9070696
2733 9071232
20201 9072478
11281 9073489
15128 9074489
10714 9076242
12482 9080977
3978 9081922
3571 9082021
12213 9083182
6507 9083476
19358 9093263
1560 9096517
20863 9097790
20805 9098598
27511 9099603
11785 9100037
19858 9110277
12943 9114718
3325 9118799
20003 9118859
5159 9122287
14188 9122975
25484 9124704
7194 9125327
15089 9127636
4600 9128571
5606 9130437
12389 9130889
22468 9131083
25995 9131582
16517 9131896
29725 9132092
864 9132290
3183 9133276
17769 9133858
13924 9134177
17322 9134270
17939 9134914
21098 9137291
3828 9140137
1270 9144018
7781 9146584
17177 9147135
15616 9148352
22935 9150294
10517 9158737
20400 9160350
15631 9160492
11083 9161995
17599 9176406
5313 9180717
2885 9181515
26504 9184690
29115 9184884
1567 9189116
2295 9189649
12783 9192513
26837 9197848
21693 9198305
15004 9199122
20074 9202085
7701 9203655
27807 9205950
18311 9206128
25468 9206171
22034 9208157
11440 9209031
13993 9213178
4644 9214150
18306 9216490
3739 9217937
27130 9218670
20129 9219128
28261 9219598
14766 9221855
25509 9222227
12651 9225951
1501 9226980
12252 9229986
24245 9231030
21165 9232833
18593 9234397
20777 9236705
5323 9236787
22081 9236950
14647 9240063
2847 9241036
27286 9241049
4500 9245729
4562 9245796
1256 9246800
2452 9246849
651 9249942
29567 9250893
16262 9252471
28945 9257241
18367 9257664
10186 9258405
24886 9259482
6365 9259814
13413 9259998
4212 9260019
1189 9260235
2331 9261017
28647 9261675
12192 9262706
9977 9264743
13829 9265874
13919 9267434
25626 9268205
3107 9270406
21122 9270744
29013 9270858
22542 9272483
20552 9274238
27976 9277992
15827 9278694
27719 9279788
28759 9282970
19900 9284253
13708 9285021
25044 9285638
9410 9287774
16580 9288016
19476 9289029
9083 9289206
21378 9290057
15869 9290530
26895 9294685
7827 9295882
28736 9295971
25135 9296114
16940 9297198
6151 9298058
29891 9298497
19065 9298556
29699 9303555
6813 9305098
8394 9305927
17642 9306906
4259 9307588
87 9307894
5014 9308668
20728 9309670
28733 9309920
16319 9309960
8429 9311785
16079 9312821
17601 9314414
15763 9317085
21905 9317192
26391 9319072
16275 9319367
26321 9319422
19487 9319442
15647 9319879
28302 9320370
10120 9321432
12478 9324044
25462 9327579
25183 9333127
13706 9335046
7904 9335403
11847 9336413
19931 9336524
23867 9336547
13000 9337100
25539 9340765
10382 9341256
15893 9344703
5195 9357343
29390 9358666
1472 9358704
14826 9358941
14972 9362025
7152 9362441
969 9372361
19400 9372522
12236 9374207
23434 9375138
18541 9375414
12725 9376105
3779 9376374
17375 9376641
28802 9378396
1864 9378826
29997 9379002
14934 9379932
24902 9380052
19642 9380834
18865 9381742
11020 9382991
7947 9388965
2838 9389218
20857 9390317
29694 9392808
7104 9392896
6497 9394346
21429 9394952
15459 9397590
16638 9397878
12323 9400932
3701 9401216
7085 9402958
19890 9403272
3211 9403355
17352 9403369
28142 9404515
16062 9406700
26178 9408031
13089 9409914
4358 9410016
15496 9411347
2323 9422073
27437 9422866
28040 9424425
1415 9427248
19916 9437322
10049 9438090
17030 9439431
9685 9441400
7061 9442105
15222 9442606
440 9444076
8045 9444363
23111 9444694
4169 9445191
2920 9449048
17211 9449440
3373 9453363
15995 9456529
4111 9456616
27851 9457241
9236 9457866
11436 9458076
25222 9458573
8552 9459457
25414 9461069
26418 9461733
10553 9462629
4409 9463895
12450 9467973
20478 9470998
1135 9471358
885 9471539
3595 9473366
13965 9475269
3527 9480097
18160 9480282
4888 9480822
5651 9483689
10298 9483740
7068 9485832
6910 9490425
2125 9491497
14026 9491685
14117 9494581
13559 9495516
20387 9496643
6760 9497982
12660 9498699
22234 9503118
27948 9503738
7900 9504144
681 9505479
25032 9505650
23793 9505725
10729 9506347
29956 9506408
26757 9507148
9514 9508626
14693 9508711
6731 9509327
24357 9509889
15673 9510205
23962 9512613
3780 9524228
23528 9527942
17416 9535740
331 9536060
6764 9536155
15324 9537000
29824 9537099
29823 9538158
27779 9538499
6116 9539732
24933 9540345
23292 9541952
9902 9542642
704 9543803
23177 9547038
3313 9547515
10715 9547666
2578 9548092
22000 9548660
24569 9549504
12746 9553715
20460 9553790
22987 9553817
3052 9554728
25883 9554899
2610 9556410
21256 9556521
7174 9557750
22861 9558966
3031 9559110
28225 9560453
18142 9561546
2549 9561555
21756 9562170
19629 9562281
10334 9564312
24486 9564333
28740 9565418
28078 9566099
8337 9569192
869 9570433
23801 9571252
6839 9576116
22433 9576850
17523 9578723
11410 9578791
28398 9585473
28300 9585727
23189 9586523
10496 9586940
9552 9588739
4762 9589972
28508 9590109
19463 9593641
7878 9593886
29062 9594507
5678 9595283
25678 9596303
19511 9596950
5400 9597161
918 9600181
22964 9601890
16249 9602125
19094 9603075
20123 9603995
10675 9605780
29159 9606153
24242 9610686
10770 9613590
21212 9614084
11923 9615246
8176 9615629
8138 9617556
14245 9617803
12630 9617950
27583 9617996
29409 9618014
8380 9619015
28986 9619167
8144 9619581
23207 9620808
5373 9622442
20010 9624745
25530 9627055
7473 9627667
9736 9629720
659 9633557
22835 9634411
18339 9636594
142 9636902
7964 9637235
7110 9637434
3042 9637999
23295 9638532
23441 9638571
6455 9642829
26700 9644751
17892 9644774
11191 9645029
8252 9645530
6181 9647903
606 9649253
8695 9654717
27534 9657467
25901 9658905
3947 9659391
23138 9660624
17567 9663957
8663 9664541
19981 9670568
17522 9671131
28159 9673914
16652 9675623
5184 9675710
4429 9676833
8166 9677991
19932 9679132
27298 9679366
1805 9683829
26151 9683959
23558 9684157
24714 9687301
11843 9687479
20633 9691240
28378 9692902
17241 9693629
1152 9695621
4369 9697077
23863 9701397
10319 9702562
16055 9703539
13417 9703878
5998 9705703
17206 9707058
8524 9709961
10993 9710162
23403 9711200
16556 9711362
12722 9713439
17989 9716112
15951 9716219
20803 9720146
24050 9720149
21909 9721742
27394 9722763
16206 9724187
15710 9726103
9418 9730489
4370 9731519
29375 9732235
8703 9733384
29637 9734183
11391 9736959
4145 9737648
6040 9740122
14027 9744668
10765 9745960
5794 9746561
419 9748311
24847 9748328
7142 9751019
21404 9752014
27559 9752173
19861 9755860
18116 9757171
9150 9758495
3718 9762249
7377 9762562
1470 9764264
1188 9766458
20695 9767657
6818 9771189
17223 9771261
23198 9774629
8132 9777468
1891 9778491
18775 9779110
24161 9779830
27328 9781060
5869 9781709
27384 9782975
15749 9783189
20361 9783772
27811 9788519
18148 9789893
865 9790254
17195 9792276
23768 9793759
22096 9794852
1334 9798328
29311 9804571
5486 9805656
28808 9806028
23324 9809076
20061 9809207
11891 9810019
11559 9812397
3055 9813533
7829 9814958
1718 9816493
26669 9817109
11091 9818293
25239 9819801
27942 9820681
26342 9821831
7705 9822391
22879 9824871
14162 9825637
1460 9825684
24829 9828815
27537 9830034
16792 9830227
22791 9830650
26153 9831679
10642 9832029
4525 9832105
3730 9836861
10352 9836943
19407 9838292
15196 9838660
6354 9839610
28432 9840139
21661 9841892
9765 9847170
28243 9849088
15155 9851609
1032 9853021
25886 9853822
27940 9855236
12307 9859267
14851 9861536
3778 9862220
19588 9862643
28101 9862748
22743 9863495
11002 9867080
23482 9868994
1271 9872251
26373 9876021
3142 9876890
19441 9876950
5675 9879075
28292 9882650
23475 9882662
29208 9882700
13889 9883346
21650 9884652
7760 9886669
28250 9887184
15945 9887664
17230 9887800
4103 9888832
1407 9888998
10996 9890289
18615 9894015
24098 9894921
11516 9896039
26006 9896987
2808 9898996
24705 9906362
27157 9910154
16230 9911123
21697 9911467
29149 9912981
21229 9913324
17229 9914032
4685 9916561
18530 9917675
8239 9917802
11932 9918462
10489 9920474
22762 9920671
2057 9925285
8191 9928172
21230 9929798
25662 9931303
20547 9931360
28139 9932062
23001 9932442
29169 9933786
6915 9933897
22921 9934810
11918 9937313
14409 9938959
19465 9941008
2680 9941903
13822 9942488
13729 9943328
11308 9944000
19838 9946265
24704 9946956
16716 9947007
20772 9947046
6499 9948967
722 9950374
25573 9951866
17634 9952777
3349 9953296
4195 9954170
17935 9956860
25310 9956893
27052 9957195
15857 9958219
15295 9958491
8553 9960008
5269 9963877
28861 9964047
6404 9965394
13407 9968117
24198 9970807
4949 9970840
24521 9971673
23388 9973268
19394 9976730
13378 9976912
21244 9983397
4096 9983983
22020 9983986
10369 9985763
4553 9987378
11940 9987488
18238 9987619
21307 9988520
1534 9988581
19793 9990841
1273 9996617
26076 10000238
29942 10000254
5962 10001400
21981 10005796
27469 10009408
20682 10009916
9684 10010709
10583 10012331
351 10013525
6820 10014148
13228 10018060
25864 10018863
24692 10020886
7009 10021452
507 10022423
4808 10027399
27744 10027589
3707 10030084
26526 10030232
15608 10032881
10362 10034054
17752 10035504
3584 10036977
135 10037116
23573 10037597
6264 10038792
9469 10038846
29132 10043996
8493 10044577
26647 10047638
29410 10049677
27947 10051733
32 10053206
7932 10055558
16117 10055678
10130 10055782
15558 10056839
13347 10056886
14284 10057334
27802 10057971
5460 10060475
20656 10066512
18076 10069444
2068 10072481
23160 10072723
16495 10073766
3271 10076761
8325 10077344
3290 10078069
4983 10078236
25973 10078780
18591 10081009
20666 10081152
21466 10082528
14262 10083506
13052 10087170
5763 10087838
11003 10088741
11179 10089114
22075 10091333
14785 10092896
20911 10093057
3062 10093517
27218 10097273
18603 10100351
10438 10101305
14988 10109482
21211 10110454
22067 10114019
15454 10115053
12317 10115093
22341 10115136
28445 10116390
28757 10117538
488 10117579
13467 10120423
839 10121180
15890 10122588
18585 10123713
22979 10123745
29011 10124444
25623 10124935
12205 10125405
1113 10125526
11892 10125531
4677 10126488
27924 10126721
4758 10129861
20961 10130541
14108 10130690
25783 10130946
9633 10132991
26470 10142143
14899 10143615
18849 10145613
6785 10147381
7716 10147864
3090 10148621
12709 10148962
21901 10159873
21989 10162101
10842 10162360
14248 10163432
11108 10165531
26432 10167147
5508 10167736
28331 10168960
11446 10170304
1468 10170339
25731 10173251
9467 10174758
19870 10178505
17950 10178716
9258 10178971
12671 10179567
24720 10181243
9844 10181446
17990 10182792
16008 10183588
14863 10184357
15395 10185998
12521 10186990
11303 10187938
26848 10188228
4859 10191145
5613 10191778
24003 10192806
4984 10192889
6433 10195452
25653 10195770
6564 10195927
25520 10197027
27210 10197484
193 10198114
24514 10198535
17754 10208501
9704 10213050
22836 10213280
23071 10224223
11549 10226205
21445 10227566
17374 10228430
23409 10228906
2113 10231119
12654 10233509
23757 10234288
17931 10237357
29795 10239171
22862 10239431
19070 10240015
18516 10244728
20853 10245801
8175 10248382
24934 10249824
9848 10250692
22217 10254756
3168 10256450
16554 10256775
21616 10256992
20734 10258524
18237 10259367
9220 10262939
5355 10263654
28862 10264954
12863 10265717
1014 10265741
25512 10267451
8490 10268508
15205 10272590
12125 10273482
25904 10274005
15849 10277861
13318 10285713
22969 10286203
15938 10286689
4038 10288690
19504 10288767
15714 10289007
1463 10290877
28624 10290969
2738 10291231
12929 10293203
27152 10293236
9974 10294244
29120 10296797
14799 10297140
16426 10301262
11142 10303067
12472 10303103
6220 10307779
4508 10310486
3612 10312294
9231 10313931
22726 10317066
11341 10317299
14697 10321427
1898 10322523
29672 10323933
10430 10324194
6703 10324951
21498 10325681
51 10325886
5870 10326011
28706 10326416
8055 10328988
19242 10329494
12869 10329634
5662 10332176
14132 10333311
3852 10333866
17675 10334897
29138 10336866
17770 10338451
2446 10338768
7062 10340892
29779 10342967
20431 10343337
28990 10344198
502 10349105
7255 10349386
29666 10349819
6125 10351320
16998 10352833
3093 10353970
6612 10354123
6198 10356404
29977 10357298
1849 10359855
15217 10361304
25134 10361856
12371 10362281
10812 10362789
22697 10367284
21768 10367514
12097 10368006
17224 10368471
2087 10371680
13997 10372035
23065 10372277
23578 10373255
48 10375436
10327 10375946
22633 10376173
153 10378184
9295 10378315
9075 10378950
9669 10379092
2234 10383439
1035 10385689
16899 10392312
11478 10393102
29886 10394029
29687 10394770
3053 10406124
5899 10411375
22956 10421762
29882 10422526
25532 10429342
29041 10433112
27289 10434938
18065 10436033
17332 10440624
8094 10440779
10524 10445001
2532 10445854
28278 10448682
26583 10451018
29270 10452168
6459 10453550
5781 10453845
5235 10454962
3750 10455535
14256 10455858
6045 10456457
27799 10457468
15568 10458404
21314 10458894
24999 10470421
19617 10470836
25107 10472602
7487 10473475
21048 10476968
13638 12583658
20669 12583855
22660 12585560
7797 12588704
19259 12592548
9731 12592559
12218 12593638
207 12594536
2736 12605308
19198 12605747
1845 12616823
16649 12618267
6088 12619429
4841 12620054
19513 12620276
9643 12621432
21820 12623181
10938 12623387
16790 12626006
5788 12627832
21682 12629231
28994 12630932
4727 12633997
27214 12636387
14474 12637849
29366 12641243
23228 12641620
8029 12642041
12437 12645821
2670 12647757
15620 12653948
7685 12656736
3209 12658369
24881 12659072
13478 12660416
25849 12668644
29290 12669294
25166 12671903
24876 12673158
23159 12674382
23539 12674726
10569 12675034
15427 12681631
23761 12684221
7233 12685162
23588 12685511
3201 12686899
23824 12689483
21197 12692512
16641 12692905
27946 12693466
4810 12699722
520 12702358
6128 12702711
7201 12708395
28000 12708907
26447 12711180
23279 12716097
16570 12716786
19500 12717275
4953 12718294
2145 12718615
3991 12720871
6936 12726618
9067 12726903
6832 12728209
14796 12730046
9885 12732099
13068 12734491
28164 12735042
9583 12735965
19162 12737496
4627 12739915
69 12743000
6989 12743522
6726 12745517
4515 12745576
19231 12749159
10019 12752301
599 12753569
27835 12754148
28161 12754888
27806 12756121
244 12757870
16541 12757914
6086 12758175
10282 12758699
5828 12759129
22768 12759315
3740 12761572
14224 12762144
21904 12763213
1146 12764266
25223 12765294
15207 12766590
11664 12768477
22091 12768513
14259 12769515
9482 12776182
19016 12778296
22318 12779390
13990 12779529
485 12781788
18021 12783695
1903 12783810
29302 12784741
2122 12785097
20373 12786825
4575 12788530
15793 12792374
15074 12793836
21218 12798980
229 12799178
19230 12799790
14073 12801214
12547 12802928
25501 12807095
6406 12807317
11614 12807317
13122 12808370
12144 12811935
25557 12813439
25010 12814149
8888 12815260
6087 12819605
4079 12819613
28447 12820194
23797 12823185
22160 12826792
15364 12827397
9870 12828739
2930 12830120
10899 12830413
19645 12832243
16926 12833734
1564 12837343
11112 12844051
19075 12847971
18565 12848691
17809 12850227
18617 12850395
15388 12853049
25407 12853855
29664 12855567
7318 12855747
15991 12856019
15457 12857005
16532 12857186
2359 12857417
564 12857439
26570 12860372
2101 12861324
5776 12861443
19948 12861489
13126 12862702
714 12863205
3399 12863267
13099 12863799
12719 12864562
10460 12865233
8406 12866002
12784 12868390
2588 12869206
17020 12871838
8537 12873838
17220 12877880
19498 12878816
2497 12879290
12697 12879584
26847 12880725
627 12881454
27114 12884835
12157 12888285
4791 12888515
26663 12889437
10227 12889528
5552 12892273
12561 12894475
16789 12894797
12573 12898738
24407 12902316
24197 12903512
17837 12904149
17827 12904224
23571 12908464
9261 12912465
17464 12913704
21397 12913791
6145 12914202
4731 12915647
28069 12916705
11613 12917493
27847 12918712
15959 12919590
16596 12925931
17072 12929838
5535 12935662
8988 12935896
5290 12935969
28383 12936825
19134 12944101
21372 12944794
17361 12945513
19988 12947168
6702 12947396
21246 12949355
24951 12949966
26029 12951031
23865 12953070
16016 12955225
6745 12955277
29453 12956668
18217 12957165
23275 12960045
23083 12961825
9893 12962080
27919 12968507
11553 12970104
9944 12977400
203 12982544
19593 12984391
6933 12985925
15745 12986219
12321 12987064
10947 12987281
27861 12987729
18096 12988754
21917 12988883
9630 12989980
24868 12990488
9617 12991452
15668 12992000
1076 12995620
6357 12995762
12991 12995771
21245 12998841
13064 13000281
6615 13000337
9619 13002890
14983 13005061
1037 13006411
6879 13007197
29798 13007217
5791 13011610
1272 13015471
1011 13016220
24398 13016435
676 13017171
23498 13018214
6414 13020407
18709 13021476
19292 13023143
1177 13025361
3345 13027701
22937 13029269
15618 13031027
18118 13032679
19905 13033377
27238 13033824
12579 13038309
4390 13039789
2056 13040667
5079 13042342
9580 13042549
28948 13043306
27295 13051749
20956 13052614
11062 13052815
11893 13052942
4394 13053357
26426 13059156
22841 13061008
28570 13061928
23649 13069144
27350 13074456
22649 13075036
28796 13076168
10556 13077719
8288 13078622
3265 13078718
15856 13082975
5558 13084476
12232 13085081
23019 13085419
13596 13087567
2225 13087808
8606 13087843
6405 13088310
18744 13100209
19297 13101062
28392 13107428
16777 13111199
13420 13112606
16325 13113250
24442 13115051
6914 13117546
4887 13118124
17034 13118375
5787 13119073
27645 13121849
7544 13123020
7865 13125510
25202 13126065
3883 13127063
17314 13127791
20054 13127815
13757 13130755
4707 13131948
20206 13134109
19786 13134340
15921 13138340
5885 13141068
4947 13142509
25959 13142637
10554 13143797
27125 13144309
4130 13146956
18422 13147069
27045 13147765
11066 13150570
1115 13151023
8306 13151498
27484 13152363
12370 13155572
25643 13155765
6590 13157856
3326 13159240
3216 13160095
13184 13160616
3631 13160774
1652 13162063
963 13164573
18802 13167308
18101 13169636
26997 13170387
28298 13170714
14827 13176013
24830 13176743
13749 13179245
16832 13179558
12239 13181108
19972 13181317
13376 13184101
24601 13184638
15322 13195219
22221 13197519
27576 13198212
28340 13199308
13583 13200205
25094 13200888
14383 13202746
8140 13203341
25447 13203434
7372 13206918
8716 13207875
20037 13207898
24969 13208461
15927 13208628
25529 13208768
5528 13210521
6941 13210846
5123 13211545
25827 13212975
9949 13214965
14134 13217701
768 13219455
7876 13221017
23926 13222994
25201 13225254
22006 13229121
7405 13230410
11076 13230828
11484 13234135
25708 13234351
8234 13234976
26323 13235434
28490 13238080
10266 13241714
7116 13242806
555 13243494
29497 13246090
7689 13246535
26138 13247253
5928 13255355
28546 13255547
26681 13259345
19243 13263465
21883 13263524
27293 13265278
4033 13265398
6709 13268061
1198 13271111
15285 13271674
2751 13272715
19620 13273477
21805 13278497
373 13287577
22609 13290333
8531 13290669
15280 13291107
9018 13294840
20758 13294849
13379 13303864
13992 13304280
22099 13304890
20692 13311059
6758 13311329
20681 13311609
5349 13312535
13083 13313198
8083 13315216
3344 13317512
1699 13322540
1791 13328260
343 13328545
10149 13330828
13664 13331397
3989 13331551
13593 13332329
2687 13333006
8650 13333031
9447 13336182
306 13339905
22103 13343912
5490 13353568
10848 13355157
19694 13355228
19884 13356459
17043 13359209
14009 13360201
24122 13360475
20983 13377163
22789 13380721
9774 13383656
15961 13391770
9559 13395015
25837 13396369
12548 13397648
24878 13400560
22068 13400633
633 13401605
13315 13401877
172 13403225
26264 13404679
27573 13405631
1458 13406582
13991 13406730
23524 13406990
1605 13407465
23123 13407712
10742 13408760
5694 13413277
19781 13413563
2000 13414207
15410 13414753
1353 13418247
7030 13421544
23170 13423584
12365 13427486
1040 13427489
23291 13427737
7185 13428402
22150 13428625
10766 13429942
18092 13432876
15502 13435511
11263 13437199
13203 13437229
26476 13437275
21825 13441535
15607 13442266
5995 13443666
6222 13444543
29947 13444639
20180 13446204
18449 13446908
16193 13448979
6460 13449043
6272 13450382
5248 13453352
22102 13454996
3761 13460122
18571 13468011
12485 13474802
15188 13475140
2654 13476731
15467 13476929
7148 13481293
26068 13482325
11035 13486343
20278 13493213
26383 13494595
3835 13501535
4109 13502429
15967 13502798
26040 13503132
2552 13504929
2241 13505394
8630 13506641
7929 13507810
18861 13511370
9352 13511564
3393 13512277
24078 13512497
23397 13512655
8283 13513250
8814 13513648
10810 13517812
25989 13518216
8501 13520274
27912 13520514
3565 13521763
5403 13523259
19613 13523482
29089 13526864
2879 13530063
571 13532471
18838 13533069
28866 13533988
2054 13534698
19001 13535542
3455 13536400
28536 13537882
24316 13538120
6286 13538569
14466 13539042
7645 13549830
12535 13552133
27848 13552754
4167 13554825
24587 13555082
20619 13555813
29514 13566753
20205 13566814
25064 13568937
19469 13569777
12677 13570506
7635 13570597
27523 13572120
25828 13572554
19537 13576566
11800 13578053
25101 13578434
13326 13581377
4472 13582389
24690 13582725
17584 13583280
9374 13583747
21045 13584395
5815 13584646
15490 13585606
8116 13585707
18125 13593007
9057 13593552
24809 13594264
27961 13601073
25026 13615667
24810 13616774
