5998
11485 1756
26370 3252
3048 6245
18954 8781
16267 9148
10050 14503
17099 14552
22312 14568
18638 17025
20377 17059
21013 17787
19381 20086
8855 20122
15727 20537
26496 21469
8048 24480
5175 25231
11123 27749
8479 29578
22634 30866
27815 31500
19040 32507
8128 32653
5215 35149
14017 35896
5955 40455
16679 43391
13607 43975
12760 44931
3465 46407
23481 48492
26204 49589
17918 49677
16002 52887
2030 55790
14580 56975
19141 57055
12781 57822
1103 58225
27341 60671
17491 62382
19983 64999
28653 65090
2213 66572
24277 66601
9357 66643
13019 67129
5643 68036
13879 68051
23504 68947
6761 71522
6150 73919
22828 74048
3950 74071
5910 76677
12268 79858
12924 81676
23280 82372
23133 82401
1255 84662
898 85565
9683 85810
27891 87010
10700 88034
18106 88556
2287 88823
10558 90060
26223 91473
779 91647
21802 91731
5001 92847
7413 96572
17130 96861
20899 99783
5119 104522
29643 105466
18397 107407
29774 107653
21035 108816
8117 109066
11307 109893
13649 110119
20533 110804
6732 112609
2472 114559
794 115819
996 118735
12338 119366
17728 119679
5135 121732
141 126754
4645 131287
10864 133685
26960 134923
20274 136289
20534 139949
12345 140000
12104 140367
22639 141526
25981 142305
23732 147777
25440 147917
14219 151405
16034 151917
21600 154165
26797 154615
14756 154767
22275 158525
4885 158579
2988 158795
19478 159353
27915 161513
25693 162407
17380 163444
25009 164165
12622 165659
16184 165713
28931 166702
20843 168002
12615 169179
499 173131
29387 176140
22453 178120
116 178132
13025 184541
1132 186067
25658 189905
24389 194432
10053 194513
2426 195836
9028 200237
10300 200883
23010 201629
29801 206411
18815 206423
19140 208472
6400 208913
16502 209139
27566 210284
17541 211102
13105 211169
14596 211993
25078 212346
24523 216549
13081 217272
53 220550
22551 221055
29042 221362
12814 222777
4005 223628
10527 223990
13603 224646
188 232718
12398 237966
7462 238697
27392 246250
11556 251057
12552 251371
10911 253211
18461 256176
25679 259326
17971 260735
6102 261703
7121 264588
2076 270042
18034 270287
17833 271680
2760 277855
1101 278487
5083 280804
10026 280895
17994 281732
24697 282147
8766 283130
28047 286085
19702 286888
21889 287981
29126 288325
8441 290181
431 292380
12340 293278
27236 293438
15103 295702
20424 295823
16689 296689
15663 296918
12828 297043
13135 298896
15555 302760
22603 302855
10834 303054
2461 306386
14201 308641
24199 310117
20748 312971
26010 313630
12744 315625
3772 316836
24882 320662
29342 322947
16704 323211
1737 323898
10041 325131
17913 328078
5940 329057
13506 329153
16975 330705
27108 332555
28690 333353
21720 335840
13754 335925
10232 339289
26565 343247
19492 344633
12695 348498
12570 350956
16464 351004
16284 351656
22531 352174
21454 354920
21860 355099
3563 355692
8564 359080
29965 363445
25686 365250
5234 366901
1402 367303
6799 367867
20149 368139
4253 369404
23024 375502
568 375525
25229 376176
4512 376834
8137 378134
14996 381776
20101 381931
5605 386788
9905 388564
28554 388856
16014 392925
2051 394270
7814 394734
7220 398400
15408 401506
1823 401878
18143 401883
22607 402868
10580 403150
15698 403372
25720 403431
15932 405296
14251 405510
5901 406046
4116 406071
29665 406797
29437 408219
28623 408738
14059 408941
6449 410803
24495 412066
1698 412115
10098 412257
16515 412444
18521 413263
15566 415013
8993 415615
15598 415722
7788 418229
19078 419384
4497 420418
9080 420887
21887 422648
4039 423535
20694 424368
25659 424604
21963 424894
6977 425912
29339 425959
10755 426383
22238 428682
13832 432588
16671 434708
19452 437648
10069 437982
7294 438254
25972 445543
27970 446029
28165 447382
7745 447935
19033 448509
21838 448763
3057 454010
16169 454270
18649 455207
11515 456639
5131 458727
25090 461148
10973 463502
19833 463814
11334 468874
3906 469902
31 470770
280 476959
13252 477681
2217 479642
25333 479782
14081 480117
8693 480578
15629 480791
21513 480840
1547 482348
10823 482447
21918 483193
29489 483460
7632 483758
10175 486730
2830 486906
11660 489604
278 490534
12008 490706
7089 492398
13875 495472
21112 496115
19757 499172
19116 500297
570 503098
27458 503396
7103 504766
26773 508794
11571 508848
18574 509025
9240 509804
2267 511189
19774 511896
17055 512170
11716 512186
15735 513296
22536 519148
25568 519783
887 520161
3872 523796
21563 523937
12492 524047
14129 526469
27794 527189
15670 528673
4903 531086
6551 533878
3524 533933
28423 535483
3488 535638
1017 536672
2232 537309
27987 540885
5960 541606
9618 547353
19604 549614
19819 549923
29821 550684
18522 554160
7122 554630
16188 555451
16185 555632
18737 556841
19131 557365
6980 557953
21671 558285
24374 558961
12945 559728
16121 559771
2816 560916
28760 561333
15245 561934
926 562067
23594 563240
11839 565933
19391 566494
1730 568878
15276 571604
15090 571668
20699 573066
23367 575553
13198 578581
13925 580001
17696 581223
23014 582344
27225 582586
234 583272
11532 584033
24833 585176
12683 588937
26851 589013
4375 589993
29486 590638
11588 592152
4650 595165
19651 595747
25265 599322
12981 599914
6580 600352
3791 600660
11927 600944
22165 604301
5455 604317
18498 605128
12998 607814
23465 608852
4311 609280
5190 610789
21817 610940
8285 612832
1789 614714
11541 617343
6613 621665
11637 622198
9189 624317
19442 625455
26822 627682
12593 628960
22009 629004
27198 630245
16683 632015
9007 632030
13213 632533
26529 633031
22182 635797
28249 636439
13461 636537
2761 636622
1852 637817
10706 641925
13415 642523
12965 643301
4162 643475
15766 646239
10805 647406
6713 647600
1574 648627
28403 649018
26098 659097
29187 662488
24942 664417
14403 664732
16452 665859
19551 666595
24032 667863
39 668027
28582 669787
26079 671699
19860 673557
18430 673852
14057 674089
3560 676049
29480 676501
8659 678397
12807 678713
125 678781
5487 683727
8400 684191
28424 685876
25017 687366
13112 687797
19834 692490
14748 692554
4608 692597
2365 692627
1336 694635
24995 695528
26687 696122
28485 696250
1397 696290
74 696785
29662 697597
16871 697944
14876 700164
13485 700581
8943 707423
3479 709713
6199 713203
17843 713909
2633 714433
12411 718053
2887 719423
21259 720460
22497 720835
7418 722018
28382 722352
10943 722859
28136 724021
24215 724563
26139 728287
19480 728728
29989 731740
22253 732123
23659 733608
18404 733623
24968 740848
10922 742351
2455 742710
14524 746466
2868 748458
21951 749457
9062 749518
4547 751035
15114 751178
22364 755636
26396 756155
6725 757192
23679 758164
12116 758968
2705 764629
3108 767709
3665 767985
12794 768419
17921 771226
22777 772092
17804 772230
24099 772622
9088 773113
27683 774196
19622 774557
27777 777617
22492 777638
23839 780328
13662 781298
11663 781779
919 784672
13403 787992
18780 788608
9978 790633
11649 793402
20098 796241
29242 796538
6447 798320
7040 798928
12756 799933
9313 802343
9989 804150
26500 805692
29006 805997
24890 807623
8043 809502
11473 810190
232 811144
3679 814217
19223 814421
145 815179
22157 816211
6773 816630
19299 817498
17191 818825
28670 819241
6390 822253
4042 822826
28343 824514
16620 826493
21666 826611
16660 830325
11854 830702
18884 833054
27898 833849
10987 834375
14854 837278
28495 838769
11031 842973
29818 844061
4507 844454
22258 845659
21260 845672
11290 846331
12957 848288
19618 855925
22151 857699
4198 859996
17517 864674
23755 865571
22463 866660
27346 867108
26579 869897
5374 870737
22520 872103
361 873650
17215 874764
10551 878743
10696 880509
11127 882244
13046 882708
9221 885225
15171 885500
10866 885657
8018 889301
28032 889380
17751 891549
18097 893360
22107 894653
29693 895022
15973 899960
483 900591
10435 901530
3466 902720
28180 904491
14550 904885
8675 907056
861 910148
11260 912401
28537 914899
10507 916496
6308 917752
8611 918319
28266 921496
29724 927904
19365 929598
11194 930925
18579 932825
3723 933199
16036 934244
13966 934584
28955 936303
27770 937752
8126 938015
3513 942288
5100 943334
20519 944480
28081 944744
13780 947531
8328 947950
17023 948778
7605 955681
28822 956749
2985 957501
25401 957855
28782 958937
8798 959055
9856 960581
11810 965206
12886 965613
9678 968265
29572 968880
12420 970249
16509 974257
10396 974430
15450 975461
16217 976078
28329 977236
6603 977865
20372 979674
22667 981451
14099 982310
6080 982942
1836 983792
23861 986185
6009 986854
17692 987501
4933 987561
24599 990982
4980 991685
10017 991688
1488 995724
28566 995942
10183 995974
1677 996767
9493 997929
10543 998521
26630 998960
8057 1000971
11056 1001303
17461 1001618
8021 1001666
49 1002850
27212 1004085
3355 1004884
22886 1005135
24369 1006721
19910 1006966
27655 1009553
7715 1011826
24400 1011990
6076 1012670
7340 1013257
18251 1015153
2432 1017439
27822 1017784
6696 1017944
28308 1020485
18913 1022134
2448 1023035
11885 1025660
259 1027505
4931 1035814
21345 1035986
13929 1040075
1352 1041104
22025 1042502
11751 1043033
13443 1044024
6267 1045691
5784 1045732
15931 1051388
17210 1051779
4574 1053028
4972 1053455
12809 1054387
21731 1054434
11224 1058874
12878 1059243
3897 1059715
11400 1060904
27383 1062318
11 1062678
14179 1062964
4496 1065462
19992 1066320
16484 1066872
14537 1068067
17544 1068159
16180 1069741
13277 1071059
22232 1073885
27118 1076651
14068 1078297
27635 1079116
16436 1080245
1876 1083309
16946 1084823
9782 1085696
22475 1085757
24544 1087403
8509 1092835
4361 1092959
22026 1093117
18674 1093645
23877 1099567
15243 1099765
22686 1100355
21390 1106677
10934 1107794
27331 1112676
15649 1112759
1740 1114889
14566 1115908
20931 1117474
19711 1119446
19601 1121696
16326 1123227
22792 1124198
1772 1132623
21243 1133172
24727 1134206
23966 1134837
1235 1136554
21439 1138769
5823 1139521
6802 1139886
17899 1140671
4750 1141240
7504 1142010
22351 1142789
16741 1143294
22910 1144129
3969 1145689
23401 1148168
11841 1148500
22699 1150351
10849 1151403
24010 1155356
23534 1156608
8549 1158361
25592 1158469
16702 1158889
13902 1159789
7498 1160051
21743 1160332
10685 1162279
17154 1163053
24381 1165852
26093 1166478
24778 1167432
1024 1168432
5521 1170576
29866 1174198
929 1177537
1625 1177627
5282 1177899
8248 1183474
23089 1185447
27846 1189181
25774 1189211
2944 1192514
14204 1194189
9322 1195302
7231 1197663
28038 1197711
3458 1200900
21213 1203205
15016 1207635
29155 1209534
11808 1209912
10218 1210366
14431 1211740
28411 1213221
19688 1213603
9089 1214975
7817 1216796
23850 1218671
27710 1221259
21023 1223140
1413 1225287
22763 1226132
226 1226222
25905 1227255
28873 1227508
9886 1229274
28714 1231795
16384 1232175
6542 1233646
27432 1236067
27660 1236833
19968 1241880
21440 1242417
2708 1243524
18843 1244295
13970 1246274
28129 1246423
7500 1251439
21190 1251859
27721 1254224
25622 1257377
22191 1261102
17984 1261551
16482 1266391
18694 1268307
8373 1268329
12712 1268490
6484 1269293
19689 1270160
15779 1270786
18095 1272354
29915 1274135
17321 1277444
2132 1277831
18194 1278450
25578 1280755
15316 1280872
4227 1282130
4183 1283055
23255 1284657
29696 1289716
6717 1291112
9063 1291799
19804 1291927
12802 1292266
11584 1292901
1995 1298256
17554 1299566
2616 1299583
26598 1302422
8139 1302986
3442 1307266
11153 1308318
8566 1309362
3809 1311866
2367 1313382
10850 1315998
6754 1318363
3470 1318728
15426 1322123
9649 1323034
16469 1323209
17618 1323586
10843 1323889
3267 1329216
26702 1330904
27141 1331545
20217 1331815
20819 1336394
29715 1338800
10893 1340085
16983 1341703
10142 1341747
25611 1342045
11019 1343347
15705 1343625
19125 1344229
19467 1345367
28804 1346140
21692 1346871
27648 1347716
8797 1349209
27425 1356495
24386 1357307
4519 1357882
16386 1361450
27219 1363630
11858 1363915
5516 1364237
21996 1367552
27160 1368202
9751 1368389
20405 1369195
10882 1372860
6231 1375302
2362 1377094
4513 1377924
5543 1379132
2284 1381755
19848 1386379
17165 1387128
25713 1388409
3262 1388789
15651 1388797
29391 1389654
21411 1391849
15360 1392019
15209 1392080
3261 1392375
13446 1396095
23003 1396453
3815 1397121
3200 1397380
10795 1398270
730 1398863
8037 1399422
20981 1399946
21908 1406670
2713 1408498
12078 1408751
2527 1413418
17486 1414596
15144 1415166
15514 1415595
23444 1417342
10707 1418915
22977 1421616
13684 1423404
27183 1425093
5242 1425121
9526 1425964
15493 1429027
21888 1430710
28950 1431456
29400 1434801
276 1435451
6535 1435772
8792 1435974
8614 1438446
23104 1441696
22267 1442005
6084 1445352
6321 1446601
21371 1447021
28474 1447226
1907 1447644
27104 1450126
20761 1451509
1545 1452038
18205 1452085
17836 1454360
24169 1455593
10813 1455724
5790 1456869
18933 1457622
9291 1457975
16305 1461642
13548 1462293
25215 1463608
7997 1467435
28594 1468118
28850 1468524
11154 1469634
17393 1471709
7800 1471754
12326 1472999
7769 1473988
26492 1476490
5387 1478006
26670 1478714
809 1478875
25196 1480100
13245 1480388
27267 1480994
26322 1481078
22611 1481592
25807 1485156
4863 1490868
8062 1493257
18486 1494520
21669 1500749
22804 1504503
28443 1506345
3902 1506433
25396 1507947
9892 1508744
19031 1510337
9130 1511490
4667 1512674
16523 1513024
7607 1515577
9831 1516226
25744 1517759
15829 1520066
28064 1521016
18323 1523736
29248 1525224
6967 1525441
6494 1526728
24284 1527291
20344 1529813
10263 1531323
11382 1532220
12367 1534088
28093 1534139
10564 1534705
9698 1535065
29016 1536646
14271 1537147
15080 1537462
16240 1538568
26765 1540038
28534 1542108
10086 1542225
20327 1542562
20463 1544126
24465 1545734
10610 1545947
1573 1550542
2926 1552411
24240 1552423
22185 1552465
10202 1552539
1493 1552616
7143 1552833
18351 1554748
28033 1556327
14670 1556638
26709 1557500
10351 1557696
16356 1559430
26320 1563069
19518 1565978
17425 1568960
3076 1570190
26803 1573868
25533 1574298
13969 1574525
5559 1575631
9840 1577352
6825 1577773
23734 1581261
3702 1581442
4133 1583561
5592 1583659
23322 1584318
7371 1585560
10173 1587835
18456 1588652
9509 1589004
13148 1589423
18979 1590445
1062 1591007
41 1592107
23122 1595107
8565 1596116
15797 1597409
11920 1599784
1097 1603626
16296 1603937
10021 1604226
6182 1604485
27102 1605100
24654 1605989
1467 1607374
2473 1607545
4688 1608368
23800 1613698
9389 1615851
4413 1616145
27357 1616524
13983 1619887
26276 1620613
15643 1620627
27825 1623091
27021 1623116
21995 1623797
290 1625249
8022 1625359
14220 1625806
6079 1625906
23902 1628866
23349 1631056
26792 1633718
2620 1634657
27543 1638720
2224 1639838
18887 1641561
542 1642071
2139 1642591
19723 1642758
27373 1643906
1647 1648658
11831 1649166
29030 1649340
29257 1652838
610 1658770
16163 1658978
15236 1659914
20985 1660088
8764 1665327
19993 1666618
167 1667159
26133 1670742
6464 1672673
28599 1673268
8692 1674656
18345 1677794
16767 1680068
9316 1680701
26213 1683329
12455 1683807
26103 1685904
25469 1686223
20994 1687719
14775 1689425
7051 1691969
22731 1692072
23067 1692372
18337 1694385
28591 1695711
23870 1696902
12523 1697311
3851 1697516
15768 1699737
5111 1701235
9880 1704134
827 1704413
3609 1707878
18070 1708078
2590 1708722
24773 1710965
17730 1711007
11380 1712917
26041 1717574
21518 1717646
23592 1719545
25895 1722160
20992 1723240
27601 1725491
13197 1725696
26 1726316
15282 1726668
13361 1726935
27791 1728566
17136 1741109
20759 1742701
15203 1743622
4245 1746849
24421 1746949
14490 1751187
11474 1751607
20417 1752699
23905 1753589
17320 1754783
17175 1755350
25063 1758411
29344 1759656
3757 1759818
2869 1762276
28543 1764754
8221 1766456
5221 1769999
11371 1772305
8276 1772744
23872 1773171
19364 1774600
27577 1774752
13748 1776935
22449 1778128
23374 1778140
18587 1780619
13399 1781482
21658 1781653
16609 1782952
28809 1783050
17076 1783145
29883 1785874
7801 1787241
5371 1788529
17869 1789037
4485 1790513
13721 1790761
14164 1790995
16553 1792247
21485 1794512
17706 1794623
9728 1794864
6512 1797175
16822 1798471
16322 1798848
11517 1799461
17721 1800651
18030 1802129
26258 1808692
19404 1810834
9210 1810858
8628 1811235
735 1812309
13231 1814635
6926 1815822
19748 1815901
15783 1816174
21083 1817622
11991 1821258
19099 1821880
20570 1822420
1855 1822509
27707 1826607
27914 1827652
11742 1827981
20492 1829936
15349 1832265
22430 1832375
12089 1833654
19123 1835568
4460 1836557
1051 1837141
23563 1839201
16049 1839413
743 1840973
25056 1842797
3440 1843275
13621 1846723
16463 1846894
856 1848868
11946 1850101
16847 1850422
26472 1851636
2516 1851689
20612 1853595
27315 1854930
8989 1861141
12443 1862938
3912 1864414
5750 1865619
13609 1866336
25974 1867539
22650 1868400
21161 1869367
12095 1869495
6417 1871128
18385 1873499
16630 1874709
14404 1875768
7519 1876258
3371 1879030
86 1881543
26314 1881887
24740 1885087
19185 1885521
3106 1886304
29544 1887995
5064 1888004
26631 1889048
23766 1890368
18275 1890450
15870 1890573
3510 1891969
1321 1894066
12675 1894926
4483 1895474
7952 1896897
9064 1900023
29392 1900580
23570 1902070
7018 1903367
21960 1906647
3263 1909572
15314 1909788
1150 1910326
13143 1912718
29267 1912864
15443 1913957
25181 1925363
26953 1925816
19965 1929082
21735 1929496
4399 1931498
3716 1934202
1044 1934242
20510 1934513
29623 1935661
28346 1935830
16361 1936085
9560 1937639
5560 1938277
24309 1939226
4035 1939485
20753 1943205
2504 1943354
24360 1946423
28007 1947128
5121 1948762
18255 1949985
21920 1951845
16145 1955012
7476 1956098
21923 1956579
26957 1957194
21542 1961315
29546 1962156
28256 1963540
12937 1964788
3463 1964898
7608 1965903
13567 1967150
6829 1970112
9872 1970266
25817 1971076
8151 1971829
10912 1972009
13928 1972818
20465 1973076
12919 1974537
20634 1977168
7778 1978022
9994 1978210
17490 1980152
19055 1980446
842 1984039
23707 1985152
19906 1987551
10529 1987692
20325 1990808
21233 1990962
29636 1992719
870 1993502
7348 1994796
10342 1997054
19188 1997830
19789 1999677
3758 1999814
22900 2000054
2933 2000114
11377 2002539
12059 2003040
27447 2006688
28897 2008342
11481 2008646
11374 2010275
6950 2011992
28285 2012741
22679 2013241
17846 2013295
12322 2014053
29457 2014961
17240 2015082
29140 2019446
24325 2019536
7274 2020454
20724 2021783
9354 2021865
14587 2023770
15088 2027224
24842 2031445
15482 2031548
6477 2034343
2617 2036450
28312 2037043
9737 2038718
21626 2038975
24631 2039011
19927 2041295
2970 2043480
12922 2045745
13738 2047224
19573 2048618
10395 2050032
21962 2051102
16812 2052450
22627 2052782
11728 2054332
24141 2055056
17996 2056060
2383 2057021
2813 2057084
4149 2061843
8843 2064725
2358 2064940
15373 2065085
2793 2065598
19204 2066418
3626 2070267
18079 2070381
12319 2071630
26509 2075008
15200 2075072
19214 2075120
16287 2076155
2703 2077324
28745 2077635
6234 2078530
12804 2082820
28034 2085068
26894 2085077
15352 2086026
4613 2087027
24629 2087926
13080 2089306
12080 2090679
27968 2092372
13216 2092972
29748 2094617
522 2095389
10906 2095619
15546 2096053
11381 2096550
7573 2097233
6856 2099002
10541 2103857
26833 2105021
4211 2106546
19221 2107605
27680 2111723
5752 2112680
5 2113990
4249 2114159
8968 2114260
26245 2116484
16912 2119074
28574 2127436
1453 2130533
17526 2130735
23250 2132655
27729 2134213
16347 2134707
16476 2135062
28171 2136716
22682 2136957
24989 2137055
21089 2138522
6983 2140157
1064 2140728
529 2142228
12422 2142527
26634 2144398
18733 2148291
22820 2148315
2026 2149235
11630 2149797
1906 2151151
2669 2152515
18611 2154471
11004 2156844
9518 2156959
13460 2158996
2524 2160508
16072 2165414
21315 2166440
5420 2166557
26782 2167239
3424 2168275
21137 2168536
14920 2168734
5442 2170671
24096 2172622
27582 2173081
24534 2174024
16930 2178426
18903 2180395
18228 2181032
14243 2183384
26888 2183942
22395 2184076
13564 2185803
17771 2186343
12637 2189912
19990 2191091
1012 2191265
19334 2191902
25000 2194005
25473 2197611
20678 2199846
24959 2202146
28604 2204175
5663 2205379
25185 2205678
25349 2207253
14578 2207577
20995 2208460
9223 2208698
965 2209354
22466 2211844
5065 2219745
12823 2221011
12005 2225135
20604 2226561
29595 2227527
28913 2228673
10012 2229714
4687 2230765
25317 2231717
13693 2232957
7695 2235302
25900 2237497
22963 2239807
19423 2241171
14088 2243068
7210 2246259
19928 2247855
26918 2250421
25320 2252040
20351 2252901
5236 2254489
16330 2254665
24706 2255562
19081 2255647
27401 2256136
1707 2256345
7474 2258910
17443 2259268
40 2259487
13458 2260082
12462 2260121
4054 2260146
29086 2260733
28350 2262131
15525 2262506
26180 2262631
29788 2263301
12107 2265557
11414 2267985
24639 2268847
19181 2269743
14811 2270190
17013 2270624
13472 2273321
27227 2275823
23268 2275911
29236 2278625
8673 2279781
4746 2281140
22864 2284760
15897 2287875
25503 2294176
22007 2299144
18751 2299519
7495 2300244
25156 2304328
4494 2304522
15978 2306832
9391 2310248
23676 2316566
9553 2317331
27805 2319013
26581 2322276
21181 2325711
13834 2326752
2219 2328192
26745 2330049
27614 2330597
21723 2335646
5683 2337305
28739 2337596
3280 2337633
27587 2338196
21415 2342578
6310 2344601
16113 2353872
12092 2354627
1094 2355231
15262 2355797
18997 2356731
22314 2360140
18246 2360451
12417 2362601
22995 2362789
17467 2364225
21716 2364512
7279 2365888
19451 2366911
25510 2367066
17700 2369455
7740 2371429
8657 2371833
14698 2372897
5775 2373306
24557 2374756
16798 2374878
21536 2376557
26810 2376587
11646 2376923
21072 2378101
13171 2378321
21683 2381467
27438 2382161
26508 2383150
13843 2384192
4059 2384404
16102 2385268
7211 2385921
17500 2386507
19787 2388406
464 2388968
25381 2392475
19246 2393121
13790 2393779
29243 2394408
16383 2395461
13305 2397015
17328 2398473
11368 2398718
25932 2400863
28060 2401194
945 2403924
9510 2416285
12643 2426602
939 2426703
21845 2426721
28335 2427074
27854 2428390
26255 2429227
28231 2431581
13163 2431844
14767 2432763
17208 2433628
8308 2434120
22668 2434493
13767 2434737
26477 2435915
18494 2437223
29074 2437560
6648 2440923
15516 2441654
22344 2442699
15809 2445818
12353 2445975
16453 2446723
24270 2449049
12286 2450652
9152 2450669
8534 2451354
14487 2451393
552 2453424
18880 2453466
16510 2454191
22501 2460116
1158 2460761
9724 2461935
25579 2462014
7753 2462610
12766 2464742
13980 2465094
16128 2466671
1522 2467473
2728 2471584
26283 2473922
12484 2477140
8494 2477566
14624 2477798
18721 2479160
21321 2479716
16788 2481130
9606 2481463
28333 2482063
5701 2486703
26678 2486925
29227 2487167
17302 2488609
1723 2489866
55 2489996
28247 2490185
22546 2491334
7799 2493158
1054 2493888
29918 2494099
2766 2494629
25348 2497310
22745 2498207
748 2499886
21459 2500135
6061 2500305
26371 2500341
21595 2503594
7720 2504371
7707 2507229
9259 2508302
1651 2508313
26800 2509420
2314 2509975
24918 2512954
5101 2513535
6384 2517364
27841 2519871
28615 2520097
14470 2520843
28418 2522737
14819 2522999
2080 2524152
3115 2528547
26551 2529766
22220 2531288
7029 2531592
23903 2532972
21263 2533820
523 2536445
9106 2540776
26814 2542208
27667 2542834
13215 2543643
12265 2547480
20704 2547997
16115 2552894
28999 2553334
26994 2555352
3936 2556001
18795 2556168
15679 2557696
22945 2557701
3153 2558040
13237 2558830
23901 2562212
17711 2567760
11238 2569389
25309 2570518
25205 2571207
17519 2574222
6303 2575756
4630 2578229
12391 2579256
28400 2582814
17593 2585112
16010 2587607
15037 2591166
16358 2592228
17391 2592733
21573 2592913
29797 2593389
6195 2593541
22445 2593776
367 2599188
23218 2600066
250 2601824
5461 2602368
23461 2602663
4123 2603641
22325 2604499
13592 2607175
13653 2609106
5866 2610162
8865 2610660
5263 2612161
8216 2612340
12979 2612653
14258 2613174
21323 2615592
13088 2615726
14665 2616376
22496 2616868
11424 2617089
9959 2619528
947 2622408
13219 2622988
16367 2624466
12025 2626806
26348 2626926
6793 2627024
19222 2627695
5688 2630581
21676 2631279
5334 2633051
19200 2634649
18982 2634664
9329 2635709
5158 2637246
695 2637377
2272 2638349
11989 2638743
13451 2638921
12165 2639565
4009 2641775
4834 2643045
28213 2643666
23806 2644077
26976 2645984
15801 2652391
29123 2653331
9226 2653659
23088 2659604
22678 2660771
20094 2662390
26754 2662640
1437 2662944
23535 2663238
28226 2664160
9554 2664202
18144 2664694
5256 2669315
15168 2669432
3175 2669530
14692 2669731
2062 2669829
22621 2671271
13382 2671635
25986 2673170
12575 2673403
26026 2676648
19612 2676739
17708 2679164
15536 2683410
16227 2684557
3141 2684956
22856 2685795
26236 2692741
3821 2693589
24919 2694417
21847 2694480
9388 2696849
18953 2697854
26429 2700067
3347 2707910
6092 2708182
9636 2708986
14739 2709556
334 2711434
18644 2711681
14812 2716174
28359 2718683
6110 2718967
20815 2719699
29103 2728367
6663 2730186
16364 2731733
6860 2735366
13815 2737991
2264 2738916
3144 2739488
27990 2739514
2245 2740773
28665 2741856
8093 2743851
7861 2751157
19184 2759269
25673 2763721
29060 2763799
5007 2763899
22631 2764518
1195 2764696
27264 2765358
18058 2765936
16081 2766634
21025 2767670
8332 2768684
17911 2769922
981 2770245
10693 2772346
219 2772431
2180 2774332
17920 2776702
16958 2778205
10656 2780987
14667 2782394
15764 2782695
8748 2783504
2652 2785732
29441 2785987
10264 2787369
28313 2788408
3084 2795063
25502 2795883
11057 2796371
15169 2796878
18105 2798095
8404 2801618
22122 2802081
28831 2802507
23021 2803227
16432 2804689
18414 2808550
10726 2810753
15997 2811682
17127 2812244
6902 2813331
29216 2813435
26758 2813465
6752 2815343
28379 2821359
7026 2821851
7507 2826257
13037 2826913
18804 2826932
10355 2833688
14937 2834717
28145 2838273
22761 2838481
15386 2838823
8347 2839076
8251 2840293
11775 2841906
9752 2843013
4299 2845214
21369 2845876
2090 2846642
23386 2847972
24803 2849819
14874 2854842
23400 2854884
1053 2855392
29945 2857151
9629 2859368
29858 2860471
11875 2861923
18995 2862255
19743 2863073
10329 2864856
24327 2866556
8399 2868697
24330 2870096
9950 2870402
14749 2875820
13359 2883923
9361 2885774
1649 2885975
7804 2886498
22513 2887150
6840 2890031
24244 2890473
13636 2894764
4729 2896723
4416 2897335
13239 2897737
25294 2903408
1289 2905193
11651 2912718
19607 2914199
13457 2914910
13140 2916517
22495 2920308
1450 2923364
25544 2924284
25598 2924849
677 2925370
5810 2925563
4036 2926131
3246 2926159
9052 2930300
1638 2931049
28044 2931736
3409 2935121
5285 2935653
13102 2936454
22363 2937100
27304 2937543
17870 2939712
27937 2940891
1788 2940957
21004 2941048
3998 2941585
24239 2943234
26146 2947563
28634 2949264
911 2951639
8485 2952310
4484 2953736
9957 2955544
11828 2955575
16505 2958153
18069 2959274
4541 2959300
19657 2960029
26136 2963588
27372 2965080
20216 2965108
7385 2966461
24101 2966918
17851 2967497
26455 2967813
23610 2967965
28896 2968468
15904 2970843
25343 2972190
10937 2975960
7242 2978336
2958 2978509
9256 2978996
15337 2980112
19102 2980676
27999 2983091
25256 2985244
4939 2986313
22158 2986749
14079 2987347
6517 2987785
2819 2989630
29327 2989825
5935 2990528
10320 2994450
23201 2997215
25930 2998250
27522 3000436
29541 3001077
23786 3005403
4382 3005704
12223 3006345
8450 3007886
27442 3009640
4043 3010122
16105 3010439
20651 3010652
8895 3011289
29212 3011603
4360 3013119
25052 3015591
17637 3018316
11934 3020598
5924 3020925
16259 3021670
21771 3023191
7184 3026283
7674 3028455
29081 3029431
6740 3030737
18640 3031612
8335 3031808
5509 3032467
26034 3034000
28020 3034271
2411 3034716
14001 3035219
13941 3035361
2891 3043726
5106 3044060
26521 3045060
19405 3046141
10555 3046411
17002 3049020
18896 3053851
24922 3055272
5513 3059799
1774 3063352
28989 3063542
6485 3064985
3598 3066371
24781 3069707
4321 3074913
10686 3074945
1577 3075102
20816 3075879
16533 3076135
21392 3076513
1193 3077148
12150 3077645
22653 3078037
11007 3080859
12741 3082535
6789 3084586
19509 3088415
22111 3095265
22135 3095787
25006 3095896
12639 3097629
7307 3097693
27545 3098881
6916 3100637
15703 3105399
20489 3107453
2305 3108649
2420 3109185
23843 3110560
27844 3115639
3299 3117654
21540 3118364
18839 3119764
27562 3121799
7867 3124474
8929 3126812
22829 3128144
10129 3128412
15940 3128553
1110 3129931
6233 3133744
10076 3137220
4040 3137983
6010 3139314
29555 3143574
24114 3143984
1504 3143989
12849 3144203
20021 3146120
17824 3146159
22989 3147334
2111 3148591
14581 3148891
22899 3149988
22340 3151312
9044 3151743
26899 3152856
14606 3157953
19143 3158908
84 3159572
14999 3159702
3545 3162038
7282 3162349
9066 3163353
12564 3164044
24363 3165381
25477 3168086
29043 3171094
4075 3173111
9442 3174731
12917 3174834
23890 3175148
29703 3175932
17484 3175978
954 3176432
7180 3178362
6894 3178994
4636 3179128
2981 3179402
24441 3181111
20360 3185253
21814 3186545
2002 3190122
18485 3190163
4480 3190359
7927 3190940
2398 3191482
17681 3192185
10105 3193595
3964 3193642
11836 3193997
26989 3194730
13310 3197263
28674 3199579
15264 3200036
4297 3200364
14321 3203939
12440 3207910
26479 3208875
26778 3210461
28274 3211368
24861 3211544
21591 3212253
23333 3216377
25184 3217815
28697 3218546
17668 3218632
7082 3219074
18994 3219175
13266 3221280
2374 3221707
25155 3222112
24151 3223454
12403 3223497
18123 3226053
21099 3226949
28086 3227920
24020 3230918
427 3231595
1636 3231610
13152 3234384
28721 3235345
17155 3237299
27957 3238605
24283 3240929
29758 3244426
24656 3245614
23018 3246399
29117 3246434
11662 3247197
4218 3247266
24373 3247373
19548 3249862
5321 3252193
5360 3252505
26684 3256755
1796 3257124
28472 3257315
27881 3261911
20676 3262078
4326 3263548
28220 3265548
1753 3266606
14472 3267231
14300 3269394
13191 3270606
24126 3273787
27628 3275582
12222 3277494
10909 3282052
2163 3282859
17278 3284118
401 3285968
909 3286005
21430 3286063
25914 3286149
14264 3287187
907 3289021
20335 3293505
25384 3297429
24186 3302996
12468 3303193
20991 3303794
17339 3310690
10125 3312899
94 3314086
29063 3314406
29133 3317687
22872 3323967
22016 3324816
16110 3330232
10598 3330843
10448 3332851
3668 3333313
12063 3335577
20565 3338754
24285 3338899
7092 3339178
4854 3339744
4585 3342707
6306 3343342
11313 3345761
28712 3346304
12608 3347364
7471 3348369
185 3349253
17311 3350889
14087 3352831
3580 3354467
13898 3357787
8613 3359916
23851 3362273
10028 3364053
10542 3366993
12514 3368077
21407 3368570
9495 3368770
27840 3371783
9600 3371966
16199 3375311
14931 3377031
26512 3377074
14676 3377259
13256 3378027
12279 3380072
20822 3381298
14127 3381701
20144 3382655
11814 3383689
24795 3390286
28017 3392757
23385 3394131
17188 3394524
18697 3395029
5092 3395240
20298 3397734
26081 3398335
23356 3398362
13856 3398459
5676 3398597
5687 3399096
9529 3399396
27116 3399420
15099 3400632
28525 3401543
10920 3401839
26404 3403343
29909 3403601
24975 3407793
14869 3408977
20342 3409517
3054 3410707
8528 3411717
26922 3412942
4658 3415467
19353 3415743
25564 3417881
23647 3417952
20289 3418964
1154 3419895
19446 3420812
26332 3422003
4924 3423390
14562 3424379
1862 3424997
13296 3426037
28246 3426173
10331 3426421
7483 3426704
26546 3429410
9455 3430269
12145 3430289
16943 3430875
4610 3434155
20847 3438393
6103 3438932
15323 3439934
882 3441000
13817 3441337
16882 3446901
2311 3447142
28716 3447425
27369 3447508
24432 3448879
28971 3449127
3575 3449275
18336 3451437
23468 3452518
27674 3452866
3691 3453463
3569 3453731
13568 3454851
7550 3458796
29474 3459696
9854 3460797
17589 3465725
12940 3467476
17225 3469385
11945 3470948
3401 3471162
24719 3471274
15661 3471431
14280 3472138
20165 3473625
27552 3474041
4264 3474413
2454 3474652
26608 3474941
12134 3475156
11757 3476505
26802 3477815
3567 3478372
25335 3480074
15009 3481047
9533 3483286
5890 3486583
21637 3489047
16205 3489406
29712 3489459
16450 3490690
5086 3491520
16422 3494362
17445 3498156
29899 3498225
19857 3498227
1880 3499468
9305 3499748
25159 3500125
1914 3500501
10209 3501780
27240 3501805
16470 3503120
22708 3508238
182 3508747
25606 3509914
28636 3510201
28685 3510761
12857 3511457
23583 3515614
27275 3516280
20085 3517134
4856 3517948
11959 3519338
8263 3524107
14690 3526423
2602 3527593
15885 3527594
22175 3527688
9849 3527992
18293 3528058
28799 3531624
11863 3531837
7182 3532460
1144 3533908
14680 3534614
274 3535728
19644 3537548
24332 3538019
22940 3538052
486 3538769
6625 3540959
19189 3541799
11779 3541872
7869 3541923
14916 3542597
15743 3545064
13585 3546458
4988 3547549
5778 3547859
21367 3548641
20545 3553007
6647 3555315
28855 3555727
22476 3557667
16967 3557914
27786 3558253
20068 3561750
2817 3568175
14150 3569567
15224 3571267
1566 3571771
9567 3573386
29092 3576450
12935 3576654
8028 3582549
7308 3587008
8434 3589075
8081 3589569
10308 3590084
7287 3590186
14039 3591230
11924 3592873
22417 3593259
21806 3594534
12574 3596793
1362 3598094
4900 3600005
13541 3600229
27975 3602490
22840 3603427
10164 3604850
13071 3607863
20690 3608383
14914 3609571
27679 3612900
20174 3613369
11713 3614471
26890 3616055
1580 3617025
16920 3617079
25788 3618113
5782 3619617
10492 3622351
2061 3622364
12132 3622481
19330 3624310
28094 3624522
9175 3624971
894 3625599
23932 3629359
23196 3629457
11522 3629761
16954 3629876
9613 3630309
5849 3632054
9948 3632266
29431 3634102
12496 3639549
11969 3639947
14430 3639970
10563 3641076
28442 3641679
2144 3644212
18409 3647316
19149 3647540
15755 3647668
26897 3649368
14900 3657127
26096 3659147
600 3659760
2630 3662824
12951 3663412
12816 3665945
20937 3666567
11093 3667858
16711 3668960
7337 3670622
3831 3671110
15994 3671121
28023 3672437
329 3674078
8457 3674852
20508 3676570
7877 3678999
11351 3680445
4131 3681634
28900 3684554
9116 3684969
14046 3685509
15873 3685932
8456 3689896
29438 3690971
11269 3692102
10109 3696693
26950 3697101
19419 3698637
1257 3700083
10056 3700200
18054 3700219
17502 3701324
22222 3702846
25429 3702895
23042 3703087
25717 3707922
21119 3709889
22143 3711269
14277 3712479
14434 3712599
11078 3714110
27959 3715189
22434 3715869
23737 3716535
12375 3720430
5435 3721939
17379 3722160
11175 3723785
21117 3724054
16604 3724599
28170 3727005
5946 3729272
9817 3732988
8281 3735394
14927 3735786
1512 3735840
6340 3736465
27782 3737246
5761 3739633
15733 3740599
16120 3742901
1703 3743763
3035 3745829
751 3746192
9423 3746283
14024 3746463
27040 3750139
18280 3751035
29435 3752815
27450 3755079
27934 3758117
28949 3758952
938 3763151
24637 3765321
20912 3765660
28726 3766703
7662 3767062
24328 3767632
4534 3768595
18089 3769938
12410 3770674
834 3771437
5658 3771862
24384 3772295
16156 3772599
27504 3774507
4349 3776320
19097 3776886
1021 3777722
12119 3778182
7424 3780263
16222 3780443
2842 3780778
18601 3782340
19762 3783401
7630 3784375
18998 3784742
11146 3784782
21442 3786349
7820 3786813
21194 3787019
21912 3789802
20483 3792550
23738 3793349
10104 3794117
22134 3794292
9069 3794706
14023 3795147
9163 3795156
20943 3797144
20885 3797407
480 3798133
3425 3798383
26625 3800651
20743 3802618
19019 3803480
3896 3804844
1511 3806169
21103 3807039
2950 3808811
1001 3809016
24279 3809969
12679 3810439
8079 3811815
5779 3813054
25695 3813181
21741 3814057
1719 3814600
15302 3816084
5500 3817530
16160 3818026
4612 3820946
24120 3821892
27632 3824869
11982 3825989
29626 3828037
14244 3829843
12557 3831762
8709 3832640
10345 3834009
12497 3836716
20623 3840231
4692 3840394
11324 3842402
24816 3846867
3381 3847343
29096 3849310
24002 3849505
21880 3853100
761 3853854
3684 3854568
7140 3854735
11749 3855018
23628 3855264
11954 3861096
25374 3862024
2040 3863116
14832 3870546
29951 3871848
18435 3872725
22670 3875481
17661 3876695
25255 3878544
3155 3880227
26122 3881703
10690 3883464
21135 3887568
7755 3887774
16931 3889742
19964 3891374
3922 3892180
2346 3893715
19571 3897738
29510 3897861
20867 3900259
9144 3901790
6213 3906118
23012 3907025
15367 3907035
5685 3907157
15387 3908454
14361 3911483
24771 3913171
1963 3914536
29746 3916051
24048 3916497
15230 3919017
28166 3920489
8085 3921080
1760 3923822
23506 3924888
3278 3925267
16815 3925445
20522 3926113
23011 3928048
20232 3929544
27306 3930005
5767 3931206
21422 3931393
23687 3931989
6582 3933606
2734 3940217
14688 3941585
22396 3941812
4137 3942311
24079 3942784
3130 3944191
25618 3946116
17764 3946198
28258 3948271
3573 3948691
17047 3949331
12217 3951197
5578 3952010
11101 3958619
7727 3959084
16938 3959417
10152 3959570
9700 3961535
13156 3962782
2716 3963133
19821 3963643
18145 3964191
10759 3969060
19247 3969342
5878 3970127
4805 3971137
15029 3971325
4070 3971416
9093 3974646
23526 3974928
25291 3975744
7636 3976721
8591 3982112
10824 3983438
12334 3985416
25283 3986899
5544 3988477
25140 3988546
5154 3991688
14942 3993316
12435 3995511
26769 3995990
13079 3996111
22505 3996935
29751 3997537
21610 3997625
6115 3997953
17359 3998535
7277 4002866
9244 4003129
21330 4006546
15986 4006563
17066 4006784
3988 4006842
19856 4008825
25389 4009403
24747 4010703
15123 4011676
25316 4012233
26250 4012815
12266 4014123
20155 4016036
2310 4019098
12743 4026472
6643 4026575
27086 4028386
16144 4029330
27801 4030078
27023 4031969
26005 4032342
27930 4032621
9397 4034780
21024 4036535
20447 4037301
25852 4037662
13528 4040343
21824 4043314
15296 4043996
18643 4045472
7088 4045765
17885 4047104
13982 4047302
27764 4047890
6708 4048290
23412 4051258
6072 4053988
20293 4055868
11507 4056769
10375 4056851
1267 4057288
5456 4057898
27866 4058491
9916 4060388
15374 4064008
2399 4064022
4258 4064428
18525 4070392
2257 4071964
24313 4072208
27928 4072424
23030 4078102
9502 4079545
18270 4081392
14828 4083305
418 4084638
22608 4088292
12889 4092593
2606 4092603
683 4094008
15376 4095056
10176 4097330
4309 4097902
28625 4098492
10453 4099122
9891 4099877
8940 4100093
984 4100900
5094 4101342
25475 4103537
26902 4105610
24797 4106092
23150 4107791
14167 4108871
28540 4109852
29575 4110442
2490 4110696
3945 4115605
11494 4116170
2153 4116228
29443 4116586
19039 4120383
10780 4121511
12545 4124900
1317 4129472
6246 4130420
21481 4130968
22045 4131789
26402 4133071
26270 4134684
3275 4135609
23366 4136683
26958 4137113
19138 4137632
19705 4140387
16321 4142132
29251 4146767
5457 4148313
19173 4149060
21621 4149660
19626 4149990
10593 4150268
16101 4150919
27797 4155179
8557 4157922
24241 4158465
9344 4161228
9030 4162595
7070 4165555
18146 4166631
9251 4167389
14686 4168533
23954 4169844
20605 4173194
893 4173204
20780 4173896
18663 4175432
15497 4175613
211 4176027
11038 4179645
25507 4179954
28018 4180055
26185 4180354
21541 4182622
27356 4184270
4401 4184762
1025 4184867
17436 4185165
13507 4185920
3292 4189475
26359 4190101
8711 4190424
1324 4192319
13745 4194097
9171 4194729
24471 4195903
17424 4198567
6995 4201346
20577 4201507
25157 4201854
8579 4203228
20380 4203744
18740 4205133
29755 4205920
10256 4207318
26682 4209535
12393 4209804
23247 4210746
21387 4215993
16077 4217350
10194 4217710
26826 4218625
14540 4220025
27000 4220125
24991 4220129
15665 4220659
29526 4221568
9822 4222319
15057 4222989
8098 4225176
12027 4225254
3359 4227967
21751 4230211
12747 4231412
18231 4232620
18425 4232806
14193 4234546
6973 4235876
28436 4238130
28965 4239263
4581 4239692
25580 4241075
8966 4243511
12421 4244042
20959 4244390
10470 4244868
18201 4245367
9971 4247698
59 4247732
29807 4248524
4784 4250610
3356 4251390
11695 4253467
1697 4253756
1147 4253887
16092 4256368
12600 4257090
15762 4257212
10117 4257583
14979 4257922
13285 4259289
24351 4261056
8921 4262131
27285 4263028
3635 4264093
13981 4267035
24359 4267537
18468 4269499
16985 4271154
4428 4271578
9761 4273415
739 4274712
23544 4274847
24760 4275595
11690 4277685
24772 4277857
25470 4281603
22712 4288684
4973 4296008
12158 4298467
27387 4300600
21638 4301009
17018 4301214
20583 4305608
20319 4308934
7317 4309522
22891 4311050
26108 4311339
26975 4312922
7129 4315889
6154 4317506
21304 4319210
7792 4321066
12623 4324414
18968 4327765
15976 4329918
28414 4330265
4410 4330281
15430 4331511
6090 4336825
23550 4337113
19038 4340044
10950 4340097
1038 4345427
13787 4346478
2763 4346568
12204 4347780
2403 4348118
2759 4348526
29658 4351265
23340 4352571
15836 4353702
11118 4354015
27253 4358357
17702 4359821
1509 4362568
14695 4362605
1274 4363324
10566 4365629
1871 4366505
19014 4366884
3811 4367092
5505 4367350
26446 4367640
27762 4367782
1378 4370634
12333 4371448
18038 4372749
29735 4373784
2964 4374437
397 4374575
10516 4375427
27133 4375737
8131 4378071
5318 4378853
12797 4385552
2013 4386588
11098 4387157
29340 4387349
4649 4389678
5226 4391401
18845 4392360
27329 4394825
7304 4395597
24275 4395629
11851 4396005
551 4398552
24192 4399240
27956 4401411
426 4402557
16245 4403562
7382 4404393
10603 4405370
10999 4405578
16171 4406004
10519 4406070
20624 4406264
23137 4406439
25001 4407265
24900 4407940
22307 4409534
21726 4409571
6885 4410229
16572 4410906
1543 4413273
18421 4413665
24475 4415531
524 4415860
6438 4416760
23500 4417456
2911 4417724
6638 4417969
5228 4418339
21077 4421243
4022 4422375
20821 4422855
25481 4424842
22049 4426502
14445 4426925
27135 4428034
1396 4428440
4121 4428864
11640 4429319
27363 4435260
27702 4436252
25054 4439415
25043 4440743
22380 4442658
14050 4443344
22813 4443934
2074 4443938
18604 4446054
9123 4446977
1276 4447360
22411 4447785
6307 4448262
7477 4449543
25097 4449699
24955 4451042
16243 4452015
1541 4453299
17213 4454340
6919 4457795
5871 4458610
17651 4459187
12708 4459197
14842 4460242
17440 4460347
9201 4460476
2773 4462256
16881 4463384
21286 4465474
27636 4465799
6165 4467895
25913 4473488
18917 4473996
7466 4474450
28744 4475665
7691 4476816
22090 4477072
24843 4477513
27409 4479479
4435 4482090
28598 4484522
17435 4488681
2634 4489098
15261 4491562
14525 4494637
8548 4497141
25212 4501465
1680 4508273
6844 4509112
10568 4509292
1182 4510033
12536 4513006
7098 4513695
24013 4513872
26920 4514693
11231 4515707
29970 4516445
22378 4516539
21223 4519410
8626 4523100
16306 4527338
23623 4528062
183 4528581
18666 4528589
6395 4530456
8310 4531658
9917 4533310
1982 4534289
16234 4534844
3331 4536214
14217 4536392
18434 4537936
5517 4541320
21169 4541996
26036 4546674
22415 4547065
11090 4555754
24857 4555803
27475 4556134
9543 4556557
2243 4557581
8229 4558666
20697 4562581
13903 4563991
29226 4564351
27506 4565038
21361 4566163
29831 4567294
178 4567759
21804 4571946
12117 4579753
446 4581156
10692 4581938
22128 4582377
2338 4588709
16732 4589595
28109 4590001
25965 4593423
21450 4596183
202 4596299
7664 4597665
18371 4598210
19328 4598810
7099 4599464
5322 4600319
23081 4600933
8704 4601122
26439 4601420
26961 4602680
24083 4602763
605 4603161
29838 4603337
28564 4603499
28080 4603563
29511 4606141
16861 4607512
24610 4608791
23838 4612254
11445 4613964
21474 4614987
8558 4618385
7080 4618523
6882 4620816
4262 4621781
14850 4622042
29853 4624488
10501 4625565
740 4627940
24158 4628076
25065 4635119
17849 4635601
4473 4636577
1354 4636988
15121 4637327
17838 4641271
14097 4641641
14424 4643992
6263 4644757
9951 4645372
199 4646715
2164 4647548
8412 4651574
11413 4652406
11724 4655472
3938 4655972
18039 4657145
22310 4657543
4173 4660365
6788 4661702
18357 4662920
21062 4663075
26722 4664508
8706 4664705
2281 4669722
18686 4669809
16247 4670046
4813 4670238
15838 4670516
9608 4670853
25682 4673170
2301 4677947
4981 4680306
29498 4681608
18771 4687597
22426 4690198
8999 4692215
12669 4693016
6169 4693486
11823 4693880
14338 4695501
29711 4695844
17499 4697314
8023 4698278
8474 4698951
13588 4701618
1173 4701928
27017 4704995
27593 4710537
2883 4712055
5029 4718681
8424 4719734
14754 4719788
6815 4719928
26448 4721376
9744 4723206
15254 4723848
3895 4724318
1004 4725124
12826 4725845
24073 4728901
364 4728992
23632 4730027
25941 4730090
27303 4730506
27415 4731769
12939 4736190
25583 4739352
11957 4741926
7976 4744926
6353 4748403
22393 4749850
9499 4750657
15284 4751840
4845 4752505
8536 4753687
21750 4764228
26169 4765286
6513 4765395
12087 4766046
13329 4767316
9372 4767940
29009 4768970
26459 4773762
25992 4773926
3353 4778153
11185 4780104
4684 4780258
6694 4782688
26904 4783270
24765 4783352
1936 4783765
16345 4784759
15092 4786021
8219 4788980
6394 4789124
12874 4789220
11817 4791628
12499 4793238
17508 4793324
14973 4794994
26770 4796142
4618 4796981
13828 4797011
11555 4799284
18841 4802791
11369 4802893
5404 4803337
6136 4804608
16769 4808623
17022 4808890
26128 4808981
19632 4809286
20001 4809500
24217 4810913
18243 4811709
6704 4811938
16508 4814411
15244 4814530
25366 4817503
19106 4817523
27597 4818181
25218 4819165
5386 4819552
27586 4820598
11671 4822881
9662 4826061
9733 4829723
4179 4835949
15677 4839782
27261 4840793
10585 4844873
22730 4847509
8156 4849347
8113 4851395
14273 4853184
18052 4854675
25527 4855322
27022 4856985
22343 4858791
17793 4860625
6156 4867980
23557 4868352
23915 4868921
6488 4870428
28946 4872647
15253 4873944
12871 4875270
25927 4875797
25145 4876785
20326 4880145
20225 4880508
10941 4881712
27969 4883124
15472 4883911
6984 4885759
2290 4887111
16039 4887189
22118 4893828
26444 4894572
11432 4896927
7309 4896999
9547 4898289
15365 4899446
19092 4902766
3358 4903218
10432 4904279
7540 4911333
7640 4916372
15485 4916878
3188 4919307
8975 4920524
23663 4921223
15153 4924324
22399 4924482
7158 4928728
28580 4932910
26952 4934283
1367 4935057
4013 4935086
19011 4937588
22830 4937899
15194 4938122
4317 4941573
13893 4942166
21517 4942558
43 4945748
4493 4946641
11567 4948026
3392 4949663
17266 4949814
456 4950040
5938 4952631
13179 4955455
11727 4959301
7883 4961973
12425 4963805
11272 4964555
24308 4966693
27081 4967193
9187 4967251
19410 4968465
7569 4968999
23494 4973186
24485 4976957
7889 4980606
3614 4980865
18172 4981576
2574 4981820
14951 4984214
3094 4985736
17315 4989320
6875 4991183
21615 4994457
14952 4995581
23720 4996831
23833 4997959
26055 4999483
21070 4999575
15701 5000771
18936 5001560
10446 5006274
19531 5010161
16700 5011274
26624 5012724
17364 5013963
23062 5015766
19654 5020174
10040 5020664
3087 5024783
727 5027090
5541 5029740
6046 5030243
27461 5031287
22509 5032430
21269 5032887
1646 5033917
7598 5033969
3653 5035020
7967 5036225
18024 5036248
15185 5037634
3654 5038883
27239 5039233
707 5039653
2258 5039957
38 5040209
16774 5041434
26981 5042739
1330 5042753
28500 5049450
2410 5049905
14532 5051694
27378 5051818
7298 5052082
14567 5052408
28587 5055757
16942 5056053
15524 5057023
10958 5057991
24971 5061168
19471 5065057
15628 5073140
20336 5083740
16785 5088888
29971 5089868
7777 5091659
15273 5093431
24137 5093704
8384 5094484
531 5096307
14802 5098508
7772 5105861
2263 5112847
19936 5113188
17600 5113654
23070 5113678
2722 5117504
2228 5117764
1259 5121533
5392 5126305
7751 5126350
5996 5127021
2684 5129541
16799 5131287
25151 5135426
24455 5137207
19887 5137895
623 5140261
27793 5140957
7809 5142293
3047 5142885
11177 5142922
19291 5144430
9953 5147097
22484 5148706
29530 5149843
774 5150119
352 5150381
20895 5150458
8147 5150582
7074 5155725
2737 5156847
27216 5157008
4740 5157248
23717 5159607
14133 5161348
26843 5166934
6644 5166953
28614 5175015
16157 5182381
21719 5182831
22233 5183395
23345 5183450
25563 5184773
45 5186874
19245 5188029
27254 5188049
10269 5188505
15565 5191138
11773 5194867
5145 5194996
25781 5196367
1816 5204026
7958 5212224
16183 5214488
23182 5214764
27547 5217614
11425 5218050
19800 5219284
17925 5219536
24838 5221220
27730 5223795
29099 5224046
22205 5225362
4860 5227315
26791 5229113
27900 5229628
17439 5234895
23561 5235120
25665 5236634
19396 6291516
25975 6292202
12187 6292923
9750 6293407
13006 6296098
12773 6296312
12163 6296831
15318 6299112
7785 6300757
12374 6302169
16272 6302557
23226 6306572
12891 6306851
16766 6307188
24159 6307935
13178 6308766
24998 6310138
258 6310909
22353 6311806
17639 6312147
24439 6316265
25350 6319066
18673 6319208
1613 6322497
10647 6327121
10462 6327204
26237 6328519
16869 6331369
18752 6331689
5116 6334905
26507 6334923
566 6337000
18295 6339580
22184 6347391
15646 6348700
12953 6349747
16496 6349768
11898 6353270
11060 6353298
12191 6353306
9582 6355479
2657 6355765
27789 6357542
18464 6359287
17367 6362966
15382 6365389
11916 6368328
26416 6369221
26891 6370789
23789 6371558
2686 6373823
25129 6374424
12571 6374808
22721 6377964
17893 6379283
26755 6381837
28181 6386481
2179 6389020
25639 6389604
17906 6390654
3622 6392145
25808 6393144
18907 6393349
23772 6393584
11504 6394762
6880 6395124
11597 6396948
6817 6397592
29689 6399444
9293 6400076
10622 6403962
7425 6407509
23469 6409054
27266 6410239
20055 6411959
10270 6412547
21813 6412551
28407 6412964
23795 6415861
11607 6418707
13307 6419289
19327 6422541
9865 6424551
5853 6424666
4969 6425040
2088 6425493
1854 6427851
7834 6428250
2115 6430000
6911 6431456
26294 6431477
16448 6431641
803 6432228
18402 6432902
23769 6433425
21941 6433430
25448 6436232
3536 6437444
12219 6440159
26308 6440288
7855 6442304
24150 6442340
25955 6442571
24109 6443418
8796 6447159
23471 6447397
5945 6447772
2425 6452469
21896 6454260
4063 6456110
23811 6456312
11173 6456666
12504 6456928
17663 6463429
29550 6463855
13812 6464230
16715 6465296
25694 6466870
28730 6467784
17763 6472187
653 6473662
1629 6475413
28253 6475903
22201 6476804
20251 6478009
4449 6479193
20425 6481736
18925 6482065
16809 6482712
26164 6482740
27098 6483380
5496 6488485
11876 6489287
16277 6490278
29675 6490420
20628 6492379
19329 6492406
9166 6495800
13280 6496883
13600 6497922
8852 6498413
26572 6499818
14296 6500132
28070 6500181
3410 6501658
12731 6501720
26407 6502702
21646 6502971
19759 6503825
10059 6504161
22392 6504218
26025 6504549
8937 6505395
1650 6506867
8090 6507748
9998 6508758
27903 6508890
15667 6511439
16637 6511912
5303 6513617
26121 6513786
7699 6514111
1175 6516254
17421 6516419
11797 6517514
6596 6518956
21007 6518976
24506 6519209
25902 6523340
2907 6524090
13836 6526215
10736 6529292
20592 6530619
7482 6531218
20163 6531665
25174 6532999
13774 6533668
24440 6534136
16970 6538241
6159 6542605
29232 6546121
21511 6548527
14067 6548842
25590 6550810
14493 6551742
8911 6553282
10018 6553351
11952 6553998
17243 6554953
27074 6555950
15021 6558121
25820 6558682
15505 6560074
25922 6560546
6364 6561785
7659 6567743
2724 6568546
22673 6569862
26413 6570532
21762 6572466
5569 6572735
25117 6575992
23183 6578475
16527 6579000
13513 6579556
2152 6581770
12287 6582308
17632 6583755
6283 6584307
5863 6587497
19570 6587950
11524 6587995
11846 6587997
2603 6588168
6849 6588418
12861 6589020
14399 6589668
25359 6594102
28296 6594754
28825 6594907
19095 6595344
11218 6600673
3557 6601342
20034 6601638
1058 6601646
18343 6603475
5665 6605725
26815 6606791
11657 6606820
10412 6607042
26422 6612766
5343 6614168
13679 6616886
26712 6618998
11988 6620252
21467 6623511
16060 6623922
29894 6627287
9353 6630399
29266 6634517
10627 6646297
28817 6646935
24893 6653379
15112 6653385
2844 6654597
17744 6654970
28004 6657559
2677 6657698
26845 6659377
8838 6661217
3202 6661792
3905 6662439
25894 6664713
22483 6666072
19314 6666899
24813 6669232
22027 6671146
10367 6676536
20571 6676641
21945 6680147
25194 6685463
21677 6687953
18167 6690981
24107 6691705
7611 6691979
18639 6692385
6003 6694170
23419 6696164
7657 6696698
5265 6698007
9478 6698337
25014 6699918
9785 6700555
18066 6700706
3125 6701673
8899 6702288
5718 6705026
25543 6707435
16950 6708868
14368 6709922
22996 6709931
1785 6712273
10995 6712280
168 6713461
9049 6716346
10236 6717108
4189 6717520
26330 6717691
20112 6719599
9866 6721516
13018 6721765
27836 6728244
3332 6731326
24018 6734077
930 6734109
15491 6734268
4330 6734654
7672 6734768
8207 6736565
2317 6739405
12908 6739923
27167 6740159
20543 6740855
28806 6741102
5768 6741432
22173 6741891
25487 6742075
12782 6742364
7527 6742773
17733 6745322
13508 6750110
482 6754363
1689 6755218
8179 6757919
23587 6757987
8366 6759042
1517 6761490
21879 6762635
21799 6762784
9265 6762965
1616 6764146
15573 6767165
14377 6769672
10623 6776036
9429 6787020
16192 6788132
18479 6792074
19562 6795301
17057 6796091
9653 6797167
6161 6798464
17916 6798843
24064 6803250
5992 6810899
27517 6816458
6835 6816821
17350 6819217
29582 6820448
10074 6820670
11103 6821173
5237 6823549
26751 6825767
262 6826029
2353 6828248
20040 6831307
28384 6833886
26547 6835877
29 6838527
27675 6841812
23105 6841825
20131 6841908
15939 6842504
21514 6842587
14441 6842980
21800 6846317
13968 6851684
11523 6851802
8950 6852061
22904 6852064
1167 6853536
24892 6859051
6869 6859917
18984 6861382
21491 6861760
7023 6864280
6667 6864421
11760 6865702
14726 6872772
14995 6873907
10358 6874863
6687 6877963
2973 6880988
13722 6885689
7732 6886706
3867 6887640
16575 6888046
7191 6889966
20812 6889973
951 6892719
12572 6893108
9642 6893213
26825 6893813
17557 6894405
15418 6897715
20204 6897954
4393 6902267
1676 6903884
1427 6905665
286 6905715
20088 6906316
11563 6906807
10832 6908955
21680 6912620
15941 6914383
28710 6914543
4055 6915421
10457 6916257
20920 6917395
10565 6918408
24782 6919129
24182 6922618
10379 6924029
28085 6928940
10723 6931141
9976 6933018
21752 6935686
5916 6937070
11536 6937196
28502 6939454
14925 6940942
28753 6943926
3403 6947604
521 6948281
9595 6950129
13069 6950636
18866 6951883
25505 6952824
9575 6953373
26795 6954342
10915 6954837
14189 6955287
16317 6956426
11688 6959841
16054 6961858
18557 6961976
9756 6962343
27514 6964756
24334 6965181
7253 6968291
22666 6970178
17114 6970204
10646 6970237
6036 6973124
29825 6973598
25723 6974953
21283 6976236
25775 6979264
5410 6979830
10399 6982080
4343 6982537
15506 6985080
19417 6985507
12032 6986043
20657 6987746
9525 6989936
19066 6990479
12026 6991013
9010 6991209
17247 6991247
4243 6993612
24044 6994109
662 7001438
12539 7002311
25203 7004642
28462 7010509
22955 7011310
28568 7012945
1479 7016149
13497 7017323
9888 7019287
14123 7019536
16603 7020800
13348 7021801
4263 7021987
11270 7022302
6068 7022857
6224 7024590
20629 7024788
26596 7026838
7615 7027554
1033 7028633
3990 7029024
18282 7029652
5417 7033740
15108 7033963
8481 7035544
14720 7036865
22799 7039906
2725 7040246
3868 7040376
26968 7041892
908 7042202
11679 7043396
11467 7045348
4291 7046350
4458 7052121
11766 7052576
13811 7053353
18025 7053579
24935 7053586
29619 7053749
21654 7053899
24721 7054353
16793 7054800
12227 7060710
1169 7061350
25402 7061709
1896 7062387
12933 7062436
1782 7063967
26433 7063996
29105 7067801
16182 7072404
17844 7075828
23744 7076253
21738 7076317
24745 7076468
18847 7077859
5539 7078146
29962 7078435
7414 7078467
11726 7078993
9272 7080493
4316 7084119
21421 7085249
11781 7090090
17351 7090840
6662 7098732
17572 7099513
24131 7101864
14656 7106358
12822 7108046
1968 7113049
21395 7114857
9855 7116774
14724 7116908
28737 7118240
9982 7124444
26561 7124558
18271 7128723
17264 7129127
15416 7129204
1093 7133858
14105 7135211
891 7135291
22317 7136053
13394 7138533
17510 7139049
11509 7140171
10242 7141290
20802 7141296
24651 7144031
20410 7145410
8497 7147014
643 7147917
17249 7148128
27500 7152251
23669 7152319
25823 7153001
4705 7153867
13138 7154697
16286 7156078
6718 7158061
21786 7158644
27604 7160966
5760 7162595
18690 7163036
5314 7168117
16544 7170071
28449 7170710
28518 7170744
29512 7180979
4572 7181531
25485 7183718
17861 7184751
2611 7186814
13173 7187766
20643 7190877
11734 7191310
19569 7193846
1913 7194143
5346 7195161
2491 7195731
11342 7201574
12070 7203798
16472 7209603
18387 7211428
7171 7212135
25302 7214320
19456 7214587
3659 7215740
23972 7216015
29079 7218975
15609 7220043
4958 7220314
16402 7223461
25561 7224475
10155 7224873
8314 7227481
13430 7231662
7078 7232606
20965 7232653
17068 7232654
7524 7233168
26591 7235463
23254 7236089
17831 7236790
12737 7237268
7824 7239529
5627 7241483
4560 7245838
25378 7246651
19747 7248539
2016 7250000
13686 7252224
10330 7252728
4126 7254245
19129 7254526
13087 7256196
27030 7257156
11332 7257725
14873 7257970
1301 7261385
16924 7261524
2917 7266711
5114 7267186
17449 7269149
28182 7269825
23929 7270099
16737 7270622
12587 7271299
2846 7272449
25733 7275320
17075 7280544
21431 7281280
9503 7283736
13303 7283848
11448 7284153
19096 7287286
14346 7287984
855 7288698
8106 7289899
402 7290649
26209 7293623
5383 7294372
17121 7299867
22868 7301366
5109 7301758
23106 7311008
6921 7311204
27527 7311677
5152 7314959
9725 7318401
5225 7319669
21634 7319778
8389 7320976
13698 7321292
4366 7321531
11196 7321554
13223 7323201
19295 7324503
9638 7324677
15867 7326474
11604 7326863
6526 7332648
17365 7332717
26336 7334511
10220 8389653
11956 8396150
609 8396251
6609 8397386
10091 8399784
10751 8399796
23431 8400805
28746 8404063
17545 8407575
1869 8413310
15981 8414032
9437 8414432
28639 8414793
21064 8416461
11452 8417209
8550 8418370
28074 8418541
14877 8420714
27367 8421603
25689 8425962
20849 8426605
26265 8427373
15481 8427645
11577 8427736
19995 8431147
25780 8431668
18218 8434858
21840 8436057
10907 8437374
8631 8437730
16692 8437792
24324 8439955
15300 8440537
8875 8440556
20064 8442688
17406 8445081
18084 8445576
12997 8448103
7320 8448635
11144 8449046
22115 8449928
10933 8451501
25297 8451539
20137 8451604
17420 8455980
16351 8456149
12512 8459219
5795 8459275
19028 8460039
21110 8460040
25020 8460215
12344 8461311
25254 8462317
3881 8463183
23205 8464527
21715 8465835
28336 8466170
1339 8466730
13672 8469036
4032 8469341
19429 8470234
1998 8470759
2646 8472056
19008 8472116
21488 8472398
11617 8473379
9542 8473403
204 8475310
10112 8475455
2557 8479567
22127 8479712
15853 8480252
29078 8480759
28229 8485373
6837 8487053
4946 8487138
24948 8487829
22427 8488240
20722 8488464
8858 8489208
6082 8490220
14982 8490755
25024 8490984
25058 8492255
16397 8492718
22596 8493188
19336 8495862
3864 8501090
13711 8505211
20814 8511634
26347 8514789
5230 8515457
26692 8515845
4551 8517521
28002 8518252
15228 8518335
2718 8518486
16730 8520237
7267 8521692
29027 8522210
17628 8524038
15975 8525723
5757 8526944
26032 8527300
1446 8528558
28687 8529255
28889 8531774
7502 8536207
24493 8536533
14509 8539076
12921 8540426
20579 8540566
23430 8540720
13411 8540721
4045 8540950
7551 8542100
2865 8543247
29345 8545943
12993 8546106
11544 8548498
20754 8550296
9869 8550571
20484 8551708
22683 8553737
7020 8553956
26935 8554289
4824 8555007
5239 8556238
7530 8556947
10898 8560098
25312 8560184
8714 8562892
15288 8566221
1070 8568919
5793 8570690
993 8572597
20879 8575181
14195 8575327
12609 8576693
9129 8578619
18658 8580467
14033 8581643
16266 8581711
7130 8582097
2105 8582430
6328 8582877
23674 8583779
18561 8586483
15777 8587015
12024 8588536
11953 8590856
15283 8591668
23074 8592349
9043 8593165
15944 8594954
15111 8595813
21635 8596686
8836 8597116
461 8598821
9692 8605010
9286 8606975
17699 8607378
21794 8607607
10123 8609269
17672 8609687
20575 8610148
23774 8611699
1163 8613110
2618 8614113
22780 8614607
19497 8616360
7871 8622698
6415 8626618
22585 8626628
2486 8629501
29369 8631749
3236 8631754
20760 8632029
22271 8633277
14241 8633513
15086 8633528
6347 8634143
17035 8635029
20840 8636230
28367 8637018
28553 8638200
21124 8640054
8636 8640878
6628 8641908
7334 8642259
6462 8643189
11470 8643881
23299 8645039
21897 8645042
25015 8645627
11926 8648223
12451 8648879
7280 8649052
22249 8649176
25050 8649614
3879 8653641
27895 8654265
5411 8660183
21524 8660327
17664 8660881
20019 8661719
17940 8664549
27146 8666068
6769 8666585
9746 8669409
28114 8670581
18855 8670933
12728 8671089
5855 8671639
29570 8673037
25670 8673655
21623 8673757
21080 8674037
9664 8675111
29235 8676739
19954 8677068
27678 8677439
15591 8678826
22149 8678900
10552 8680031
10106 8681706
13051 8682517
1116 8683724
6765 8684153
4670 8686181
26351 8688283
22584 8694194
18715 8696226
23049 8696588
18286 8699709
25971 8700653
24086 8704874
15045 8704945
27050 8707730
210 8708617
7384 8708834
11634 8710472
23117 8711318
24498 8714749
28090 8715334
2047 8718709
27572 8721681
7347 8726781
14715 8730429
20026 8730782
8914 8731789
17187 8732665
14086 8733004
21262 8734544
16335 8736777
27643 8736849
9566 8740429
5703 8741837
20203 8746510
15738 8748167
9631 8748200
4396 8748742
17992 8752568
17290 8756173
5633 8757174
7730 8758599
1368 8759893
10513 8760943
6288 8761557
29721 8761742
2215 8762428
11430 8764104
22098 8766135
21176 8766297
24371 8766703
18977 8767119
8898 8770372
22444 8772472
1661 8773349
2117 8773943
13501 8774803
23721 8776753
18700 8777000
3307 8781333
13956 8781373
9071 8783656
16518 8784026
5162 8784862
29265 8785512
15265 8789770
28947 8791370
15881 8795347
10419 8798517
14486 8798971
24701 8803175
21051 8804360
9535 8807147
28915 8808768
20290 8809169
19561 8813917
1499 8816664
6345 8817733
1860 8817972
8816 8822289
22050 8822327
11725 8822451
6734 8823598
10166 8824531
22066 8827236
5350 8828961
6448 8830341
24464 8831404
17297 8831907
7928 8833144
20110 8838278
4215 8838780
15269 8839145
23758 8846039
24817 8847875
27427 8848085
11598 8850900
26518 8851778
3773 8851789
25506 8852146
14602 8853002
26474 8859768
18193 8863655
27370 8865893
25177 8866234
23616 8868895
16150 8870779
13718 8872426
19093 8873343
8199 8875727
6737 8876793
18934 8882586
20105 8884074
3870 8884990
17879 8885061
13312 8886368
25397 8887657
16953 8888455
29455 8888529
24726 8890765
20667 8891352
13471 8892357
9047 8894400
25478 8894647
14544 8896702
7002 8897351
20922 8899354
4546 8900773
28328 8903115
24756 8903238
9362 8903609
14538 8905504
504 8907059
857 8908296
9405 8909166
25701 8910095
11680 8910133
22 8911012
9157 8911507
24707 8911561
8092 8912493
28282 8912853
22423 8913595
26701 8913613
6953 8914588
10253 8915041
27656 8916577
12448 8916607
26577 8916664
10896 8918489
20428 8918652
26936 8918659
4911 8919513
25607 8919848
7863 8921021
7168 8921336
16076 8923172
26859 8923830
22821 8925481
17033 8925997
24095 8926124
26706 8926357
28824 8926723
24291 8928172
4175 8931540
20715 8933223
17803 8935507
4117 8935745
28635 8936866
25418 8937691
3562 8938303
23264 8938598
22119 8938924
14495 8942932
22885 8944171
20153 8944829
24249 8950128
19506 8951393
6661 8952075
2372 8955351
21140 8955886
29185 8957697
21730 8958034
4010 8958830
22162 8959111
12146 8966591
5393 8969419
1239 8971466
20909 8972314
7560 8974439
26224 8975235
24024 8978821
11708 8980192
2587 8982235
8853 8984992
8213 8987239
1287 8991515
4132 8999442
21410 8999706
15158 8999877
15694 8999962
29671 9001501
22924 9004258
1742 9004348
15048 9005467
25801 9010553
27 9011633
19454 9013324
11900 9013487
27893 9014643
18475 9015273
10854 9019628
27451 9021080
20060 9022474
248 9022587
24088 9026223
27106 9029038
22866 9033883
21041 9036317
29488 9037054
9491 9037699
29864 9038701
8762 9039064
16917 9039518
25968 9045739
4098 9047508
106 9051393
21717 9053315
13476 9055494
18035 9056200
18181 9056809
18445 9056882
18369 9057053
7840 9057260
12342 9057408
20048 9060093
8801 9061519
19109 9061789
7338 9063916
12395 9063923
18214 9066229
21975 9068361
16941 9068553
11281 9073489
3266 9073742
15128 9074489
21929 9075440
15934 9075678
641 9081307
22063 9081880
6507 9083476
5932 9084508
20044 9097974
20805 9098598
22936 9110414
22370 9112323
20003 9118859
22929 9120179
19798 9120467
10486 9120725
12963 9124354
19583 9127785
4080 9127791
24540 9127874
18484 9128037
4308 9129208
5606 9130437
19894 9133793
21275 9137554
7222 9138768
9250 9144908
3468 9146575
16456 9160353
28062 9175117
18419 9176543
16756 9178239
28694 9178850
2699 9179612
25889 9180813
5649 9181301
29171 9183236
5551 9184913
8645 9187219
24834 9187660
11547 9189170
13521 9190328
21036 9195448
26415 9196073
25271 9201420
11862 9202991
22782 9203001
18298 9203852
29292 9205822
5717 9206769
5785 9207040
24819 9207241
22629 9209368
1971 9210808
680 9213756
4644 9214150
22626 9215853
22421 9218480
1369 9220209
21984 9221832
14766 9221855
25509 9222227
24560 9223730
16887 9225159
21165 9232833
22176 9233583
16821 9234191
28648 9234943
25642 9235036
14294 9236254
29421 9236823
25072 9238186
6371 9244431
28068 9244808
27672 9245480
2778 9248078
19208 9249135
16728 9250007
27887 9250278
5365 9250478
25292 9251123
1654 9251543
16165 9252153
16262 9252471
9296 9253703
3925 9255055
18791 9257510
24886 9259482
24520 9263660
16146 9264402
3056 9266760
17335 9266842
24648 9268955
27867 9270055
22136 9270582
29013 9270858
3678 9271257
9147 9272172
22542 9272483
26614 9274848
28133 9275254
27719 9279788
18453 9281618
538 9282486
13708 9285021
26116 9285113
17202 9285427
19493 9286467
25879 9286566
25165 9289537
28431 9291802
5852 9292145
2357 9295212
28899 9296520
16940 9297198
21810 9298129
26543 9302395
14746 9302848
1164 9306438
22416 9306652
5014 9308668
23462 9310034
8149 9312778
17601 9314414
8198 9315357
2384 9316052
25093 9316152
13268 9316300
7971 9319016
23277 9319139
25438 9319152
19510 9320216
10120 9321432
3607 9321954
29450 9322682
15993 9326830
26357 9329759
3005 9329941
8778 9331303
6227 9335100
13092 9335737
24972 9335801
23867 9336547
3738 9337813
3420 9337829
1245 9345413
25169 9355995
5195 9357343
14826 9358941
19144 9360778
14972 9362025
22094 9362974
17643 9373424
313 9373931
166 9374370
17670 9376068
12725 9376105
21238 9376914
5458 9377332
20652 9378671
21403 9383147
1428 9383631
27072 9385786
6309 9385992
25153 9386562
16320 9387054
4065 9389300
19553 9394166
5328 9394295
11502 9394409
21429 9394952
25420 9395969
16638 9397878
21446 9397972
9211 9403412
7200 9403583
17791 9406620
28209 9407939
7594 9409197
10962 9409766
26045 9411687
20493 9420952
21472 9425162
23564 9427096
17941 9428761
28567 9438835
5893 9439578
19546 9443430
29583 9444070
22405 9444986
29516 9446680
17149 9448723
21779 9452663
25154 9453743
15292 9453948
19794 9454580
12230 9455810
16067 9458321
4237 9460176
1366 9460249
17693 9461825
19338 9461938
10553 9462629
11350 9462782
19117 9466473
494 9469440
21396 9470924
1135 9471358
4140 9475365
13943 9478297
4888 9480822
14611 9486526
2406 9487155
11077 9487488
19376 9489594
13078 9492352
16600 9494231
20285 9494405
11206 9500533
12124 9501543
10265 9503409
23793 9505725
1879 9508522
21583 9508951
4276 9511019
8118 9511754
14615 9518349
3768 9518660
5958 9519260
14599 9519359
17051 9520172
27790 9523108
29840 9523200
8793 9524329
29843 9525904
23360 9526817
1975 9529658
7892 9530441
27689 9531206
13985 9531287
1376 9532818
2187 9534687
8260 9534933
6764 9536155
16908 9537878
28632 9539250
8942 9540218
8498 9541366
18091 9541541
6705 9542589
704 9543803
23027 9545618
685 9546852
22000 9548660
11529 9549992
17859 9550346
13410 9550557
23143 9550871
830 9558830
7998 9563513
2810 9566250
4441 9567035
11254 9569681
869 9570433
17366 9571178
8996 9573548
16114 9573882
27598 9574369
1603 9580292
28857 9582974
23525 9582974
5287 9583429
8635 9586158
23657 9586659
18307 9590229
18990 9591616
4027 9592743
24175 9594667
12470 9594853
5400 9597161
26022 9597443
17474 9599606
10278 9600636
22964 9601890
1505 9602890
6695 9602922
29159 9606153
12459 9606707
19170 9608597
18022 9609349
10244 9609752
21212 9614084
11622 9616715
27583 9617996
28212 9618341
27768 9618500
17185 9619173
9666 9620030
4501 9620109
8500 9621647
5373 9622442
22425 9622481
16025 9624660
20010 9624745
4823 9625939
7473 9627667
2431 9629687
23787 9632899
23295 9638532
10768 9639487
9656 9643085
17897 9643601
1923 9644443
28975 9644986
8252 9645530
25958 9647468
27541 9647710
12118 9648994
8284 9653760
2547 9656807
23136 9656960
26360 9657334
21504 9657419
23138 9660624
28673 9667440
28464 9667721
12012 9669338
2668 9669356
18315 9669797
19981 9670568
1780 9670843
6403 9670998
25324 9671224
18523 9673056
8166 9677991
9614 9678047
22882 9679069
25012 9679272
27298 9679366
25566 9679383
22857 9686058
9763 9693348
19213 9693805
1540 9694616
3165 9696289
17874 9697146
3500 9699710
2779 9700270
3645 9700640
27353 9701596
25947 9701710
16083 9701990
10180 9703269
3390 9705105
5998 9705703
3476 9705929
1299 9709565
3050 9709888
21042 9709911
11028 9710098
29532 9713033
1642 9713746
8011 9717877
24524 9717892
374 9719297
136 9719466
18667 9719818
7966 9724172
28163 9725994
11267 9730047
12873 9737902
2994 9738149
26158 9742659
11420 9745903
21763 9746634
18272 9748063
24847 9748328
27559 9752173
27002 9753591
24188 9757832
6504 9758564
5930 9760376
14147 9761484
3718 9762249
25216 9763613
8190 9764251
1470 9764264
24909 9765816
576 9768354
20837 9770309
2829 9774534
7914 9775410
598 9776896
29423 9777149
8132 9777468
5869 9781709
247 9782338
7669 9782684
20361 9783772
5345 9789718
988 9789815
18148 9789893
5522 9790133
3617 9791107
10955 9791108
24119 9791978
20409 9792565
7993 9793776
12859 9796395
11081 9797188
1334 9798328
29682 9799641
5709 9800189
20563 9800645
11997 9801910
22108 9802132
25168 9803107
16087 9807105
25022 9809549
9784 9810287
24582 9813116
21268 9813346
1178 9816479
1718 9816493
18717 9816677
8019 9817525
23234 9817621
11091 9818293
18785 9824445
26097 9824788
24829 9828815
7935 9831579
4525 9832105
20389 9832832
11222 9835130
1989 9835198
3730 9836861
11026 9839185
10487 9839567
10815 9840859
5845 9843203
19056 9846613
6215 9847279
13103 9847935
11753 9852378
24092 9855955
16560 9857703
22556 9860427
11277 9861739
20016 9862104
19588 9862643
11216 9863613
1282 9864412
11305 9865170
19908 9865994
26192 9865994
1972 9869168
8881 9870587
22809 9870961
5909 9872300
9172 9872742
2423 9873097
19441 9876950
13193 9885245
11985 9885358
29759 9886944
26087 9887621
15945 9887664
4103 9888832
6144 9889174
4606 9890618
16170 9891089
24548 9892224
18615 9894015
24218 9894258
24098 9894921
22126 9896220
28248 9896657
25285 9897472
25383 9898987
27677 9900893
15926 9901921
24769 9902892
9035 9902952
2554 9906907
8348 9910305
21082 9910875
5653 9912809
3893 9912883
29149 9912981
26985 9915179
22133 9915421
15542 9916214
13850 9916292
8239 9917802
19615 9918223
26970 9919019
637 9919638
12327 9919735
25079 9922023
26488 9925039
24898 9930126
15593 9930508
12412 9931060
25662 9931303
4717 9932686
29169 9933786
18501 9934020
22921 9934810
17942 9937353
24062 9937998
4916 9940162
2680 9941903
13822 9942488
8878 9944825
11867 9945326
19838 9946265
24704 9946956
23147 9948056
19603 9948539
6499 9948967
7847 9949610
1410 9952742
28774 9953761
17662 9954137
23792 9954714
22131 9955872
27005 9956840
17935 9956860
26930 9957332
27305 9957769
23514 9958297
28600 9958699
18583 9959188
22572 9960623
12015 9961652
19152 9961773
13407 9968117
29611 9969353
9776 9969502
15342 9971044
17537 9971404
3829 9973121
22939 9973739
11429 9980796
20618 9981516
11940 9987488
23423 9989309
4134 9991395
27452 9991548
7226 9991561
21727 9991758
5667 9992474
22281 9992783
5414 9998154
10421 9998814
1423 9999410
28708 10000735
9386 10001006
6316 10001776
13132 10003509
2822 10004852
7579 10006773
351 10013525
21248 10014014
19684 10017471
17344 10021878
13584 10022432
22418 10022799
17042 10025985
12044 10026441
27744 10027589
15771 10027950
9173 10028654
27639 10029284
4664 10033788
29904 10035684
9335 10037091
7177 10038362
10630 10039450
11652 10040222
29659 10043080
12306 10043312
5037 10044151
1978 10045816
23186 10046742
29742 10047084
27947 10051733
8599 10052049
21341 10054005
11438 10055001
15558 10056839
28704 10059921
27327 10060171
14745 10063174
17798 10067381
23961 10069984
19432 10070198
23244 10070460
17079 10074744
27061 10075291
3882 10076187
9185 10077706
4542 10078108
20666 10081152
15266 10084825
24139 10087175
5763 10087838
18941 10088145
19683 10088913
16932 10090400
25321 10090777
23272 10091862
23456 10093386
8640 10094579
2700 10094779
12968 10095105
2572 10096292
24005 10097446
1575 10098232
8177 10098810
7216 10098977
28460 10099391
12209 10101122
20851 10104865
3582 10106374
8915 10108478
11809 10112907
23015 10113168
3185 10114067
7839 10114728
7263 10114744
15454 10115053
19418 10117294
12282 10122599
25623 10124935
27034 10127564
2034 10128999
7197 10144046
705 10145153
27726 10149422
13026 10158653
1917 10160030
19984 10165733
25656 10166164
6843 10170952
10515 10173886
22838 10174043
10389 10175857
3646 10177377
28451 10177893
29244 10181820
25727 10183002
5734 10183708
475 10183841
12018 10183901
17977 10184990
6124 10186747
28473 10188367
17816 10191742
18324 10192604
17444 10195823
27210 10197484
193 10198114
26863 10198360
7312 10209065
22368 10209116
4530 10210086
9027 10211942
22394 10212890
10662 10213228
12235 10213878
23071 10224223
27638 10225099
13589 10225328
9156 10226787
2162 10227272
24140 10230110
9922 10234711
10789 10235148
16935 10235508
21866 10237511
18080 10239813
13 10242700
26944 10244666
2932 10245349
2980 10249100
9415 10250506
9848 10250692
26730 10253920
16373 10256396
3168 10256450
5609 10257176
20734 10258524
4194 10263113
5355 10263654
8417 10265511
10473 10265701
1014 10265741
25512 10267451
27352 10267542
10043 10268084
585 10269865
7453 10272389
3790 10274206
7163 10276650
11837 10280841
13318 10285713
22969 10286203
15938 10286689
4038 10288690
15714 10289007
12668 10290925
14339 10291204
22774 10291399
22578 10291540
17060 10292238
25306 10292945
8492 10293507
4735 10294555
14362 10295636
2945 10295730
14632 10296147
13042 10296411
29120 10296797
16426 10301262
11142 10303067
1315 10307889
25171 10308876
5381 10310218
7979 10312121
3612 10312294
5754 10314052
12346 10319522
7157 10320337
2729 10320938
14697 10321427
9834 10322157
15091 10325366
51 10325886
7283 10327338
13255 10328279
15861 10330318
5391 10330652
24459 10332059
5662 10332176
8053 10334164
8027 10335046
16143 10336988
17770 10338451
4002 10338552
12356 10340646
15529 10340687
29543 10340721
9689 10341863
17583 10342287
4601 10343249
20431 10343337
624 10346342
2717 10348425
20381 10351223
12884 10351235
6612 10354123
22767 10354971
22522 10355090
21508 10355966
903 10361449
19749 10364680
10571 10365012
21768 10367514
3554 10370186
29125 10377917
9295 10378315
7270 10378846
11884 10380640
21533 10382800
2234 10383439
25766 10384899
26208 10386213
27889 10389438
12308 10389595
20082 10392248
14760 10393672
22991 10404634
9014 10407211
26674 10408229
160 10408305
29961 10420470
10876 10421010
29882 10422526
25508 10431780
17432 10433251
12847 10433620
19257 10433664
6454 10436163
25893 10441056
9660 10441541
6271 10443060
6930 10445884
1671 10446188
29996 10446393
5450 10450721
29334 10451270
7010 10451709
16934 10455048
3750 10455535
11314 10459576
24999 10470421
29051 10471744
25829 10472237
25107 10472602
4252 12583454
20117 12585542
22660 12585560
24372 12586503
29036 12589507
3258 12590531
12388 12594678
3871 12598616
13274 12599086
9759 12599525
12653 12600527
27234 12603585
29957 12603617
13972 12605044
19716 12608132
16976 12608266
4855 12608915
9712 12609038
3075 12609435
22890 12609937
23969 12610107
2925 12610778
27899 12611589
10972 12613985
10929 12615819
16474 12617839
829 12619587
8668 12625169
13034 12625311
5788 12627832
24974 12627971
27752 12628069
6847 12629705
13907 12630336
14635 12636080
18891 12639325
3315 12639901
24307 12642136
17472 12644548
25718 12645648
12437 12645821
27128 12648740
25692 12649431
13015 12652264
27933 12654186
29272 12654886
23203 12658263
24881 12659072
21156 12662688
26962 12664676
29290 12669294
20941 12669734
3089 12671923
6552 12672155
23159 12674382
19667 12676683
27875 12677496
15471 12681781
12224 12686566
11148 12686581
8286 12687276
5635 12688793
23824 12689483
3943 12692882
1794 12695152
26927 12698169
9675 12698507
24885 12702958
19850 12705462
9901 12706410
2154 12707368
28272 12707736
25875 12709569
8887 12710877
10354 12711066
28981 12713059
22420 12715518
5944 12717126
9742 12717893
29865 12717931
23338 12718309
2145 12718615
5309 12718620
3948 12720506
22206 12722332
20187 12724125
7363 12724218
22400 12725263
7344 12726103
15541 12726149
9067 12726903
26293 12727957
1199 12729650
6185 12730905
17739 12732301
297 12732709
4392 12734586
12068 12734663
11422 12735515
9583 12735965
26033 12736704
13412 12736763
12755 12742381
12958 12742877
6586 12743720
15662 12745203
24022 12746534
13906 12749285
7694 12757287
14987 12758703
18760 12764493
21284 12766860
24115 12768329
23407 12769828
5596 12772630
7160 12773287
479 12773346
22404 12774541
29508 12776818
2849 12779330
22318 12779390
11125 12779590
22347 12779972
19383 12780084
29972 12780282
2102 12780952
22277 12782385
10034 12782673
8395 12783592
12854 12784212
26856 12785108
17894 12790625
9203 12793003
9196 12798299
229 12799178
1557 12802490
10873 12807207
15182 12808024
12144 12811935
1086 12814158
3959 12815289
3636 12816744
29695 12818650
23362 12818739
25482 12818801
15460 12819305
4079 12819613
3812 12822621
18441 12825552
12241 12827076
24912 12836431
4277 12838969
20158 12840180
11112 12844051
14375 12845847
19075 12847971
27981 12848884
25407 12853855
9717 12853905
16675 12854654
29664 12855567
7318 12855747
6841 12856716
1670 12858764
19948 12861489
19416 12861572
14030 12863925
13699 12867909
8414 12869667
14561 12869940
13844 12872092
21891 12874908
25757 12880352
27244 12881351
27229 12883512
4556 12886870
7990 12887981
12157 12888285
4791 12888515
26663 12889437
16288 12889795
5552 12892273
1398 12892968
16136 12893225
22080 12894047
14595 12895271
5939 12896834
17511 12897800
24197 12903512
17837 12904149
13291 12905766
21700 12907721
4011 12912111
12720 12912269
18778 12912996
21397 12913791
11385 12914957
4731 12915647
20136 12915985
4778 12918288
18937 12921199
9699 12923442
12233 12930878
28383 12936825
7663 12938050
23805 12944411
17361 12945513
20732 12947007
8835 12949560
17289 12949579
10521 12952595
23865 12953070
18241 12953247
11221 12955028
29453 12956668
27690 12958703
17008 12961823
6730 12962407
6583 12963759
11859 12968892
27803 12968966
7147 12969770
11553 12970104
6898 12970591
28420 12971454
24315 12977197
9944 12977400
17566 12977481
15888 12977980
10672 12978300
13439 12979532
19775 12979860
3308 12982408
2903 12982899
22552 12984887
10847 12985155
10947 12987281
9617 12991452
24354 12997730
7920 12998983
23667 12999758
28204 13002292
25911 13003167
26340 13003271
2827 13003937
8580 13004590
12506 13009626
7422 13010078
8572 13011869
13987 13012231
13313 13014480
17325 13014976
1011 13016220
7291 13019268
19292 13023143
23353 13024869
5492 13026252
4066 13028540
13242 13029665
10151 13029743
3184 13030622
10122 13035451
12778 13036302
27092 13037517
25797 13038580
15868 13040767
20045 13042426
17358 13044164
2658 13047019
21413 13047067
11893 13052942
16765 13053256
4394 13053357
36 13059629
21899 13074846
22286 13075124
12758 13075636
24429 13077328
8340 13077700
1316 13078157
8288 13078622
23529 13079223
2825 13079446
10100 13083612
27637 13084229
14261 13086003
12721 13086589
114 13086670
26282 13089074
29935 13091255
26461 13091571
10935 13092380
1826 13094302
26566 13099190
25347 13100624
20440 13100695
21134 13101685
7439 13107479
19960 13107682
2788 13108243
268 13114835
24442 13115051
3843 13117254
8729 13117353
4887 13118124
7447 13118954
19474 13120576
7544 13123020
16507 13125634
20450 13126959
28430 13127301
2188 13128629
6824 13130920
23959 13132194
19892 13136987
3119 13137879
12588 13138181
22114 13138713
8307 13139326
1464 13139739
22707 13140973
27204 13143151
10554 13143797
13409 13146153
21426 13146185
29295 13146585
20495 13146641
19310 13148713
12801 13148905
5294 13149151
11066 13150570
15601 13153200
2044 13153682
16703 13153843
22954 13154216
3312 13155011
16256 13156565
6590 13157856
27202 13159326
734 13159338
27468 13161375
1652 13162063
28993 13162692
1374 13164917
5161 13166188
13915 13167128
15947 13168125
7390 13168452
15657 13171032
11811 13180969
19972 13181317
28559 13181537
13376 13184101
2120 13187035
21974 13190516
1708 13190592
22038 13195827
1928 13198284
28860 13200444
25430 13200762
11560 13201572
8169 13203181
10286 13205152
7372 13206918
8716 13207875
16598 13207952
5528 13210521
10632 13211728
18155 13212480
9949 13214965
5927 13217691
414 13217976
13642 13218938
768 13219455
23926 13222994
12305 13223633
3152 13226413
18794 13226918
7604 13227562
1901 13227895
10704 13229020
4960 13231385
14269 13231684
24430 13233481
29165 13234262
2815 13236177
24620 13237718
28490 13238080
12372 13239803
27842 13244277
14985 13244799
27446 13245370
1098 13248386
24716 13249053
6544 13250007
16549 13256247
29309 13256742
18800 13257589
28275 13259495
9812 13259727
19166 13260890
13390 13262702
2804 13264040
21342 13264371
4033 13265398
1312 13266420
4411 13270625
1198 13271111
2751 13272715
10694 13274568
22573 13277052
21805 13278497
22609 13290333
8531 13290669
20758 13294849
16662 13303944
26764 13304006
13992 13304280
22099 13304890
11208 13305321
25179 13310460
20692 13311059
29907 13312046
10801 13312823
8633 13313449
3606 13314977
11870 13316024
2496 13320600
26157 13322808
5518 13323163
25897 13324993
13259 13326062
18390 13329855
15719 13331555
5040 13332735
14576 13332836
9447 13336182
14192 13337882
306 13339905
11069 13339949
27201 13353113
6565 13353332
5490 13353568
15389 13353814
4757 13354299
22255 13355280
28791 13355313
7617 13355619
12264 13356034
29289 13357780
14009 13360201
4663 13372007
625 13372462
14716 13373649
27377 13375461
9096 13375702
6870 13376747
14494 13377056
8842 13377072
23847 13378343
19459 13379571
9466 13385247
12736 13389076
19952 13395779
25556 13400181
4095 13400258
1630 13402802
18734 13404963
13991 13406730
7545 13409565
17336 13410647
472 13412267
16512 13414111
27299 13414648
15979 13419824
19852 13424392
16854 13427483
18645 13427537
24403 13430345
2453 13432200
27555 13432250
1417 13432416
15502 13435511
25970 13436166
17004 13437700
26100 13439292
19 13442357
5995 13443666
27590 13443700
6222 13444543
29947 13444639
3808 13446131
22713 13447181
13124 13450903
11996 13451159
21303 13451939
2063 13453011
2671 13454473
4403 13461278
18908 13470254
20907 13471394
25867 13471802
25319 13476022
15898 13476696
25684 13477292
17148 13477296
3357 13479691
7148 13481293
26273 13482143
28972 13483331
29131 13483774
17147 13486934
16473 13495850
3835 13501535
13111 13502329
4442 13503572
24583 13503938
2552 13504929
7929 13507810
14433 13510889
2901 13515650
28434 13516182
1323 13517302
26718 13517360
12267 13519011
6187 13519152
14154 13519523
3565 13521763
17608 13522099
7671 13529975
7005 13532367
571 13532471
9521 13533331
13945 13534897
9068 13535175
3455 13536400
10393 13539215
7645 13549830
5903 13550424
5556 13550550
2071 13551487
27848 13552754
4167 13554825
332 13555240
20619 13555813
3406 13566770
7635 13570597
27523 13572120
4653 13573522
18699 13573644
7832 13575073
85 13575272
18233 13575751
24163 13579196
11182 13579294
25373 13579804
13326 13581377
15899 13581723
7025 13583045
28725 13583572
21045 13584395
12237 13584797
7305 13585301
8116 13585707
12730 13591120
8520 13591231
14617 13592878
3741 13594036
5488 13604210
8455 13604223
25339 13617623
26723 13617949
29094 13618710
