5998
20991 1.369960
28209 1.352743
9171 1.335686
18167 1.327091
19383 1.325472
3510 1.324267
1509 1.323384
2398 1.322483
27635 1.320586
26566 1.318124
10446 1.316976
14580 1.316830
9566 1.313686
27 1.313195
529 1.306355
20667 1.305571
22364 1.305156
6195 1.302815
17443 1.302104
24169 1.300549
27562 1.300105
22761 1.299965
22108 1.298975
14951 1.298438
24972 1.296560
6764 1.294676
15481 1.294259
21474 1.290227
5226 1.289044
15797 1.285426
10232 1.285426
27937 1.283437
20629 1.282669
23734 1.281970
20732 1.280581
27005 1.280302
13025 1.279964
13983 1.278630
842 1.275891
13780 1.275891
22721 1.274801
28171 1.274625
28485 1.274493
21395 1.272859
5350 1.270378
25473 1.270067
11553 1.269889
11766 1.268064
5029 1.266769
29103 1.264786
7630 1.263823
1158 1.263487
12575 1.263235
7545 1.261948
19759 1.261176
9189 1.259612
11920 1.259416
2372 1.257437
15021 1.257172
19141 1.255039
6590 1.254101
23272 1.254101
18066 1.253816
25302 1.253364
499 1.252535
2842 1.252399
15171 1.250528
11836 1.250528
2680 1.249811
4393 1.248843
15542 1.248607
5101 1.248463
13925 1.248024
10751 1.247220
2646 1.246431
4013 1.246171
25503 1.245876
9088 1.244545
25958 1.244148
29074 1.244148
28473 1.241684
19011 1.241539
21771 1.241288
6740 1.241076
8126 1.240484
17500 1.240121
16317 1.239363
18172 1.237888
5784 1.237691
7607 1.237349
16205 1.237062
27555 1.236786
10696 1.235324
9724 1.235324
28074 1.234842
25673 1.234698
29486 1.234544
23786 1.234195
2759 1.234130
25093 1.234130
24151 1.234130
13439 1.234130
2287 1.233433
27797 1.233370
3565 1.233032
1816 1.232884
19292 1.230678
18246 1.229511
3790 1.228848
24912 1.228788
24747 1.228788
27427 1.228197
27370 1.226933
3718 1.226933
898 1.226554
20447 1.226117
28708 1.225320
22351 1.224753
13219 1.224543
23529 1.224366
14920 1.224366
22520 1.224127
28737 1.223972
20064 1.223842
9066 1.223327
27803 1.223135
22222 1.223044
28972 1.222911
25879 1.222819
16402 1.221614
16544 1.221267
23544 1.221060
8081 1.220924
2002 1.220753
21806 1.220615
24765 1.220249
5282 1.220249
11185 1.219851
10907 1.219753
7617 1.219265
17225 1.219265
25169 1.218313
18604 1.217849
29027 1.217849
10850 1.216500
9817 1.216500
20048 1.215354
24942 1.215354
3406 1.215354
2944 1.215214
15714 1.214649
18887 1.214206
24918 1.213987
22682 1.213511
10220 1.213044
10824 1.212687
17154 1.212184
5810 1.211692
18673 1.211692
12514 1.211072
7707 1.210829
8858 1.210617
13748 1.209302
4211 1.208925
1708 1.208493
10218 1.208408
7598 1.208190
4349 1.208069
8128 1.208069
3440 1.208027
5154 1.206300
2988 1.206300
3569 1.204672
7263 1.204672
5111 1.204614
16463 1.204212
280 1.204212
12144 1.203430
21635 1.203050
12857 1.203050
12092 1.202188
6310 1.201246
20909 1.201246
19688 1.200904
15108 1.200904
19310 1.200855
23867 1.200855
22830 1.200791
12921 1.200346
6165 1.200237
55 1.199591
17344 1.199070
25775 1.198363
397 1.198264
6603 1.197267
2705 1.196824
25622 1.196824
3463 1.196393
2618 1.196393
28093 1.196393
24760 1.196091
11380 1.195696
28899 1.195358
21430 1.195158
21042 1.194382
16245 1.194382
8399 1.194113
22007 1.194007
19723 1.193460
5754 1.193282
21974 1.193164
8441 1.192588
401 1.191924
16598 1.191603
20165 1.191366
18307 1.190979
6647 1.190677
15809 1.190479
19181 1.189759
7080 1.189527
15944 1.189527
16143 1.189527
5909 1.188721
2788 1.188527
2751 1.188209
27306 1.187899
8993 1.187299
1147 1.187299
16448 1.186339
11716 1.186177
24024 1.185651
19097 1.183973
24114 1.183973
9172 1.183679
12163 1.183679
5386 1.183393
25348 1.182842
20812 1.182842
16222 1.182576
6364 1.182511
26561 1.182511
19757 1.182511
8285 1.182317
28673 1.182127
21541 1.182127
18371 1.181940
19033 1.181818
15253 1.181757
15386 1.181757
9698 1.181054
19833 1.180721
27227 1.180398
1116 1.179636
24284 1.179254
28809 1.179069
29030 1.178198
13507 1.178034
17838 1.177715
15771 1.177258
29555 1.177111
25801 1.176551
16821 1.176156
22111 1.176156
28424 1.176028
17018 1.175903
27791 1.175903
861 1.175903
12536 1.175903
9080 1.175903
14749 1.175720
21896 1.175720
28407 1.175720
26944 1.175423
29907 1.175308
25965 1.173965
12847 1.173428
28062 1.173428
4612 1.172934
15939 1.172702
14321 1.172589
29961 1.172370
28931 1.171858
7732 1.171858
24249 1.171666
9784 1.168895
16600 1.168696
6849 1.168696
12237 1.168508
7340 1.168158
12421 1.168076
9529 1.167765
25662 1.167765
16953 1.167765
27614 1.167481
17940 1.167481
13006 1.167481
11182 1.167221
17055 1.167221
4173 1.167159
27752 1.166869
19078 1.166814
1193 1.166708
7466 1.166656
8276 1.166459
8213 1.166412
11660 1.166275
27409 1.166188
6835 1.166146
15733 1.166023
1097 1.161205
6919 1.161205
6916 1.161205
18639 1.161205
5083 1.161205
18421 1.161205
6345 1.161205
5391 1.161205
23444 1.161205
29248 1.161205
20612 1.161205
27903 1.161205
20579 1.161205
2234 1.161205
13390 1.161205
5845 1.161205
13112 1.161205
16702 1.161205
14486 1.161205
5458 1.161205
17593 1.161205
1642 1.161205
27377 1.156541
751 1.156465
7029 1.156465
19417 1.156386
10176 1.156386
5393 1.156346
27597 1.156305
18760 1.156221
5871 1.156089
4038 1.155540
11934 1.155369
8528 1.155250
2224 1.155061
94 1.155061
7307 1.154492
22476 1.154167
4885 1.153992
20319 1.153992
870 1.153808
2102 1.153808
5788 1.153808
8793 1.153713
9030 1.153713
27346 1.153713
20045 1.151915
4035 1.151915
1995 1.151528
11077 1.151447
483 1.151107
2980 1.151019
748 1.150928
27104 1.150928
14377 1.150453
9725 1.150352
19173 1.150250
20519 1.150250
11734 1.149820
4401 1.149820
3562 1.149592
18995 1.149475
26245 1.148981
11884 1.148851
23563 1.148444
29883 1.148009
22607 1.147857
23843 1.147857
5866 1.147702
6841 1.147214
16076 1.147044
19213 1.147044
3119 1.146986
22596 1.146750
9027 1.146689
12572 1.146689
29541 1.146689
4011 1.146629
7418 1.146381
15743 1.146381
10515 1.146381
19246 1.146253
18925 1.146124
13376 1.145926
24464 1.145926
10909 1.145722
24968 1.145583
10059 1.144537
8400 1.144375
28436 1.144375
26795 1.144211
20381 1.143521
23340 1.143155
27021 1.143155
18337 1.143155
10920 1.142773
1852 1.142576
3087 1.142475
6844 1.142168
7507 1.142168
16505 1.142168
15897 1.141958
13980 1.141298
26455 1.141068
17935 1.141068
29043 1.141068
11954 1.141068
623 1.141010
23679 1.140833
18435 1.140833
19474 1.140469
16662 1.140092
14105 1.139833
12078 1.139567
8914 1.139500
8645 1.139295
25129 1.139086
7424 1.138874
10129 1.138874
26404 1.138436
11305 1.138436
10656 1.137887
5230 1.137746
22421 1.137746
10112 1.137262
6535 1.136758
10331 1.136707
22864 1.136498
19775 1.136286
16549 1.136232
22924 1.135851
26970 1.135684
29235 1.135684
20424 1.135400
19860 1.134933
6687 1.134693
28574 1.134449
29751 1.133557
4321 1.133425
6462 1.133336
1398 1.133224
28229 1.133111
12353 1.132882
27541 1.132603
19964 1.132603
11652 1.132533
29131 1.132174
16930 1.132029
3964 1.131807
24890 1.131807
3606 1.131732
21518 1.131430
11749 1.131122
13461 1.130807
14167 1.130807
531 1.130647
12484 1.130156
18479 1.129821
22411 1.129535
8412 1.129245
1982 1.129127
11485 1.128949
3424 1.128647
9491 1.128647
12417 1.128402
1282 1.128340
15471 1.128340
20085 1.128296
26529 1.128027
9614 1.127477
27236 1.127251
9335 1.127194
19928 1.126849
21371 1.126438
18441 1.126017
26096 1.125657
11728 1.125585
27678 1.125585
9750 1.125585
11985 1.125142
5496 1.125078
6090 1.125078
24544 1.124088
16160 1.124088
14057 1.123746
14550 1.123746
9717 1.123746
16163 1.123746
456 1.123398
23494 1.122923
18908 1.122754
3881 1.122498
6384 1.122313
26518 1.122063
11617 1.121842
17136 1.121618
954 1.121618
24324 1.121505
14243 1.121163
12374 1.120765
28114 1.120697
20136 1.120221
12747 1.120221
27915 1.120221
28094 1.120100
8092 1.119943
22427 1.119943
10935 1.119733
18690 1.119359
19804 1.119233
22496 1.119088
7088 1.119088
2815 1.119088
3536 1.118721
7560 1.118721
29636 1.118647
24475 1.118548
9649 1.118548
23850 1.117385
18461 1.117108
10780 1.116968
8865 1.116968
2496 1.116543
20021 1.116543
21563 1.116351
9210 1.115963
1289 1.115794
8166 1.115667
20545 1.115166
1936 1.114756
21387 1.114756
2547 1.114756
6110 1.114756
7025 1.113484
2455 1.113320
10632 1.113107
24400 1.113107
18794 1.112312
8500 1.112140
22318 1.112001
7608 1.111941
18917 1.111674
9493 1.111580
7740 1.111260
24092 1.110717
11224 1.110717
18941 1.110717
23872 1.110275
12557 1.110082
19716 1.110082
22857 1.110082
16785 1.109723
6283 1.109069
21623 1.109069
5663 1.109016
2290 1.108898
3809 1.108898
21677 1.108763
21051 1.108688
17763 1.108640
6159 1.108155
15243 1.108078
29251 1.107760
16854 1.107760
29971 1.107374
25797 1.107195
26407 1.107055
21450 1.106560
5334 1.106488
28258 1.106384
13163 1.105909
17537 1.105909
22066 1.105909
29882 1.105909
9251 1.105909
16184 1.105909
22378 1.105318
2374 1.105243
27285 1.104935
25319 1.104835
23663 1.104560
28266 1.104560
11708 1.104435
24495 1.104096
20137 1.104096
168 1.103925
1453 1.103861
8714 1.103465
4299 1.102409
11604 1.101959
13018 1.101794
13092 1.101485
26976 1.101349
6485 1.101349
18097 1.100882
3872 1.100725
10922 1.100089
4227 1.100089
25475 1.100089
3668 1.100089
2486 1.100089
6754 1.099498
13457 1.099498
9950 1.099274
15091 1.098997
2301 1.098625
10028 1.098625
15555 1.098567
28400 1.098282
24829 1.097866
2810 1.097510
27655 1.097285
4924 1.097089
290 1.096693
9982 1.096693
12979 1.096366
3612 1.096366
4027 1.096292
11588 1.096177
5940 1.095855
9163 1.095476
17899 1.095476
19117 1.095285
11222 1.095120
17751 1.095022
23514 1.094850
7877 1.094578
20879 1.094469
3988 1.094113
29185 1.094027
7148 1.094027
3465 1.093693
166 1.093621
24359 1.093562
28697 1.093468
9129 1.092898
25487 1.092898
9357 1.092898
17393 1.092898
10487 1.092898
11517 1.092275
24013 1.092275
9071 1.092222
16765 1.092222
4911 1.092085
21080 1.091994
28726 1.091994
7927 1.091994
17311 1.091994
9014 1.091731
25543 1.091405
16527 1.091405
6316 1.091405
24327 1.091252
10929 1.091252
28002 1.091132
14087 1.090634
21540 1.090399
14578 1.090399
3829 1.090110
19170 1.089903
23720 1.089846
20326 1.089846
27303 1.089661
24948 1.088629
26079 1.088629
10542 1.087711
13828 1.087310
472 1.087085
22310 1.086887
2425 1.086842
15546 1.086842
15735 1.086768
20522 1.086768
27438 1.086768
10873 1.086449
9636 1.086288
22666 1.086288
24005 1.086102
18069 1.086102
274 1.085802
12574 1.085802
10453 1.085679
24922 1.084810
10342 1.084810
1677 1.084718
15037 1.084642
8037 1.084577
2804 1.083791
22233 1.083791
29825 1.083791
8281 1.083791
7889 1.083791
8151 1.083047
1321 1.082921
11056 1.081868
8855 1.081868
8229 1.081806
3922 1.081333
16954 1.081121
22955 1.081121
13815 1.080937
26033 1.080937
5903 1.080725
26081 1.080725
3455 1.080190
16014 1.079846
28212 1.079606
29092 1.079430
8434 1.079430
10801 1.079237
21621 1.079237
29244 1.079099
23012 1.078995
2883 1.078796
26521 1.078261
2813 1.077911
2187 1.077719
29532 1.077719
13046 1.077514
25727 1.077406
22782 1.076613
6815 1.076533
16367 1.076238
29595 1.076238
3094 1.075979
13508 1.075642
18700 1.075401
13231 1.075401
8332 1.075002
20699 1.074547
9291 1.074547
27061 1.074386
18697 1.074242
10175 1.074242
4054 1.074114
6187 1.073946
27999 1.073802
13903 1.073802
4075 1.073802
24197 1.073469
19993 1.073012
18387 1.073012
12499 1.072926
5998 1.072599
2958 1.071881
5539 1.071881
23353 1.071881
167 1.071881
10516 1.071881
2973 1.071881
4653 1.071065
17002 1.070889
18022 1.070721
28568 1.070235
23787 1.069716
4860 1.069716
4980 1.069530
6694 1.069228
3236 1.068891
13787 1.068836
13875 1.068719
22813 1.068308
16985 1.068308
13600 1.068308
8611 1.068112
2472 1.068060
22423 1.068060
11875 1.067893
12267 1.067893
6596 1.067774
8792 1.067443
17290 1.067053
28443 1.066752
6076 1.066688
22945 1.066514
21089 1.065694
3893 1.064437
28674 1.064011
1437 1.063961
23255 1.063961
25693 1.063961
6552 1.063272
18070 1.063147
2257 1.062797
28594 1.062612
7674 1.062540
14724 1.062077
15292 1.061673
13019 1.061673
17240 1.061316
28704 1.061233
6875 1.061101
5343 1.060999
24998 1.060999
27523 1.060854
20754 1.060854
2933 1.060716
27638 1.060522
10152 1.060522
2766 1.060461
20722 1.060461
9533 1.060230
12026 1.059971
23401 1.059971
29243 1.059971
28383 1.059740
16072 1.059344
14877 1.059344
26800 1.059174
23870 1.059019
6306 1.058922
23500 1.058922
28249 1.058745
1334 1.058745
1362 1.058313
4162 1.058313
426 1.058313
9608 1.058313
8260 1.058139
12217 1.057986
24131 1.057623
22501 1.057623
24159 1.057623
13412 1.056905
12279 1.056758
2950 1.056641
5239 1.056592
9116 1.056592
15934 1.056506
29724 1.055640
22267 1.055640
229 1.055640
18611 1.055640
21041 1.054719
6036 1.054719
24583 1.054672
23067 1.054563
16703 1.054251
4735 1.053686
2365 1.053581
18231 1.053186
1324 1.053018
23461 1.052957
19314 1.052681
16305 1.052193
17191 1.052193
11945 1.052141
21513 1.051657
29295 1.051657
5552 1.051196
22650 1.051090
4149 1.050923
20293 1.050864
21181 1.050614
25154 1.050261
26894 1.050261
12145 1.050261
20624 1.049457
27836 1.049158
20805 1.048830
25533 1.048402
18979 1.048167
16887 1.047916
17008 1.047785
26975 1.047608
29345 1.047608
262 1.047555
2071 1.047361
20155 1.047098
12132 1.047098
21213 1.046988
7282 1.046889
25618 1.046518
5890 1.046130
1636 1.045853
22399 1.045634
22963 1.045084
12669 1.045084
16351 1.045084
1671 1.045084
18404 1.045084
14676 1.044618
18855 1.044577
28247 1.044470
16169 1.044397
6752 1.044397
18293 1.044019
17728 1.043674
25606 1.042504
3758 1.042107
6394 1.041739
18933 1.041739
17215 1.041565
16256 1.041080
8494 1.040560
8149 1.040439
10999 1.039885
16533 1.039740
20465 1.038665
28760 1.038253
10912 1.038128
27331 1.037948
2090 1.037891
23088 1.037672
9093 1.037672
19184 1.037470
25309 1.037343
8614 1.036612
8022 1.036344
15609 1.036152
15194 1.035816
26543 1.035469
504 1.035291
11607 1.035291
21654 1.035291
28623 1.034628
22151 1.034628
1103 1.034435
27081 1.033847
15318 1.033847
29060 1.033673
2232 1.033319
15103 1.033275
15261 1.032182
27790 1.032182
2891 1.032182
6124 1.031150
7777 1.030976
27234 1.030923
16361 1.030569
14716 1.030473
7867 1.030022
25470 1.029747
26845 1.029639
2793 1.029392
4692 1.029249
3871 1.029091
13124 1.028786
28256 1.028786
25179 1.028647
1928 1.027952
29689 1.027952
12235 1.027490
16932 1.027219
12737 1.026850
2527 1.026644
4134 1.026644
4032 1.026479
2219 1.026181
1376 1.025849
12107 1.025731
24861 1.025479
20618 1.025208
11663 1.024974
23774 1.024592
12134 1.024592
25927 1.023756
28312 1.023693
4757 1.023693
27128 1.023621
29257 1.023621
18091 1.023435
13132 1.022365
39 1.022257
15112 1.021860
20410 1.021475
14193 1.021374
12922 1.020839
12044 1.020452
24782 1.020124
5065 1.019280
24639 1.019016
23707 1.018863
26010 1.018793
23159 1.017003
1923 1.016054
1062 1.016054
22220 1.016054
22045 1.015093
18123 1.015093
27266 1.014834
26596 1.014645
24707 1.013415
18025 1.013415
24371 1.013415
1772 1.013208
20819 1.013067
9554 1.012857
16476 1.012857
13662 1.012614
22353 1.012332
13407 1.012332
8139 1.011838
9976 1.011838
28248 1.011049
25009 1.010789
17004 1.010399
20920 1.010314
22255 1.010314
22191 1.010154
1780 1.009743
2051 1.009743
17643 1.009743
26953 1.009271
26308 1.009214
803 1.009142
11662 1.008829
20943 1.008414
21879 1.008265
10882 1.008024
20912 1.007838
12523 1.007310
8762 1.007167
27719 1.006377
23366 1.006377
11424 1.006377
27522 1.004638
17897 1.004285
9372 1.004011
18699 1.004011
22090 1.003958
23385 1.003880
12874 1.003281
15443 1.003171
21726 1.003171
6231 1.002858
22885 1.002626
4297 1.002570
1785 1.002570
482 1.001278
12104 1.001038
14258 1.000817
24044 1.000612
16474 1.000422
29570 1.000245
20440 0.999397
23961 0.998636
6213 0.997445
18557 0.997121
6400 0.996883
17921 0.995318
25781 0.995318
12720 0.995318
1164 0.995318
2602 0.995318
24697 0.993775
19702 0.993400
18155 0.993320
14973 0.992643
20034 0.992395
4606 0.992302
17491 0.991862
22804 0.991272
7659 0.991028
20822 0.990080
16869 0.988656
18839 0.988513
743 0.988259
27000 0.988042
23133 0.987024
8116 0.986644
4731 0.986229
25972 0.984332
8659 0.984259
28086 0.983878
27598 0.983728
22899 0.982558
11470 0.982113
20843 0.981637
7280 0.980823
25986 0.980573
2911 0.980573
6169 0.980573
20174 0.979451
15973 0.978953
8915 0.978867
4258 0.978867
26888 0.977856
19774 0.977347
9618 0.976603
10470 0.976603
3266 0.976234
12327 0.976234
27219 0.975802
29957 0.973913
25656 0.973913
10690 0.973292
14566 0.973076
17149 0.972633
29915 0.971189
5757 0.968494
27981 0.967670
4066 0.966881
24919 0.966840
7474 0.966840
12871 0.966688
23932 0.965157
28753 0.965019
23205 0.964866
22463 0.964693
16496 0.964549
11757 0.964275
18095 0.964275
11448 0.964019
3896 0.963655
20342 0.963445
28007 0.962324
2554 0.960997
1467 0.959929
9700 0.959929
7140 0.959771
12095 0.959673
5992 0.958930
9662 0.958455
26492 0.957114
19848 0.956286
16039 0.955421
26422 0.955009
3331 0.954899
21429 0.954768
21941 0.954610
9166 0.952188
25561 0.952188
26294 0.950076
14296 0.947922
14433 0.947922
10151 0.947450
29643 0.944157
8778 0.943810
8417 0.942625
25283 0.941241
29510 0.940873
4140 0.940292
4449 0.938192
23468 0.937686
26706 0.937112
21583 0.934746
27378 0.931664
9751 0.931516
28600 0.931383
19330 0.928964
21888 0.928964
20360 0.928964
8509 0.928964
16182 0.928964
11859 0.928964
26551 0.928964
23902 0.924853
26192 0.923531
7800 0.922743
21269 0.918866
1315 0.916061
9660 0.914252
21341 0.913980
12643 0.911325
7304 0.911000
13501 0.907608
7425 0.905740
7287 0.905144
26370 0.900813
7312 0.900526
27656 0.898380
10565 0.897998
4218 0.897998
29662 0.892294
16769 0.891541
15057 0.880914
25320 0.877355
17439 0.873668
11221 0.867406
24328 0.842192
23349 0.619309
7010 0.619309
24834 0.619309
23333 0.619309
28746 0.619309
20575 0.619309
29712 0.619309
19014 0.616569
1505 0.616374
15541 0.615887
12609 0.615887
6271 0.615578
570 0.615578
24002 0.615208
24372 0.615208
14399 0.615208
145 0.614191
9388 0.613467
4900 0.612503
20565 0.611663
28710 0.611160
27793 0.611160
22393 0.609926
19607 0.609926
17148 0.609632
27577 0.609632
116 0.609156
24332 0.609156
9185 0.608987
23430 0.608987
25306 0.608491
14023 0.608250
11103 0.608250
26351 0.607733
1575 0.607166
2964 0.607103
22667 0.606861
5995 0.606861
28687 0.606407
13621 0.606407
20489 0.605846
6648 0.605234
25788 0.605234
6860 0.604907
29755 0.604300
5785 0.604300
25930 0.603826
8591 0.603826
5687 0.603826
1287 0.603826
13653 0.603622
16373 0.603622
20623 0.603223
18574 0.603223
6732 0.603223
25580 0.602512
21945 0.602106
24120 0.601758
11523 0.601758
18984 0.601094
8252 0.601094
5878 0.600623
8842 0.599828
21036 0.599683
24520 0.599683
28329 0.599331
16083 0.599331
15302 0.598196
26276 0.598196
28690 0.598045
1024 0.597466
16523 0.597466
27239 0.597466
10396 0.597466
29962 0.596924
26712 0.596881
21124 0.596881
24330 0.596582
15182 0.596466
23042 0.596126
19291 0.596126
15264 0.595881
23769 0.595881
12308 0.595881
20163 0.595748
18058 0.595190
21517 0.594997
10236 0.594361
5190 0.593858
7074 0.593505
367 0.593391
26347 0.593224
15505 0.593169
22063 0.592956
21810 0.592549
21062 0.592451
27639 0.592451
3356 0.592214
2264 0.591697
17351 0.591557
13245 0.591557
5094 0.591159
17210 0.590788
29838 0.590671
17670 0.590613
24701 0.590279
28615 0.590120
27969 0.590120
6869 0.589967
28335 0.589818
4551 0.589818
13 0.589818
16183 0.589818
22185 0.589099
11760 0.589099
21284 0.588629
24010 0.588629
25017 0.588629
893 0.588484
4717 0.588484
7482 0.588484
27373 0.588344
11567 0.588344
21345 0.588344
14441 0.588208
2310 0.588143
5383 0.587952
27201 0.587952
6395 0.587952
21137 0.587830
14698 0.587712
19968 0.587597
22707 0.587597
6725 0.587597
26477 0.587597
17066 0.586983
18282 0.586983
7657 0.586845
10421 0.586845
17114 0.586714
10457 0.586239
14726 0.586239
28282 0.586239
7615 0.586028
7253 0.585929
17147 0.585929
1871 0.585929
24909 0.585929
8564 0.585929
15123 0.585565
28648 0.585401
4519 0.585323
15482 0.584254
16946 0.584254
25050 0.584079
21361 0.584079
7769 0.584079
1427 0.583998
12823 0.583998
2013 0.583707
11382 0.583642
28860 0.583520
16881 0.583462
18324 0.583407
22475 0.583407
25974 0.583303
17358 0.583206
11690 0.583073
21410 0.583073
1110 0.582953
9353 0.582953
24455 0.580602
17920 0.580602
11854 0.580602
8673 0.580602
10034 0.580602
22712 0.580602
1869 0.580602
16364 0.580602
8389 0.580602
4277 0.580602
27893 0.580602
9998 0.580602
24241 0.580602
24881 0.580602
26634 0.580602
27506 0.580602
27202 0.580602
14445 0.578271
7191 0.578232
26098 0.578067
22522 0.578067
27392 0.578022
10432 0.577975
9175 0.577927
15485 0.577714
29120 0.577714
14123 0.577655
27990 0.577530
3635 0.577530
12287 0.577464
18587 0.577395
29831 0.577167
28420 0.577083
17906 0.576996
4581 0.576996
5040 0.576996
10843 0.576904
9638 0.576904
3609 0.576904
12600 0.576807
13711 0.575957
19800 0.575723
16171 0.575464
6898 0.575372
25159 0.575276
21024 0.575176
12861 0.575176
1132 0.575176
2763 0.575176
9944 0.575176
6371 0.574965
4855 0.574854
17517 0.574854
18907 0.574738
16507 0.574617
19405 0.574491
9872 0.574359
8709 0.574359
27225 0.574222
929 0.574222
14129 0.573929
22495 0.573772
16320 0.573607
3115 0.573434
3057 0.573434
18280 0.573434
23806 0.573434
14097 0.573434
26843 0.573253
20759 0.573253
25642 0.572861
951 0.572791
14927 0.572791
7544 0.572649
258 0.572188
17916 0.572022
4958 0.571849
13928 0.571849
21413 0.571849
9886 0.571670
7298 0.571483
29 0.571483
6182 0.571288
18272 0.571288
2367 0.571288
10462 0.571238
28166 0.571084
23280 0.571084
20105 0.570872
10355 0.570649
27102 0.570649
3598 0.570592
2448 0.570416
374 0.570416
26814 0.570234
9035 0.570046
26087 0.569850
680 0.569437
2917 0.569437
13672 0.569365
19140 0.569365
16715 0.569067
6494 0.569067
20941 0.569067
4137 0.569067
8457 0.569067
24637 0.568990
12744 0.568944
20344 0.568753
6663 0.568557
23669 0.568557
16689 0.568506
19981 0.568506
2263 0.568506
18866 0.568353
7231 0.567980
3488 0.567925
5001 0.567407
5955 0.567100
14656 0.566778
25015 0.566778
14914 0.566712
22536 0.566712
26034 0.566441
7122 0.566441
7163 0.566159
21415 0.566087
25689 0.566087
402 0.566087
7371 0.565965
21960 0.565866
3035 0.565715
16935 0.565715
2658 0.565561
11038 0.565323
26146 0.565323
29272 0.565323
3267 0.565242
29117 0.564910
23136 0.564910
930 0.564622
17739 0.564324
8347 0.564324
2994 0.564148
24716 0.564148
4601 0.563877
25867 0.563877
352 0.563877
10832 0.563822
219 0.563692
16975 0.563597
1989 0.563357
25902 0.563308
25321 0.563008
11093 0.563008
23089 0.562698
23616 0.562698
12326 0.562698
19471 0.562698
18181 0.562571
19214 0.562571
24955 0.562267
21995 0.562112
5946 0.562044
19138 0.561628
28180 0.561462
1413 0.561462
5556 0.560921
2970 0.560921
12375 0.560921
12828 0.560921
21315 0.560582
4636 0.560582
24721 0.560582
18934 0.560582
926 0.560230
10435 0.560179
11893 0.559866
23423 0.559760
3425 0.559760
26472 0.559489
19689 0.559489
17474 0.559324
3835 0.559324
1836 0.559274
13698 0.559274
17824 0.559098
9187 0.559098
1737 0.558693
22936 0.558693
18740 0.558554
13446 0.558554
27040 0.558393
11898 0.558271
20734 0.557981
22639 0.557834
11098 0.557834
13472 0.557834
1566 0.557784
24886 0.557378
9892 0.556958
18667 0.556958
7976 0.556904
26572 0.556904
23106 0.556904
3868 0.556411
28068 0.556266
27108 0.555790
3812 0.555359
27372 0.555112
13179 0.555112
15228 0.555112
1267 0.555041
13603 0.554912
14615 0.554449
28950 0.554382
13718 0.554320
22699 0.554320
21683 0.554077
24285 0.553687
9856 0.553687
24381 0.553598
1094 0.552955
27680 0.552955
22449 0.552467
2617 0.552418
24648 0.552357
17996 0.552048
1135 0.551733
17445 0.551733
20003 0.551733
17600 0.551733
6046 0.551572
5916 0.551572
17213 0.551440
9953 0.551080
11324 0.551080
1259 0.551080
26778 0.550897
12024 0.550828
4243 0.550828
10180 0.550828
13078 0.550674
8106 0.550044
1014 0.549283
3636 0.549283
24032 0.549141
25090 0.548933
16679 0.548509
13832 0.548089
15931 0.547984
16060 0.547984
4484 0.547850
26032 0.547850
18968 0.547738
23003 0.547560
3678 0.547319
12506 0.547319
15090 0.547234
2572 0.547234
2684 0.547164
5522 0.547164
1654 0.547164
6586 0.547164
13277 0.547106
11781 0.547056
8797 0.546449
9763 0.546449
27744 0.546449
1647 0.546449
16267 0.545820
20604 0.545766
21169 0.545766
5790 0.545626
20285 0.545626
28017 0.545261
8198 0.545166
5461 0.545166
17249 0.545055
16165 0.544923
15092 0.544763
15558 0.544763
1098 0.544488
5578 0.544163
19125 0.543988
4133 0.543543
3152 0.543543
6488 0.543316
17508 0.543254
829 0.543144
22094 0.542901
24126 0.542901
4435 0.542901
18913 0.542737
8636 0.542530
2145 0.541895
10076 0.541895
18649 0.541895
26 0.541895
9386 0.541548
6082 0.541494
17977 0.541421
28490 0.541421
19497 0.541421
12797 0.541144
7504 0.541144
21929 0.541144
1182 0.541016
10399 0.540835
26496 0.540667
7277 0.540435
16637 0.540363
12422 0.540316
12340 0.540316
1101 0.540095
15516 0.539647
1479 0.539550
5135 0.539398
19129 0.539398
12708 0.539398
4326 0.539131
9064 0.539131
24095 0.538902
12496 0.538799
23561 0.538703
827 0.538530
25744 0.538530
211 0.538119
12398 0.537821
23431 0.537701
6837 0.537595
28806 0.537501
12924 0.537417
6737 0.537417
5225 0.537417
9062 0.536901
9344 0.536901
16266 0.536838
21491 0.536735
7914 0.536691
24307 0.535941
8835 0.535941
12338 0.535941
13105 0.535941
8921 0.535941
17449 0.535941
15986 0.535941
16603 0.535117
24654 0.535065
6840 0.535005
29864 0.535005
19789 0.534937
6234 0.534858
26357 0.534858
19423 0.534765
27118 0.534360
6980 0.534154
17185 0.534030
14624 0.533780
17870 0.533721
20985 0.533660
20657 0.533526
26121 0.533526
5371 0.533376
1423 0.533376
23557 0.533206
17335 0.533012
15667 0.533012
9854 0.532847
10789 0.532788
2362 0.531767
28004 0.531497
16010 0.531497
20336 0.531399
17320 0.531189
14059 0.531134
21920 0.530836
11218 0.530836
27604 0.530836
29488 0.530550
28333 0.530427
12448 0.530115
12372 0.530115
1011 0.529870
8117 0.529672
15230 0.529293
8308 0.529293
23966 0.529293
19553 0.528993
202 0.528865
21984 0.528865
4399 0.528763
28971 0.528763
10693 0.528379
1855 0.528321
9211 0.528273
193 0.528273
28635 0.528273
15265 0.527820
4916 0.527820
18645 0.527820
27782 0.527359
74 0.527310
5500 0.527250
12615 0.527250
20377 0.527250
1907 0.526933
2717 0.526843
6447 0.526843
7318 0.526593
27900 0.526593
5287 0.526538
8093 0.526538
25020 0.526538
27848 0.526413
45 0.526413
15088 0.526413
23471 0.526260
15430 0.526071
24432 0.526016
9812 0.526016
9613 0.526016
22173 0.525828
28949 0.525828
10934 0.525168
2080 0.525066
1646 0.524838
9067 0.524775
27572 0.524728
22678 0.524415
21923 0.524415
25829 0.524415
13642 0.524083
125 0.524031
14697 0.524031
27770 0.523680
29165 0.523360
2272 0.523360
5492 0.523180
25510 0.523065
24334 0.522927
18385 0.522927
25914 0.522927
7347 0.522846
21303 0.522846
739 0.522542
19570 0.522264
22182 0.522264
2606 0.522198
19711 0.522009
9547 0.521890
8798 0.521775
9959 0.521558
22991 0.521126
26930 0.521126
28653 0.521053
5237 0.520783
1175 0.520783
23137 0.520720
4005 0.520540
5328 0.520540
21243 0.520220
1788 0.520220
28999 0.519486
24773 0.519357
28889 0.519296
5703 0.519238
29391 0.518836
4729 0.518711
27401 0.518596
7283 0.518395
6010 0.518395
24088 0.517645
15940 0.517645
22205 0.517645
26446 0.517565
19749 0.517565
24599 0.517493
12721 0.517428
7337 0.517428
17608 0.517368
19569 0.517314
22158 0.517175
18052 0.516091
8898 0.516091
13102 0.516091
28034 0.516091
17519 0.516091
12758 0.516091
16306 0.514969
27801 0.514874
13403 0.514820
18402 0.514761
28636 0.514696
13310 0.514696
13966 0.514625
1378 0.514458
14179 0.513976
8118 0.513895
27198 0.513807
4854 0.513807
6843 0.513713
21099 0.513240
28414 0.513240
12224 0.512982
19008 0.512925
12468 0.512865
26684 0.512740
7990 0.512740
15703 0.512740
25072 0.512604
3567 0.512604
28403 0.512456
1054 0.512456
16081 0.512121
5701 0.512121
3560 0.511717
18323 0.511717
1012 0.511717
53 0.511544
29042 0.511544
22608 0.511483
12158 0.511356
11831 0.511152
4382 0.510930
18498 0.510930
29236 0.510737
1488 0.510530
20289 0.510530
17696 0.510125
1021 0.510062
23721 0.509797
18717 0.509797
4663 0.509797
23890 0.509797
27842 0.509558
16822 0.509508
4483 0.509432
26960 0.509300
16277 0.509300
18145 0.508842
16170 0.508718
6799 0.508627
8131 0.508456
7453 0.508456
14767 0.508456
20840 0.508027
26396 0.508027
23674 0.508027
27805 0.508027
21262 0.507733
2779 0.507689
4317 0.507630
26204 0.507546
9855 0.507417
84 0.507322
19531 0.507193
28537 0.507193
3184 0.506922
18214 0.506707
26897 0.506534
11680 0.506534
9007 0.505871
9156 0.505871
7753 0.505769
1680 0.505686
8996 0.505466
20495 0.505466
9201 0.505395
11502 0.505395
7745 0.505339
2040 0.505339
8875 0.505294
10580 0.505294
16882 0.504872
23024 0.504458
27957 0.503803
19798 0.503803
22127 0.503531
2384 0.503531
22969 0.503189
5435 0.503189
18936 0.503189
761 0.503010
17589 0.503010
25347 0.503010
27702 0.502942
5958 0.502790
19376 0.502790
4194 0.502686
11269 0.502510
9525 0.502399
28591 0.502143
27683 0.502143
13216 0.502143
21390 0.502143
18270 0.501877
27895 0.501755
17572 0.501755
13259 0.501553
21716 0.501429
7824 0.501429
10166 0.501429
28367 0.501313
16121 0.501151
4845 0.501151
6788 0.500703
17121 0.500639
4063 0.500409
25780 0.500040
2432 0.499891
18734 0.499759
22820 0.499588
29664 0.499443
26433 0.499443
600 0.499443
9173 0.499318
27887 0.498596
13305 0.498596
1417 0.498596
28857 0.498331
21117 0.497659
25420 0.497659
21805 0.497659
12773 0.497659
4512 0.497659
10086 0.497659
4117 0.497659
7197 0.497659
4805 0.497659
24384 0.497659
7645 0.496935
15898 0.496888
4360 0.496834
16456 0.496772
26856 0.496772
29094 0.496700
14217 0.496700
20563 0.496321
9089 0.496241
22868 0.496241
24706 0.496049
4366 0.495931
16036 0.495636
2491 0.495577
16518 0.495447
2228 0.495447
13754 0.495447
27086 0.495301
10627 0.495301
20251 0.495301
16472 0.495301
18205 0.495133
18666 0.494940
25941 0.494940
24974 0.494940
364 0.494714
464 0.494714
18815 0.494587
15593 0.494587
7447 0.494448
12492 0.494374
4574 0.494374
11481 0.494374
18522 0.494328
27023 0.494328
5411 0.494130
6583 0.494130
12804 0.494130
27106 0.493906
4824 0.493846
19995 0.493512
9543 0.493512
14086 0.493512
5294 0.493362
2728 0.493255
28553 0.493025
27825 0.493025
25255 0.492632
15601 0.492632
11846 0.492632
2708 0.492632
598 0.492250
7320 0.491515
14009 0.491464
1369 0.491464
4546 0.491279
15598 0.491279
15565 0.491279
17336 0.491279
16609 0.491024
13609 0.491024
4834 0.490818
29489 0.490818
25194 0.490650
2817 0.490650
3381 0.490447
17700 0.490447
22347 0.490286
16934 0.490050
695 0.489960
27956 0.489665
6438 0.489665
12346 0.489589
28873 0.489527
538 0.489527
5559 0.489476
20380 0.489433
21887 0.488928
13140 0.488928
24064 0.488928
28502 0.488928
5007 0.488928
27216 0.488928
9354 0.488404
8366 0.488404
1906 0.488404
15719 0.488357
28744 0.488357
19493 0.488234
27854 0.488150
11695 0.488150
3943 0.487812
24139 0.487706
3357 0.487578
11555 0.487419
5939 0.487419
22445 0.487291
7317 0.486957
8414 0.486600
13443 0.486316
4411 0.485860
27721 0.485860
27212 0.485595
12116 0.485475
7070 0.485475
15080 0.485422
27517 0.485280
6628 0.485060
9296 0.485060
19551 0.484899
23647 0.484899
27628 0.484775
14561 0.484677
8843 0.484294
21025 0.484294
11277 0.484294
624 0.484247
3750 0.483835
15408 0.483835
24062 0.483835
7372 0.483344
10329 0.483344
11004 0.483276
7792 0.483061
21194 0.482877
351 0.482877
9415 0.482748
13941 0.482579
29840 0.482579
4079 0.482579
10017 0.482579
4252 0.482579
29619 0.482195
3741 0.482009
21692 0.482009
6513 0.481828
27017 0.481828
19492 0.481606
28163 0.481475
23104 0.481475
25271 0.481475
7129 0.481328
11091 0.481328
3654 0.481220
1058 0.480972
1879 0.480498
16908 0.480498
28018 0.480498
26745 0.480498
1317 0.479965
18484 0.479837
26415 0.479628
20149 0.479628
4649 0.479628
23793 0.479396
17365 0.479396
18658 0.479396
15978 0.479062
5263 0.478742
20570 0.478742
15048 0.478557
21259 0.478436
5551 0.478143
17047 0.478143
10105 0.478143
9848 0.478143
19299 0.478143
3347 0.478143
9553 0.477862
3659 0.477816
23526 0.477816
486 0.477753
17941 0.477592
16243 0.477592
6542 0.477592
21800 0.477505
13329 0.477505
21426 0.477207
10050 0.477207
4330 0.477207
14617 0.476923
11713 0.476786
26701 0.476786
9316 0.476786
19441 0.476652
13856 0.476392
1862 0.476392
5162 0.476392
24315 0.476392
26282 0.476094
22780 0.476094
28725 0.476094
23758 0.475674
17861 0.475674
9737 0.475347
22453 0.475284
24727 0.475284
21866 0.475284
28343 0.475038
18351 0.474804
7604 0.474747
18298 0.474579
29187 0.474471
22730 0.474471
25590 0.474159
17699 0.473961
24018 0.473961
20510 0.473725
21481 0.473649
774 0.473357
5930 0.473083
9510 0.472889
7958 0.472826
26439 0.472826
9106 0.472703
5487 0.472703
7344 0.472583
4245 0.472583
26692 0.472354
9949 0.472354
12993 0.471933
13237 0.471933
18994 0.471739
22546 0.471555
28774 0.471555
27500 0.471380
6902 0.471213
18521 0.471213
14680 0.470759
24141 0.470759
297 0.470620
26952 0.470553
29807 0.470488
27672 0.470361
22828 0.470361
13303 0.470361
28900 0.470123
15979 0.470011
17420 0.470011
23610 0.469852
24277 0.469852
24369 0.469852
8566 0.469701
21467 0.469558
11532 0.469558
4530 0.469423
11809 0.469423
10021 0.469423
19546 0.469058
19834 0.468948
26631 0.468843
16756 0.468743
4572 0.468743
5763 0.468648
3442 0.467498
14686 0.467498
27786 0.467403
21286 0.467403
17601 0.467151
22609 0.467077
21275 0.467077
14339 0.467077
29858 0.467006
26682 0.466876
12802 0.466759
14434 0.466704
12080 0.466704
3188 0.466652
13080 0.466603
10571 0.466603
2120 0.466603
17155 0.466555
2729 0.466467
24900 0.466425
21407 0.464482
22392 0.464482
12782 0.464482
24308 0.464482
12884 0.464482
17436 0.464482
11630 0.464482
26208 0.464482
16262 0.464482
22767 0.464482
11726 0.464482
6544 0.464482
5609 0.464482
2088 0.464482
28721 0.464482
9994 0.464482
29671 0.464482
19204 0.464482
29918 0.464482
26702 0.464482
5234 0.464482
29437 0.464482
3312 0.464482
6705 0.464482
7966 0.464482
10755 0.464482
25056 0.464482
24631 0.462427
13148 0.462380
15997 0.462380
22509 0.462331
27846 0.462280
16675 0.462280
23838 0.462227
19365 0.462227
9362 0.462171
5718 0.462050
25052 0.461916
7294 0.461843
12319 0.461766
6789 0.461766
11400 0.461684
2284 0.461597
26678 0.461597
16345 0.461504
27898 0.461406
6613 0.461406
23592 0.460721
16358 0.460643
11775 0.460297
22344 0.459994
29774 0.459994
3263 0.459994
19615 0.459994
26429 0.459883
2552 0.459766
9226 0.459643
8852 0.458919
14602 0.458863
1876 0.458747
5121 0.458747
1367 0.458747
12826 0.458747
7920 0.458747
18733 0.458627
14567 0.458627
40 0.458501
28272 0.458370
27583 0.458090
18445 0.458090
20592 0.457940
4249 0.457940
15373 0.457783
25022 0.457783
13708 0.457070
707 0.456867
988 0.456867
25117 0.456708
551 0.456708
22904 0.456708
29583 0.456542
9447 0.456427
13981 0.456427
23901 0.456427
9916 0.456187
21514 0.456187
14775 0.455933
19604 0.455800
1038 0.455800
19954 0.455800
29423 0.455663
13956 0.455663
1336 0.455374
23071 0.455374
16766 0.455374
24882 0.455192
14540 0.455145
11956 0.454905
23030 0.454905
17668 0.454905
17461 0.454652
13722 0.454652
6308 0.454652
25107 0.454599
29703 0.454160
6449 0.453680
25174 0.453680
10564 0.453488
11544 0.453488
11724 0.453423
5236 0.453153
1917 0.452870
17693 0.452797
6199 0.452797
14033 0.452673
13111 0.452572
29853 0.452572
9866 0.452417
3738 0.452150
26797 0.451928
26918 0.451928
23277 0.451871
9405 0.451580
14756 0.451318
19432 0.451318
19149 0.451318
8657 0.451274
7814 0.451211
8599 0.451211
12637 0.450953
25140 0.450763
29899 0.450763
15628 0.450617
25592 0.450467
14127 0.449967
29392 0.449967
11515 0.449967
22763 0.449891
14587 0.449836
26936 0.449499
11837 0.449499
27777 0.449499
27764 0.449499
25556 0.449145
494 0.449145
20666 0.449085
20583 0.449085
2383 0.449085
10513 0.448999
16272 0.448869
24935 0.448869
20117 0.448869
3882 0.448775
22368 0.448647
12917 0.448386
15450 0.448184
13312 0.447977
2932 0.447693
26236 0.447693
24833 0.447693
15493 0.447693
2016 0.447693
7635 0.447548
908 0.447548
25316 0.447548
19910 0.447172
13968 0.447172
28782 0.447095
4784 0.447036
26157 0.446991
10723 0.446617
8640 0.446617
12512 0.446617
11413 0.446617
26500 0.446617
4375 0.446177
28020 0.446177
4670 0.446112
18800 0.445820
18694 0.445820
21330 0.445715
1719 0.445715
18034 0.445578
2454 0.445578
6802 0.445394
13836 0.445229
25509 0.445229
24140 0.445128
8207 0.445013
14375 0.445013
3155 0.444948
1239 0.444480
26723 0.444412
9068 0.444287
3821 0.444287
10074 0.444287
18201 0.443772
919 0.443772
23027 0.443606
19518 0.443475
641 0.443091
15376 0.443003
17628 0.442934
23632 0.442878
29159 0.442364
21268 0.442364
27899 0.441824
43 0.441824
15128 0.441763
7348 0.441763
14300 0.441763
17068 0.441685
12089 0.441685
21794 0.441363
6825 0.441258
7669 0.440964
1017 0.440828
15524 0.440662
10815 0.440662
11430 0.440457
15662 0.440457
10685 0.440267
19794 0.440267
8631 0.440267
18778 0.440195
9044 0.440035
2722 0.440035
27914 0.440035
12305 0.440035
2154 0.439928
14739 0.439746
9286 0.439746
2945 0.439679
19480 0.439062
17350 0.438796
12425 0.438796
17425 0.438677
1978 0.438567
27240 0.438567
1723 0.438190
15899 0.438190
23676 0.438190
22551 0.438190
13564 0.437998
27593 0.437940
9699 0.437940
4664 0.437831
947 0.437831
1368 0.437732
2825 0.437732
182 0.437555
20643 0.437555
22415 0.437404
12227 0.437337
22162 0.437274
8169 0.437274
17187 0.437274
29431 0.437159
26213 0.437012
24150 0.436783
210 0.436613
16335 0.436331
24756 0.436331
1972 0.436086
3563 0.436086
5768 0.435452
15838 0.435452
11438 0.435452
2590 0.435452
6882 0.435452
6246 0.435452
7242 0.435452
19446 0.435452
5569 0.435452
15670 0.435452
17869 0.434834
3691 0.434834
26920 0.434789
3645 0.434789
49 0.434515
17075 0.434515
3246 0.434515
21799 0.434190
18035 0.434190
14024 0.433986
16464 0.433857
20931 0.433857
11598 0.433703
427 0.433703
3582 0.433368
17618 0.432813
20216 0.432747
8520 0.432747
26718 0.432747
24115 0.432606
12333 0.432076
5387 0.431853
13037 0.431853
5518 0.431853
10367 0.431853
6734 0.431805
13152 0.431730
23628 0.431486
28145 0.431106
23407 0.431106
24430 0.430963
28534 0.430963
28614 0.430963
19099 0.430769
10492 0.430769
23795 0.430645
14361 0.430559
14067 0.430495
14495 0.430447
10041 0.430076
1718 0.430076
16512 0.430076
11926 0.430076
5665 0.430076
10412 0.430076
13817 0.430076
28685 0.430076
13929 0.429579
26758 0.429141
4396 0.429141
24325 0.428980
10194 0.428913
19 0.428752
18369 0.428599
5605 0.428406
17467 0.428313
25505 0.428154
15497 0.427812
9869 0.427812
19906 0.427812
5086 0.427812
3392 0.427556
25955 0.427508
12443 0.427508
5676 0.427508
27299 0.427437
1901 0.427437
2243 0.427437
12470 0.427236
14999 0.427236
2761 0.427236
28500 0.427236
16798 0.427110
8498 0.427110
13307 0.427110
4055 0.426821
19705 0.426767
25684 0.426565
9865 0.426565
20483 0.426336
22900 0.426265
24523 0.426265
8572 0.426004
28346 0.426004
19247 0.426004
28540 0.425944
12623 0.425944
25875 0.425775
28587 0.425775
12306 0.425572
18663 0.425572
8479 0.425392
3867 0.425392
24656 0.425230
18579 0.425230
12968 0.425084
8048 0.425084
10987 0.425016
28336 0.424831
637 0.424831
2030 0.424669
13034 0.424526
27092 0.424286
226 0.424184
332 0.424184
17321 0.424008
18990 0.423584
10069 0.423584
22417 0.423356
15269 0.423356
12117 0.423243
27970 0.423195
38 0.423111
2153 0.422256
185 0.422256
26332 0.422256
14811 0.422256
19208 0.422256
13361 0.422256
461 0.422256
19200 0.422256
19106 0.422256
29742 0.422256
8692 0.422256
23469 0.422256
4740 0.422256
29626 0.421405
8456 0.421322
24857 0.421221
12241 0.421221
21814 0.421221
28313 0.421162
9653 0.421162
12367 0.421022
26488 0.420937
22175 0.420519
9313 0.420436
25389 0.420245
7935 0.420245
22400 0.420134
25156 0.420134
15829 0.420010
14876 0.419871
29801 0.419871
22513 0.419712
10593 0.419712
6150 0.419712
16146 0.419466
16426 0.419466
9437 0.419324
22253 0.419167
11969 0.418991
5265 0.418795
15566 0.418574
2830 0.418322
27367 0.418254
23218 0.418254
14493 0.418034
1195 0.418034
3403 0.417626
24239 0.417626
10555 0.417512
13636 0.417086
18271 0.416843
9272 0.416519
13686 0.416281
7103 0.416098
894 0.415589
28714 0.415589
683 0.415179
11270 0.415179
19381 0.415117
14606 0.415117
26158 0.414716
16287 0.414716
20040 0.414716
18485 0.414327
3466 0.414327
25384 0.413995
2557 0.413763
16422 0.413580
12679 0.413580
29421 0.413413
12725 0.413189
13471 0.413121
18218 0.413121
25402 0.413121
17833 0.412659
27315 0.412659
29400 0.412611
15679 0.412611
23861 0.412533
22325 0.412262
29051 0.412202
3912 0.412202
12165 0.412040
11026 0.412040
25894 0.411566
6103 0.411566
14748 0.411566
7182 0.411398
6984 0.411398
418 0.411260
12552 0.411260
21912 0.411260
14937 0.410670
834 0.410670
10568 0.410670
19116 0.410592
10123 0.410527
1004 0.410472
10125 0.410472
13069 0.410426
8838 0.409837
16144 0.409837
12204 0.409837
15646 0.409837
11173 0.409277
13513 0.409061
3054 0.409061
5893 0.408572
3047 0.408464
3141 0.408464
13991 0.408336
12008 0.408122
26474 0.407991
7817 0.407606
8190 0.407440
11634 0.407440
14667 0.407247
15904 0.407176
15009 0.407176
10736 0.407020
17266 0.407020
11146 0.406918
19762 0.406918
13156 0.406750
28442 0.406689
6448 0.406422
22611 0.406422
15418 0.405722
3791 0.405500
8310 0.405326
25506 0.405186
7026 0.405071
21840 0.404933
21013 0.404735
16815 0.404735
19095 0.404735
29334 0.404465
259 0.404348
8766 0.404306
7573 0.403897
8716 0.403897
4343 0.403897
9295 0.403469
16871 0.403366
17803 0.403366
2044 0.402975
22686 0.402730
28032 0.402205
19019 0.401955
7439 0.401767
8221 0.401767
20016 0.401767
27383 0.401714
9147 0.401404
4618 0.401404
18106 0.401254
21119 0.401254
6307 0.401143
13088 0.401143
17023 0.401059
11425 0.400892
25607 0.400892
20994 0.400892
19787 0.400892
3050 0.400770
857 0.400415
6102 0.400032
25215 0.399970
5505 0.399970
20492 0.399970
27327 0.399670
22027 0.399670
26958 0.399554
17879 0.399554
17791 0.399554
10393 0.399554
15389 0.399454
5606 0.399454
25578 0.399395
24797 0.398941
8911 0.398941
16386 0.398941
26258 0.398520
10566 0.398520
16958 0.398453
7363 0.398127
1330 0.398127
5309 0.398127
12965 0.398127
29480 0.397820
13879 0.397761
24485 0.397761
1774 0.397529
27934 0.397418
2423 0.397418
5509 0.397254
24109 0.397254
15762 0.397096
28913 0.397096
1574 0.396993
22940 0.396993
10995 0.396794
6824 0.396509
28044 0.396509
9256 0.395987
13649 0.395865
8853 0.394658
20484 0.394371
13171 0.394371
3843 0.394371
25218 0.394371
18419 0.394106
9752 0.393980
20327 0.393980
9503 0.393859
9785 0.393859
27768 0.393859
27458 0.393311
28955 0.393311
27425 0.393212
11640 0.393023
19478 0.393023
22679 0.393023
15873 0.392520
5092 0.392520
1603 0.392370
17859 0.392095
22840 0.392095
19622 0.392095
1396 0.391968
12219 0.391907
22133 0.391847
1880 0.391732
4480 0.391732
1557 0.391732
13239 0.391417
21323 0.390901
26255 0.390790
27451 0.390494
6625 0.390494
9509 0.390321
20409 0.390321
3950 0.390165
939 0.390165
26348 0.389565
25889 0.389472
9010 0.389386
16025 0.389386
23766 0.389386
18880 0.389306
5667 0.389306
28418 0.389160
26782 0.389095
10183 0.389033
23926 0.389033
5944 0.389033
17925 0.388975
21508 0.388975
23138 0.388920
15629 0.388920
3332 0.388920
25922 0.388868
9052 0.388820
4291 0.388773
5 0.388729
17057 0.388688
14424 0.388688
11507 0.387068
3545 0.387068
2718 0.387068
685 0.387068
15768 0.387068
20088 0.387068
4513 0.387068
16180 0.387068
1652 0.387068
10375 0.387068
21442 0.387068
7664 0.387068
12230 0.387068
17733 0.387068
7098 0.387068
4988 0.387068
24557 0.387068
25265 0.385421
5455 0.385421
23299 0.385332
6856 0.385332
29821 0.385284
7971 0.385234
13844 0.385123
11622 0.385063
29797 0.384930
9455 0.384778
26803 0.384694
19626 0.384603
15755 0.384603
13071 0.384603
11753 0.383947
17971 0.383517
27387 0.383310
5658 0.383310
17380 0.383310
7579 0.383197
1971 0.382950
28064 0.382950
16940 0.382815
25970 0.382815
15099 0.382815
3280 0.382815
27229 0.382670
16247 0.382514
3925 0.382405
1064 0.382290
18241 0.382169
26508 0.381291
16630 0.381291
3168 0.380875
5456 0.380723
22275 0.380723
4276 0.380508
3200 0.380031
22552 0.380031
5521 0.380031
27461 0.379833
17816 0.379625
27034 0.379479
6003 0.379403
25196 0.379169
16508 0.378762
5195 0.378762
2139 0.378654
21446 0.378370
9678 0.378311
19221 0.378067
19936 0.378067
28464 0.377808
28047 0.377741
21367 0.377391
21369 0.377391
27504 0.377391
3125 0.377391
14802 0.377014
15367 0.377014
10270 0.377014
22683 0.376936
19093 0.376936
26957 0.376607
28384 0.376607
6347 0.376607
19583 0.376607
28274 0.376316
17557 0.376316
8534 0.376256
11231 0.376099
8251 0.375881
14088 0.375684
14251 0.375684
10893 0.375339
9250 0.375339
15888 0.375047
27762 0.374582
28625 0.374582
15643 0.374582
26108 0.374582
9971 0.374582
23268 0.374582
23504 0.374273
17364 0.374227
18843 0.374227
23264 0.374227
28559 0.373851
19509 0.373721
5761 0.373721
24498 0.373605
11649 0.373605
12027 0.373453
4175 0.373244
24107 0.373244
26330 0.373244
1689 0.373244
12497 0.373078
13042 0.373078
26122 0.373029
11991 0.372864
5374 0.372732
6582 0.372732
14982 0.372732
10686 0.372369
25723 0.372369
19092 0.372181
740 0.372181
19657 0.372036
4123 0.372036
15200 0.371585
26985 0.371585
19850 0.371585
14900 0.371585
20959 0.371161
27881 0.371036
26891 0.370805
27442 0.370446
6885 0.370446
15460 0.370384
15349 0.370239
21083 0.370054
8764 0.370054
21727 0.369941
7928 0.369810
4856 0.369810
8548 0.369474
8023 0.369474
9901 0.369253
1169 0.369253
11350 0.368981
21392 0.368636
14635 0.368636
278 0.368187
14271 0.368032
21422 0.367802
14819 0.367470
29009 0.367470
20405 0.367470
12593 0.367470
21847 0.367219
3870 0.366696
7270 0.366696
727 0.366696
907 0.366696
16809 0.366696
27689 0.366189
26581 0.366032
16976 0.365955
27707 0.365455
8179 0.365159
13274 0.364564
24086 0.364564
4534 0.364564
8937 0.364504
2411 0.364299
21135 0.363880
15870 0.363751
20937 0.363751
7495 0.363508
13843 0.363508
8975 0.363508
7952 0.363175
11577 0.363175
8748 0.362876
28694 0.362570
2819 0.362522
19338 0.362522
6718 0.362457
16002 0.361782
26825 0.361782
9989 0.361687
28896 0.361687
18425 0.361573
27030 0.361264
13296 0.361264
16452 0.361264
16347 0.361264
10553 0.361047
3390 0.361047
17662 0.360996
6708 0.360374
1070 0.360374
26722 0.360160
11751 0.359810
14670 0.359665
26224 0.359599
26577 0.359599
2865 0.359536
12063 0.359268
20187 0.359268
16150 0.359020
12935 0.358918
522 0.358918
10950 0.358396
26614 0.358315
1854 0.358315
18804 0.358244
23419 0.358244
26902 0.358182
19908 0.358081
15506 0.357294
12393 0.357294
12653 0.357294
14338 0.357294
6983 0.356510
11452 0.356463
23954 0.356463
14996 0.356463
26810 0.356348
17202 0.356279
11254 0.356198
11547 0.356198
15698 0.356198
8384 0.356103
24772 0.355853
21779 0.355341
183 0.355192
730 0.355018
25893 0.355018
23412 0.354473
4403 0.354473
20760 0.354424
1512 0.354266
13767 0.354089
19353 0.354026
14470 0.354026
25665 0.353891
25291 0.353666
8579 0.353410
29078 0.353410
5221 0.353115
25285 0.353115
18397 0.352771
24386 0.352771
29474 0.352617
13193 0.352617
24421 0.352509
14874 0.352276
14942 0.351880
12440 0.351880
11679 0.351880
25502 0.351880
3409 0.351880
5242 0.351880
4613 0.351880
24771 0.351880
12859 0.351880
27450 0.351557
5517 0.351500
26579 0.351500
26026 0.351500
15273 0.351417
16234 0.351289
29526 0.351194
28824 0.351062
19856 0.350942
26041 0.350781
11957 0.350781
10694 0.350552
7839 0.350552
4494 0.350552
23657 0.350552
4002 0.350363
5322 0.350363
7471 0.350112
27677 0.349952
16572 0.349819
29582 0.349760
25366 0.349760
10519 0.349760
17893 0.349610
27369 0.349033
11290 0.348963
16469 0.348860
7222 0.348361
26025 0.348361
1339 0.348361
5513 0.348361
5131 0.348361
6773 0.348361
2524 0.348361
8693 0.348361
10552 0.348361
29081 0.347850
21751 0.347800
15868 0.347800
28060 0.347800
15491 0.347740
25381 0.347666
13215 0.347666
5037 0.347276
18193 0.346853
2061 0.346853
7498 0.346628
5752 0.346628
17661 0.346628
18638 0.346488
25185 0.346488
24540 0.346198
11646 0.346198
18795 0.345891
26624 0.345891
2180 0.345597
6730 0.345482
28182 0.345384
8531 0.345223
21743 0.345044
24022 0.345044
21908 0.345044
625 0.344812
24163 0.344616
17711 0.344616
24275 0.344533
25508 0.344533
3175 0.344061
16983 0.344061
14404 0.344061
4644 0.344061
18243 0.344061
14195 0.344061
20110 0.343675
1794 0.343675
26336 0.343552
6765 0.343552
14509 0.343313
28564 0.342972
20019 0.342832
19852 0.342651
18148 0.342475
29441 0.342475
27267 0.342475
23623 0.342406
11314 0.342250
12356 0.342141
10263 0.341877
6507 0.341826
28109 0.341531
20758 0.341531
8943 0.341531
7605 0.340788
20992 0.340788
9028 0.340788
25481 0.340788
17391 0.340620
23456 0.340620
3144 0.340620
7892 0.340458
11351 0.340353
7200 0.340353
3106 0.340353
11420 0.340353
17486 0.340226
13079 0.340226
14269 0.340226
26185 0.340102
17632 0.339865
26770 0.339865
1397 0.339865
7847 0.339865
13266 0.339533
12282 0.339533
2868 0.339347
13893 0.338685
13969 0.338215
14046 0.338215
23400 0.338215
11332 0.338003
21918 0.337805
25181 0.337619
1913 0.337559
22025 0.337559
18771 0.337559
7594 0.337333
7157 0.337279
20225 0.337124
3258 0.337124
27304 0.337124
16484 0.337124
6950 0.336749
199 0.336749
18715 0.336581
10104 0.336581
7672 0.336581
29099 0.336008
8549 0.335946
18525 0.335946
17188 0.335886
17836 0.335770
7002 0.335608
19612 0.335608
21897 0.334963
20849 0.334859
29125 0.334670
25184 0.334584
26961 0.334503
19984 0.334427
3292 0.334427
524 0.333846
6551 0.333759
29865 0.333679
17706 0.333606
27135 0.333415
2461 0.333415
8177 0.333309
10018 0.333215
27679 0.331773
22000 0.331773
6695 0.331773
10043 0.331773
24769 0.331773
14403 0.331773
26994 0.331773
18982 0.331773
26754 0.331773
24240 0.331773
12322 0.331773
4237 0.331773
29171 0.331773
5314 0.331773
8899 0.331773
18275 0.330424
20298 0.330424
4413 0.330385
12730 0.330343
10354 0.330343
28525 0.330298
13992 0.330089
10358 0.330089
7158 0.330027
11371 0.330027
17484 0.329960
3358 0.329888
6921 0.329888
21533 0.329810
24020 0.329008
13291 0.328925
28246 0.328643
24819 0.328536
10941 0.328536
26863 0.328536
22026 0.328536
2669 0.328299
26826 0.328299
1167 0.328166
22584 0.328166
29140 0.328024
21666 0.327870
26270 0.327870
2105 0.327759
13907 0.327643
12873 0.327100
11862 0.326941
1676 0.326941
25720 0.326443
11870 0.326443
21804 0.326393
21738 0.326393
24360 0.326289
15316 0.326289
14261 0.326181
4009 0.325952
4863 0.325952
8633 0.325704
11432 0.325362
8062 0.325362
22405 0.325137
15300 0.325137
18721 0.325137
27002 0.325137
17541 0.325137
7832 0.324638
13699 0.324529
16920 0.324359
29036 0.324359
7772 0.324359
13178 0.324359
13285 0.324300
15502 0.323730
19632 0.323730
27815 0.323520
16847 0.323373
26322 0.323373
12187 0.323373
1698 0.323222
10278 0.323222
11385 0.322557
9922 0.322557
17359 0.322557
10100 0.322557
17208 0.322557
20697 0.322294
15779 0.322294
21680 0.322248
14490 0.322184
25097 0.322015
19364 0.322015
10823 0.322015
23865 0.321918
475 0.321719
15657 0.321564
27141 0.321564
24218 0.321340
13567 0.321184
13607 0.321070
25043 0.321070
16156 0.320859
1975 0.320859
27447 0.320714
21600 0.320667
15153 0.320667
14220 0.320667
1053 0.320332
5778 0.320332
14273 0.320332
17730 0.320332
794 0.320332
20851 0.319976
11529 0.319976
29758 0.319924
23070 0.319924
23687 0.319853
13850 0.319853
24389 0.319598
27559 0.319485
2406 0.318762
4131 0.318561
6696 0.318300
8628 0.318006
18954 0.318006
4428 0.317949
18475 0.317949
6667 0.317949
22380 0.317803
16510 0.317688
18030 0.317594
14544 0.317348
2633 0.317348
7500 0.317348
10662 0.317269
17502 0.317207
17843 0.317157
21403 0.317157
8098 0.317116
9265 0.316692
8090 0.316692
21610 0.316692
28745 0.316692
20158 0.316692
6609 0.316692
9595 0.316692
12886 0.316692
3580 0.316243
9429 0.316139
19972 0.316139
12059 0.316139
734 0.316068
2162 0.316068
18453 0.315667
9203 0.315667
18998 0.315545
17421 0.315389
1274 0.314903
9322 0.314903
5392 0.314903
14164 0.314719
17885 0.314719
869 0.314649
85 0.314493
26139 0.314493
26128 0.314387
19573 0.314387
22573 0.314208
16034 0.314208
28226 0.314142
17035 0.314096
21077 0.313839
17297 0.313574
9466 0.313574
276 0.313525
9157 0.313454
14201 0.313255
3084 0.313255
6644 0.313134
10109 0.313134
26265 0.313020
11445 0.312863
27867 0.312632
8340 0.312632
13382 0.312371
6977 0.312371
3275 0.312257
14532 0.312152
24524 0.311965
1173 0.311665
29511 0.311543
5400 0.311384
17992 0.311384
1730 0.311251
8147 0.311251
5285 0.311251
29748 0.311251
2215 0.311136
9631 0.311037
24374 0.311037
5404 0.310950
19857 0.310555
5106 0.310555
24048 0.310555
19618 0.310482
13415 0.310482
5760 0.310482
25566 0.310421
16145 0.310281
7477 0.310281
18079 0.310281
3153 0.310281
29735 0.310281
2634 0.309655
25852 0.309655
17804 0.309655
10040 0.309655
28739 0.309655
21741 0.309655
12891 0.309655
855 0.309655
27928 0.308990
3479 0.308990
29079 0.308831
7730 0.308760
24838 0.308370
18640 0.307789
11374 0.307789
12342 0.307789
7632 0.307789
9880 0.307789
17831 0.307789
21223 0.307789
247 0.307604
29693 0.307534
4022 0.307197
21951 0.307095
2630 0.306926
22585 0.306926
16087 0.306733
20098 0.306733
11509 0.306558
29866 0.306360
7691 0.306252
14828 0.306252
20094 0.306252
479 0.306136
1511 0.306136
26416 0.306136
6464 0.305946
16067 0.305946
23021 0.305878
5653 0.305580
22886 0.305580
10448 0.305580
7005 0.305580
13280 0.305580
11522 0.305580
5543 0.305293
13476 0.305062
1613 0.304963
2074 0.304816
7979 0.304578
24137 0.304393
13970 0.303583
10164 0.303378
5863 0.303378
19561 0.303335
6156 0.303335
16741 0.302923
19983 0.302923
18251 0.302453
18233 0.302453
17526 0.302453
2111 0.302453
17499 0.302453
26402 0.302397
3646 0.302325
15086 0.302017
6930 0.301913
9518 0.301612
14039 0.301467
29746 0.301286
7861 0.301053
11524 0.300830
20431 0.300312
14854 0.300087
10091 0.300087
1650 0.300024
25766 0.300024
16077 0.299666
12622 0.299666
10563 0.299666
26950 0.299333
4040 0.299280
23738 0.299280
26005 0.299206
610 0.299206
2420 0.298789
27183 0.298733
17175 0.298595
12222 0.298595
2453 0.298595
7801 0.298462
24158 0.298462
13693 0.298410
14081 0.298410
2258 0.298410
12435 0.298008
22340 0.297745
1649 0.297745
14017 0.297745
16861 0.297745
21283 0.297745
7476 0.297451
23074 0.297268
21763 0.297180
27363 0.297180
15262 0.297052
7385 0.297052
21045 0.296929
4262 0.296929
23182 0.296752
16700 0.296695
25808 0.296478
17651 0.296478
10672 0.296478
29665 0.296478
19102 0.296226
2926 0.295993
5633 0.295993
14189 0.295779
10896 0.295579
10527 0.295579
17076 0.295394
21396 0.295113
9043 0.295113
9617 0.295113
27582 0.295113
1093 0.295060
21064 0.295060
5649 0.294909
27891 0.294549
3959 0.294172
1428 0.294172
11823 0.293856
24363 0.293856
8219 0.293856
9759 0.293799
8132 0.293357
18295 0.293233
14431 0.293014
17744 0.292916
11090 0.292916
6643 0.292825
7089 0.292825
20634 0.292825
4116 0.292741
911 0.292661
2907 0.292224
22792 0.292224
26769 0.292224
5417 0.292127
1742 0.291887
23117 0.291821
26670 0.291760
12588 0.291558
10106 0.291516
20651 0.291476
16515 0.290301
27210 0.290301
8019 0.290301
22143 0.290301
3831 0.290301
26730 0.290301
2603 0.290301
20753 0.290301
27660 0.290301
4126 0.290301
22286 0.290301
11177 0.290301
21750 0.290301
3470 0.290301
27844 0.290301
10972 0.290301
9666 0.289135
5935 0.289097
29123 0.288963
19075 0.288912
16788 0.288857
4103 0.288857
12344 0.288797
25350 0.288732
5852 0.288732
8053 0.288661
9305 0.288661
14050 0.288583
7422 0.288583
6454 0.288498
7390 0.288404
4560 0.288404
10521 0.288404
2152 0.287979
11560 0.287638
19747 0.287638
16732 0.287638
13313 0.287638
114 0.287180
7699 0.287039
5996 0.286717
9888 0.286595
361 0.286531
13026 0.286531
24309 0.286174
1493 0.286011
2267 0.285835
24101 0.285542
20628 0.285208
8373 0.284958
25000 0.284682
9642 0.284682
28855 0.284609
18084 0.284177
10906 0.283850
24847 0.283733
27275 0.283550
29904 0.283221
23362 0.282933
1144 0.282933
2611 0.282858
25757 0.282858
26765 0.282858
17315 0.282621
5303 0.282621
9849 0.282455
26371 0.282455
8887 0.282455
7530 0.282282
28080 0.282162
4198 0.282074
5145 0.282074
12816 0.281911
24893 0.281504
887 0.281504
1823 0.281189
7809 0.281134
20335 0.281056
2677 0.280937
4036 0.280937
14154 0.280849
24244 0.280731
29759 0.280624
9689 0.280484
11473 0.280291
28434 0.280090
27841 0.279808
23659 0.279808
7527 0.279662
2164 0.279662
19510 0.279277
1522 0.279136
3851 0.279088
25145 0.278689
21813 0.278689
4361 0.278689
29508 0.278689
18089 0.278689
16502 0.278689
15881 0.278689
19927 0.278689
23851 0.278205
23534 0.278205
5161 0.278133
21860 0.277895
14538 0.277800
2063 0.277800
1410 0.277679
4556 0.277679
26927 0.277521
9600 0.277303
15766 0.277303
11494 0.277303
2778 0.277106
18345 0.277106
26100 0.276843
17663 0.276713
12032 0.276477
21485 0.276477
7220 0.276234
14995 0.276024
16509 0.275930
15314 0.275786
7662 0.275720
7720 0.275540
19416 0.275167
20743 0.275167
22556 0.275022
13409 0.275022
29063 0.274897
18523 0.274897
21730 0.274841
16575 0.274377
26250 0.274377
1163 0.273925
27264 0.273925
20847 0.273869
8286 0.273225
10379 0.273225
2399 0.273225
12945 0.273225
20692 0.272672
10933 0.272631
26547 0.272631
23018 0.272583
24898 0.272583
8942 0.272583
23295 0.272528
16711 0.272528
28598 0.272461
2703 0.272461
27648 0.272461
29155 0.272381
23049 0.272081
4442 0.272081
7177 0.271892
22492 0.271771
11808 0.271771
28495 0.271450
20044 0.271450
8940 0.271309
29682 0.271144
11556 0.270774
1150 0.270774
11924 0.270333
23744 0.269775
4608 0.269699
27674 0.269565
17264 0.269565
8474 0.269565
4746 0.269451
11281 0.269451
23010 0.269399
28604 0.269399
22343 0.269265
11272 0.268911
9656 0.268911
21072 0.268797
7216 0.268797
17793 0.268708
21190 0.268487
4121 0.268367
24441 0.267970
20131 0.267970
2426 0.267970
10320 0.267970
27341 0.267077
20690 0.267077
2353 0.266506
26116 0.266506
13399 0.266506
7143 0.266506
19452 0.265818
13541 0.265818
10269 0.265699
4684 0.265418
17361 0.265418
19189 0.265418
25229 0.265418
15472 0.265418
7082 0.265418
5420 0.265058
27545 0.264836
29086 0.264731
23535 0.264578
21504 0.264578
7883 0.264578
6477 0.264339
11851 0.264226
25397 0.264226
3772 0.264160
4541 0.263910
8675 0.263910
11810 0.263910
2985 0.263910
9049 0.263467
29438 0.263467
20694 0.263206
141 0.263206
28566 0.263206
22731 0.263130
22627 0.262914
4610 0.262914
6390 0.262533
19066 0.262419
6161 0.262419
25900 0.262419
16967 0.262419
5662 0.262419
643 0.262207
26036 0.262015
26851 0.262015
11952 0.262015
13103 0.261840
20652 0.261680
5750 0.261533
8328 0.261533
735 0.261533
17566 0.261463
22314 0.261397
4264 0.261271
4410 0.261271
10847 0.261271
10692 0.261271
22872 0.261271
20724 0.261271
12695 0.261099
5158 0.261099
27305 0.260945
26045 0.260945
18884 0.260805
27329 0.260563
19588 0.260457
21238 0.260187
14430 0.259743
20204 0.259743
14688 0.259487
17511 0.259487
28213 0.259418
20995 0.259418
26507 0.259355
29292 0.259355
22258 0.259153
10330 0.258045
27514 0.258045
24099 0.258045
22232 0.258045
23183 0.258045
29543 0.258045
14099 0.258045
10551 0.258045
5109 0.258045
11118 0.258045
4309 0.258045
21735 0.258045
24745 0.258045
7051 0.258045
7414 0.258045
1257 0.258045
14916 0.258045
23800 0.256947
7168 0.256856
12731 0.256805
11474 0.256749
6484 0.256749
25639 0.256462
26169 0.256462
21007 0.256462
7171 0.256462
19667 0.256370
10962 0.255772
4688 0.255678
26097 0.255678
28296 0.255678
10598 0.255343
6415 0.255210
29450 0.255210
21321 0.255062
23959 0.254899
15337 0.254899
12410 0.254899
25349 0.254716
1573 0.254511
9575 0.254511
13081 0.253815
21768 0.253815
23717 0.253815
10253 0.253709
14746 0.253596
28915 0.253596
8729 0.253538
20885 0.253538
19654 0.253354
16774 0.253154
29996 0.253083
3679 0.252843
15947 0.252697
20101 0.252697
15382 0.252436
18146 0.252436
6092 0.252207
21035 0.252207
21658 0.251827
10541 0.251827
26103 0.251827
24098 0.251827
5869 0.251827
25905 0.251827
10142 0.251690
21439 0.251594
14362 0.251471
2699 0.251471
16384 0.251395
1789 0.251071
984 0.251071
20010 0.250777
4098 0.250715
8057 0.250320
12570 0.250320
25292 0.250106
24813 0.249879
4525 0.249721
11541 0.249605
11381 0.249605
11414 0.249515
5355 0.249298
4501 0.249298
13548 0.249234
22281 0.249186
7671 0.249186
8881 0.248830
19028 0.248830
1402 0.248488
8966 0.248444
3622 0.248386
10056 0.248386
6072 0.248386
20715 0.248386
13987 0.248121
11125 0.248121
11773 0.248024
23564 0.248024
13985 0.247898
5627 0.247724
26180 0.247724
6894 0.247566
10866 0.247357
17022 0.247294
25317 0.247294
12119 0.247065
3902 0.247065
27254 0.247065
19109 0.246756
13173 0.246154
22921 0.246083
3815 0.245902
8156 0.245902
12849 0.245223
28328 0.245223
25694 0.245223
10834 0.245143
5853 0.245143
14873 0.245143
26591 0.245025
22050 0.245025
21817 0.244980
3202 0.244980
27586 0.244464
12388 0.244464
19603 0.244464
14277 0.244464
25374 0.244464
8485 0.243906
19459 0.243906
4778 0.243853
22049 0.243789
20153 0.243710
26687 0.243397
28220 0.243397
11368 0.243397
21573 0.243397
19245 0.243397
11916 0.243300
29951 0.243300
28431 0.243184
28181 0.243184
28582 0.243184
27133 0.243043
28474 0.242930
25527 0.242930
23905 0.242866
21638 0.242640
248 0.242640
12755 0.242338
28308 0.241918
15932 0.241918
6303 0.241918
2981 0.241918
18583 0.241638
19410 0.241531
8492 0.241289
24083 0.241289
28712 0.241289
21595 0.240664
9951 0.240249
8626 0.239873
12015 0.239531
6009 0.239424
25564 0.239424
24313 0.239279
6717 0.239279
4253 0.239218
15514 0.239218
4687 0.239072
17798 0.239072
17846 0.239072
22954 0.238876
13906 0.238876
20802 0.238462
996 0.238196
24629 0.237642
26164 0.237519
12265 0.237519
6967 0.237519
21421 0.236981
23226 0.236750
26314 0.236750
13568 0.236679
14754 0.236679
13528 0.236351
26359 0.236177
26283 0.236177
22891 0.235778
3185 0.235181
17510 0.234587
18357 0.234474
10813 0.234193
8565 0.233702
21511 0.233538
25701 0.233538
18105 0.233470
20965 0.233470
28033 0.233470
22430 0.233408
6154 0.233301
2034 0.233255
26273 0.233213
25448 0.233213
13015 0.232241
8550 0.232241
29658 0.232241
13359 0.232241
9221 0.232241
16188 0.232241
2163 0.232241
9499 0.232241
25205 0.232241
18468 0.231277
12712 0.231277
29232 0.231277
24548 0.231236
9130 0.231190
23244 0.231025
10943 0.231025
23250 0.230958
12781 0.230958
21838 0.230798
1001 0.230798
14147 0.230703
10947 0.230149
704 0.230149
9583 0.230149
28462 0.229941
7502 0.229689
18194 0.229689
12908 0.229540
286 0.229251
29013 0.229251
4813 0.229117
29935 0.229117
25579 0.228970
24582 0.228809
18791 0.228434
12462 0.228434
24182 0.228214
1580 0.228214
28165 0.227900
11313 0.227687
25058 0.227501
20351 0.227452
18686 0.227452
11081 0.227080
22809 0.226902
22016 0.226902
16950 0.226576
16296 0.226576
16397 0.225659
2700 0.225381
20325 0.225203
25686 0.225203
22603 0.225203
19328 0.225203
13318 0.224749
27098 0.224749
16322 0.224749
12822 0.224434
1354 0.224434
6215 0.224387
10558 0.224387
28947 0.224387
4542 0.224324
4460 0.224092
23105 0.224092
2652 0.223989
16259 0.223989
14766 0.223718
1577 0.223547
25078 0.223495
22890 0.223309
12801 0.223114
15938 0.223056
23667 0.223056
27587 0.222857
26663 0.222564
10898 0.222358
12459 0.222358
24493 0.222240
27959 0.222240
21156 0.221685
25913 0.221641
11997 0.221182
3005 0.221182
12919 0.220725
11175 0.220681
11688 0.220629
5635 0.220629
11060 0.220564
9567 0.220482
16704 0.220482
23805 0.220134
909 0.220018
15853 0.220018
12264 0.219873
5215 0.219873
5256 0.219687
1199 0.219339
7519 0.219283
11028 0.219283
25563 0.219095
5596 0.219095
25679 0.218866
6499 0.218580
7967 0.218580
16941 0.218444
9744 0.218127
21715 0.218067
27840 0.218022
9948 0.217726
19743 0.217368
13684 0.217301
27889 0.217136
19056 0.217136
12025 0.217136
25401 0.217048
25695 0.217048
23824 0.216758
22821 0.216758
3410 0.216758
15111 0.216257
993 0.216038
12957 0.216038
16730 0.216038
4547 0.216038
26136 0.215799
2620 0.215743
22038 0.215582
1374 0.215481
15649 0.215481
13584 0.215385
21975 0.215323
3575 0.215323
6926 0.215038
12958 0.215038
26320 0.215038
51 0.215038
22626 0.214848
18737 0.214676
25312 0.214570
18997 0.214520
25981 0.214376
23772 0.214376
566 0.213906
6512 0.213906
21615 0.213906
15529 0.213778
27643 0.213778
22176 0.213719
10854 0.213662
2062 0.213065
20704 0.212508
27729 0.212508
26833 0.212508
677 0.212415
17851 0.212415
25294 0.212335
16128 0.212335
10209 0.212263
24842 0.212263
7997 0.212263
19429 0.212200
2846 0.212004
13834 0.212004
9442 0.211128
15144 0.211128
1651 0.211128
26461 0.211128
21996 0.211128
8613 0.211128
29715 0.210259
9761 0.210218
768 0.210173
15045 0.210123
5321 0.209935
18286 0.209226
12571 0.209226
17583 0.209127
23196 0.209017
14972 0.208600
1547 0.208421
28670 0.208288
14979 0.208288
5365 0.208288
18674 0.207977
25692 0.207977
9782 0.207590
23254 0.207590
4042 0.207358
3500 0.207358
2047 0.207358
17664 0.207358
15224 0.207163
12741 0.207094
21103 0.207094
2734 0.206947
6995 0.206854
8999 0.206707
15536 0.206707
25623 0.206655
11811 0.206436
26509 0.206436
27947 0.206131
24429 0.206020
10768 0.206020
19684 0.205928
2117 0.205783
23360 0.205783
27357 0.205783
28567 0.205630
10603 0.205236
5544 0.205236
17042 0.205193
21263 0.204918
29623 0.204618
29453 0.204618
5152 0.204565
27710 0.204372
7308 0.204286
31 0.204286
22134 0.204168
8450 0.204168
13915 0.204061
7840 0.204061
2305 0.203720
19144 0.203720
3353 0.203510
29947 0.203052
17994 0.202536
18228 0.202412
7695 0.202368
10543 0.201949
2338 0.201949
552 0.201949
8424 0.201531
4972 0.201433
11429 0.201433
20290 0.201074
18390 0.200978
11031 0.200857
9606 0.200702
2671 0.200702
2217 0.200411
11069 0.200016
10704 0.199879
8878 0.199777
5683 0.199777
25975 0.199471
25168 0.199471
13589 0.199471
28665 0.199471
1504 0.199348
10173 0.199064
27204 0.199064
23015 0.198709
6973 0.198627
21676 0.198254
5541 0.198254
6661 0.197933
22119 0.197873
5457 0.197873
7804 0.197873
26989 0.197652
16728 0.197329
13213 0.197053
12411 0.197053
18315 0.196990
9692 0.196990
22165 0.196656
24279 0.196606
24704 0.196606
27446 0.196606
29611 0.196423
3895 0.196260
6061 0.196115
17379 0.196115
6580 0.196115
3278 0.196048
24885 0.196048
12639 0.195866
3716 0.195450
5782 0.195343
27675 0.195247
521 0.195160
21304 0.195082
23755 0.195082
2668 0.194783
14745 0.194783
19223 0.194783
24560 0.194783
10122 0.194783
3315 0.194693
19096 0.194693
11057 0.194693
20428 0.194547
28090 0.194487
29695 0.194434
25001 0.194387
1703 0.194344
13506 0.193534
24971 0.193534
25947 0.193534
16217 0.193534
19456 0.193534
19892 0.193534
29339 0.193534
27690 0.192689
1450 0.192642
21669 0.192590
16453 0.192590
21134 0.192590
25817 0.192531
14812 0.192389
11536 0.192301
13902 0.191851
10012 0.191851
11858 0.191257
17545 0.191257
28350 0.191257
25212 0.190883
19143 0.190361
20001 0.189883
21459 0.189812
18080 0.189812
2887 0.189812
22098 0.189584
10265 0.189584
16136 0.189584
16192 0.189381
21542 0.189381
22271 0.189381
17060 0.189327
19562 0.189155
18615 0.189155
10026 0.189033
24959 0.188814
23147 0.188814
19548 0.188696
24175 0.188303
7820 0.188303
3945 0.188303
25733 0.188303
22745 0.188005
6817 0.188005
28634 0.187941
17099 0.187769
29894 0.187669
27527 0.187524
1697 0.187459
1782 0.187291
414 0.187291
12146 0.187291
8836 0.186974
28965 0.186974
5381 0.186861
21082 0.186622
1638 0.186366
11725 0.186185
29242 0.185793
11584 0.185793
7180 0.185793
12675 0.185793
25823 0.185793
6084 0.185402
25407 0.185402
16912 0.185299
7755 0.185223
106 0.185223
1625 0.184971
13485 0.184868
15665 0.184737
11828 0.184737
3723 0.184490
25254 0.184490
2314 0.184318
4043 0.184318
25932 0.184156
29133 0.183857
6953 0.183693
13191 0.183693
17708 0.183632
15701 0.183348
18456 0.183348
10707 0.183348
25718 0.183094
11671 0.183047
662 0.182978
11467 0.182978
11267 0.182782
26512 0.182661
16383 0.182661
14581 0.182547
28275 0.181641
15926 0.181438
86 0.181261
27875 0.181105
7611 0.180967
20203 0.180786
7785 0.180632
28085 0.180632
20748 0.180498
15705 0.180381
14294 0.180381
25438 0.180278
15941 0.180187
7305 0.179799
4750 0.179710
21720 0.179568
14068 0.179510
480 0.179414
21488 0.178647
4189 0.178647
11927 0.178647
22939 0.178647
8199 0.178647
20577 0.178647
25820 0.177792
3617 0.177735
26764 0.177671
25256 0.177671
26792 0.177596
16321 0.177596
12412 0.177133
2816 0.176833
17339 0.176705
28730 0.176385
27975 0.176385
9712 0.176385
2132 0.176254
14632 0.176107
16330 0.175940
22673 0.175940
18601 0.175940
11369 0.175750
11839 0.175750
12940 0.175644
14665 0.175531
5100 0.175056
4033 0.174805
705 0.174805
3458 0.174805
7279 0.174516
25418 0.174516
334 0.174516
8668 0.174453
28946 0.174181
25014 0.174181
2869 0.174181
22660 0.174181
10955 0.174181
2827 0.173925
13822 0.173870
12668 0.173314
24471 0.173162
8348 0.173099
20619 0.172741
8706 0.172522
4960 0.172456
9196 0.172456
25658 0.172030
7092 0.172030
9535 0.171607
20274 0.171542
7751 0.171325
24351 0.171125
18780 0.170975
27636 0.170975
10973 0.170913
9502 0.170913
11 0.170626
25659 0.170572
21110 0.170572
16924 0.170452
27794 0.170310
3299 0.170310
26822 0.170229
18841 0.170229
16356 0.170229
13774 0.170229
27552 0.170177
29711 0.169932
22426 0.169932
9244 0.169932
329 0.169674
28231 0.169446
6417 0.168902
19894 0.168902
1198 0.168902
21454 0.168902
10805 0.168722
21899 0.168722
28981 0.168667
7993 0.168465
17406 0.168004
22629 0.167885
4441 0.167885
6144 0.167885
11123 0.167730
1499 0.167730
26899 0.167597
24843 0.167597
22404 0.167481
19419 0.167481
6612 0.167381
856 0.167381
23525 0.167292
17554 0.167213
9746 0.166971
17911 0.166880
8079 0.166803
29105 0.166630
28170 0.166586
8929 0.166586
18751 0.165886
28423 0.165886
7078 0.165886
16660 0.165886
609 0.165886
20232 0.165886
14487 0.165886
5688 0.165886
22395 0.165192
19334 0.164418
1517 0.164211
25568 0.164083
3969 0.163821
17692 0.163821
3308 0.163760
22394 0.163694
19819 0.163694
8989 0.163694
9840 0.163386
21634 0.163196
19965 0.162786
13242 0.162717
16284 0.162717
11101 0.162717
15209 0.162569
26755 0.162473
14030 0.162319
25012 0.162264
9834 0.162029
4667 0.161807
7334 0.161807
23143 0.161760
23550 0.161687
17130 0.161278
6829 0.161092
7338 0.160959
7863 0.160959
9391 0.160860
14692 0.160592
25774 0.160492
3524 0.160166
21472 0.160166
25968 0.160166
22122 0.160166
5849 0.159799
5960 0.159799
2829 0.159799
15352 0.159742
6769 0.159742
17764 0.159666
24373 0.159381
13143 0.159251
15185 0.159069
17702 0.159069
10419 0.158902
7663 0.158797
19683 0.158346
18847 0.158346
5767 0.158070
13811 0.158070
13745 0.158070
21731 0.157924
232 0.157834
23122 0.157834
5924 0.157834
22080 0.157630
2403 0.157630
22777 0.157451
12760 0.157246
6328 0.156787
1301 0.156727
13135 0.156432
11066 0.156128
17165 0.155771
23737 0.155771
22312 0.155692
20425 0.155568
16604 0.155475
2026 0.154827
15254 0.154827
13451 0.154827
24534 0.154827
14494 0.154827
24459 0.154142
25469 0.154142
188 0.154142
10053 0.154037
10395 0.154037
5643 0.153972
2516 0.153895
7550 0.153548
2822 0.153548
22249 0.153463
5592 0.153367
938 0.153367
19651 0.153126
11900 0.152973
2901 0.152973
12286 0.152289
3557 0.152062
24215 0.151668
11742 0.151461
21440 0.151461
8263 0.151461
2724 0.151461
18434 0.151461
21717 0.151227
15374 0.150957
22483 0.150806
9891 0.150806
14001 0.150806
4070 0.150643
17637 0.150527
605 0.150274
10244 0.150274
12012 0.150156
14368 0.149833
4933 0.149511
26802 0.149395
15694 0.149231
4496 0.149146
23322 0.149146
27468 0.149032
22416 0.149032
24610 0.148872
26815 0.148872
27637 0.148872
26598 0.148872
13348 0.148872
15169 0.148634
29696 0.148465
15885 0.148465
16110 0.148465
23234 0.148239
7020 0.148239
576 0.148239
15783 0.148239
13898 0.147997
14562 0.147997
15168 0.147924
14760 0.147924
10630 0.147790
3262 0.147668
29016 0.147668
24192 0.147668
12403 0.147611
18785 0.147611
17325 0.147455
6224 0.147455
11563 0.147455
21824 0.147121
7636 0.146988
9683 0.146988
25717 0.146678
11307 0.145980
29265 0.145911
20534 0.145911
1616 0.145852
19055 0.145151
24283 0.145151
9495 0.145151
26223 0.145151
17435 0.145151
8968 0.144548
17424 0.144548
16812 0.144398
29212 0.144331
3401 0.144331
14524 0.144331
12504 0.143951
5228 0.143951
12998 0.143520
11216 0.143520
11988 0.143359
28518 0.143359
11637 0.143232
7274 0.143232
21891 0.143232
8455 0.143087
7551 0.142917
29970 0.142771
29126 0.142771
5373 0.142771
2760 0.142604
8395 0.142479
23583 0.142412
4931 0.142412
27543 0.142412
10345 0.142412
26448 0.142188
14346 0.142188
7184 0.141925
21963 0.141743
10759 0.141610
18024 0.141610
6227 0.141467
6321 0.141467
22653 0.141081
19131 0.140752
27352 0.140752
24816 0.140752
12223 0.140752
6847 0.140045
11571 0.139904
26459 0.139904
2311 0.139775
14869 0.139775
24291 0.139775
1860 0.139345
4473 0.139345
23929 0.139345
16326 0.139345
27353 0.139345
20361 0.139066
8635 0.138948
12608 0.138948
2616 0.138948
13812 0.138651
7640 0.138492
5779 0.138422
21342 0.138356
571 0.138356
26022 0.138089
22910 0.137965
2574 0.137860
5516 0.137511
27022 0.137511
25203 0.137421
11112 0.137421
20571 0.137421
9822 0.137233
12118 0.137233
9776 0.137189
28632 0.136612
27244 0.136612
24817 0.136612
22621 0.136612
23356 0.136612
16793 0.136612
12807 0.136041
28639 0.136041
6079 0.135997
29443 0.135946
15236 0.135946
7788 0.135725
23847 0.135474
24270 0.135286
3307 0.135286
23732 0.135167
1316 0.135024
10256 0.135024
25335 0.135024
15244 0.135024
12736 0.134850
18494 0.134783
17837 0.134783
15323 0.134455
25478 0.134455
11876 0.134455
23811 0.134184
1245 0.133985
6704 0.133751
2849 0.133751
12939 0.133472
17721 0.133253
19442 0.133132
3665 0.133132
204 0.133055
23465 0.133055
20372 0.132709
7130 0.132709
26293 0.132418
4981 0.132365
20463 0.132365
19188 0.132289
981 0.132080
16671 0.131955
14280 0.131840
26630 0.131683
24995 0.131635
27298 0.131635
3261 0.131457
26859 0.131457
29266 0.131210
23014 0.131210
12564 0.131104
13497 0.131104
29289 0.131008
16450 0.130840
3897 0.130840
24465 0.130840
28382 0.130636
3513 0.130577
14219 0.130472
11078 0.130339
20678 0.130339
24803 0.130229
26935 0.129744
24975 0.129744
21176 0.129744
29226 0.129678
18643 0.129623
29972 0.129023
20217 0.129023
15029 0.129023
18891 0.129023
12391 0.129023
3626 0.128231
21161 0.128231
22099 0.128231
1235 0.128231
9526 0.128231
15591 0.127929
23833 0.127839
16157 0.127839
27987 0.127732
19467 0.127605
19222 0.127449
250 0.127097
25065 0.127097
21889 0.126908
14576 0.126468
11019 0.126324
11946 0.126218
5490 0.126104
11867 0.125914
15677 0.125160
29675 0.125160
5910 0.124861
17079 0.124758
41 0.124617
18486 0.124415
25359 0.124415
17472 0.124415
12683 0.124244
9361 0.124244
6504 0.124244
12068 0.124193
23594 0.123862
14925 0.123862
313 0.123862
15801 0.123532
20055 0.123042
6222 0.123042
23345 0.122951
5414 0.122879
8950 0.122771
27167 0.122771
2317 0.122232
15387 0.122232
22929 0.122232
14150 0.122232
24217 0.122232
29216 0.121698
2213 0.121592
15158 0.121592
7869 0.121521
21786 0.121250
12124 0.121169
6233 0.121073
17432 0.121073
8011 0.121073
23462 0.121073
2716 0.120819
10937 0.120645
28023 0.120502
16227 0.120332
13521 0.120332
29309 0.120125
14611 0.119937
15016 0.119609
12854 0.119376
3075 0.119098
27866 0.119098
1044 0.119098
22115 0.119098
16692 0.119098
11996 0.118821
4311 0.118490
22829 0.118490
22572 0.118490
10554 0.118339
21260 0.118339
7147 0.118271
542 0.118271
19257 0.118089
27253 0.118089
9521 0.118089
22866 0.117889
25373 0.117726
10507 0.117590
25343 0.117590
25807 0.117590
27160 0.117425
19748 0.117293
21700 0.117186
3076 0.117186
23839 0.117096
9478 0.117096
26674 0.116851
16286 0.116851
19166 0.116704
21248 0.116704
15738 0.116704
15266 0.116120
23792 0.116120
18903 0.116120
12018 0.116120
24989 0.116120
12451 0.115543
12728 0.115399
22277 0.115399
17681 0.115399
26360 0.115161
17849 0.115161
12455 0.114844
4458 0.114687
16436 0.114687
15663 0.114687
27432 0.114687
14599 0.114558
22996 0.114558
7413 0.114404
12437 0.114404
15203 0.114404
25024 0.114217
29546 0.114217
7382 0.114217
779 0.113983
1312 0.113844
23201 0.113844
10529 0.113751
25153 0.113288
22838 0.113038
26791 0.113038
4308 0.113038
26479 0.113038
20895 0.112830
20144 0.112738
12814 0.112602
20533 0.112602
9728 0.112375
8796 0.112194
3938 0.112194
26751 0.111923
16092 0.111923
12933 0.111476
14525 0.111253
5793 0.111179
4658 0.111179
17770 0.111179
25155 0.111120
29544 0.111120
22317 0.110591
9397 0.110591
14826 0.110591
9905 0.110114
7160 0.110114
16102 0.110067
19152 0.109937
11727 0.109548
36 0.109433
7384 0.109433
25512 0.109290
7211 0.109033
19329 0.108863
6526 0.108709
10120 0.108709
27566 0.108651
23338 0.108651
136 0.108524
15975 0.108379
2504 0.108299
3420 0.108248
20981 0.108019
13223 0.108019
25165 0.107791
10351 0.107741
3355 0.107741
21431 0.107741
26546 0.107661
19601 0.107661
11208 0.107395
10647 0.107395
14690 0.107338
12937 0.107338
24186 0.107188
1366 0.106953
16115 0.106777
15342 0.106777
13268 0.106641
21626 0.106167
9423 0.106167
11194 0.106046
17328 0.105564
23203 0.105564
8027 0.105564
15525 0.105564
7855 0.105564
16737 0.105564
1753 0.105086
15282 0.105034
8335 0.104968
19838 0.104968
22434 0.104968
26981 0.104883
9389 0.104883
4791 0.104613
17289 0.104613
3359 0.104378
306 0.104271
17278 0.104271
8021 0.103988
22135 0.103848
7998 0.103795
17490 0.103679
25151 0.103547
14241 0.103547
8558 0.103218
4167 0.103010
22126 0.102892
6263 0.102892
8404 0.102761
14192 0.102761
12981 0.102648
28449 0.102244
28359 0.102084
8239 0.101959
22964 0.101860
9293 0.101605
28822 0.101605
23915 0.101605
234 0.101605
4973 0.101526
5945 0.101464
11334 0.101464
4215 0.100974
28129 0.100974
25485 0.100974
7483 0.100974
9831 0.100974
5318 0.100974
15454 0.100429
8028 0.100351
891 0.099889
1998 0.099889
6713 0.099735
23150 0.099674
25006 0.099248
18144 0.099127
16799 0.098826
2410 0.098826
17013 0.098826
20068 0.098526
19295 0.098526
10098 0.098303
10155 0.098303
12070 0.098130
20112 0.097992
17247 0.097992
25507 0.097933
8248 0.097933
18039 0.097933
2188 0.097786
9223 0.097580
2925 0.097346
29267 0.097274
14952 0.097217
4045 0.096767
14987 0.096767
12878 0.096767
25544 0.096266
24740 0.096194
7473 0.095967
15245 0.095967
15288 0.095441
22578 0.095278
10300 0.095278
13721 0.095181
25297 0.095069
1796 0.094578
15764 0.094578
23374 0.094517
1545 0.094152
28253 0.094152
9259 0.094025
9957 0.093970
24096 0.093730
22425 0.093730
12420 0.093430
8580 0.093269
13585 0.092896
26133 0.092896
21140 0.092896
17127 0.092896
4263 0.092896
29659 0.092896
16553 0.092896
23247 0.092485
10242 0.092434
11989 0.092434
27933 0.092281
29945 0.092281
26922 0.091977
15994 0.091847
14204 0.091847
28038 0.091847
19571 0.091847
6288 0.091847
15651 0.091674
16185 0.091674
12766 0.091674
7715 0.091524
17984 0.091331
15836 0.091331
27601 0.091331
1025 0.091274
28430 0.091075
14244 0.090877
9733 0.090820
5488 0.090820
17771 0.090631
22107 0.090631
29989 0.090191
27726 0.090191
882 0.090093
19391 0.090093
3108 0.089900
14133 0.089817
23570 0.089755
29387 0.089707
28716 0.089707
21536 0.089323
13943 0.089323
1670 0.089323
27632 0.089323
17440 0.088943
4645 0.088835
20493 0.088835
11651 0.088835
6880 0.088473
11657 0.088473
25171 0.088353
15993 0.088353
22149 0.087638
16620 0.087638
523 0.087638
22418 0.087402
1446 0.087402
28472 0.087090
1896 0.087090
22505 0.086819
8481 0.086415
21880 0.086015
24651 0.086015
8497 0.086015
945 0.086015
14715 0.086015
22989 0.086015
6115 0.085562
22531 0.085562
10202 0.085487
19451 0.085226
13588 0.085114
19040 0.084966
27116 0.084966
15976 0.084837
28460 0.084671
11148 0.084451
25216 0.084451
16638 0.084451
15360 0.084451
5795 0.084281
28451 0.084281
27074 0.084069
3614 0.083942
4179 0.083942
21411 0.083942
17366 0.083440
17844 0.083369
10706 0.083315
568 0.082943
11504 0.082943
7210 0.082943
9582 0.082575
809 0.082522
27590 0.082452
29575 0.082452
22444 0.082209
25971 0.082105
9560 0.081488
21723 0.081488
26962 0.081132
29006 0.081014
12150 0.080880
3468 0.080880
1541 0.080880
27475 0.080430
14985 0.080083
22118 0.079739
26055 0.079739
11597 0.079739
1033 0.079691
12997 0.079399
15861 0.079302
29340 0.079302
17942 0.079302
3879 0.079061
1740 0.078917
28379 0.078917
17051 0.078536
16931 0.078283
6136 0.078283
26209 0.078158
22136 0.078158
20821 0.077738
19185 0.077738
24442 0.077414
9664 0.077414
4416 0.077414
19948 0.077414
24892 0.077414
28081 0.077414
21397 0.077047
12395 0.077047
29530 0.076774
18464 0.076774
10610 0.076774
10849 0.076458
15296 0.076395
17918 0.076323
1826 0.076145
20508 0.076145
25895 0.076145
20060 0.076145
8018 0.075731
24188 0.075525
10646 0.074916
6662 0.074916
5450 0.074916
26565 0.074616
6403 0.074573
22128 0.074573
13326 0.074573
14079 0.074436
1051 0.074232
28831 0.074119
29344 0.073962
28993 0.073727
5717 0.073727
16432 0.073560
28285 0.073560
1323 0.073494
5346 0.073339
6793 0.073229
20761 0.073229
28599 0.073032
9063 0.072955
16049 0.072955
24439 0.072901
1464 0.072901
10623 0.072575
8711 0.072575
2725 0.072575
12209 0.072199
14842 0.072125
24506 0.072125
10915 0.071933
16199 0.071827
5114 0.071827
27667 0.071679
25482 0.071616
9756 0.071240
4394 0.071094
22670 0.071094
3998 0.071094
21752 0.071094
15416 0.070805
13430 0.070733
1470 0.070733
11206 0.070682
7778 0.070682
18752 0.070376
653 0.069952
27547 0.069533
13592 0.069474
18845 0.069474
24403 0.069474
5685 0.069178
28070 0.069119
26625 0.068982
7727 0.068982
22497 0.068982
24199 0.068982
22009 0.068710
7871 0.068594
28554 0.068306
22774 0.068306
11940 0.068306
15283 0.067973
2686 0.067737
3165 0.067643
9069 0.067643
15777 0.067512
14537 0.067512
18143 0.067512
25897 0.067512
4392 0.067122
29818 0.066736
11814 0.066672
18977 0.066672
4888 0.066355
24781 0.066355
19038 0.066085
8137 0.065978
10864 0.065729
26340 0.065605
3684 0.065605
12087 0.065552
10389 0.065420
2490 0.065289
2431 0.065289
23386 0.065289
23903 0.065236
15284 0.065236
27050 0.064872
28989 0.064811
12756 0.064811
9096 0.064811
8801 0.064511
8816 0.064511
12539 0.064511
1968 0.064155
11779 0.063454
27452 0.063338
19506 0.063338
29290 0.063109
22708 0.063052
585 0.062768
27968 0.062486
7309 0.062430
4939 0.062207
17639 0.062207
2144 0.062096
23367 0.062096
29550 0.062096
29516 0.061931
22363 0.061766
21023 0.061766
9240 0.061657
2346 0.061521
13138 0.061439
21070 0.061116
1276 0.061116
3702 0.061116
13255 0.060849
4059 0.060849
2179 0.060796
13738 0.060717
11959 0.060585
20389 0.060479
12157 0.060322
3811 0.060322
25682 0.060062
2844 0.059933
27730 0.059805
13394 0.059549
19336 0.059549
5901 0.059549
11196 0.059549
4887 0.059044
12587 0.059044
25440 0.058647
13410 0.058548
1661 0.058425
12191 0.058425
29096 0.058425
8314 0.058352
7291 0.058060
17367 0.058060
22131 0.058060
18430 0.058060
19418 0.057819
3773 0.057819
14595 0.057771
23062 0.057700
7018 0.057700
3757 0.057700
11142 0.057343
3573 0.057108
28799 0.056992
11007 0.056922
11817 0.056644
903 0.056644
1760 0.056369
19404 0.056369
15573 0.056187
6517 0.055962
16970 0.055962
12778 0.055827
268 0.055827
12809 0.055560
25429 0.055295
7929 0.055295
19031 0.055033
9047 0.055033
1914 0.054968
12005 0.054968
23969 0.054645
24999 0.054517
7023 0.054517
25611 0.054325
18255 0.054262
14472 0.054010
21646 0.054010
5855 0.054010
20815 0.053759
1299 0.053759
20450 0.053697
4650 0.053697
29457 0.053266
6638 0.053084
15945 0.053023
22484 0.053023
21637 0.053023
25079 0.053023
20837 0.053023
29965 0.052782
6565 0.052543
15365 0.052484
10911 0.052484
22977 0.052307
6870 0.052307
11342 0.052189
28897 0.052189
5528 0.052189
5345 0.052189
9152 0.051897
4485 0.051839
16101 0.051609
22856 0.051609
22157 0.051609
18054 0.051609
7121 0.051609
17672 0.051381
16105 0.051324
5560 0.051324
7267 0.051154
27789 0.051042
16938 0.051042
2115 0.050708
29149 0.050487
21004 0.050214
8085 0.050052
19123 0.049944
9329 0.049944
16120 0.049944
16767 0.049837
24073 0.049837
25177 0.049837
28133 0.049837
22995 0.049624
27261 0.049413
28411 0.049152
7799 0.049152
23011 0.049152
17874 0.048996
10726 0.048893
9978 0.048790
22307 0.048384
1086 0.048384
2245 0.048133
16054 0.048133
3476 0.047885
23506 0.047885
28804 0.047786
59 0.047639
6340 0.047639
5775 0.047396
25333 0.047203
20026 0.047156
28136 0.046917
7540 0.046823
10264 0.046448
3864 0.046448
11982 0.046448
160 0.046217
19992 0.046141
14850 0.046141
4080 0.045988
12953 0.045988
5734 0.045988
24354 0.045837
9675 0.045837
27072 0.045537
22396 0.045537
13460 0.045537
16114 0.045537
17243 0.045537
13790 0.045315
3936 0.045315
5709 0.045315
29512 0.045315
2773 0.045242
12268 0.045095
11144 0.045095
21233 0.044950
965 0.044377
18409 0.044236
24119 0.044096
25430 0.044027
22631 0.043819
23972 0.043819
9629 0.043819
3371 0.043819
27146 0.043545
29369 0.043410
20676 0.043008
27822 0.042809
20417 0.042418
28975 0.042418
1963 0.042226
8704 0.042226
830 0.042226
22184 0.042226
28817 0.042226
19081 0.042226
3048 0.042226
2281 0.042035
16482 0.041720
6309 0.041720
6080 0.041472
9542 0.041472
24079 0.041287
8288 0.040924
22370 0.040924
5410 0.040744
25992 0.040744
11863 0.040566
13198 0.040566
29498 0.040215
13411 0.040042
178 0.040042
5116 0.040042
3653 0.040042
21719 0.039870
1707 0.039197
11841 0.039197
18038 0.038869
28543 0.038707
27415 0.038707
2473 0.038493
3056 0.038493
15981 0.038281
22420 0.038281
1630 0.038281
20543 0.038072
22634 0.038072
14264 0.038072
7040 0.037917
7569 0.037865
1540 0.037458
25477 0.037308
25583 0.037258
11377 0.037159
4316 0.037060
12743 0.037060
11127 0.036864
18501 0.036478
5064 0.036478
17544 0.036288
13087 0.036288
18937 0.036288
4705 0.036100
4039 0.036100
26093 0.036100
22668 0.035914
26773 0.035914
19454 0.035729
10117 0.035547
16560 0.035547
25054 0.035547
8113 0.035188
3948 0.035011
21762 0.034663
6267 0.034491
1154 0.034491
19960 0.034321
20922 0.034321
1352 0.034321
12794 0.033821
9123 0.033821
4585 0.033658
26237 0.033658
19952 0.033336
10958 0.033336
10700 0.033336
22114 0.033177
8043 0.033177
14695 0.032864
13197 0.032710
24991 0.032557
3089 0.032557
10473 0.032256
7524 0.032107
29169 0.031814
14832 0.031669
1543 0.031669
12545 0.031526
4969 0.031526
3905 0.031104
1178 0.030965
22 0.030358
11797 0.030161
17444 0.030031
4903 0.030031
9917 0.029967
2357 0.029967
15727 0.029902
10501 0.029774
15426 0.029774
13256 0.029774
21165 0.029774
11422 0.029648
28850 0.029522
20907 0.029398
5932 0.029274
4183 0.029213
24620 0.029030
29327 0.029030
12963 0.028910
15661 0.028790
6068 0.028672
19039 0.028672
20867 0.028496
26904 0.028438
29721 0.028322
24440 0.028150
13051 0.028150
23081 0.028150
4010 0.028150
13945 0.028094
19990 0.027981
16240 0.027981
22206 0.027869
4507 0.027869
29455 0.027813
16473 0.027648
11154 0.027648
2358 0.027484
3768 0.027322
8307 0.027163
25339 0.026849
29572 0.026849
10585 0.026694
25598 0.026542
7462 0.026542
25396 0.026242
4630 0.026242
21802 0.025805
3730 0.025107
9742 0.024839
28204 0.024839
19644 0.024839
16470 0.024706
16917 0.024576
17894 0.024446
19396 0.024446
4493 0.024446
26709 0.024318
22882 0.024192
17913 0.024192
21845 0.024066
10876 0.024066
21524 0.023942
16943 0.023942
8895 0.023942
25713 0.023698
14931 0.023578
24719 0.023341
20605 0.023341
17302 0.023224
18953 0.023224
12345 0.022994
15276 0.022769
22466 0.022769
25670 0.022658
431 0.022658
21962 0.022548
19327 0.022548
3906 0.022118
18896 0.022013
8536 0.021910
25063 0.021705
22238 0.021504
13458 0.021504
20780 0.021405
17033 0.021405
4095 0.021307
14720 0.021307
23789 0.021209
6761 0.021209
26413 0.020923
25378 0.020923
16683 0.020552
11885 0.020552
7834 0.020552
26968 0.020283
21112 0.020283
5119 0.020107
3607 0.020107
6911 0.019765
29342 0.019681
8557 0.019434
23481 0.019353
24726 0.019273
26608 0.019273
2657 0.019193
15867 0.019036
28825 0.019036
2903 0.019036
3130 0.018729
5823 0.018654
6353 0.018579
16942 0.015483
2713 0.015380
28580 0.015380
21591 0.015279
21671 0.015179
20816 0.015081
4132 0.015081
5014 0.014983
5175 0.014887
29227 0.014699
29435 0.014606
23587 0.014515
29909 0.014515
27930 0.014425
20082 0.014336
5360 0.014248
26890 0.014248
10795 0.013990
20814 0.013990
18561 0.013990
16113 0.013907
13982 0.013824
8216 0.013742
10308 0.013742
12266 0.013742
20899 0.013661
13252 0.013661
26444 0.013581
9144 0.013424
5927 0.013347
15121 0.013196
10486 0.013121
1255 0.013047
12334 0.013047
19821 0.013047
27356 0.012902
12951 0.012691
4497 0.012691
12889 0.012691
29788 0.012486
22201 0.012419
7694 0.012419
3990 0.012419
25324 0.012223
25911 0.012223
10622 0.012159
11153 0.012159
2076 0.012159
18414 0.012096
2587 0.012033
28791 0.012033
23877 0.011971
7226 0.011971
15114 0.011849
22542 0.011849
4946 0.011849
6185 0.011789
11260 0.011729
1629 0.011670
3808 0.011554
4065 0.011497
24795 0.011440
2737 0.011329
3554 0.011329
5442 0.011274
18644 0.011219
11238 0.011165
14596 0.011007
13972 0.010752
18336 0.010702
18343 0.010653
29843 0.010605
4823 0.010461
22799 0.010368
12233 0.010276
25157 0.010186
7099 0.010097
24778 0.010054
21212 0.010010
5938 0.010010
446 0.009925
8284 0.009925
16288 0.009883
22713 0.009883
19887 0.009799
10286 0.009758
23186 0.009557
25383 0.009518
11953 0.009479
13679 0.009365
