6001
3 1.125047
4 0.364563
7 0.456046
10 1.176322
11 0.483290
12 1.215648
14 0.207029
15 0.260029
25 0.284934
28 0.472936
29 1.166922
31 0.333205
37 0.386948
39 0.029765
47 0.051365
63 1.153808
70 0.519961
71 1.207278
78 0.555186
82 0.328065
103 0.441779
123 0.201425
126 0.269367
137 0.520891
139 0.090163
141 1.006065
145 0.057563
156 0.046126
159 0.195022
160 0.496679
175 0.305136
177 1.293857
185 0.273140
191 1.144942
198 0.328319
200 0.327768
205 1.059203
208 1.074855
212 1.012300
214 0.106856
225 0.391154
233 0.379647
234 1.189865
238 1.189157
241 0.540667
246 0.376139
249 0.193474
254 0.169880
256 0.562396
263 0.174127
266 0.132960
279 0.344705
280 0.196545
281 0.358203
284 0.344508
294 0.514890
297 0.143188
316 1.107810
319 1.069383
320 1.089772
326 0.134982
336 0.009796
349 0.035718
355 0.221113
366 0.305783
390 0.498373
393 1.194561
397 0.098795
402 0.029021
406 0.495641
421 0.474011
422 0.312766
429 0.231068
431 0.305783
434 0.535774
448 0.337967
450 0.993644
462 1.044073
463 0.443574
469 0.171072
483 0.504715
485 0.434654
488 0.539636
494 0.032854
496 0.074493
501 0.601401
509 0.032246
510 1.111235
514 0.553426
517 1.160844
518 1.016938
527 0.384943
528 0.138046
535 0.143475
539 0.536672
541 0.328065
545 1.077577
554 0.937962
564 0.550400
570 0.027972
598 0.441625
600 1.198290
616 0.525144
625 1.145636
626 0.538362
635 0.012757
645 0.498373
654 0.253275
655 0.339492
668 1.147801
679 0.998446
680 0.223239
681 1.128598
692 0.217954
693 0.398329
694 0.149348
699 0.346217
700 0.475663
705 1.011058
706 1.055313
726 0.070969
733 1.263822
736 0.358017
741 0.245465
751 0.312717
752 0.186127
757 0.094122
760 0.498441
762 0.128434
763 0.013738
764 0.531601
772 1.274458
776 0.586285
779 0.299113
783 0.416713
784 0.354314
788 0.257965
804 0.234639
805 0.436753
807 1.189507
810 0.143188
812 0.433382
813 0.015478
818 0.382171
820 0.180222
823 0.291730
828 0.247280
831 0.112947
837 0.163709
843 0.408054
845 0.585299
849 1.040757
850 0.244949
860 0.164270
874 1.137781
876 0.074413
879 0.561870
880 0.299993
885 0.203281
888 0.112947
889 0.586169
894 0.134413
895 0.114181
903 1.234458
905 0.293885
907 1.130295
909 1.160844
911 0.103815
916 0.217954
924 0.202989
930 0.021300
935 0.540148
937 0.394048
938 0.492811
941 0.074209
951 0.291512
952 0.074893
958 0.055944
962 1.281263
969 1.096748
971 0.353916
974 0.406791
976 0.304151
983 0.268403
986 1.088701
993 0.472436
995 0.336476
1001 0.937327
1003 0.266423
1013 0.993166
1025 0.415673
1029 0.134591
1046 1.108419
1062 0.551401
1069 0.530335
1073 1.183605
1079 0.291613
1080 0.354702
1081 0.395452
1082 1.135879
1085 0.496733
1086 0.386948
1094 0.171977
1097 0.009362
1100 0.040731
1104 0.996960
1108 0.438541
1112 0.404609
1121 0.437804
1124 0.125236
1125 0.257965
1134 0.267476
1140 0.415969
1153 0.072553
1157 0.448730
1162 0.239844
1165 0.591513
1173 0.060304
1176 0.573256
1182 0.356168
1200 0.507035
1205 1.070733
1206 0.583398
1218 0.098272
1220 1.218886
1221 0.510147
1231 0.223919
1236 1.167966
1238 0.224679
1241 0.123974
1242 1.036728
1245 0.461361
1247 0.488082
1250 0.547680
1254 0.079374
1258 1.068261
1265 1.023375
1267 0.262833
1278 0.220656
1284 0.312535
1290 0.112795
1295 0.100397
1297 0.061366
1300 1.190996
1313 0.343954
1329 0.045823
1331 1.083454
1332 0.523795
1354 0.312160
1359 0.062748
1366 0.229114
1368 1.106144
1371 1.091654
1382 1.087637
1386 1.186872
1390 0.257965
1400 1.109086
1407 0.200915
1411 1.121714
1416 0.249157
1426 0.507869
1433 0.174127
1434 0.517333
1436 0.214504
1441 0.398004
1443 0.240930
1451 0.528215
1454 0.444149
1462 0.172892
1473 0.048118
1478 0.973611
1480 0.101574
1481 0.488150
1490 0.361984
1494 0.514714
1499 0.116084
1500 0.299113
1511 1.065866
1519 0.246988
1522 0.368345
1530 0.338579
1531 0.450623
1532 0.067491
1541 0.554433
1542 0.120295
1545 0.282367
1559 0.251393
1564 0.159616
1569 0.053007
1570 1.117493
1571 1.047591
1574 0.287731
1576 1.238927
1582 1.112475
1583 0.364186
1584 0.477995
1593 0.123823
1594 0.595005
1597 1.267764
1602 1.109146
1610 0.471593
1613 0.351771
1615 0.989958
1617 0.611702
1621 1.061343
1630 0.612313
1631 0.458228
1637 0.475199
1639 0.525485
1647 0.049662
1650 0.099977
1658 0.419740
1659 0.338110
1661 0.292036
1679 0.319753
1680 0.383827
1688 0.172777
1706 0.252069
1710 1.166144
1715 0.325036
1716 0.082427
1718 1.085604
1722 0.339759
1724 0.165835
1727 1.175415
1730 0.083772
1744 0.416713
1746 0.476638
1760 0.450813
1764 0.021300
1765 0.575461
1769 0.298503
1775 0.464338
1783 0.613276
1784 0.344365
1787 0.235108
1790 0.340682
1795 1.102802
1798 0.254280
1808 0.213216
1812 0.502353
1813 0.044013
1821 0.214504
1823 1.082760
1825 0.503762
1839 0.048368
1840 1.181451
1842 1.022922
1848 0.437596
1854 0.252069
1859 0.248411
1860 0.269316
1865 0.169880
1866 0.606482
1871 0.159749
1873 1.194394
1887 0.226266
1894 0.084811
1900 0.097316
1910 0.087611
1917 0.232169
1919 0.262338
1921 0.493692
1922 0.211063
1923 0.092340
1924 1.106851
1938 1.013333
1940 0.238122
1947 0.498441
1948 1.171795
1960 1.055313
1965 0.037447
1968 0.500253
1970 0.944608
1982 0.513080
1984 0.554573
1988 1.048504
1993 0.533211
2002 0.372065
2003 0.015076
2005 0.034825
2006 1.094682
2027 0.527656
2054 0.163643
2055 0.329785
2059 1.017234
2062 0.053250
2064 0.221113
2069 0.168670
2070 0.049822
2072 0.280849
2073 0.338384
2074 0.203148
2080 0.252357
2084 0.396117
2087 0.324258
2099 0.575285
2100 0.113505
2103 0.084645
2104 0.257965
2105 0.102978
2114 0.370269
2117 1.146150
2122 0.436877
2123 0.128334
2124 0.194632
2130 0.476244
2133 0.446039
2147 0.225720
2150 0.343954
2165 1.048884
2188 1.148624
2189 0.035718
2192 1.127677
2193 1.144181
2195 0.114651
2196 0.191198
2204 0.999029
2211 0.107707
2212 0.331670
2218 0.190670
2220 0.171184
2223 1.099747
2227 0.407314
2241 0.537792
2242 0.042600
2244 0.498176
2248 0.558519
2258 0.272377
2259 1.044759
2269 0.361460
2272 0.272499
2279 1.168238
2292 0.253788
2296 0.246240
2297 0.107486
2315 0.232169
2318 0.381857
2319 1.078319
2320 0.063319
2322 1.175175
2331 0.358285
2332 0.511063
2334 0.238444
2336 0.233140
2344 0.389185
2345 0.484202
2349 0.085461
2352 0.189526
2355 0.018953
2366 0.518145
2368 0.383750
2371 0.374466
2374 0.027972
2385 0.483194
2387 0.145935
2392 0.160442
2394 0.580422
2402 0.601046
2404 0.099858
2411 1.062210
2412 0.420891
2414 1.026900
2423 0.198647
2424 1.035655
2434 0.556731
2437 0.176331
2444 0.518063
2445 0.396870
2455 0.251317
2457 0.100320
2462 0.601401
2468 0.222437
2471 0.329924
2498 0.426204
2508 0.566265
2511 0.273736
2514 0.524252
2515 0.229870
2525 0.569869
2539 0.138797
2544 0.331670
2557 0.240175
2563 0.365104
2564 0.190080
2567 0.209870
2576 0.331670
2581 0.394535
2585 1.107416
2592 0.366582
2593 1.265469
2598 0.236468
2605 0.468802
2609 0.111219
2610 0.366032
2612 0.379361
2618 0.042213
2619 0.037751
2627 0.388799
2628 0.513553
2635 0.352059
2637 0.113808
2640 0.396622
2662 0.238997
2663 0.251265
2665 0.168413
2668 0.119829
2674 0.224254
2676 0.154779
2677 0.102978
2680 0.494174
2685 0.244388
2688 1.007952
2695 0.183291
2703 1.141388
2707 1.138733
2709 0.175476
2716 1.087033
2717 0.279462
2720 0.423063
2723 0.589784
2737 0.351084
2749 0.302405
2750 0.135683
2762 0.485582
2763 0.054245
2765 0.544997
2770 0.431171
2773 1.251299
2781 0.541252
2797 0.429220
2800 1.143518
2806 0.311868
2813 0.244904
2820 0.437804
2823 0.214310
2828 0.349012
2831 1.017234
2837 0.275454
2838 1.065509
2842 0.401129
2845 0.081259
2856 0.204855
2859 1.145086
2862 0.454243
2870 0.290211
2872 0.320884
2875 1.047036
2876 0.053372
2877 0.471991
2878 0.454510
2881 1.174943
2883 0.329530
2885 1.097754
2890 0.073538
2896 0.014602
2897 0.333743
2912 0.164765
2913 0.152743
2914 0.438054
2920 0.505843
2922 0.409710
2937 0.392556
2942 0.011381
2955 0.282533
2960 0.042600
2965 1.187591
2967 0.466794
2970 0.029513
2976 0.556785
2978 0.515931
2979 0.020015
2983 0.369359
2990 0.537952
2991 1.148624
2997 0.322884
3000 0.019759
3001 0.009838
3002 0.435316
3007 0.476244
3011 0.306265
3018 0.333371
3019 0.580422
3030 0.369359
3039 1.100238
3040 0.053067
3041 1.203838
3049 0.404946
3053 0.277020
3054 1.081695
3057 0.358285
3058 0.604463
3059 0.367601
3065 0.361151
3066 0.496733
3069 0.291869
3071 0.030349
3073 0.549512
3075 0.178591
3080 0.337339
3091 0.984958
3096 0.534097
3098 0.323956
3103 0.461361
3106 0.050036
3117 0.065094
3118 0.073704
3128 0.510528
3133 0.087848
3135 0.352059
3136 1.131455
3139 0.131226
3159 0.166919
3164 1.148876
3175 0.272297
3177 0.365104
3178 0.378193
3179 0.420891
3185 0.367356
3190 0.154779
3192 1.138662
3194 0.419880
3196 0.284870
3198 0.529297
3201 1.064579
3210 1.107101
3212 1.104217
3217 0.054500
3237 0.601046
3245 0.464338
3251 0.187465
3253 0.583897
3276 0.441737
3278 0.452277
3281 0.171977
3290 0.331670
3292 0.130015
3295 1.155010
3312 0.477236
3317 0.410834
3322 0.325036
3325 0.588161
3327 0.366582
3340 0.531783
3342 0.473210
3343 0.253736
3347 1.112069
3352 0.161509
3355 1.124941
3365 0.446852
3366 0.170257
3370 0.385213
3374 0.093806
3378 0.069098
3379 0.374466
3386 1.310630
3387 0.541071
3389 0.538734
3397 0.601919
3403 1.201575
3411 0.098496
3414 0.591373
3418 0.256290
3423 0.011608
3424 0.325470
3429 1.001992
3430 0.559443
3432 0.044936
3439 0.476244
3453 0.160485
3461 0.066715
3465 0.580422
3471 0.179744
3473 0.913968
3474 0.084206
3476 0.179512
3477 0.315003
3481 0.953961
3482 0.541380
3483 0.158748
3491 0.218512
3497 0.222628
3499 1.047591
3505 0.335355
3507 1.173193
3512 0.261190
3522 0.320675
3526 0.197871
3531 0.085988
3544 1.134096
3549 0.284036
3550 0.357183
3559 0.511719
3560 1.206753
3562 0.127693
3573 0.228363
3577 0.430829
3578 0.030152
3580 0.227229
3583 0.029388
3586 0.244388
3589 0.498313
3591 1.137627
3594 0.220413
3596 0.351771
3597 0.327600
3604 0.432678
3605 0.496546
3610 0.271488
3623 0.558381
3629 1.067111
3640 0.985622
3641 0.165835
3648 1.016321
3650 0.019843
3655 0.274756
3657 0.083772
3665 0.251393
3669 0.196992
3673 0.047771
3684 0.367273
3691 1.106506
3697 0.180911
3699 0.222437
3708 0.372463
3716 1.149350
3717 0.335355
3724 0.335666
3728 0.219748
3738 0.975931
3745 0.221572
3747 0.184505
3751 0.011726
3752 0.098272
3753 0.995009
3755 1.012364
3771 0.202349
3783 0.271060
3786 0.405978
3796 0.054245
3800 0.442740
3804 1.070479
3807 0.599641
3813 1.168238
3816 0.575544
3823 1.189157
3827 0.093806
3831 0.464338
3832 0.422125
3837 0.443852
3844 1.115616
3845 0.532682
3849 0.449359
3853 1.025862
3878 0.297652
3880 0.549873
3882 0.302829
3886 0.338579
3899 0.505529
3900 0.532053
3901 0.086792
3904 0.447409
3906 0.232169
3909 1.087941
3910 0.560857
3916 0.537334
3919 0.384574
3922 0.540499
3926 0.506550
3929 0.488150
3930 0.597281
3932 0.058285
3933 0.419402
3934 0.376818
3939 0.580422
3942 0.378425
3946 0.468502
3947 1.218406
3948 0.326670
3949 1.135933
3950 0.269316
3953 0.339996
3966 0.524565
3971 0.587895
3973 0.521728
3977 0.044363
3980 0.087848
3984 0.138904
3989 0.510528
3990 0.546279
3996 0.356352
3997 0.563250
4001 0.298317
4007 0.363940
4012 0.055944
4018 0.195100
4023 0.449696
4032 0.179578
4037 0.510528
4039 0.240589
4040 0.227382
4044 0.082497
4048 0.415460
4051 0.297289
4053 1.233397
4058 0.522903
4066 0.606482
4078 0.164854
4081 0.071217
4082 0.418861
4086 1.031861
4087 0.031233
4089 0.357183
4107 0.529508
4108 0.056170
4109 0.409710
4115 0.250993
4124 0.201213
4127 0.415673
4140 0.396386
4141 0.182725
4142 0.431596
4156 0.363638
4160 0.068573
4166 0.221734
4170 1.089772
4172 0.506150
4177 0.316594
4178 0.262833
4181 0.092405
4192 1.153808
4194 0.030152
4206 0.388567
4208 0.474891
4211 0.212026
4219 0.499604
4226 1.201815
4232 0.042600
4237 0.589635
4244 0.015174
4248 0.405823
4250 0.133944
4254 0.491528
4265 0.597662
4268 0.010411
4279 0.015174
4284 1.115763
4289 0.229302
4297 0.101495
4298 0.595305
4299 0.235108
4311 0.923937
4321 0.544319
4324 1.116386
4327 0.276899
4331 0.401831
4332 0.562471
4340 0.325332
4347 0.137146
4348 0.533988
4356 0.307694
4358 0.500996
4368 0.106134
4373 1.051588
4376 0.474011
4377 0.382050
4381 0.262338
4382 0.448860
4383 0.018799
4399 0.051823
4405 0.353005
4410 0.333743
4414 0.600636
4417 0.037296
4427 0.344426
4430 0.128983
4434 0.203148
4440 0.400934
4454 0.076371
4457 0.131799
4463 1.123397
4464 0.561937
4467 0.515931
4469 0.359156
4473 0.975109
4477 0.480754
4479 0.021011
4487 0.499885
4490 0.021597
4493 0.354363
4496 0.266249
4497 0.202989
4509 0.029639
4519 0.302008
4529 0.109975
4551 0.356238
4555 0.476504
4558 0.075590
4559 0.418322
4562 1.013100
4568 1.084381
4571 0.233335
4574 0.011494
4579 1.092559
4580 0.178591
4582 0.560857
4586 0.022987
4591 0.325603
4592 0.214723
4596 0.450123
4607 0.205864
4610 0.438054
4622 0.319095
4626 0.138608
4632 0.341146
4636 0.400291
4639 0.511962
4647 0.535774
4654 1.148876
4656 0.519196
4657 0.439997
4662 0.496167
4668 0.528288
4678 0.505714
4681 0.034142
4686 0.469412
4691 0.328065
4694 1.040757
4702 0.990587
4713 0.213489
4714 0.928675
4717 0.210107
4719 0.561287
4726 0.436118
4727 1.100894
4736 1.208550
4737 0.225720
4738 0.106134
4744 0.219215
4746 0.141097
4752 0.391296
4754 0.432471
4755 0.293765
4760 0.119572
4768 0.585065
4769 1.175726
4778 0.452729
4782 1.105083
4788 0.348798
4793 1.110372
4795 1.212601
4799 0.443700
4802 0.464338
4808 0.283133
4812 1.254245
4817 0.481627
4818 1.267588
4822 1.079855
4827 0.410258
4834 0.047870
4835 0.087428
4837 0.587415
4847 1.178703
4850 0.484748
4867 0.057682
4870 0.466458
4871 0.459623
4872 0.154094
4875 0.342865
4877 0.207099
4891 0.123823
4902 0.321680
4903 0.310226
4905 1.188884
4906 0.179654
4908 0.545597
4910 0.437419
4924 0.427304
4926 0.151744
4932 0.088808
4935 0.507473
4937 0.538209
4941 1.272557
4951 0.194555
4956 0.150596
4964 1.170938
4965 0.996627
4971 0.095249
4978 0.149348
4996 0.197812
4998 0.199602
5002 0.045748
5009 0.256540
5021 0.405596
5023 0.075240
5031 0.457302
5032 0.507575
5038 0.460419
5046 0.416713
5048 0.128270
5050 0.272297
5055 0.084425
5059 1.108724
5062 1.308795
5070 0.221734
5076 0.981742
5077 0.376490
5081 1.259220
5086 0.498959
5087 0.150759
5094 1.002547
5103 0.263125
5110 0.577591
5113 0.475756
5115 0.415261
5118 0.254637
5120 0.035356
5127 0.575375
5132 0.426635
5135 0.344508
5136 0.492155
5151 1.055313
5158 0.054951
5159 0.179744
5162 0.014883
5168 0.285746
5170 0.210107
5171 0.445576
5173 0.053067
5174 0.488776
5184 0.481070
5188 0.570239
5189 0.563422
5197 0.229114
5198 1.022505
5199 0.423452
5205 1.091883
5213 0.342143
5216 1.113570
5222 0.383493
5223 0.583461
5229 0.592267
5234 0.039800
5235 0.261018
5253 1.123739
5254 0.299573
5258 1.181210
5260 0.340798
5266 0.012482
5271 0.331670
5272 0.491883
5277 0.096291
5280 0.250242
5282 0.026234
5285 0.466731
5290 1.028930
5292 1.175000
5306 0.315291
5314 1.219374
5316 0.513338
5318 0.302829
5327 0.538362
5335 0.082497
5336 0.397131
5337 1.107594
5338 0.500996
5340 0.299187
5343 0.589261
5346 0.427679
5348 1.170681
5351 0.140708
5363 0.356352
5376 0.284288
5377 0.396973
5378 0.350672
5385 0.039130
5386 0.487998
5387 0.604406
5391 0.013191
5397 0.393344
5403 1.086294
5404 0.524565
5410 1.232124
5435 0.206372
5436 0.013986
5438 0.210194
5440 1.002547
5445 1.201575
5446 0.062077
5452 0.420965
5455 0.128434
5462 0.015274
5466 0.077023
5471 0.191085
5473 0.466322
5475 0.222074
5476 0.607211
5481 0.235108
5490 0.388699
5491 0.280204
5505 0.606218
5506 0.359553
5509 1.059015
5512 0.020637
5527 0.455451
5534 0.545597
5541 0.339759
5547 0.545597
5549 0.390779
5555 0.090288
5557 0.103395
5566 0.307282
5575 0.121395
5580 0.533614
5581 0.956575
5587 1.099747
5615 1.015738
5617 0.105969
5618 0.470094
5621 0.246436
5627 0.082549
5629 0.211063
5635 0.603639
5646 0.409710
5648 0.365918
5652 0.516975
5653 0.442954
5664 1.185028
5665 0.171977
5674 0.554625
5676 1.189721
5677 0.275252
5684 0.179744
5692 0.221113
5700 0.512580
5710 0.287447
5713 1.150479
5714 0.407864
5716 0.106920
5724 0.402742
5726 0.567967
5727 0.367688
5728 0.023451
5730 0.391846
5735 0.371470
5742 0.454019
5743 0.273140
5748 0.566797
5751 0.993166
5758 0.379913
5763 0.124934
5767 0.388974
5770 0.122194
5773 0.165835
5780 0.127799
5784 0.347558
5785 0.213216
5795 0.308934
5800 1.202092
5808 1.168238
5813 1.082054
5814 0.241214
5819 0.580422
5821 0.167544
5823 1.062941
5826 0.187711
5832 0.361151
5843 0.619117
5849 0.511197
5868 0.373337
5876 0.291467
5877 1.146512
5878 0.410298
5882 0.488776
5886 0.324537
5892 0.021597
5893 0.085988
5897 0.472208
5904 0.087428
5905 0.115443
5909 0.374111
5915 1.257581
5924 0.450813
5931 1.003568
5932 0.390200
5933 0.352399
5946 0.127216
5952 0.999087
5954 1.070623
5959 0.358017
5963 0.427375
5968 1.110372
5970 1.160844
5973 0.447554
5984 0.566536
5986 0.244388
5987 1.274229
5988 0.338110
6002 0.026234
6006 0.491126
6028 1.222947
6030 0.417709
6032 0.557660
6047 0.488776
6052 0.337967
6054 0.091495
6057 0.479479
6058 0.165098
6067 0.529508
6069 0.038060
6076 0.121484
6085 0.060461
6090 0.505612
6097 0.454510
6098 0.197590
6099 0.608967
6100 1.149350
6103 0.088165
6105 0.434602
6107 0.354363
6120 0.082080
6125 0.161042
6129 0.067622
6135 0.190497
6140 0.449359
6148 0.022874
6149 0.157198
6155 0.558925
6158 1.194330
6159 0.047141
6161 0.524675
6163 0.547918
6164 0.436753
6165 0.536524
6169 0.134142
6173 0.611702
6175 0.169880
6183 0.264754
6190 0.259662
6192 0.907462
6194 0.076539
6207 0.554625
6222 0.199880
6224 0.331670
6227 0.223919
6231 0.253275
6232 0.526097
6236 0.273140
6242 0.968651
6246 0.203148
6250 1.236787
6254 0.116668
6262 0.296386
6263 0.440827
6265 0.375120
6272 0.553356
6273 0.037751
6274 0.427304
6275 1.084305
6279 0.022007
6282 1.112762
6292 0.377417
6298 0.399908
6303 1.160844
6305 1.013962
6310 0.093401
6319 0.333837
6321 0.553905
6322 0.288314
6332 0.458359
6335 0.497504
6341 0.511962
6346 1.223032
6347 0.062748
6349 0.129703
6351 0.353005
6363 0.926545
6364 0.457948
6367 0.514660
6375 0.478913
6377 1.154766
6380 0.046126
6384 0.011109
6388 0.255264
6396 1.115221
6400 0.076659
6404 0.488205
6408 0.197390
6410 0.253630
6413 0.508560
6414 0.493208
6417 0.140708
6418 0.509639
6422 0.055721
6424 0.069512
6425 0.106608
6426 0.365980
6427 0.413061
6431 1.089994
6434 1.006750
6439 0.284934
6444 1.127990
6446 0.489324
6453 0.484975
6455 0.135843
6472 0.390669
6474 0.011381
6478 0.509033
6490 0.140708
6494 0.015375
6504 0.229302
6509 0.050692
6521 0.238997
6524 0.030022
6526 0.355663
6533 0.097641
6545 1.174830
6546 1.125667
6549 0.430636
6550 0.479377
6554 1.089039
6555 0.077390
6557 0.598164
6566 0.215971
6567 0.518550
6572 0.591803
6576 0.323121
6578 0.597800
6595 0.423291
6598 1.065693
6599 0.296386
6600 1.126844
6601 0.517057
6620 0.354156
6622 0.090792
6623 0.450477
6629 0.553299
6630 0.091495
6636 0.504715
6638 1.074610
6640 1.244616
6641 0.013986
6643 0.100943
6646 0.402080
6655 0.435909
6656 0.921104
6670 0.159020
6672 0.215971
6673 0.514809
6674 1.067728
6675 0.910717
6678 0.280204
6681 0.246749
6686 0.099324
6689 1.099747
6706 1.241544
6715 0.333112
6717 0.422125
6718 0.550227
6719 1.154134
6733 0.497504
6735 0.011667
6745 0.485325
6746 1.061343
6750 1.054172
6752 0.549512
6755 0.021903
6758 1.270161
6760 0.318913
6761 0.519464
6762 1.224163
6767 0.215732
6768 1.094364
6770 0.416713
6772 0.029765
6776 0.339759
6779 0.524252
6780 0.236468
6790 0.361670
6791 0.290211
6793 0.397406
6796 1.077926
6797 0.454243
6798 0.382696
6812 0.419402
6813 1.097941
6822 0.483685
6829 0.107361
6834 0.564735
6837 0.085988
6842 0.414198
6845 0.102565
6850 0.571110
6860 0.388748
6863 0.149348
6888 1.145570
6893 1.012018
6895 0.328319
6900 0.381857
6914 1.155068
6939 0.072933
6946 0.031950
6948 0.380390
6952 0.290211
6962 1.160844
6972 0.286950
6974 1.151557
6979 0.164367
6984 0.490871
6988 0.138046
6991 0.499885
6994 0.375363
7001 1.091193
7003 0.074893
7008 0.304151
7014 0.107305
7018 0.259568
7030 0.479316
7031 0.523795
7033 0.116084
7034 0.290211
7037 0.198435
7044 0.565148
7046 1.026900
7048 0.215732
7057 0.525852
7065 0.588161
7069 0.083414
7072 0.346021
7089 0.605658
7090 0.580422
7095 0.348798
7105 0.925640
7111 0.533614
7112 0.031804
7114 0.300454
7124 1.019021
7131 0.980268
7134 0.192242
7135 0.366582
7138 0.524252
7141 1.049530
7144 0.050471
7145 1.187107
7147 0.548176
7153 0.337898
7154 1.160844
7161 0.426689
7166 0.052468
7172 1.084136
7176 0.188755
7177 0.407711
7180 1.180744
7185 0.280397
7200 0.260189
7202 0.023217
7208 0.094548
7211 1.089994
7213 0.327147
7217 0.575375
7218 0.175695
7221 0.464338
7226 0.382959
7230 0.528829
7235 0.285746
7236 1.044759
7244 0.103442
7247 0.031950
7248 0.267887
7253 0.287548
7261 0.102052
7262 0.104239
7272 0.020822
7281 1.200482
7283 0.342034
7288 0.085988
7291 0.565911
7292 0.518550
7303 0.457798
7306 0.415825
7330 0.304031
7331 0.407530
7344 1.160844
7346 0.523795
7348 0.504715
7349 0.301518
7350 0.537952
7355 0.924740
7359 0.393737
7361 0.278603
7366 0.585141
7370 0.556828
7374 1.056313
7375 0.461906
7377 1.091392
7386 0.557205
7395 1.124567
7397 0.271488
7406 1.187227
7407 0.425998
7413 0.457475
7421 1.054172
7425 0.452729
7427 0.076962
7435 0.444809
7436 0.389110
7441 0.128270
7454 0.356399
7458 0.200640
7462 0.424537
7466 0.043600
7468 0.540148
7469 1.048141
7470 0.047969
7471 0.151668
7474 0.259072
7477 0.592171
7482 0.189097
7492 0.504301
7495 0.484526
7499 0.171272
7509 0.290211
7513 0.232169
7521 0.592267
7527 0.109399
7538 0.083289
7541 0.048168
7542 1.068194
7549 0.479377
7553 0.359024
7554 0.272377
7563 0.296660
7566 0.404274
7567 0.132960
7571 0.556828
7572 0.280969
7574 0.456566
7576 0.281417
7580 1.216564
7582 0.585558
7593 0.176890
7600 0.477236
7603 0.294969
7611 0.120607
7630 0.485935
7635 0.302303
7636 0.558381
7639 0.439899
7642 0.395397
7656 0.202989
7661 0.030349
7664 1.225335
7673 0.584266
7674 0.364186
7679 0.481456
7681 1.178170
7686 0.434540
7699 0.456512
7715 0.274485
7725 0.585299
7726 0.127693
7738 0.505843
7748 0.069157
7762 0.117389
7764 0.338787
7766 1.165742
7767 0.141881
7769 1.084381
7808 0.565280
7809 1.148624
7814 0.358203
7815 0.318403
7821 0.338259
7822 0.344508
7828 0.185735
7832 0.249644
7852 0.225062
7853 0.366582
7859 0.599641
7864 0.110557
7871 0.460419
7873 0.487268
7874 0.009515
7876 0.177078
7888 0.247647
7891 0.084425
7914 1.043784
7917 0.203657
7928 0.133090
7939 1.107733
7942 0.577973
7944 0.296386
7948 0.336476
7956 0.569260
7957 1.230387
7972 0.220613
7981 1.183168
7984 0.109514
7989 0.071072
7990 0.015076
7991 0.077760
7998 0.402080
8000 0.319386
8004 0.606104
8006 1.186080
8007 0.121554
8018 1.160844
8026 0.188637
8031 0.223044
8035 0.204425
8047 0.525907
8054 0.155644
8064 0.470474
8069 0.528829
8070 0.232169
8071 0.512765
8074 0.432229
8077 1.005708
8079 0.115443
8082 0.068573
8083 0.176650
8097 1.166736
8102 1.042390
8105 0.588026
8113 0.422125
8114 0.376139
8116 0.273140
8120 0.485659
8125 0.494561
8128 0.176990
8135 0.069651
8142 0.484526
8145 1.059015
8146 0.497504
8150 1.293092
8152 0.350255
8153 0.058407
8163 0.170519
8171 0.531332
8181 0.481325
8187 1.051814
8188 0.358285
8192 0.582892
8193 0.429942
8194 0.562202
8202 0.567048
8207 1.112186
8209 0.059026
8212 0.415136
8213 0.458091
8219 0.056858
8224 0.229179
8225 0.567231
8229 0.575461
8242 0.162214
8250 0.212442
8262 0.942746
8270 0.279190
8272 0.475663
8276 0.042021
8277 0.544593
8282 0.495894
8297 0.013498
8301 1.148494
8303 0.186232
8304 0.283133
8310 1.062282
8311 0.109256
8318 0.213652
8319 0.080521
8320 0.422125
8322 0.100073
8324 0.585651
8327 0.072102
8328 0.491528
8337 0.407314
8339 0.154779
8341 0.364390
8348 0.028841
8370 1.226801
8373 0.441548
8383 0.386948
8386 0.508469
8392 0.529297
8394 0.121701
8407 0.555496
8408 0.490004
8410 0.301192
8413 0.320233
8418 1.190011
8421 1.127677
8441 0.407864
8445 0.212269
8449 0.042213
8465 0.062411
8475 0.472044
8477 0.291869
8485 0.530066
8491 0.139087
8493 1.091746
8495 0.288494
8507 0.361821
8514 1.135879
8539 1.111794
8541 0.319877
8546 0.105531
8551 0.554940
8559 0.483685
8575 0.134982
8585 0.275454
8586 0.134808
8590 0.107361
8592 0.995009
8595 1.015738
8596 0.287090
8597 0.012482
8609 1.018547
8619 0.101495
8620 1.078461
8626 0.152599
8630 0.014694
8639 0.098272
8642 0.073316
8646 1.154702
8647 0.252619
8648 0.028663
8649 0.060147
8653 1.047841
8655 0.171977
8659 0.132668
8662 0.022007
8675 0.395742
8684 0.328434
8689 0.194326
8690 0.116084
8694 0.307979
8705 0.383493
8708 0.238802
8711 1.044759
8717 0.013498
8720 0.346217
8723 0.479479
8727 1.191232
8728 0.500253
8738 0.309558
8739 0.341720
8743 0.209870
8744 0.144204
8745 0.204223
8748 0.060461
8749 0.051593
8753 0.226216
8758 0.119061
8759 0.185735
8772 0.124578
8774 0.122913
8777 0.557205
8780 1.067780
8785 0.086523
8786 0.537534
8787 0.090455
8788 0.568330
8790 0.126638
8791 0.277216
8794 0.040553
8799 0.104476
8806 1.125360
8809 1.095360
8814 0.392249
8816 0.606218
8824 0.527009
8830 0.130658
8833 1.099248
8845 1.050058
8849 0.358806
8850 0.131226
8851 1.224163
8853 0.303489
8856 0.404609
8864 0.339492
8866 0.151180
8868 0.494786
8869 0.432857
8870 0.073316
8872 0.013820
8874 1.135879
8876 0.481860
8877 0.398004
8882 0.438278
8883 1.226327
8890 0.111889
8894 0.185735
8895 0.562471
8898 0.044864
8906 1.030335
8909 0.551401
8913 0.506550
8924 0.255264
8925 0.517208
8929 1.106965
8942 0.425098
8943 0.227616
8949 0.142560
8951 0.419740
8956 1.011745
8957 1.096076
8958 0.108999
8962 0.243830
8972 0.368197
8976 0.523518
8977 0.168086
8979 0.299573
8983 0.353781
8988 0.515931
8990 0.070783
8999 1.215543
9000 0.053993
9001 0.173260
9026 0.118234
9032 0.089872
9038 0.215515
9039 0.430972
9043 0.397637
9046 0.180222
9050 0.478408
9053 1.160844
9062 0.149786
9065 0.257965
9069 0.383191
9071 0.425260
9075 0.297359
9077 1.210241
9079 0.508298
9080 0.205719
9082 0.461361
9084 0.509273
9090 0.593207
9094 0.557724
9097 1.226060
9099 0.207525
9105 1.213609
9113 1.101313
9115 1.068559
9121 0.013986
9133 0.507165
9136 0.418665
9140 0.013420
9146 0.222788
9148 1.122908
9150 1.104370
9151 0.294817
9156 0.402273
9158 1.042121
9162 0.418665
9164 0.557205
9166 0.290211
9173 0.255386
9174 0.045523
9178 0.580422
9179 0.518145
9181 0.470908
9182 1.189865
9191 0.500056
9195 0.216691
9197 1.060131
9198 0.159693
9199 0.352805
9202 1.100800
9208 0.477714
9213 1.054391
9214 0.235108
9217 1.174187
9219 0.290211
9224 0.461453
9225 0.175476
9228 1.116196
9232 0.010273
9234 1.056666
9249 0.475136
9275 0.410258
9280 0.232169
9282 0.025513
9298 1.221941
9309 0.023570
9310 1.075904
9312 0.053067
9313 1.020742
9321 0.454243
9330 0.011967
9336 1.109020
9339 0.079277
9344 0.224679
9352 0.945526
9354 0.109608
9355 0.259568
9356 0.480823
9360 0.080855
9366 0.608967
9375 1.083454
9380 0.984958
9382 0.092868
9388 0.985622
9391 1.105566
9392 0.072933
9396 0.230727
9397 0.442226
9406 1.072455
9408 0.266994
9423 0.398004
9424 1.016938
9426 1.023375
9434 0.474599
9436 1.206240
9445 0.396386
9449 0.149348
9455 0.261018
9462 0.434137
9465 0.054308
9476 1.140478
9478 1.082804
9484 0.020916
9497 0.380390
9501 1.160844
9504 0.379051
9510 0.273140
9517 1.095360
9519 0.323273
9520 1.210696
9535 1.120815
9536 0.162518
9539 0.027476
9544 0.354314
9548 0.122691
9550 0.488776
9561 0.011494
9562 1.113655
9568 0.171977
9569 0.226266
9574 0.429445
9577 0.483685
9586 0.084940
9589 0.436557
9593 0.980589
9601 0.485659
9602 0.448860
9610 0.417658
9615 0.589085
9616 0.309558
9619 0.230077
9639 0.227616
9646 0.519616
9654 0.552296
9656 0.097755
9661 0.169192
9663 0.239799
9666 0.466202
9670 0.060044
9679 0.329622
9680 0.010319
9681 0.352661
9683 0.587769
9685 0.524675
9693 0.330321
9694 0.383583
9696 0.028487
9698 0.079374
9702 0.376199
9705 0.085988
9712 0.587769
9716 0.491883
9718 0.553253
9722 1.025645
9727 0.325036
9729 1.215543
9734 0.366032
9735 0.259165
9741 0.495777
9749 1.069198
9756 0.256383
9773 0.314290
9774 0.515931
9782 0.311288
9783 1.090913
9790 0.061097
9793 1.143166
9797 0.466861
9798 1.070733
9806 0.411572
9812 0.059530
9813 0.092405
9814 1.274097
9815 0.106221
9819 0.557205
9820 0.542732
9829 0.305485
9830 0.120087
9832 0.185735
9842 0.126429
9851 0.014331
9855 0.292650
9857 0.594718
9859 0.486217
9863 0.583173
9866 0.226138
9874 0.037296
9884 0.417904
9889 1.072678
9893 0.484850
9894 0.485935
9901 1.087988
9906 0.234639
9910 0.455451
9925 0.386948
9938 0.009594
9939 0.096336
9941 1.062467
9949 1.180519
9952 0.128983
9954 1.240098
9961 0.145105
9967 0.598010
9968 0.928675
9969 0.048368
9971 0.149786
9979 0.104850
9981 0.535774
9983 0.345554
9997 0.319498
10001 0.350255
10005 1.031861
10012 1.241598
10017 0.422125
10020 1.238233
10029 0.366582
10031 0.444149
10037 0.505714
10038 0.012898
10042 0.951511
10043 0.527656
10046 0.565280
10052 0.162268
10058 0.046434
10063 1.064994
10070 0.470215
10071 1.088933
10072 0.011551
10073 0.444578
10081 0.322148
10087 0.586057
10090 0.105531
10094 0.544997
10099 1.052749
10102 0.565789
10103 0.180442
10105 0.150227
10117 0.971318
10121 0.335217
10124 1.063203
10126 0.246436
10128 0.428466
10129 0.022324
10130 0.506764
10132 0.242854
10135 0.030956
10136 0.095412
10138 0.371921
10139 1.062210
10151 0.369622
10156 0.528701
10158 0.060461
10159 0.225589
10167 0.471067
10172 0.374466
10173 0.305136
10176 0.510579
10184 0.515931
10188 0.353068
10189 0.166751
10197 0.175885
10201 1.142800
10203 0.159429
10215 0.023334
10218 0.471888
10220 0.238388
10223 1.075904
10225 0.541380
10227 0.300454
10237 0.577842
10239 0.091646
10245 1.128776
10251 0.314551
10256 0.418444
10257 0.128434
10267 0.315447
10269 1.013279
10272 0.351308
10279 0.353300
10280 0.412405
10283 0.619117
10287 0.560794
10288 0.440991
10293 0.503032
10297 1.084094
10308 0.302232
10309 0.583739
10312 0.402605
10313 0.025236
10320 0.565539
10324 1.070388
10325 0.503032
10326 1.132984
10328 0.444149
10330 0.993166
10336 0.559443
10339 1.115321
10343 0.166628
10346 1.119173
10347 0.502633
10351 0.155577
10359 0.083289
10364 1.160844
10367 0.489281
10379 0.583526
10386 0.133710
10397 1.215543
10400 0.450813
10408 0.182093
10418 0.195022
10425 1.039232
10428 0.060461
10431 1.276249
10432 0.042021
10440 0.129583
10444 0.422125
10458 0.358285
10465 0.529846
10466 1.320175
10471 0.572323
10475 0.176890
10476 0.341425
10480 0.170176
10481 0.230077
10492 0.149786
10497 0.466861
10511 0.155427
10518 0.162666
10526 0.066715
10528 0.447033
10531 0.946340
10533 0.302008
10545 0.220560
10559 0.147622
10571 0.392249
10575 0.394249
10581 1.059015
10591 0.020277
10599 1.218886
10606 0.020637
10612 0.998326
10614 0.486581
10615 0.283874
10617 0.130095
10620 0.913197
10627 0.264078
10629 0.429942
10630 0.348253
10639 0.118052
10640 0.214971
10647 0.389185
10648 0.571110
10650 0.128334
10657 0.095599
10663 0.331670
10664 0.456400
10665 0.543615
10670 0.404423
10673 0.281417
10678 0.241842
10702 0.268403
10703 0.476244
10712 1.134341
10715 0.612831
10722 1.301394
10727 0.360262
10731 0.556438
10732 0.139731
10735 0.417382
10738 1.098433
10744 0.341425
10745 0.426133
10748 0.473354
10754 1.289826
10762 0.342544
10769 0.246383
10786 0.460154
10790 1.156106
10791 0.441687
10797 0.351771
10812 0.422125
10813 0.370690
10814 0.341101
10817 0.100943
10825 0.090455
10835 0.555186
10837 0.046808
10840 0.156678
10843 0.103515
10844 0.542882
10845 0.403772
10850 0.483685
10853 1.077926
10855 0.352104
10856 0.318296
10872 0.282194
10883 0.529950
10889 0.288571
10894 1.093688
10900 1.033950
10903 0.511063
10922 0.190080
10923 0.218377
10925 0.401589
10926 0.494433
10927 0.079148
10939 0.324537
10941 0.453012
10946 0.159693
10953 0.135771
10957 0.308934
10967 0.222171
10969 0.232169
10971 0.262833
10981 0.118303
10983 0.439899
10988 0.048571
10998 0.148680
11000 0.424819
11001 0.500996
11003 0.369575
11007 1.183605
11009 0.100943
11010 1.215648
11015 1.040757
11019 0.349710
11021 0.084811
11026 0.074893
11030 0.529508
11032 1.015738
11044 0.271542
11047 0.223777
11049 0.580422
11051 1.026531
11056 0.057682
11058 0.407480
11060 1.180299
11067 0.511558
11068 0.897890
11069 0.388799
11070 1.156182
11083 0.179654
11085 0.291467
11087 0.597859
11089 0.422125
11092 0.325036
11096 0.503647
11101 0.561937
11106 0.049136
11108 0.459091
11116 0.123192
11119 0.580422
11124 0.592771
11130 0.055278
11131 1.244425
11138 0.619117
11142 1.232501
11146 0.555618
11156 1.069056
11159 0.506550
11162 0.122782
11170 0.178591
11174 0.026840
11178 0.402426
11183 0.509400
11186 0.352805
11198 1.112250
11199 0.420306
11204 0.237445
11216 1.186930
11225 0.615958
11229 0.512823
11235 0.184505
11237 0.180576
11250 0.451071
11254 0.056974
11263 0.156518
11266 0.547976
11268 0.467258
11269 0.434468
11271 0.163499
11273 0.097902
11279 0.099858
11284 0.224365
11297 1.138662
11316 0.608967
11333 0.055543
11341 0.507389
11352 1.288162
11355 0.417904
11367 0.114651
11376 0.322084
11377 0.473624
11384 0.021698
11386 0.019347
11392 0.373735
11396 0.507532
11408 1.301328
11409 0.214504
11420 1.040757
11421 0.047141
11427 0.396622
11430 0.200145
11432 0.201886
11441 0.256608
11443 1.312787
11451 0.314621
11454 0.264754
11455 0.914165
11456 0.051308
11460 0.211063
11465 1.160844
11468 0.312923
11474 0.093334
11476 0.238678
11477 0.596739
11480 0.309558
11483 0.068689
11484 0.201012
11486 0.535774
11488 0.020101
11500 0.481860
11507 0.309558
11519 1.134461
11526 0.374111
11527 0.267887
11530 0.178591
11537 0.188845
11538 0.089679
11545 0.346677
11547 1.196453
11554 0.139861
11560 0.447298
11562 0.047189
11566 0.084043
11572 0.172777
11578 0.552337
11582 0.444274
11586 0.290211
11589 0.376139
11592 0.540499
11595 1.146025
11603 0.406563
11604 0.189526
11607 0.037296
11620 1.179270
11627 1.076199
11635 0.330098
11638 0.574438
11664 0.226005
11665 0.261190
11668 0.559150
11673 0.195100
11675 1.094510
11691 0.584266
11695 0.207029
11700 0.555186
11706 0.464338
11708 0.061912
11713 1.107030
11716 0.187233
11719 1.122574
11720 0.448730
11723 0.407314
11728 0.569739
11737 0.520378
11739 1.168333
11741 1.112762
11745 0.438278
11761 0.552783
11763 1.160844
11768 0.430972
11774 0.419402
11775 1.129470
11782 0.438278
11786 0.544146
11789 0.095249
11795 1.096353
11807 0.492155
11819 1.067780
11824 0.461262
11832 0.092868
11838 0.012898
11845 0.460578
11853 0.558381
11859 0.580422
11877 0.183291
11886 0.558381
11889 0.046620
11891 0.563422
11892 0.161636
11895 0.079277
11903 0.503762
11905 1.077926
11915 0.340514
11919 0.012284
11920 0.311868
11924 1.056429
11935 0.423063
11941 0.291512
11942 1.211315
11946 0.946340
11949 0.026383
11966 0.478288
11968 0.138449
11969 0.502633
11970 1.244219
11976 0.126179
11978 1.170518
11981 0.495482
11983 0.535774
11992 1.197892
12006 1.074668
12011 0.543819
12016 1.200418
12029 0.057682
12046 0.094763
12050 0.113808
12058 0.422125
12060 0.074893
12063 0.064135
12073 0.541252
12076 1.255995
12081 0.050199
12087 0.505529
12088 0.220495
12092 0.163884
12101 0.273988
12103 0.136570
12116 0.314805
12137 0.160116
12150 0.300318
12170 0.237831
12177 0.499735
12180 0.146514
12186 0.214504
12189 0.525665
12193 0.190670
12200 0.210194
12203 0.556438
12214 0.955989
12218 1.064107
12222 0.585950
12225 0.044864
12226 0.417904
12228 0.940948
12233 0.297916
12238 0.077822
12240 0.303489
12242 0.023451
12249 0.949312
12250 0.112947
12256 0.562833
12257 0.145713
12263 1.083454
12268 1.059411
12269 1.210832
12290 0.288642
12294 0.510771
12295 0.011667
12296 0.504051
12300 0.212269
12303 0.067622
12310 0.488776
12313 0.298640
12317 0.469149
12320 1.130770
12333 0.188975
12335 0.190080
12349 1.023924
12350 0.065007
12351 0.496780
12357 0.474217
12359 0.238122
12361 0.575097
12369 0.379647
12374 0.288767
12375 1.151006
12385 0.177078
12386 0.323956
12396 0.257965
12400 1.146858
12404 0.024439
12427 0.508863
12433 0.559316
12435 0.102730
12453 0.320884
12456 0.360445
12470 0.602325
12478 1.139738
12479 0.466507
12480 1.195669
12483 1.155543
12487 1.154430
12491 0.422125
12492 1.103376
12502 1.232649
12505 1.264491
12509 0.526375
12521 0.256608
12530 1.057523
12532 1.166049
12536 0.279190
12537 1.123874
12539 0.232169
12547 0.051881
12550 0.272377
12559 0.128983
12563 1.200873
12564 0.599145
12566 0.123375
12569 0.170922
12572 0.362764
12576 0.458485
12578 0.077023
12580 0.178591
12592 1.199973
12594 0.061097
12596 0.057468
12597 1.133205
12600 0.060698
12603 0.949198
12608 0.297652
12613 1.130025
12614 0.563702
12615 0.389040
12618 0.295021
12619 0.106856
12628 0.164270
12632 1.289826
12635 0.278175
12640 0.549873
12641 0.129583
12643 0.264496
12647 0.045974
12652 0.028901
12664 0.400768
12673 0.055721
12674 0.507259
12675 0.313428
12676 0.174399
12678 0.107628
12680 0.322457
12683 0.286628
12687 0.058407
12691 0.580422
12695 0.425872
12699 1.229129
12703 0.576725
12707 1.036290
12708 1.063483
12725 0.028487
12726 0.154779
12735 1.170438
12738 0.242425
12752 0.603036
12760 0.302303
12761 0.346090
12776 0.458485
12783 0.400291
12788 0.241624
12796 0.176200
12799 0.429445
12805 0.485935
12811 0.141566
12819 1.058845
12824 1.088933
12825 0.515931
12839 0.241214
12843 0.380390
12845 0.201302
12851 0.410258
12853 0.288642
12859 0.160810
12863 0.425440
12864 0.490666
12865 0.172892
12867 0.151668
12870 0.425440
12875 1.056666
12880 0.590260
12887 0.277370
12895 1.247078
12900 1.141496
12903 0.299993
12905 0.288571
12910 0.101433
12912 0.386948
12916 1.069797
12917 0.287338
12918 0.229978
12924 0.450906
12930 0.298503
12936 1.109930
12952 1.173887
12954 0.851285
12956 1.015738
12965 1.074610
12966 0.064194
12969 0.954603
12970 0.477059
12977 0.129536
12978 0.424395
12991 0.009554
12996 0.580422
13002 0.162268
13004 0.073009
13005 0.095151
13007 1.003568
13013 0.231118
13015 0.333112
13018 0.043194
13029 0.109139
13031 0.021903
13032 0.069651
13033 1.087373
13042 0.195805
13049 0.095249
13056 0.330321
13057 0.538734
13058 1.175726
13059 0.461968
13061 0.120295
13070 0.362410
13072 1.123397
13073 0.543374
13076 1.176746
13078 0.287219
13084 0.030152
13086 0.423165
13089 0.199337
13095 0.061366
13099 0.262452
13104 0.406295
13105 0.011162
13106 0.604463
13115 0.458605
13117 0.243224
13125 0.079374
13134 1.031861
13138 0.159693
13143 1.034809
13150 1.056368
13157 0.429942
13165 1.022505
13166 0.352805
13167 1.080295
13170 0.066715
13175 1.153257
13183 1.204768
13185 0.364186
13192 0.010411
13193 0.133710
13195 0.169880
13197 1.155394
13201 0.525665
13202 0.142727
13203 0.314551
13204 0.045748
13208 1.062467
13214 0.123003
13218 0.482829
13222 0.542732
13232 0.256608
13241 0.028545
13248 0.482429
13249 0.457475
13251 0.433061
13257 0.283462
13260 0.171977
13261 0.571492
13265 0.443635
13270 0.122194
13286 0.261018
13289 0.561937
13291 0.129536
13304 0.306416
13308 0.384574
13310 0.125497
13312 0.282845
13324 0.580422
13325 0.134202
13327 0.483290
13332 0.187711
13337 0.274485
13339 0.411912
13341 0.298317
13342 1.239634
13344 0.445764
13345 1.069902
13347 0.473624
13348 0.377026
13352 0.549113
13353 0.185299
13360 0.323629
13363 0.514601
13382 0.027154
13387 0.379051
13391 0.221669
13392 1.142270
13403 0.434602
13412 0.097316
13416 0.380605
13417 0.240663
13422 0.946234
13423 0.399955
13434 0.136570
13439 0.190670
13447 0.342865
13448 0.556731
13449 1.028467
13461 0.461906
13462 0.547976
13465 0.304299
13469 1.045367
13470 0.560407
13477 0.196753
13481 1.145961
13482 0.407049
13483 0.266181
13486 0.139023
13489 1.223462
13492 0.271807
13512 0.305136
13513 0.277020
13520 0.584266
13527 1.129805
13531 0.518234
13532 0.009594
13533 0.291797
13534 0.471067
13535 0.471787
13540 1.101452
13548 0.067952
13549 0.348253
13553 1.130692
13560 0.358716
13568 0.310544
13571 0.320233
13573 0.324258
13578 0.441779
13583 0.056079
13589 0.028487
13590 0.096737
13592 1.101313
13596 0.282770
13599 0.219215
13604 0.473502
13608 0.333257
13614 0.420004
13616 0.433382
13617 0.029765
13625 0.053495
13626 0.534599
13628 0.095849
13640 0.580422
13642 0.359553
13656 0.471593
13660 1.143166
13665 0.459851
13667 0.350003
13672 0.194722
13676 0.128983
13683 0.512580
13686 0.985622
13687 0.290211
13699 0.294013
13704 0.382551
13709 0.009400
13727 0.316594
13733 0.345554
13735 0.092868
13736 1.114410
13737 0.182093
13748 0.164854
13752 0.352166
13765 0.264351
13769 0.476775
13773 0.060777
13775 1.181390
13780 0.057326
13781 0.097550
13788 0.021800
13799 0.137922
13804 0.238802
13808 0.155577
13816 0.154046
13820 0.283133
13821 0.212999
13823 0.239204
13825 0.490134
13833 0.286628
13848 1.000967
13853 0.058042
13854 0.600636
13860 1.284062
13880 0.265617
13881 0.177541
13882 1.073613
13883 0.402080
13886 0.376490
13890 0.200915
13891 1.109880
13893 1.209212
13897 0.319095
13900 0.455658
13903 0.549216
13907 0.096336
13910 1.018284
13912 0.333312
13914 0.449359
13918 0.075590
13919 0.168850
13922 0.333837
13923 0.411912
13933 0.451731
13936 0.185165
13943 0.446478
13945 0.243403
13946 0.238678
13947 0.330148
13959 0.326670
13969 1.194655
13974 0.080058
13977 0.549216
13984 1.190232
13987 0.327417
13994 0.910265
13997 0.064491
14000 0.215515
14001 0.859326
14006 0.240175
14007 1.181760
14012 1.245151
14013 0.055721
14014 1.123397
14020 0.414587
14024 0.140708
14032 1.215089
14036 0.225589
14054 0.294630
14059 0.062467
14073 0.470407
14074 0.374802
14076 0.424819
14083 0.011785
14091 0.159749
14093 0.243830
14095 0.106856
14096 1.134757
14108 0.306265
14115 0.423877
14129 0.400291
14130 0.975782
14133 0.872236
14138 0.320759
14139 0.128191
14144 0.065708
14145 1.061676
14152 0.484202
14156 0.320568
14163 1.144494
14166 0.400291
14173 0.500996
14178 0.522147
14181 1.154055
14185 0.539160
14190 1.061343
14194 0.259483
14196 1.085604
14200 0.319386
14207 0.110557
14211 0.567048
14218 0.466671
14219 0.352166
14231 0.245067
14232 0.144503
14239 0.265336
14248 1.072519
14249 0.596739
14252 1.154702
14258 0.269367
14268 1.196021
14275 0.353300
14278 0.434055
14279 0.253630
14283 1.180084
14285 1.114870
14286 0.473814
14288 0.530066
14290 0.514714
14299 0.138797
14305 1.079271
14318 1.197948
14322 0.402426
14324 0.429942
14327 0.050471
14330 0.012092
14331 0.146773
14332 0.175885
14358 1.260061
14361 0.234777
14369 0.168413
14371 0.401831
14372 0.412744
14375 1.056576
14384 0.370991
14386 0.401589
14388 0.430720
14389 1.155010
14391 0.174640
14394 0.935437
14400 0.605658
14405 0.248044
14406 0.355574
14408 0.076434
14416 0.122194
14419 0.572751
14421 0.094763
14435 0.415969
14439 0.960377
14444 0.108829
14445 0.205129
14446 0.369010
14451 1.037626
14454 0.207294
14465 0.104112
14472 1.066357
14474 0.515931
14478 1.160844
14485 0.133548
14486 0.270196
14491 0.077023
14493 0.294080
14498 0.309558
14502 0.213712
14505 0.361821
14506 0.204554
14517 1.086747
14524 1.023117
14528 0.150596
14531 0.213102
14554 0.073872
14555 0.510771
14556 0.491126
14565 0.092405
14566 0.233466
14567 0.204855
14569 0.242967
14572 0.377026
14574 0.065268
14581 1.135498
14582 0.999402
14583 1.033212
14598 0.280003
14607 0.112340
14609 0.070354
14630 1.074855
14632 1.265375
14637 0.061502
14638 0.076962
14643 0.073316
14656 0.055278
14662 1.088592
14663 0.057682
14666 0.266861
14677 0.606672
14689 0.423877
14692 1.197892
14693 1.042610
14694 0.391610
14699 0.992827
14702 0.029765
14706 0.544319
14714 1.115616
14724 0.368072
14736 0.174127
14737 0.085988
14742 0.164993
14745 0.479316
14750 0.416025
14766 0.106499
14780 0.076371
14782 0.338579
14786 1.133847
14793 1.199973
14800 0.362183
14821 0.500253
14828 1.058792
14829 0.280003
14832 0.369359
14838 1.170681
14840 0.474891
14844 0.084425
14850 0.615017
14852 0.201302
14854 0.169561
14856 0.037905
14870 0.205232
14872 0.442695
14873 0.374050
14876 0.537792
14877 0.461622
14885 0.591373
14887 0.145756
14911 0.150227
14913 0.262338
14917 0.103186
14919 0.563250
14938 0.499054
14940 0.060698
14941 0.276148
14952 0.183575
14954 0.577215
14965 0.331670
14966 1.030829
14973 0.262126
15000 1.017530
15005 0.181585
15011 0.587647
15012 1.061676
15014 0.418192
15018 0.080989
15022 0.061097
15027 0.500056
15028 0.487750
15042 0.213652
15043 0.447409
15052 0.040377
15053 1.227816
15057 0.450327
15069 0.056170
15072 0.202349
15074 1.125667
15075 0.035536
15081 0.261382
15082 1.067443
15084 0.180325
15085 0.011608
15103 0.413182
15110 1.122332
15117 0.158297
15120 0.350833
15123 0.307574
15134 0.150480
15142 0.417904
15143 0.234041
15146 0.172468
15149 0.252764
15156 1.097169
15162 0.530671
15166 0.389444
15171 0.178591
15174 0.522903
15177 1.149892
15181 0.010553
15184 0.205719
15185 1.060131
15192 0.427679
15204 0.328984
15206 0.037751
15208 0.391973
15209 0.557205
15212 0.460419
15225 0.493499
15228 0.226506
15233 1.085464
15235 0.156738
15237 0.187233
15238 0.181585
15242 1.120815
15243 0.485582
15244 0.971869
15249 0.203447
15250 0.170860
15251 1.030335
15258 1.086550
15267 0.318039
15290 0.320675
15293 1.018547
15302 0.070354
15309 0.494561
15317 0.412262
15321 1.082652
15323 0.439899
15328 1.021543
15349 0.269181
15359 1.206753
15360 0.253275
15367 0.135683
15371 0.058042
15377 0.230811
15378 1.078764
15380 0.995009
15385 0.151886
15400 0.589261
15401 0.553797
15403 0.088026
15404 0.034311
15405 0.050692
15407 0.081942
15410 0.202349
15414 0.246988
15430 1.205738
15433 0.350672
15434 0.072102
15439 0.021011
15441 0.492479
15452 0.088165
15459 0.453347
15461 0.188845
15466 0.565984
15473 0.528514
15477 0.140001
15482 0.233629
15483 0.458938
15485 0.358071
15486 0.255599
15487 0.369010
15495 0.470215
15503 0.583173
15508 0.318913
15510 0.264257
15512 0.040029
15530 0.133303
15531 0.066715
15539 0.366582
15547 0.559150
15558 0.076434
15560 0.461968
15562 0.355474
15565 0.386948
15566 0.107985
15569 0.574894
15570 0.304484
15578 0.583281
15589 0.048368
15591 1.091980
15614 0.582810
15619 0.443337
15620 0.294630
15621 0.288965
15622 1.160844
15629 0.111086
15631 0.413061
15635 0.550400
15637 0.271366
15643 0.112340
15647 1.096353
15649 0.023935
15651 0.315668
15658 0.432379
15665 0.013191
15668 0.540393
15671 0.501599
15681 0.308664
15688 0.580422
15689 0.010458
15690 0.221113
15695 0.184261
15696 0.558695
15698 0.441548
15699 0.083916
15703 1.256324
15706 0.490004
15711 0.201213
15716 0.090792
15722 1.027632
15726 0.205719
15737 0.160116
15739 0.073009
15740 0.495293
15746 0.363062
15748 0.075298
15754 0.233229
15760 0.093941
15763 0.235534
15765 0.302405
15767 0.323273
15771 0.331670
15775 0.485709
15785 0.513080
15790 0.166828
15794 0.154779
15798 0.113253
15811 0.242263
15815 0.887060
15825 0.378252
15835 0.931730
15837 0.126064
15850 0.032246
15853 0.109975
15855 0.461772
15856 0.592771
15867 1.141814
15876 0.392249
15884 1.285220
15889 1.016687
15890 0.447298
15895 0.250028
15903 0.485325
15904 0.090455
15923 0.069157
15941 0.400291
15943 1.160844
15951 1.077468
15952 1.056263
15956 1.107594
15960 0.497504
15961 0.010458
15969 0.110557
15977 1.019021
15995 0.273784
15996 0.334859
15997 1.197613
16004 0.156518
16006 1.116440
16008 0.186127
16012 0.222437
16017 0.271366
16018 1.028930
16035 0.472208
16041 0.492479
16050 0.508181
16051 0.315161
16053 0.011437
16064 0.050471
16065 0.085200
16071 0.474432
16072 0.498959
16073 1.168333
16075 1.063630
16085 0.042730
16088 0.333257
16094 0.288874
16095 0.015478
16120 1.123397
16121 0.012219
16127 1.021157
16135 1.021157
16142 0.495423
16145 0.084596
16150 0.572010
16153 0.939474
16154 0.131416
16158 0.323514
16160 0.519464
16166 0.560857
16172 1.111446
16176 0.404698
16198 0.587415
16202 0.446478
16204 0.044363
16205 0.513338
16210 0.619117
16216 0.174127
16218 0.009438
16224 0.441625
16227 0.300737
16229 0.169290
16231 0.104581
16235 0.506009
16236 0.324428
16237 0.205172
16244 0.023570
16245 0.369575
16247 0.040971
16258 0.204855
16259 0.047141
16269 1.064107
16276 1.011287
16281 0.513648
16282 0.488776
16291 0.451439
16293 0.026383
16295 0.124206
16301 0.466241
16303 0.386948
16306 0.161509
16312 0.170922
16313 0.366582
16317 0.368345
16322 0.374466
16323 0.307102
16325 0.053372
16328 0.455233
16336 0.339759
16340 0.192629
16350 0.303402
16351 0.390466
16355 0.209701
16359 1.109880
16365 0.040029
16366 0.473210
16384 1.053137
16392 0.142727
16399 0.029765
16406 0.076121
16407 0.534692
16414 0.566797
16420 0.275252
16423 0.127890
16424 0.320568
16427 0.184680
16428 0.312160
16429 1.009934
16431 0.197268
16435 1.067111
16439 0.159429
16445 0.012827
16447 0.202989
16449 0.188637
16455 0.540976
16457 0.180442
16460 0.590975
16471 1.067443
16474 0.059530
16477 0.471991
16485 0.482429
16493 0.356087
16494 0.219748
16495 0.540393
16496 0.411912
16503 0.577842
16504 1.144339
16506 0.197812
16508 0.109608
16512 0.150480
16516 0.194722
16517 0.210107
16518 0.294080
16527 0.367918
16529 0.221734
16544 0.500364
16546 0.062077
16552 0.266249
16554 0.124578
16557 1.244219
16560 0.473814
16561 0.469555
16563 0.420891
16564 0.210057
16566 0.383297
16571 0.179512
16572 0.029143
16573 0.527086
16576 0.453012
16580 0.408337
16588 0.536616
16589 0.474217
16594 0.406894
16612 0.376897
16615 0.306638
16622 0.143042
16628 1.020645
16629 0.449359
16638 0.393983
16644 0.254280
16656 0.368739
16660 0.153078
16665 0.479815
16670 0.366582
16675 0.495147
16678 1.270161
16681 0.454664
16684 0.120607
16688 0.547568
16691 0.422125
16694 0.178591
16699 0.504715
16710 0.440320
16716 0.316594
16718 0.447298
16719 0.245147
16722 0.140001
16726 0.372346
16730 1.093353
16732 0.149099
16733 0.528109
16737 0.306041
16740 0.052468
16745 0.553356
16747 0.174462
16755 0.472208
16756 1.214094
16758 0.190961
16760 0.138904
16764 0.394976
16774 0.341101
16775 0.391610
16780 0.136570
16781 1.143518
16784 0.041958
16786 0.411438
16791 0.111219
16797 1.166398
16815 1.040424
16816 1.131967
16823 0.076434
16825 0.366582
16831 0.213216
16833 0.238122
16845 0.214136
16846 0.459501
16857 0.232169
16864 0.931730
16865 0.344990
16867 0.432857
16875 0.262833
16898 0.517057
16900 0.162666
16906 0.466794
16907 0.220560
16908 0.426977
16910 0.061912
16912 0.580422
16920 1.167329
16924 0.127799
16927 0.397637
16933 1.269334
16943 0.191479
16966 0.169290
16968 0.476887
16969 0.171977
16976 0.548763
16977 0.399430
16983 0.491362
16987 0.286797
16990 0.382050
17004 0.587960
17007 1.000506
17008 0.226769
17012 0.289007
17017 1.054100
17020 0.164993
17028 0.396870
17037 0.348798
17044 0.566492
17056 0.300960
17067 0.407995
17068 0.341844
17069 0.311154
17072 0.058334
17074 0.176503
17078 1.145768
17079 0.518063
17086 0.193474
17094 0.095151
17100 0.091245
17103 0.557205
17109 0.570472
17112 0.356399
17119 1.316116
17120 0.358285
17126 1.102067
17129 0.041092
17132 0.583072
17134 0.921847
17135 0.120087
17143 0.575193
17145 0.428407
17146 0.114181
17150 0.020366
17154 0.056627
17156 0.485582
17165 0.141566
17167 0.120087
17171 0.592365
17174 0.603036
17183 0.270196
17185 0.397294
17190 0.489437
17199 0.297088
17210 0.203657
17223 0.449359
17228 0.257965
17229 0.302829
17232 0.356399
17233 0.374050
17237 0.442226
17253 0.467353
17254 1.011524
17257 1.198697
17262 0.069304
17264 1.015738
17265 1.112875
17274 0.275081
17278 0.255859
17297 0.117554
17308 0.522764
17313 0.165835
17320 0.321084
17321 1.107859
17330 0.329530
17338 0.407711
17339 1.274405
17345 0.333837
17346 1.021113
17348 0.503223
17351 0.109514
17355 0.497504
17358 0.895359
17360 0.169880
17372 0.053067
17377 0.043261
17383 0.506009
17394 1.117130
17400 0.464338
17401 0.042730
17411 0.418665
17421 0.076434
17422 0.360651
17425 1.122149
17429 0.074893
17431 0.382229
17436 1.059901
17441 1.247474
17442 0.082427
17446 1.086431
17447 0.229302
17451 0.113253
17458 0.507575
17459 1.295826
17464 0.532053
17465 0.359309
17468 1.086972
17474 0.376818
17480 0.499163
17482 0.204855
17483 0.424699
17487 0.257965
17508 0.217234
17509 0.198565
17527 0.324796
17538 0.131169
17539 0.461906
17543 0.133760
17549 0.164367
17556 0.260106
17558 0.317705
17560 0.531783
17578 0.456725
17583 0.132039
17586 0.205566
17601 0.306890
17602 0.114181
17603 0.399955
17610 0.461699
17613 0.232169
17615 0.367918
17617 0.573372
17620 1.258871
17626 0.615017
17633 0.987679
17634 1.074668
17640 0.219027
17644 0.015076
17650 0.167833
17688 0.249221
17703 0.206372
17708 0.097187
17712 0.456046
17713 0.096737
17715 0.213102
17716 1.166506
17722 0.392398
17724 0.522764
17725 0.297289
17740 0.366075
17746 0.243713
17749 0.299187
17752 0.127890
17756 0.199002
17758 0.619117
17759 1.138941
17767 0.357183
17768 0.325851
17774 0.128191
17776 0.552185
17780 0.145806
17802 0.241050
17803 0.219949
17804 0.541727
17807 0.572884
17820 0.141566
17826 0.039185
17830 0.470215
17831 0.214453
17838 0.473140
17842 0.374802
17850 0.574044
17856 1.089772
17862 0.252569
17864 1.140478
17868 0.464338
17872 0.037854
17874 0.244904
17878 0.128983
17885 1.095750
17888 0.053743
17895 0.600907
17896 0.144411
17899 0.481860
17905 1.073613
17906 0.201886
17908 1.082054
17922 0.260106
17932 0.130188
17940 0.326291
17950 1.063483
17951 1.040424
17952 0.161401
17958 1.197991
17960 1.094682
17961 1.007125
17962 0.334323
17971 1.043694
17976 0.189753
17982 0.286628
17983 1.126266
17985 0.011906
17987 0.335842
17988 0.171977
17991 0.343954
18000 0.420215
18012 1.156182
18017 0.199880
18020 0.453282
18039 0.503499
18042 1.205302
18044 0.365842
18046 0.299573
18047 0.163770
18050 0.322084
18052 0.297652
18053 0.578091
18054 1.057658
18055 0.484097
18059 0.244388
18082 0.567967
18083 0.526097
18084 0.146942
18090 0.090792
18101 1.160844
18107 1.106216
18112 0.591373
18120 0.590487
18121 1.118741
18122 0.041092
18125 0.135771
18130 0.598010
18141 0.062748
18143 0.998866
18146 0.979147
18149 0.353916
18150 0.147565
18155 0.237763
18168 0.402850
18170 1.117850
18175 0.564447
18178 0.535774
18197 0.161978
18200 1.068194
18213 0.069651
18216 0.420004
18223 1.155394
18224 0.542450
18225 0.523331
18227 0.028781
18232 0.269367
18236 0.197871
18242 0.290211
18244 0.525665
18247 1.171494
18253 1.062210
18257 0.112567
18259 0.064135
18266 1.001095
18269 0.242425
18271 0.928675
18275 1.104217
18283 0.180049
18287 0.406563
18288 0.529950
18292 1.048504
18318 1.166859
18327 0.232169
18333 0.580422
18339 0.567749
18348 1.155290
18351 0.443700
18359 0.312923
18369 0.896789
18371 0.196929
18380 0.174751
18383 0.225407
18391 0.113561
18409 1.171899
18419 1.069383
18423 1.185970
18442 0.406791
18447 0.012482
18450 1.102537
18463 1.128894
18478 0.154779
18482 0.067886
18499 0.437024
18501 0.546994
18504 0.115039
18514 0.558381
18520 0.321680
18525 1.197348
18532 0.437138
18535 0.591803
18540 0.245147
18547 1.128418
18550 0.587415
18560 0.179654
18562 0.029021
18566 0.415460
18572 0.986717
18574 0.045228
18585 0.560005
18586 0.518234
18589 0.580422
18594 1.059901
18596 1.188615
18598 0.064791
18626 0.230811
18633 0.109975
18634 0.517103
18642 0.295901
18652 1.223404
18653 0.122194
18657 0.176200
18662 0.150227
18663 0.534839
18667 1.208118
18668 0.041645
18670 0.296386
18672 0.464338
18678 0.438541
18689 0.477995
18697 0.398880
18703 0.896090
18707 0.164367
18709 0.039687
18714 0.141566
18717 0.127410
18722 0.150596
18728 0.592985
18744 0.226506
18754 0.525005
18755 1.150479
18758 1.039360
18765 0.064491
18767 0.120295
18770 0.342544
18774 1.115021
18777 0.061097
18781 0.477995
18783 0.496546
18785 0.354156
18791 0.580422
18793 1.078959
18795 0.098795
18796 1.189507
18799 0.254432
18803 0.217349
18804 1.049699
18806 0.230167
18808 1.199973
18812 0.508560
18813 0.485709
18817 0.302829
18820 1.139738
18823 0.267520
18824 0.024439
18828 0.100073
18831 1.131079
18832 0.471593
18836 0.388527
18838 1.228466
18843 0.165049
18847 0.379913
18849 1.033525
18856 0.269181
18861 0.375422
18863 0.418861
18869 0.514536
18879 1.025412
18884 1.005651
18894 0.221817
18895 0.019267
18898 0.373128
18900 0.103647
18901 0.442740
18903 1.160844
18917 0.594176
18924 0.592171
18935 0.271366
18937 0.217658
18939 0.990587
18943 0.187946
18946 0.194326
18949 0.291730
18951 0.325667
18952 0.233101
18957 0.046434
18974 0.111145
18976 1.073233
18980 0.235534
18983 0.271488
18985 0.408537
18989 1.220374
18992 0.558220
19001 0.497504
19019 0.457640
19029 0.473354
19030 0.201886
19038 0.160442
19043 0.350622
19045 0.480349
19046 0.012415
19047 0.499288
19048 0.599557
19053 0.298317
19054 0.224254
19064 0.068961
19068 1.020135
19073 0.494433
19080 0.223777
19085 1.144795
19087 0.160909
19093 1.021056
19094 1.294582
19096 1.265111
19098 0.598479
19099 0.056170
19100 0.407314
19103 1.212822
19105 0.024439
19106 0.118723
19107 1.087527
19111 0.527656
19113 0.109139
19115 0.240535
19116 0.269367
19118 1.122574
19126 1.092559
19131 0.402024
19140 0.389444
19149 0.507575
19152 0.370921
19153 0.174127
19159 0.413634
19162 0.445887
19164 1.063203
19167 0.106221
19170 0.010183
19184 0.190302
19186 1.177507
19191 0.112567
19194 0.151414
19195 0.050471
19210 0.315750
19225 0.166685
19233 0.091646
19237 0.353781
19238 0.401279
19249 0.101433
19252 0.066715
19253 0.214723
19256 1.107416
19260 0.477236
19264 0.530671
19273 0.281101
19277 0.107707
19278 0.117389
19282 1.105566
19291 0.086908
19297 1.132252
19311 0.522147
19312 1.121824
19319 1.044759
19321 0.013498
19332 0.348924
19333 0.149416
19335 0.510993
19336 0.386948
19347 0.102213
19367 0.350672
19368 0.024568
19373 1.018963
19381 0.224318
19393 1.235184
19398 0.371089
19401 0.558381
19408 1.116761
19411 0.549216
19413 0.059530
19420 0.367688
19421 0.996627
19430 0.500996
19431 0.064135
19436 0.301139
19437 0.452656
19438 0.454764
19447 0.474656
19449 0.157022
19454 0.357183
19459 0.021203
19460 1.089772
19463 0.285746
19465 0.386948
19470 0.058334
19471 0.030683
19473 0.180222
19475 0.403298
19476 0.481678
19477 0.386948
19483 0.424952
19486 0.109139
19491 1.132298
19492 0.256777
19495 0.042470
19497 1.125235
19501 0.439496
19502 0.506150
19507 0.059151
19510 1.057984
19524 0.067295
19529 1.155181
19530 0.252619
19533 0.190302
19539 0.406295
19541 1.092559
19543 0.566265
19545 0.503032
19552 0.374050
19556 0.076877
19559 0.495482
19576 0.500547
19579 0.475393
19582 0.901181
19583 0.209161
19587 0.285292
19594 1.009934
19596 1.017120
19597 1.154702
19609 0.481179
19616 0.142727
19620 0.382396
19623 0.185735
19628 0.466322
19629 0.508684
19630 0.317109
19634 0.450267
19639 0.321464
19643 0.580422
19648 0.038270
19658 0.013902
19659 0.331670
19663 0.131799
19665 0.028901
19666 0.168670
19669 0.187611
19675 0.264496
19684 1.223747
19685 0.402850
19686 0.498959
19692 0.107985
19699 0.442740
19712 0.267476
19721 0.275252
19722 0.450906
19726 0.973611
19728 1.167329
19735 1.041116
19739 0.305136
19742 0.095249
19745 0.267420
19758 0.419402
19760 0.160542
19773 0.587250
19778 0.439238
19785 0.583739
19792 0.519781
19807 0.246988
19809 1.076725
19810 0.420388
19813 1.041505
19815 0.513735
19824 1.112250
19827 0.475393
19828 1.072593
19829 1.056263
19834 0.379507
19836 0.429942
19839 0.238802
19842 0.416713
19851 0.188513
19855 0.174127
19859 1.137627
19865 1.118300
19867 0.936821
19872 1.053539
19887 1.116761
19897 0.367792
19899 0.443635
19902 0.284288
19907 0.092868
19909 0.339759
19911 0.015076
19913 0.015076
19915 0.342544
19916 0.613662
19918 0.384574
19919 0.587769
19924 0.410542
19925 0.527656
19929 0.275252
19932 0.014331
19942 0.302359
19943 1.065866
19948 0.889980
19954 0.021698
19962 0.554940
19972 1.215543
19996 0.204425
19997 0.257965
19998 0.385060
20000 0.350443
20005 1.232649
20011 0.405978
20012 0.584167
20014 0.386948
20020 0.548763
20023 0.195282
20042 0.077390
20046 0.357969
20055 0.169130
20058 0.556349
20061 1.127358
20069 0.014511
20070 0.538362
20076 0.026840
20080 1.006446
20086 0.125497
20095 0.501987
20108 0.243321
20115 0.385381
20118 0.493359
20120 0.035356
20123 0.440691
20127 0.239799
20132 0.441548
20139 0.152926
20151 1.081532
20173 0.210153
20176 0.029021
20188 0.032246
20190 1.073049
20192 1.033279
20193 0.297652
20195 0.288494
20201 0.391785
20203 0.347558
20204 0.519325
20205 0.365104
20206 0.157403
20223 0.099704
20227 1.027414
20237 0.520378
20238 0.347056
20245 0.619117
20246 0.560407
20248 1.179719
20249 0.508298
20259 1.032954
20261 0.177541
20263 0.020277
20272 0.574559
20280 0.502353
20292 0.524675
20299 0.023812
20306 0.188637
20312 0.230953
20315 0.063783
20325 1.027171
20329 0.942869
20336 1.141169
20341 0.466614
20342 0.233183
20343 0.041274
20347 0.544886
20353 0.544319
20355 0.186802
20360 0.588161
20363 0.145105
20368 1.006065
20371 0.388653
20374 0.238122
20377 0.288642
20380 0.364563
20381 0.306416
20383 1.122405
20385 0.474891
20390 0.173045
20395 1.107810
20396 0.224679
20406 0.333656
20407 0.123375
20409 1.063294
20422 0.120295
20423 0.582892
20426 0.255131
20433 1.234160
20436 1.139347
20437 0.558381
20441 1.168333
20443 0.541252
20449 0.116570
20456 1.009429
20469 0.069930
20472 0.276678
20488 0.206372
20490 0.174855
20496 0.317109
20501 0.148588
20508 1.129127
20509 0.469277
20516 0.398880
20521 1.116196
20524 0.524252
20526 0.409710
20533 1.167879
20537 0.319824
20550 0.391154
20559 0.309558
20561 0.337700
20567 0.587529
20578 0.272499
20581 0.192472
20584 0.271909
20590 1.127293
20591 0.438230
20596 0.309558
20601 0.224254
20602 0.101574
20606 0.036852
20612 0.593320
20613 0.152599
20614 0.011056
20615 0.549873
20623 0.075379
20626 0.396386
20635 0.169192
20636 0.018648
20639 1.117390
20649 0.369359
20658 0.473210
20660 1.217317
20669 0.493753
20675 0.051026
20680 0.272377
20686 0.197343
20689 0.320568
20697 0.492766
20699 0.115507
20703 0.461841
20707 0.472936
20709 0.224318
20722 0.540667
20733 0.236907
20735 0.456285
20738 0.208357
20744 1.121964
20748 0.108265
20756 0.556093
20757 0.561937
20763 0.577796
20764 0.202404
20768 1.013837
20769 0.421143
20776 0.435316
20781 0.197812
20782 0.058530
20783 1.047841
20784 0.507869
20785 0.111739
20786 0.111739
20790 0.111086
20793 0.241624
20794 0.256908
20798 0.119829
20808 0.510528
20815 0.483685
20828 0.337898
20833 1.140829
20844 0.068689
20855 0.190961
20864 0.445255
20865 0.482911
20867 1.239183
20870 0.312055
20875 0.551401
20877 0.161978
20879 0.173459
20886 0.165835
20892 1.212126
20894 0.448045
20899 1.270100
20911 1.035086
20912 0.277434
20915 0.100943
20917 0.377510
20923 0.527195
20936 0.356168
20940 1.209619
20947 0.117257
20950 0.186308
20954 1.006997
20962 0.031094
20966 0.133212
20972 0.300218
20973 0.538074
20974 1.178344
20975 0.485444
20979 1.126557
20980 0.356399
20994 0.124376
20996 0.587647
20997 0.527086
20998 0.401019
20999 1.097315
21010 0.506550
21012 0.247647
21014 0.324258
21019 1.008101
21021 0.202404
21031 0.213595
21034 0.041707
21037 0.029388
21038 0.193474
21039 0.341844
21040 0.583398
21041 0.152076
21047 0.130432
21051 0.116668
21054 1.106216
21059 1.053253
21060 0.412074
21062 0.426432
21069 0.020277
21071 0.484909
21074 0.401279
21078 0.492479
21082 1.036468
21084 0.436118
21085 0.328984
21086 0.142873
21087 0.577351
21090 0.266423
21091 0.540976
21098 0.150109
21108 0.444342
21112 0.567749
21117 1.173600
21125 0.094378
21128 0.382551
21129 0.362344
21135 0.203281
21140 1.170131
21144 0.260106
21150 1.300705
21153 0.422125
21161 0.313357
21164 1.107101
21168 0.561454
21169 0.116084
21178 0.430512
21181 0.207294
21186 0.352104
21197 1.080534
21202 0.094548
21209 0.281823
21213 0.180787
21216 0.563250
21221 1.034969
21230 0.559316
21231 0.065957
21235 0.277020
21252 0.211980
21254 1.106965
21259 0.129536
21274 1.145570
21276 1.281913
21280 0.415611
21283 0.029765
21289 0.311446
21293 0.123823
21294 0.379507
21297 0.489437
21303 0.437596
21327 0.567231
21328 1.033095
21330 0.093806
21335 0.464338
21350 1.181950
21361 0.208535
21362 0.293885
21384 0.056904
21389 1.236346
21393 0.307979
21394 0.990132
21396 1.038987
21402 0.484278
21403 1.237552
21415 1.059270
21417 1.124339
21421 1.006854
21425 0.014979
21433 0.506550
21436 0.277809
21440 1.090184
21441 1.071548
21444 0.279462
21446 0.143475
21447 0.169130
21450 0.341425
21451 0.443635
21461 0.528992
21469 0.363993
21470 0.560794
21471 1.002096
21473 1.014330
21478 0.093616
21479 1.008101
21484 0.282074
21487 0.058777
21494 0.291386
21506 0.573429
21507 0.346329
21523 0.515931
21537 1.135275
21539 1.182144
21541 0.041832
21547 0.196929
21555 0.429220
21556 0.335217
21557 0.426133
21558 0.544754
21559 0.277216
21563 0.298930
21564 0.265336
21570 0.391447
21574 1.080534
21575 0.165835
21578 0.034311
21579 0.069098
21585 0.126284
21586 1.153722
21590 0.250637
21591 0.168017
21596 0.464338
21598 1.153893
21599 0.031659
21601 1.014330
21604 0.117852
21613 0.213840
21619 0.525665
21626 0.398004
21627 0.146633
21630 1.099747
21635 0.041832
21641 0.525665
21642 0.025374
21670 0.070354
21677 0.119829
21679 0.545597
21684 0.559316
21689 0.444578
21694 0.137922
21695 1.042390
21699 0.414198
21702 0.223478
21704 0.145105
21705 0.396386
21709 0.334755
21713 0.300785
21719 0.388609
21731 0.547918
21734 0.560005
21737 0.235704
21738 0.564735
21743 0.504138
21744 1.193742
21747 0.101384
21748 1.043290
21754 0.081463
21757 0.270397
21758 0.511719
21763 0.924274
21765 0.310940
21772 0.337228
21779 1.294055
21781 0.499163
21782 0.489897
21791 0.531840
21792 0.557205
21803 1.122332
21807 0.481678
21821 0.490004
21827 0.262634
21835 0.154779
21836 1.083454
21839 1.183831
21842 0.240535
21850 0.545457
21853 0.346381
21873 0.030152
21874 0.260724
21883 0.219619
21888 0.139301
21890 0.553253
21893 0.209251
21898 0.382551
21907 0.422125
21909 0.540976
21913 0.380757
21916 0.056627
21925 0.419880
21928 0.147075
21931 0.029021
21934 0.396053
21943 0.450267
21952 1.241598
21960 0.931032
21965 0.201425
21973 1.116004
21984 1.045909
22003 1.119012
22005 0.212442
22014 1.112875
22015 0.067435
22019 0.252357
22020 0.142873
22026 1.155181
22029 0.398818
22045 0.061502
22050 0.106499
22056 0.059227
22057 1.110372
22067 0.262833
22070 1.073781
22072 0.580422
22075 0.276148
22081 0.069452
22083 0.906273
22086 0.296386
22091 0.127216
22093 0.266605
22094 0.391973
22097 1.139738
22104 1.034809
22109 0.383750
22110 0.307102
22115 0.202404
22116 0.020916
22128 1.086294
22130 0.494786
22133 0.162423
22136 0.502288
22140 0.553299
22149 1.018476
22155 1.130295
22157 0.464338
22169 0.118052
22171 0.449751
22175 0.277074
22177 1.184779
22183 0.319386
22186 0.234205
22193 1.113655
22196 0.325036
22198 0.456046
22204 0.207099
22212 0.080521
22214 1.060524
22217 0.408209
22222 0.041213
22224 0.201886
22225 0.494174
22230 0.200349
22232 0.103186
22236 0.142674
22243 0.414243
22250 0.428906
22264 0.136570
22270 0.039185
22274 0.084043
22276 0.146942
22285 1.130770
22287 0.590975
22291 0.509400
22292 0.597005
22293 0.302303
22299 0.207029
22304 0.580422
22305 0.986417
22306 0.187401
22309 0.012029
22311 0.040029
22316 0.337228
22317 0.343954
22321 0.228363
22331 0.300454
22340 1.061626
22345 0.561699
22353 0.525852
22362 0.986338
22369 0.274381
22376 0.619117
22382 0.189268
22383 0.327922
22388 0.484278
22389 1.101007
22390 0.394781
22394 0.122732
22397 0.172892
22399 0.308091
22402 0.512137
22407 0.482429
22408 0.025374
22413 0.115363
22420 0.548531
22423 0.099324
22428 0.947004
22443 1.125235
22454 0.498216
22456 1.007952
22457 1.069198
22458 1.209437
22465 0.571492
22467 0.594352
22475 0.134591
22481 0.180730
22491 0.108829
22494 0.021398
22499 0.433960
22503 1.078273
22509 0.322457
22513 1.053617
22515 0.355231
22517 1.100238
22523 0.429512
22526 0.235704
22529 1.104974
22531 0.513215
22534 0.224679
22536 0.222171
22537 0.058628
22540 0.080058
22543 0.346808
22549 0.403167
22554 1.192911
22555 0.367918
22566 0.046667
22568 0.390896
22569 0.288314
22576 0.583461
22583 0.358017
22585 0.613662
22597 0.544886
22608 0.193474
22613 0.452277
22620 1.134461
22627 0.580422
22638 1.170599
22640 0.412531
22672 0.165835
22674 0.223919
22692 1.330842
22697 0.324258
22700 0.302405
22706 0.052527
22716 0.169130
22717 0.406791
22718 0.230953
22720 0.281417
22722 0.315447
22731 0.537534
22732 1.219374
22743 0.134413
22744 0.569188
22753 0.275454
22756 0.317907
22765 0.515931
22774 1.141334
22776 0.445764
22778 0.290211
22782 0.353635
22784 0.551791
22796 0.158625
22802 0.072102
22808 1.136909
22811 0.304868
22813 0.575779
22824 0.079374
22825 1.064107
22827 1.023117
22834 0.173459
22848 1.074855
22850 0.257965
22853 0.297971
22859 0.197871
22863 0.619117
22870 0.279110
22874 1.194843
22877 0.239349
22887 0.137304
22897 0.565539
22909 0.996960
22913 0.383583
22926 0.274937
22934 0.433568
22935 0.585950
22936 0.120465
22940 0.158748
22955 0.050036
22961 0.518813
22962 1.115321
22971 0.081942
22976 1.131677
22992 1.109378
22996 0.572614
22998 0.386948
23015 0.335217
23023 1.188158
23024 0.161757
23026 0.521195
23031 0.176331
23037 0.440320
23039 0.353979
23043 1.099747
23050 0.943864
23053 0.297652
23055 0.127058
23077 0.995009
23099 0.546279
23100 0.009674
23114 0.498373
23115 0.583816
23120 1.099747
23126 0.086908
23132 0.307979
23138 0.233280
23140 0.251265
23145 1.149350
23150 0.288965
23166 0.544754
23167 0.106221
23175 0.354543
23181 0.233101
23185 1.322217
23198 0.132960
23200 0.136570
23203 0.443231
23209 1.059203
23242 0.353005
23244 1.093989
23248 0.572751
23264 0.198059
23265 0.339428
23269 0.400645
23277 0.168086
23281 0.208223
23286 1.168333
23289 1.130295
23290 0.359309
23296 0.566265
23298 1.239854
23311 0.509639
23313 0.529846
23321 0.580422
23323 0.468502
23331 0.396622
23334 0.223777
23345 0.942332
23346 0.307438
23349 1.021543
23357 0.168850
23358 0.448045
23362 0.341771
23363 0.327768
23370 0.366582
23374 0.256465
23384 0.422125
23386 0.428906
23391 0.077068
23394 0.996573
23399 0.014788
23402 1.062149
23403 0.089789
23407 0.278046
23412 1.111966
23413 0.307848
23414 0.174127
23415 1.118244
23422 0.514660
23423 1.000112
23424 0.281046
23431 0.045748
23445 0.039574
23454 0.020189
23457 0.252069
23460 0.217658
23466 0.558220
23469 0.075379
23476 0.557205
23480 0.322884
23485 0.055543
23488 0.303241
23490 1.029618
23498 0.470474
23499 0.589635
23500 0.132324
23502 0.070660
23521 0.170860
23522 0.150910
23541 0.054951
23557 0.390896
23563 0.523018
23566 0.060461
23570 0.358908
23572 0.273140
23573 1.088701
23577 1.227816
23579 0.286628
23584 0.546994
23585 0.253004
23589 0.359156
23590 0.281417
23591 0.232169
23604 0.544593
23615 0.452010
23616 0.378425
23618 0.167677
23619 0.388974
23621 0.148480
23627 0.297359
23632 0.140381
23634 0.558381
23638 0.316594
23641 1.265022
23647 0.153078
23649 1.075904
23650 0.154779
23653 0.415136
23658 0.550400
23664 0.400291
23677 1.087229
23682 0.452532
23693 0.536672
23697 0.099029
23698 0.360445
23699 0.430313
23714 0.029388
23715 0.455233
23723 1.065509
23748 0.458485
23749 0.452777
23750 1.204927
23756 0.129536
23757 0.462283
23761 0.119401
23767 0.192329
23769 0.198565
23771 0.394249
23772 0.380995
23773 0.430829
23783 0.393858
23787 0.562833
23790 0.182281
23800 0.513735
23808 0.045081
23815 1.070733
23816 0.057753
23819 0.180787
23822 1.136145
23826 0.495423
23828 0.373489
23830 0.378536
23838 0.270488
23857 1.211315
23862 1.172936
23865 0.011494
23874 0.583226
23882 0.604113
23886 0.426689
23887 1.123397
23911 1.095136
23914 0.386948
23919 0.055721
23925 0.063319
23928 0.585383
23930 0.124934
23945 0.231118
23946 1.033279
23948 0.315161
23950 0.111441
23953 1.087373
23959 0.566265
23961 0.545597
23968 0.381173
23970 0.058777
23973 0.263598
23987 0.327600
24001 0.373489
24003 0.489375
24006 1.137153
24010 0.139087
24015 0.323514
24017 0.522684
24019 0.426635
24024 0.171072
24042 0.319498
24052 0.560407
24053 0.535774
24054 0.273907
24057 0.333112
24059 0.286628
24074 0.028313
24075 0.431942
24081 0.356442
24083 0.542732
24088 1.090913
24091 0.466365
24111 0.391296
24121 0.549624
24134 0.039130
24136 0.123823
24138 0.370991
24149 0.308579
24151 0.168238
24152 0.502353
24155 1.213954
24156 0.557724
24157 1.165742
24166 0.188245
24170 0.181382
24172 0.084645
24177 0.472742
24186 0.511962
24192 0.201302
24196 0.358133
24201 0.991676
24207 0.429220
24209 0.495482
24211 1.081178
24214 1.065866
24216 0.059227
24220 0.040029
24224 1.089507
24229 0.236339
24236 0.152015
24240 0.145935
24241 0.220560
24250 1.121824
24260 1.142418
24275 0.574044
24280 0.083414
24281 0.263828
24282 0.498313
24285 0.215256
24286 1.026531
24287 0.547918
24288 0.077023
24289 1.175726
24295 0.176052
24299 0.976885
24304 0.036466
24311 0.227431
24323 0.593920
24331 0.347742
24336 0.294630
24337 0.091646
24352 0.500253
24358 0.043532
24362 0.177078
24365 1.081334
24368 0.284288
24375 0.066715
24387 0.100943
24390 0.019428
24393 0.111441
24397 1.087373
24402 0.515931
24407 1.102067
24411 0.122732
24419 0.540267
24420 0.450327
24434 0.274608
24458 0.392398
24461 0.986468
24463 0.291797
24466 0.290211
24467 1.196746
24470 0.595696
24471 0.590605
24478 1.127677
24483 1.067976
24487 0.420115
24489 0.311868
24495 0.025374
24499 0.439496
24504 0.607544
24505 0.535039
24511 0.453539
24519 0.440320
24520 1.133594
24526 0.514851
24527 0.330196
24533 0.102427
24538 1.145086
24540 0.288408
24541 0.172777
24548 0.110557
24552 0.106856
24558 0.404807
24562 0.284735
24567 0.079601
24571 1.016321
24572 0.163499
24580 0.502633
24581 0.039687
24585 0.049822
24591 0.556785
24593 0.480823
24595 0.031374
24599 0.984194
24611 0.573256
24614 1.186357
24617 0.379715
24619 0.184680
24630 0.544146
24638 0.316594
24639 0.236907
24646 0.096737
24647 1.131455
24656 0.108999
24667 0.178591
24670 0.514763
24674 0.263187
24675 0.187991
24689 0.334323
24694 0.562523
24705 1.216122
24710 0.574181
24712 0.157022
24713 0.348253
24724 0.379913
24727 0.032396
24733 0.530671
24753 1.022127
24754 0.432857
24761 1.205492
24778 1.196021
24782 0.216980
24793 1.186413
24794 0.160909
24800 0.914293
24801 0.371470
24803 0.173584
24807 0.455233
24813 0.088165
24823 0.076659
24824 1.290983
24826 0.274756
24834 0.011056
24846 0.197268
24851 1.013695
24853 0.320233
24856 0.121213
24859 1.155494
24862 0.386948
24872 0.592267
24873 0.420965
24878 0.321818
24880 0.509639
24885 0.331670
24887 0.115559
24898 0.392398
24899 0.537250
24900 1.078273
24911 0.559316
24915 0.320884
24919 0.069750
24923 0.091948
24924 0.187991
24926 0.533556
24928 1.059203
24931 0.319232
24937 0.221113
24950 0.302829
24952 0.381173
24955 0.207730
24962 0.585141
24965 0.212077
24996 0.263187
25005 1.211758
25006 0.317496
25013 0.020015
25014 0.348253
25016 0.401413
25018 0.349843
25024 0.380605
25025 1.061343
25028 0.483685
25035 0.190080
25041 0.547976
25050 1.084381
25056 0.232169
25061 0.407864
25070 0.350003
25076 0.048168
25077 0.255131
25080 0.075590
25081 0.297652
25086 0.977553
25087 0.404274
25088 0.121213
25094 0.285922
25103 1.100326
25105 0.432857
25110 1.167257
25120 0.346381
25125 1.166506
25128 0.537792
25129 0.508560
25139 0.299573
25149 1.165661
25150 0.194374
25153 0.212349
25160 0.989572
25162 0.122194
25168 0.527009
25169 0.076121
25174 1.166243
25175 0.266747
25182 0.608302
25192 0.259662
25193 0.232169
25195 0.495293
25198 1.179270
25199 0.995009
25201 0.500996
25205 1.114410
25214 0.238122
25215 0.012898
25220 0.559150
25222 0.143724
25226 0.013657
25231 0.149786
25244 0.398396
25250 0.276627
25251 0.021497
25261 0.488776
25270 0.266423
25275 0.422125
25285 0.040731
25286 0.560794
25297 0.407314
25301 0.099324
25309 0.263125
25331 0.408617
25335 0.296960
25344 1.258485
25346 0.065268
25347 0.406563
25349 0.554209
25353 0.361151
25360 0.357183
25371 0.539231
25375 0.487554
25376 1.114870
25380 0.580422
25383 0.209332
25385 1.172936
25391 0.319585
25394 0.996883
25397 0.125121
25403 1.170766
25404 0.423960
25415 0.460154
25417 1.064107
25421 0.491126
25424 0.273988
25428 0.273140
25432 0.575461
25433 0.191792
25434 0.197590
25436 0.140708
25449 0.217658
25452 0.197871
25461 0.408537
25463 0.133013
25464 0.360262
25465 0.078259
25467 0.572323
25468 0.075943
25472 0.484278
25479 0.307102
25508 0.051026
25509 0.036088
25513 0.421234
25514 0.338579
25515 0.485129
25516 1.186413
25539 1.103064
25540 0.328434
25544 0.204501
25553 0.349380
25564 0.119675
25565 0.229114
25596 1.021056
25602 0.406295
25605 0.178591
25618 0.085988
25620 0.330044
25622 0.512765
25629 0.133090
25631 0.030152
25633 0.043805
25636 1.054433
25641 0.014331
25655 0.239144
25656 0.533614
25677 0.529297
25683 0.546994
25690 0.110557
25693 0.274485
25699 0.479902
25702 0.191596
25708 0.086792
25709 0.585558
25715 0.067101
25718 0.500945
25719 0.103442
25725 0.291512
25728 0.535774
25735 0.100397
25737 0.099217
25740 0.349501
25742 0.543686
25743 0.328823
25745 0.090163
25751 0.158297
25755 0.221734
25760 0.273840
25762 0.407049
25763 0.196753
25771 0.479316
25772 0.199602
25775 0.492198
25785 0.303489
25789 1.078380
25795 0.026534
25800 1.185283
25809 1.165544
25823 0.077390
25824 0.366582
25826 0.472679
25838 1.077384
25851 0.268403
25854 0.485659
25856 1.060904
25858 0.112795
25860 0.135998
25863 1.027106
25867 1.156067
25868 0.115443
25870 0.437419
25874 0.087063
25878 1.014869
25880 0.172403
25882 0.265666
25886 0.569260
25888 0.320568
25894 0.029388
25899 0.256383
25909 1.015738
25910 0.606218
25917 0.397637
25956 1.186872
25964 0.029204
25966 0.554039
25967 0.522903
25977 0.512765
25981 1.059642
25989 1.044759
25991 0.133430
25992 0.339428
26017 0.468159
26018 0.550163
26026 1.154569
26031 0.396744
26034 1.200482
26045 0.495641
26050 0.461906
26057 0.392556
26059 0.236104
26066 0.076539
26068 0.545457
26081 0.321818
26082 0.390564
26110 0.252569
26116 0.444039
26117 0.274937
26120 0.399761
26126 0.338787
26140 0.589635
26141 0.237763
26143 0.472208
26152 0.547568
26159 0.561166
26160 0.123375
26161 0.402024
26165 0.543615
26172 0.206591
26180 0.020637
26181 0.484975
26186 1.046772
26190 0.252619
26192 0.244388
26197 0.068689
26199 0.592771
26211 0.534998
26215 0.534194
26218 1.323112
26222 1.189865
26226 0.451178
26233 0.549328
26235 0.208535
26238 0.369575
26240 0.344318
26256 0.097316
26263 0.309558
26268 0.171977
26274 0.273140
26280 0.321915
26287 1.070733
26292 0.537792
26293 1.028467
26294 0.241214
26299 0.461361
26304 0.340120
26313 0.199409
26317 0.427304
26328 0.119572
26339 0.172403
26345 0.013267
26352 0.578091
26367 0.588161
26368 0.040377
26388 1.160844
26395 0.413285
26397 0.055810
26403 0.482045
26422 0.282074
26429 0.172403
26431 1.240902
26434 0.450906
26440 0.019592
26452 0.158297
26455 0.402605
26456 0.402938
26474 0.209161
26480 1.107733
26485 0.234989
26491 0.889980
26497 0.110557
26498 0.089296
26500 0.267887
26502 0.585141
26505 0.395181
26506 0.979672
26514 0.361670
26515 0.168670
26528 0.382050
26534 1.126266
26536 0.550400
26541 0.055721
26546 0.568890
26548 0.142560
26550 0.217349
26552 0.012757
26554 0.386948
26557 0.214136
26563 0.331670
26564 0.215732
26570 0.490871
26584 0.240839
26593 1.112875
26595 0.585469
26602 0.282845
26605 0.355231
26606 0.398674
26610 0.111219
26616 0.152015
26626 0.505137
26639 0.077390
26646 0.418665
26649 1.131823
26653 0.520378
26657 0.359309
26662 1.076279
26669 1.011745
26673 0.278603
26683 0.083343
26691 1.292758
26696 0.523518
26703 0.363108
26706 0.305485
26707 1.013695
26716 1.080948
26719 0.291467
26728 0.259275
26735 0.370331
26755 0.076434
26763 0.983572
26766 0.307438
26776 0.206131
26783 0.181883
26785 0.012757
26790 1.005374
26791 0.965658
26793 0.583816
26796 0.569995
26800 0.184569
26809 0.329707
26815 0.223239
26832 0.071217
26835 0.356238
26842 0.405374
26844 0.048368
26848 0.349197
26852 0.419194
26857 0.297406
26864 0.592267
26872 1.035147
26874 0.383191
26876 0.352897
26882 0.169130
26896 0.391296
26900 0.386948
26904 0.578053
26905 0.541727
26906 0.019030
26907 0.129536
26914 0.459957
26916 0.155520
26917 0.177831
26924 0.075502
26931 0.477995
26934 0.153500
26942 0.542568
26944 0.341146
26945 1.167713
26953 0.151886
26955 0.043532
26956 0.486165
26959 0.393189
26961 1.117850
26970 0.433722
26973 0.353979
26977 0.455658
26982 0.131594
26988 0.530671
26994 0.487750
27001 0.136570
27005 0.188513
27006 0.974041
27009 0.010411
27015 0.202404
27022 0.519325
27026 0.270249
27028 0.573256
27029 0.984027
27035 0.316594
27038 0.539927
27047 0.489324
27053 0.290211
27065 0.569471
27067 0.233543
27069 0.109902
27072 1.240510
27073 1.107101
27075 0.232169
27091 0.336034
27095 0.075502
27101 1.304319
27115 0.501599
27117 0.056397
27120 1.076419
27123 0.020822
27124 1.160844
27141 0.083343
27148 1.154210
27165 0.091818
27176 0.570907
27180 0.290211
27182 0.525665
27183 1.001890
27189 0.431464
27195 1.178170
27200 0.010273
27205 0.027314
27213 0.134741
27222 0.124376
27223 0.199880
27237 0.340045
27242 0.404222
27245 0.377026
27257 0.177831
27261 0.456928
27263 0.386948
27268 0.486805
27274 0.147878
27278 0.554625
27280 0.386948
27282 1.146745
27294 0.290211
27298 0.479377
27302 1.120416
27306 0.093401
27307 1.101143
27309 0.042405
27317 0.079715
27321 0.417382
27325 0.080405
27329 0.588916
27338 1.094682
27341 0.069651
27349 1.199539
27352 0.520621
27354 0.223426
27355 0.057091
27362 0.600636
27371 0.506009
27375 0.244388
27376 0.066715
27377 0.251749
27381 0.087375
27387 0.259218
27390 0.510771
27392 0.030956
27396 1.204927
27399 0.049609
27403 0.365451
27405 0.274756
27410 0.943864
27419 1.208033
27422 0.334658
27436 0.464338
27447 0.309558
27450 1.182144
27456 0.495777
27458 0.131063
27478 1.192503
27483 0.523386
27487 0.396973
27492 0.444342
27501 0.292133
27507 0.244388
27509 0.522631
27510 0.606914
27514 0.597393
27515 0.291512
27520 0.291512
27522 0.117389
27528 0.083916
27533 1.037568
27534 0.443700
27539 0.099704
27540 1.030249
27550 1.110855
27557 0.012482
27559 0.049136
27568 0.273140
27569 1.127990
27578 1.073613
27581 1.019577
27596 0.394048
27605 0.331670
27611 0.466410
27623 0.330282
27626 0.019510
27631 0.418444
27632 0.457640
27641 0.304722
27642 0.495641
27650 0.468323
27659 0.013343
27661 0.174127
27666 1.122908
27670 0.531471
27674 0.134741
27683 0.100397
27684 0.573593
27686 1.197948
27687 0.999087
27689 1.107859
27694 0.569041
27697 0.533211
27705 0.354969
27706 0.283133
27710 1.132984
27717 0.312274
27721 1.087988
27724 0.177737
27734 0.282533
27735 0.087200
27740 0.251265
27741 0.113948
27743 0.514465
27744 1.129805
27747 0.476775
27752 0.373735
27756 1.221304
27758 1.231392
27759 0.157198
27760 0.255599
27764 0.128388
27770 0.261759
27776 1.155342
27778 1.091300
27780 0.204425
27781 0.461968
27799 0.279373
27804 0.544146
27805 0.290211
27811 0.292133
27822 0.363767
27823 0.325036
27825 0.220495
27826 0.409710
27831 0.039185
27838 0.443337
27858 0.357183
27863 0.589635
27872 0.547976
27878 0.319877
27881 0.096165
27882 0.533211
27896 0.382050
27898 0.076877
27909 0.366582
27913 0.390044
27914 0.256608
27916 0.067435
27921 1.250140
27925 0.486217
27930 1.268997
27935 0.212197
27941 0.090849
27942 1.096944
27951 1.085951
27953 0.500253
27960 0.060777
27963 0.048878
27967 0.074413
27969 0.057091
27974 0.436477
27978 1.227006
27979 1.045719
27981 0.300960
27983 0.274756
27991 0.502288
27992 0.542191
27996 0.251611
27997 0.301518
28001 0.488776
28006 0.571305
28007 0.192405
28012 0.013657
28015 0.300960
28016 0.281417
28023 0.361395
28026 0.255599
28027 1.166243
28028 1.087527
28033 0.491362
28036 0.179744
28041 0.342977
28042 0.267887
28044 0.547390
28046 0.200145
28048 1.166452
28051 0.305851
28052 0.059915
28061 0.125497
28065 1.007525
28071 0.433960
28075 0.576904
28078 0.331670
28080 0.097641
28085 0.348253
28090 0.377417
28093 0.014071
28101 0.265735
28102 0.214504
28108 0.091302
28110 0.102213
28111 0.461262
28117 0.586663
28123 0.240663
28124 1.148362
28127 1.261164
28128 1.128052
28143 0.230727
28153 0.336034
28154 0.512765
28159 0.145105
28168 0.543374
28170 1.097169
28177 0.569471
28178 0.262833
28180 1.109818
28184 0.441687
28193 1.135879
28202 0.207294
28206 0.518675
28208 1.229867
28210 0.335217
28211 0.404946
28214 0.081942
28219 0.412531
28226 1.099156
28238 1.144181
28241 1.049935
28244 0.441226
28264 0.976299
28265 1.085951
28289 0.611473
28295 0.126179
28296 0.457948
28298 0.161757
28300 0.401831
28312 0.565148
28321 1.211808
28323 0.347261
28335 1.044145
28342 0.145865
28356 0.210057
28367 0.173871
28368 0.476244
28371 0.058407
28376 0.169880
28380 0.482429
28387 0.181205
28393 0.283462
28398 0.270864
28400 0.423165
28403 0.348798
28410 1.155591
28414 0.205232
28415 0.489375
28416 0.562471
28417 1.172114
28432 0.339759
28436 0.527146
28438 0.394687
28441 0.406295
28450 0.039020
28461 0.024699
28462 0.402273
28463 0.146942
28466 0.180576
28473 0.172403
28478 0.569471
28479 0.560407
28486 0.010553
28487 0.393291
28490 0.199409
28493 1.133205
28494 0.012219
28503 0.123640
28506 0.580422
28509 0.184036
28516 0.469277
28524 0.369359
28528 0.185735
28530 0.368345
28533 0.010138
28542 0.445255
28552 0.366582
28554 1.081178
28555 0.313037
28556 0.250993
28568 0.588446
28569 0.470612
28572 0.565067
28573 0.483685
28583 0.091495
28589 0.565148
28590 0.595305
28595 1.010085
28596 0.326291
28598 0.103763
28603 0.284036
28607 0.164367
28621 0.201213
28630 0.111889
28632 1.016687
28641 0.502633
28648 1.036125
28662 0.116814
28665 0.541252
28667 0.493102
28675 0.307508
28684 0.192472
28691 0.481627
28695 0.201886
28696 0.168850
28698 0.359487
28711 1.027830
28713 0.059151
28714 0.048878
28725 0.069651
28726 0.338259
28731 1.035830
28734 0.588597
28735 0.329707
28743 0.424395
28748 0.497504
28752 0.336319
28769 1.174035
28778 0.092049
28781 1.237215
28783 0.034311
28785 0.879995
28792 0.385258
28793 1.077468
28794 1.117312
28796 0.396117
28797 0.485582
28807 1.041783
28816 0.449359
28819 0.232169
28821 0.430512
28824 0.229469
28825 0.475756
28826 0.257965
28829 0.452532
28831 1.025000
28836 1.093222
28840 0.226266
28845 0.472742
28847 0.025099
28849 0.495777
28852 1.165784
28853 1.197892
28856 0.113002
28858 0.312055
28859 0.539636
28865 0.942746
28867 0.331670
28868 0.170712
28874 0.049136
28876 0.588446
28878 0.943983
28883 0.269367
28884 0.026383
28887 1.210773
28898 0.279721
28906 0.313428
28910 0.092049
28917 0.432613
28931 0.117149
28940 0.560857
28952 0.466861
28954 1.029527
28961 0.266861
28963 0.491786
28971 0.145105
28973 0.282533
28981 0.350199
28985 0.415050
28990 0.037447
29018 0.212349
29023 0.143314
29027 0.410542
29043 0.026840
29046 0.461361
29059 0.414940
29060 0.442865
29062 0.458938
29066 0.483247
29083 0.588161
29096 0.160620
29104 1.043587
29106 1.256584
29107 0.569995
29113 0.103186
29122 0.048168
29127 0.588026
29130 1.026103
29139 0.322084
29140 1.219870
29142 0.567804
29145 0.059837
29164 0.070354
29170 0.195390
29174 0.431942
29179 0.104178
29182 0.107155
29197 0.568890
29198 0.176052
29203 0.514465
29206 0.219027
29207 0.452277
29215 0.337175
29219 1.072678
29221 0.537428
29234 0.210107
29235 0.586800
29237 1.172689
29241 0.148193
29242 1.253711
29245 0.539691
29250 0.042730
29256 0.362764
29261 0.528156
29262 0.277714
29264 1.167119
29267 1.081834
29268 0.374466
29269 0.479247
29271 0.330098
29272 0.183291
29278 0.092340
29279 0.215971
29286 0.082497
29293 0.513450
29300 0.337514
29308 1.085286
29309 1.130822
29329 0.040495
29331 1.204927
29337 0.515931
29339 0.491126
29349 0.549873
29353 0.252357
29355 0.548970
29362 0.285292
29368 0.151180
29369 0.358017
29380 1.190866
29386 0.021398
29407 1.241154
29409 0.980995
29413 0.269964
29417 0.573136
29419 1.079585
29423 0.073471
29429 0.167833
29432 0.505714
29436 0.462283
29441 0.128388
29464 1.109378
29469 0.367273
29475 1.030704
29476 0.111522
29479 0.155470
29484 0.177871
29487 0.150480
29490 0.240839
29492 0.306638
29500 0.447298
29517 1.022922
29519 1.123796
29525 0.480702
29527 0.478848
29533 0.420215
29535 0.054951
29538 0.391296
29548 0.491311
29549 0.160485
29553 0.370331
29556 0.207294
29563 1.148362
29564 1.139928
29567 0.506326
29572 0.509966
29573 0.265920
29575 0.522036
29578 0.088445
29591 0.538734
29592 0.490666
29601 0.174127
29604 0.539927
29609 0.175222
29611 0.057753
29615 1.148998
29619 1.111656
29620 0.606482
29621 0.216691
29625 1.071548
29626 0.589784
29627 0.503032
29629 0.181585
29639 0.961507
29642 1.015738
29652 0.206790
29655 0.405978
29656 0.527086
29659 1.207278
29660 0.200915
29665 0.573012
29667 0.030549
29673 0.299885
29675 0.444874
29678 0.591513
29681 0.318462
29699 0.991789
29704 0.234205
29708 0.926495
29719 0.326840
29750 0.391785
29756 0.416446
29758 1.137153
29762 0.507473
29764 0.488082
29767 0.160116
29768 0.301518
29777 0.414243
29782 0.212349
29785 0.178591
29789 0.978118
29793 0.197812
29808 1.018066
29811 0.390564
29812 1.126557
29814 0.595563
29816 0.538209
29819 0.413182
29836 0.373128
29838 0.161042
29841 0.265666
29847 0.257965
29849 0.509903
29855 0.205566
29862 0.022217
29867 0.346329
29871 1.030335
29878 0.462188
29883 0.277020
29884 1.049935
29885 0.378536
29886 0.538632
29888 0.041958
29900 0.078040
29901 0.390669
29905 0.055609
29907 0.479377
29916 0.030152
29919 0.403772
29922 0.518234
29923 0.341844
29937 0.193474
29938 0.100943
29940 0.312717
29943 0.519135
29954 1.079381
29957 0.212197
29974 0.250182
29981 0.245826
29987 0.111889
29989 1.070681
29992 0.414587
29998 0.447210
