6009
2 0.550048
5 0.497804
15 0.983581
16 0.086272
23 0.086991
24 0.964655
28 0.300710
30 0.093324
31 0.150355
34 0.355368
37 0.012082
46 1.138794
47 0.585074
53 0.224823
55 0.124616
57 0.421776
64 0.115268
71 0.490465
72 1.127276
79 0.139186
94 0.159561
96 0.030258
104 0.383081
106 1.166999
108 0.317937
110 1.079495
113 1.063648
124 0.065965
129 0.374912
132 0.247442
135 0.031778
136 0.531161
138 0.405699
143 0.234913
144 0.083274
149 1.098836
155 1.108961
165 0.126533
166 0.576873
169 0.399515
176 1.134558
182 1.053420
202 1.148399
207 1.024312
208 0.529823
218 0.156892
225 0.516904
229 0.033298
237 0.602537
238 0.495072
241 0.921551
243 0.023082
245 1.101889
249 0.342017
256 0.244944
258 0.437057
264 0.211763
269 0.325063
270 0.591313
271 0.425290
274 0.431818
278 0.551652
287 1.060464
288 0.356887
290 0.567054
291 0.333379
296 0.569268
310 0.223054
315 0.175906
319 0.492072
323 1.093332
332 0.540219
334 1.153178
340 0.202137
341 0.463953
347 0.021579
350 0.011541
358 0.328269
360 1.154682
367 0.970827
368 0.282406
369 0.454287
373 0.508139
374 0.122093
378 0.285685
383 0.195025
388 0.061046
403 0.511713
407 0.404004
408 0.393532
414 0.570588
415 0.958836
426 0.283853
429 0.538713
436 0.096657
442 0.235908
448 0.513872
449 0.516904
458 0.515503
462 0.301981
463 0.179169
468 1.159883
480 0.408199
503 0.220430
508 0.276669
517 0.239541
525 0.079600
531 0.386628
533 0.068632
536 0.518120
543 0.424347
545 0.420886
550 0.146204
558 0.026664
562 0.587674
569 0.276790
573 0.099894
578 0.127304
591 1.076493
594 0.512506
603 0.490956
605 0.955198
614 1.003654
617 0.417312
619 0.286391
628 0.576151
629 0.361161
632 0.927906
634 0.176632
637 0.113159
640 0.535331
642 1.231481
645 0.267198
650 0.503884
656 0.466698
662 0.379598
669 0.452281
671 0.079649
674 0.361096
676 0.204139
681 0.193314
687 0.388788
698 0.960608
700 1.154225
702 0.216011
704 0.543369
711 1.310517
712 0.125960
717 1.216006
719 0.554409
721 0.164317
722 0.363094
723 0.439179
728 0.506131
733 0.056123
735 0.344830
736 0.303521
739 0.309302
743 0.148070
746 1.051758
748 0.318198
755 0.554968
756 0.423016
768 1.028674
782 0.055764
783 0.594812
801 1.274826
802 1.127363
817 0.368783
822 0.261166
823 0.425088
827 1.154280
832 0.344991
839 0.400947
841 0.233349
843 0.492072
846 0.058481
847 0.552325
862 0.126074
863 0.022743
864 0.542924
874 0.414793
878 0.493812
879 0.211851
896 1.107636
899 0.206471
902 0.379047
904 0.242590
922 0.410494
924 0.938047
936 0.598649
955 0.553339
962 0.019251
979 1.138601
980 0.556744
982 0.086374
991 1.081056
995 0.011207
997 0.484125
1002 0.457419
1004 1.122119
1005 0.502370
1010 0.061046
1012 1.081247
1018 1.154862
1039 0.391649
1050 0.421776
1064 0.610967
1068 0.380130
1070 0.009999
1074 0.053948
1075 1.175772
1076 0.437442
1079 0.437057
1082 0.336740
1085 1.176067
1086 1.111554
1092 0.386628
1095 0.279972
1099 0.210888
1103 0.091170
1108 0.541279
1109 0.425851
1110 0.056351
1111 0.982243
1122 0.307028
1131 0.613154
1133 0.144985
1137 1.159883
1140 1.034229
1149 0.597305
1153 1.159883
1160 0.437500
1163 0.333095
1166 0.061046
1170 0.226934
1171 0.938953
1174 0.255648
1190 0.364907
1191 0.267665
1195 0.992860
1203 0.587674
1209 0.062415
1210 0.025633
1220 0.463953
1225 0.391123
1239 0.399577
1241 0.416657
1246 1.120277
1254 0.267665
1263 0.162134
1269 1.118458
1272 0.347965
1273 0.586046
1280 1.078617
1281 0.495367
1289 0.129596
1291 0.239460
1308 1.125567
1309 0.496207
1315 0.244864
1317 0.417558
1325 0.297043
1328 0.192512
1337 0.231977
1339 0.092791
1347 0.245622
1359 0.543369
1363 0.060647
1365 0.262907
1369 1.135819
1371 0.614507
1372 0.582496
1374 0.035873
1375 0.321413
1388 0.506745
1389 0.498874
1393 0.102128
1396 0.166397
1400 0.339838
1411 0.104259
1423 0.310782
1424 0.165698
1427 1.139534
1429 0.508978
1436 0.504297
1449 0.346234
1455 0.449455
1463 0.478012
1469 0.958679
1475 0.241642
1477 0.569767
1486 0.279490
1491 0.532241
1493 0.137129
1497 0.494151
1498 1.201520
1500 1.195462
1501 1.002868
1504 0.079649
1518 0.249661
1525 0.048940
1530 1.092223
1533 0.269740
1539 0.493886
1540 1.253422
1542 1.213971
1553 0.512655
1560 0.436195
1562 0.483285
1563 0.109049
1566 0.415329
1570 0.269516
1571 0.028290
1575 0.197104
1577 1.153680
1578 0.491790
1588 0.381969
1589 0.425459
1598 0.523818
1607 0.361798
1609 0.452637
1623 1.126743
1627 0.191716
1643 0.068565
1647 1.128870
1648 0.518246
1653 0.128876
1659 1.249971
1663 0.237635
1683 1.069502
1696 0.512156
1707 0.274065
1713 0.050430
1716 0.494151
1717 0.026212
1720 0.219034
1724 0.497093
1728 0.137077
1730 0.275024
1739 0.214793
1745 0.983139
1752 0.583110
1758 0.066279
1759 0.062026
1774 0.564267
1777 1.042214
1785 0.266203
1786 1.076493
1791 1.017633
1798 1.016278
1801 0.141449
1803 1.096407
1806 0.175740
1808 0.047342
1817 0.543369
1825 0.164134
1834 0.994185
1835 1.009780
1839 0.309302
1843 0.028118
1849 0.249231
1853 0.463953
1855 0.175906
1865 0.014145
1866 0.397674
1867 0.375828
1868 0.344033
1870 0.447876
1874 0.512655
1885 0.151289
1894 0.169481
1897 1.263444
1900 0.263925
1901 1.010450
1902 1.215557
1907 0.155951
1910 1.105171
1914 1.070661
1916 0.194326
1918 1.052667
1920 0.225402
1926 0.231977
1935 1.092317
1937 0.395296
1944 0.442587
1945 0.115988
1950 1.246874
1956 1.220293
1957 0.043496
1959 0.144985
1962 0.380679
1963 0.463953
1964 0.048128
1966 0.030793
1967 1.215115
1970 0.420742
1971 0.209766
1978 0.219034
1979 1.255924
1980 1.008594
1983 0.172325
1990 0.365729
1991 0.053698
1994 1.348136
1999 0.211805
2010 0.545198
2012 0.201719
2017 0.533172
2018 0.310015
2021 0.303521
2023 0.264277
2025 0.452402
2029 1.200820
2036 0.076898
2038 0.021782
2041 0.189666
2050 0.311610
2056 0.333379
2087 0.505424
2093 0.140592
2105 1.113113
2108 0.510348
2110 0.042435
2114 0.039996
2124 0.097236
2129 0.131060
2137 0.182574
2150 0.564599
2157 0.417558
2164 1.178101
2167 0.314544
2169 0.506615
2181 0.226822
2182 1.159883
2184 0.222253
2189 0.190340
2196 0.136457
2197 1.144138
2199 0.061046
2202 0.406557
2206 1.111554
2207 0.043496
2212 0.011427
2214 0.028522
2226 0.430364
2230 0.921761
2235 0.009666
2239 0.476243
2240 0.308323
2248 0.240730
2260 0.177010
2263 1.220293
2268 0.208988
2273 0.080338
2274 0.550651
2278 0.327146
2282 0.301758
2289 0.593750
2293 0.226079
2296 0.410060
2300 0.519947
2304 1.057108
2310 0.241015
2316 1.108459
2317 0.289971
2348 0.021680
2351 0.384624
2354 0.491689
2358 0.247076
2361 0.086836
2362 0.205961
2365 0.113159
2367 0.235698
2370 0.174606
2376 0.106520
2377 0.424746
2380 0.448987
2382 0.058481
2385 0.129530
2387 0.304883
2390 0.573275
2391 0.289971
2393 0.083847
2398 0.461805
2401 0.082116
2407 0.436116
2408 0.022743
2413 0.956025
2415 0.276844
2418 0.093324
2419 0.593860
2420 0.420542
2421 0.569942
2422 0.042565
2425 0.399960
2432 1.217097
2434 1.136212
2435 0.260063
2444 0.162959
2447 1.209830
2449 0.561234
2451 0.405487
2452 0.514288
2457 0.400947
2460 0.399000
2463 0.463953
2473 0.551105
2474 1.186125
2476 0.214604
2483 0.179255
2486 0.582289
2488 0.010994
2493 1.206278
2498 0.571536
2500 0.231977
2507 0.014590
2508 1.065583
2509 0.310287
2510 0.236481
2516 0.279490
2517 0.103870
2520 1.104168
2525 0.137077
2526 0.071013
2527 0.049780
2528 0.384340
2531 1.097186
2542 1.243932
2547 0.538186
2562 0.091419
2568 0.282898
2569 0.394135
2578 0.441371
2579 0.304047
2580 0.556324
2583 0.605156
2587 0.276449
2600 1.267021
2602 0.293157
2608 0.115988
2610 0.104494
2620 0.076058
2622 1.239875
2626 0.189922
2628 0.021380
2633 1.152679
2644 0.593182
2649 0.010174
2651 0.228371
2655 1.315833
2666 0.023432
2668 0.329257
2672 1.057813
2682 0.114714
2683 1.040380
2685 0.549418
2689 0.566579
2695 0.351017
2696 0.009468
2697 0.494151
2700 0.460038
2714 0.147756
2726 0.298070
2732 1.066896
2733 0.234320
2742 0.118205
2762 0.151619
2768 0.463953
2771 0.460881
2772 0.605156
2776 0.352369
2779 0.420795
2780 0.123392
2790 0.012746
2792 0.131533
2793 0.576807
2800 0.415480
2802 0.569268
2811 0.463953
2820 0.159070
2839 1.116465
2840 0.344141
2845 0.197180
2850 1.068171
2851 1.129198
2856 0.321648
2858 0.502370
2864 1.115837
2874 1.154728
2892 0.382234
2900 1.079707
2909 1.152767
2912 0.074831
2913 0.549418
2914 0.160487
2916 0.480780
2927 0.462067
2931 0.364361
2933 0.011153
2937 0.078446
2941 0.381913
2946 0.331395
2947 0.583043
2948 0.980929
2954 1.138794
2958 0.014870
2971 0.503884
2973 0.574985
2974 0.463953
2977 0.339478
2979 0.469953
2992 0.315030
2995 1.088605
2996 0.983698
3008 0.163200
3009 0.021380
3020 1.175628
3026 0.255285
3031 0.110465
3038 0.143702
3042 0.257752
3047 1.060797
3049 0.121383
3050 0.297669
3058 0.233349
3061 1.202392
3062 0.095520
3067 0.411098
3074 1.004875
3085 1.137998
3086 0.595338
3092 0.223241
3097 1.123255
3102 0.608463
3104 0.589607
3107 0.082116
3119 0.208305
3122 0.394360
3126 0.144985
3130 0.271263
3138 0.463953
3142 0.607558
3151 0.436907
3154 0.463953
3157 1.031007
3158 0.453288
3160 0.231977
3161 0.078636
3163 0.187727
3165 0.427918
3167 0.106831
3169 1.203560
3183 0.388788
3191 0.430615
3193 1.067503
3195 0.534555
3205 0.443906
3217 0.228709
3219 0.452637
3228 0.070296
3232 0.432021
3243 0.419767
3259 1.084388
3264 1.092317
3270 0.379598
3271 0.448573
3278 0.979122
3280 0.165698
3286 1.041811
3309 0.111430
3322 0.173982
3325 0.293837
3326 0.604678
3329 0.279344
3345 0.104092
3346 0.367296
3350 0.124273
3351 0.072042
3357 0.140980
3364 0.195891
3370 0.031208
3372 0.266028
3375 0.083847
3381 1.123862
3384 0.108256
3385 0.195486
3387 0.403010
3389 1.063760
3397 0.009546
3398 0.172965
3404 0.461071
3408 0.120821
3409 0.572410
3413 0.359964
3420 0.550453
3421 0.438492
3422 0.289971
3433 0.050157
3444 1.267384
3447 0.117160
3450 0.066279
3455 0.404610
3463 0.515503
3464 0.132267
3465 0.229279
3495 0.011484
3498 1.112216
3502 0.453643
3508 0.395296
3510 0.187556
3513 0.298122
3520 1.060025
3530 0.249595
3533 1.186857
3536 0.212174
3539 0.513222
3549 0.357836
3553 0.242225
3558 1.098114
3559 0.255648
3563 0.172210
3574 0.468640
3581 0.228709
3582 0.033298
3587 0.040227
3588 0.500982
3595 0.015465
3599 0.467936
3613 1.154862
3618 1.176857
3625 0.118456
3632 0.354020
3634 0.423102
3637 0.086991
3640 0.251673
3642 0.314900
3643 0.139439
3648 0.111796
3658 1.005232
3663 0.286391
3672 0.390345
3676 0.126324
3680 0.416368
3684 0.170378
3685 0.249595
3688 0.303521
3689 0.093863
3691 0.286269
3698 1.085395
3701 0.039767
3702 0.412064
3704 0.150879
3711 0.282536
3715 0.085018
3720 0.026974
3722 0.373522
3724 1.145908
3736 0.488372
3738 0.544016
3744 0.368704
3745 1.203198
3752 0.294573
3754 0.493812
3756 0.137077
3760 0.191540
3763 0.415681
3769 0.485257
3772 0.065965
3775 0.962558
3777 0.954487
3780 0.049148
3785 0.569585
3799 0.306209
3804 0.375052
3805 0.050430
3811 0.271141
3813 0.487594
3823 0.438492
3825 0.349965
3833 0.359400
3840 0.028817
3842 0.099894
3845 0.241015
3849 0.284358
3862 0.506499
3863 0.152952
3869 1.132267
3883 1.135618
3884 0.433601
3894 1.073324
3895 0.490091
3902 0.074035
3903 0.324767
3906 0.397674
3919 0.142317
3923 0.423102
3927 0.394854
3931 0.031778
3939 0.188818
3941 0.396058
3944 1.143546
3948 0.536227
3955 0.582743
3956 0.438875
3957 0.378488
3960 1.118246
3962 0.405487
3967 0.406712
3970 0.185088
3973 0.143356
3974 0.115988
3981 1.192282
3992 0.075178
3999 0.551652
4004 0.615448
4008 0.509217
4010 1.110676
4012 0.964240
4023 1.233029
4028 0.161844
4030 1.185208
4031 0.056237
4033 1.259658
4037 0.291489
4055 0.902828
4061 0.990733
4073 0.607558
4077 0.420458
4082 0.263066
4084 0.508139
4092 0.449646
4096 0.149985
4098 0.144985
4100 0.558462
4101 0.391460
4102 0.998575
4115 0.363639
4121 0.587674
4127 0.243120
4149 0.142555
4160 0.391522
4161 0.364802
4165 0.472350
4167 0.448987
4172 0.428772
4174 0.352369
4197 0.011836
4200 0.136457
4202 1.077381
4204 0.499949
4205 0.013974
4213 0.258951
4214 0.615672
4219 0.440462
4220 0.298393
4224 0.490720
4231 0.345497
4242 0.338961
4251 0.447038
4253 0.378331
4258 0.287574
4270 0.123721
4274 0.304047
4282 0.331395
4284 0.315308
4286 0.540347
4289 0.105010
4292 0.453409
4294 0.088092
4296 0.281184
4297 0.583110
4298 0.987387
4306 0.286391
4309 0.405038
4333 0.157272
4336 0.336895
4341 1.060797
4344 0.461754
4347 0.381734
4348 0.092791
4356 0.097821
4359 1.016278
4364 0.365677
4365 0.486585
4369 0.463953
4374 0.080338
4379 0.382761
4385 0.269468
4388 0.544143
4392 0.268181
4397 0.467852
4398 0.183946
4405 0.556201
4406 0.558637
4407 0.138335
4428 0.234738
4429 0.138972
4432 0.491689
4437 0.078971
4444 0.322854
4445 0.601826
4448 0.314029
4459 0.018937
4481 1.029851
4482 0.997499
4484 1.023076
4485 0.196766
4486 0.388717
4487 0.099894
4502 1.165653
4512 1.210867
4515 0.329584
4517 0.240850
4525 0.037416
4542 0.065902
4545 0.266876
4553 1.166363
4561 1.137140
4566 0.544435
4588 0.109165
4596 0.236711
4605 0.229788
4619 0.022743
4623 1.074754
4639 1.142038
4641 0.369316
4651 0.124273
4653 0.360146
4655 0.506840
4663 0.169739
4670 0.117954
4673 0.175740
4674 0.420683
4687 1.171254
4691 1.071631
4695 0.429586
4697 0.591313
4698 0.604218
4699 0.288726
4703 1.203243
4711 0.380679
4712 0.225402
4713 1.173215
4715 0.426624
4716 0.188940
4717 0.104967
4718 0.852159
4719 0.395125
4723 0.116636
4728 1.192102
4729 0.412141
4737 0.601421
4741 1.334166
4748 1.103578
4759 0.066551
4762 0.325754
4764 0.197227
4775 0.398550
4779 0.514425
4785 0.106323
4787 1.273800
4797 1.159883
4798 0.057043
4811 0.274258
4814 0.091570
4817 0.160409
4821 1.053052
4841 0.361371
4843 1.105683
4848 0.127304
4850 0.140206
4854 1.026445
4857 0.131307
4863 0.230620
4868 0.475600
4873 0.533172
4879 0.503721
4881 0.376815
4886 0.343161
4889 0.107896
4894 0.214545
4905 0.336198
4910 0.268958
4916 0.070296
4922 1.104650
4928 0.138789
4931 1.050460
4932 0.215497
4933 0.298682
4942 0.384846
4943 0.014059
4948 1.026321
4953 0.473110
4955 0.419656
4956 0.163011
4959 0.531849
4963 1.042426
4972 0.485257
4977 0.537917
4982 0.461945
4985 0.412403
4989 0.508048
4998 0.146953
5004 0.471396
5005 0.250429
5008 0.515503
5021 1.076036
5037 0.542001
5039 0.295058
5041 0.396058
5043 0.283527
5051 0.413716
5065 0.154651
5072 0.317587
5078 0.140592
5082 0.110945
5085 0.147107
5086 1.068313
5088 0.568999
5089 0.231977
5093 0.159984
5094 0.295243
5095 1.252146
5096 0.521296
5106 1.065474
5109 0.318399
5113 1.216926
5135 1.167366
5142 0.591874
5146 1.241757
5149 0.521415
5159 0.434021
5161 0.097236
5178 0.015363
5179 0.225220
5186 0.483285
5188 0.189922
5195 0.149341
5198 0.252410
5205 0.045936
5207 0.030930
5209 0.253420
5212 0.575149
5218 0.172260
5222 0.072493
5224 0.416368
5225 0.162959
5226 0.010641
5234 1.312325
5243 1.075976
5248 0.337687
5254 0.583683
5265 0.142609
5270 0.448987
5273 0.233204
5276 0.130429
5277 0.598649
5280 0.430615
5281 0.571019
5285 1.291416
5286 0.480672
5292 0.509217
5296 0.213663
5304 0.471601
5305 0.009430
5307 0.555632
5311 0.071013
5320 0.542924
5326 0.443671
5334 0.279344
5340 1.124010
5345 0.208518
5347 1.017040
5351 1.007575
5356 0.532599
5357 0.268062
5360 1.209694
5362 0.494151
5367 0.364149
5369 0.118686
5371 1.098836
5373 0.285217
5374 0.467772
5383 0.058728
5384 0.141306
5386 0.177307
5399 0.092791
5402 1.098836
5411 0.059228
5415 0.250429
5420 0.100859
5424 0.300069
5429 0.972357
5430 0.364089
5433 0.220231
5438 0.496411
5448 0.308638
5453 1.061937
5456 0.256695
5457 1.206694
5462 0.289971
5468 1.213581
5472 0.329713
5473 1.110315
5479 0.269093
5480 0.389029
5487 0.082116
5488 1.088605
5492 0.280411
5506 0.513222
5513 0.278372
5516 1.022528
5533 0.500133
5548 1.038852
5549 0.206712
5553 0.372605
5556 1.120565
5558 0.096657
5560 0.576737
5566 0.557199
5567 1.189623
5569 0.531613
5572 0.388652
5578 0.038825
5582 0.514383
5584 0.179982
5585 0.225402
5588 0.324159
5595 0.520533
5601 0.486864
5612 0.618604
5614 0.508048
5615 0.391460
5616 0.237681
5622 0.369818
5631 0.500982
5634 0.092791
5635 1.055493
5643 0.346042
5645 0.314291
5647 0.368375
5659 0.296930
5663 0.560393
5672 0.273761
5679 1.008168
5680 0.496369
5681 0.576998
5683 0.149662
5689 0.384795
5690 0.507809
5693 0.148862
5701 1.082557
5715 0.011716
5716 0.427325
5721 0.225951
5725 0.549169
5729 0.186410
5731 0.463953
5732 0.128327
5736 0.479952
5745 0.183648
5747 0.108256
5750 0.971794
5776 0.324374
5782 1.008122
5792 0.178444
5800 0.058877
5804 0.166441
5806 0.136457
5812 1.109453
5823 0.354020
5828 1.002611
5830 0.539244
5839 1.199879
5844 0.177684
5848 1.172915
5849 0.393722
5852 0.388717
5875 0.564917
5876 0.522198
5877 0.505957
5888 1.066155
5890 0.041798
5895 0.521947
5911 0.048581
5912 0.190803
5913 1.029300
5916 0.434956
5919 0.552795
5929 0.974302
5935 0.519782
5939 0.329349
5942 0.396644
5944 0.588773
5955 0.364149
5959 0.195120
5976 0.497763
5979 0.324767
5980 0.329713
5983 0.532182
5995 0.967540
6016 0.456134
6018 0.458855
6020 0.101490
6026 0.480356
6027 0.391460
6031 0.342823
6036 0.395069
6044 0.558462
6048 0.503633
6056 0.212730
6057 1.210313
6058 0.041240
6060 0.503721
6070 0.469826
6073 0.537694
6074 0.156549
6076 0.215792
6081 0.300069
6088 0.390456
6093 0.548516
6095 0.368783
6102 1.109936
6114 0.300205
6115 0.207558
6117 0.151950
6122 0.262234
6126 1.136592
6141 0.139745
6143 0.325754
6144 0.316755
6157 0.517716
6160 0.348566
6165 0.019494
6166 1.044502
6167 0.320974
6169 0.433023
6178 0.317326
6180 0.520764
6187 0.067045
6191 0.239541
6203 0.474806
6217 0.328162
6219 0.285319
6220 0.450104
6229 0.304232
6241 1.060748
6243 0.503230
6248 0.257752
6251 0.206858
6254 0.594513
6258 0.076058
6264 0.528554
6271 0.223592
6285 0.253578
6286 0.085917
6288 0.262120
6299 0.309969
6302 0.375671
6304 0.503633
6312 1.181767
6314 1.173970
6321 0.965588
6334 0.566761
6335 1.088870
6338 0.353686
6343 1.217161
6344 0.009279
6345 0.204685
6348 0.170258
6357 0.188089
6358 1.155149
6362 0.497093
6365 0.061369
6372 0.572662
6377 0.449379
6379 1.007118
6381 0.028405
6390 1.059023
6392 0.185146
6397 1.153873
6402 0.603139
6410 0.321648
6411 0.442970
6413 0.265116
6416 0.942088
6421 0.211851
6422 0.361883
6433 0.172749
6436 0.963451
6450 0.147287
6453 1.072247
6456 1.055624
6459 0.340070
6465 0.501256
6470 1.005232
6473 0.577409
6479 0.481461
6487 0.069993
6504 0.448679
6514 0.098018
6521 0.318399
6545 0.251541
6563 0.237635
6569 0.045190
6574 0.526759
6604 0.513025
6608 1.047209
6611 0.088653
6616 0.175077
6620 0.216249
6623 0.138493
6628 1.086473
6630 0.399960
6631 0.336895
6632 1.116387
6633 0.976743
6634 0.137190
6636 0.340400
6638 0.265116
6639 0.437500
6654 0.549418
6664 0.021782
6669 0.541742
6674 0.272914
6675 0.102531
6679 0.056811
6686 0.533422
6690 1.164777
6692 0.242590
6694 0.585683
6696 0.223734
6710 0.523434
6712 0.266640
6723 0.136457
6726 0.432702
6729 0.510106
6733 1.035610
6737 0.450533
6741 0.313785
6744 0.196199
6748 1.043895
6750 0.238246
6753 0.525000
6755 0.262615
6756 0.072117
6760 0.114714
6764 0.173316
6777 1.206694
6782 0.132903
6786 0.353215
6792 0.275919
6794 0.376962
6800 0.378737
6802 0.190666
6810 0.310287
6811 0.519947
6816 0.400436
6827 0.980714
6831 0.133599
6832 1.115272
6833 0.479952
6835 0.454082
6855 1.105590
6857 0.541671
6865 0.539945
6868 0.144985
6869 0.121601
6871 0.367768
6901 0.391522
6902 0.056033
6909 0.195891
6911 0.246784
6919 0.056857
6920 0.154651
6923 0.492800
6925 0.409370
6926 1.031007
6928 0.137355
6930 0.382761
6931 0.316332
6932 0.597669
6940 0.102644
6941 0.176744
6942 0.254221
6946 0.446927
6953 0.144166
6954 1.091654
6956 1.136017
6970 0.369818
6972 0.964397
6973 0.137355
6975 1.012998
6977 0.257752
6984 1.153255
6986 0.023082
6988 0.250785
6989 0.020899
6992 0.988048
6994 0.555632
6997 1.123636
7004 0.363337
7007 1.101303
7025 0.391924
7026 0.148357
7046 0.594812
7050 0.149341
7051 0.075809
7055 0.590236
7066 0.111126
7071 0.027949
7075 0.009586
7099 0.474039
7100 0.051096
7102 0.177468
7104 0.477209
7105 0.151619
7107 0.439694
7117 0.047830
7124 0.052483
7137 0.384742
7143 0.513391
7151 0.561931
7157 1.116568
7159 0.346094
7173 0.353215
7182 0.583255
7189 0.199437
7202 0.197180
7208 0.314900
7212 0.256564
7219 0.304232
7223 1.138203
7233 0.383432
7245 0.579941
7247 0.340516
7251 0.176185
7261 0.560822
7264 0.929823
7267 0.470085
7269 0.460979
7275 0.404088
7281 0.056580
7282 0.072117
7284 0.069872
7285 0.093863
7287 0.249821
7289 0.418514
7294 0.382234
7308 0.440326
7309 1.035164
7321 0.463953
7322 0.551880
7334 0.361275
7338 1.240271
7349 0.406712
7352 0.250035
7360 0.170116
7371 0.107216
7374 0.109942
7376 0.615672
7380 0.193314
7384 0.570832
7386 0.220378
7390 0.470018
7397 1.085052
7398 0.561472
7400 0.120936
7401 0.150471
7406 0.092263
7412 0.501184
7419 0.102343
7425 0.081192
7428 1.097746
7433 0.513310
7434 1.181563
7435 0.216801
7457 0.323361
7463 1.197646
7464 1.064481
7465 0.171834
7467 0.615448
7473 0.536805
7475 0.449646
7478 0.332929
7479 0.117456
7490 0.381913
7496 0.156549
7503 0.582496
7506 0.421776
7515 0.341437
7516 0.327270
7520 0.211902
7523 0.366279
7538 0.395296
7544 0.328369
7550 0.258817
7555 0.508721
7560 0.495072
7562 0.979122
7565 0.415116
7571 0.198029
7577 0.433023
7586 0.254919
7589 0.427826
7596 0.086374
7598 0.254772
7602 0.243511
7606 0.442970
7610 0.237925
7616 0.292681
7617 0.231977
7620 0.315708
7623 0.030258
7629 1.086627
7632 0.572954
7636 0.249595
7644 0.143356
7650 1.134108
7657 0.349212
7666 0.117954
7668 1.189371
7672 0.179306
7676 0.146512
7679 1.207989
7680 0.123721
7682 0.534157
7683 0.049568
7684 0.388532
7685 0.497093
7687 0.480927
7702 0.255285
7705 0.456347
7709 0.011484
7710 0.260508
7716 0.293641
7719 0.023082
7733 0.592829
7734 0.072042
7736 0.134479
7747 0.145897
7748 1.125333
7757 0.009706
7759 0.461586
7760 0.411098
7761 0.358727
7766 0.156609
7768 0.096657
7769 0.194471
7771 0.167539
7772 0.168475
7774 0.142755
7775 0.511135
7776 1.046169
7778 0.201719
7780 0.253578
7782 0.545082
7783 0.335564
7792 0.408279
7793 0.227194
7802 0.570832
7810 0.289971
7822 0.523818
7827 0.298256
7829 0.194165
7830 0.401498
7833 0.280530
7845 1.111265
7847 1.018434
7859 0.414793
7863 0.103356
7870 0.546696
7876 0.324374
7878 1.071705
7881 0.194394
7885 1.036012
7886 0.208184
7893 0.540932
7896 0.477599
7899 0.402516
7903 0.013256
7910 0.605980
7911 0.430069
7919 1.174381
7922 0.407526
7931 1.190246
7934 0.323151
7935 0.961046
7943 0.272914
7952 0.095464
7953 1.112216
7960 0.188818
7969 0.245360
7978 0.087953
7979 1.036289
7981 0.546483
7988 0.439179
7997 0.411571
8006 0.315186
8009 0.334123
8020 0.094299
8026 0.420458
8029 0.177394
8033 0.164231
8047 0.166613
8050 0.366279
8052 1.222920
8054 1.127484
8056 0.482029
8058 1.034112
8070 0.994185
8071 1.152767
8073 0.097061
8077 0.352775
8081 0.212093
8082 1.115837
8092 0.565222
8095 1.079891
8100 0.050430
8116 0.379047
8118 0.078971
8119 0.498029
8120 0.355066
8121 0.510348
8122 0.056580
8124 0.369269
8127 0.461071
8131 0.370613
8133 1.021461
8141 1.003875
8144 0.040877
8147 1.183798
8148 0.116636
8153 0.248025
8159 0.541279
8162 0.175550
8167 0.434956
8170 0.027453
8172 0.501184
8181 0.028290
8186 0.149662
8201 0.102343
8202 0.085521
8212 1.244378
8218 1.107501
8224 0.418155
8225 0.369054
8228 0.193314
8234 0.100314
8235 0.173672
8240 0.103677
8266 0.200749
8268 0.209766
8272 1.244752
8279 0.509948
8280 1.085052
8286 0.606475
8293 0.027949
8296 0.022199
8304 0.424347
8311 1.064363
8317 0.445669
8319 1.099542
8321 1.048661
8330 1.144279
8336 0.155951
8337 0.223837
8338 0.096657
8341 0.260063
8343 0.319968
8350 1.205073
8357 0.249321
8362 0.400947
8363 0.060098
8366 0.109517
8368 0.525993
8372 0.159297
8377 1.228111
8383 0.605717
8393 0.325917
8404 0.420842
8406 0.570276
8408 0.361371
8422 0.538935
8424 0.038343
8431 0.983139
8436 0.270264
8438 0.318968
8441 0.512020
8446 1.029976
8447 0.412840
8448 0.346094
8453 1.131934
8454 0.143356
8458 0.558853
8466 0.305903
8469 0.206471
8474 0.082849
8476 0.509217
8483 0.359564
8485 0.074148
8486 0.150634
8491 0.587959
8496 0.572782
8497 0.343669
8503 0.996924
8508 0.252648
8513 0.272914
8516 0.504764
8518 0.615448
8519 0.331395
8521 0.135791
8522 0.307319
8529 0.543695
8532 0.276398
8538 0.236144
8552 0.424186
8558 0.206201
8560 0.367488
8563 0.490905
8568 0.436392
8574 0.294885
8583 0.194123
8586 0.419054
8589 1.008594
8592 0.288634
8598 0.535331
8600 0.225220
8601 0.208518
8605 0.140980
8608 1.153020
8612 0.469317
8615 1.255741
8620 0.029932
8622 1.239327
8637 0.029614
8641 0.240464
8661 1.029300
8664 0.141449
8672 0.030658
8675 1.080800
8676 0.512341
8679 0.342085
8680 0.442499
8682 0.425290
8685 0.181668
8691 0.566821
8693 1.130886
8700 0.271001
8704 0.351480
8706 0.410930
8715 1.190406
8720 1.149708
8729 0.516629
8734 0.144985
8735 0.557199
8741 0.155298
8743 0.052424
8746 0.151542
8755 0.477599
8760 0.974101
8761 0.087303
8768 0.420040
8783 1.165433
8787 0.391649
8790 0.913847
8791 0.069247
8792 0.288170
8803 0.236272
8804 1.140224
8809 0.404472
8812 0.317587
8819 0.598956
8827 0.491790
8832 0.138335
8836 0.324374
8844 1.023746
8845 0.423526
8846 1.253538
8852 0.152799
8855 0.331395
8858 0.037018
8859 0.171834
8863 1.159883
8870 1.098836
8871 0.492950
8874 0.087303
8876 0.339211
8877 1.153255
8881 0.556270
8884 0.413716
8889 0.144166
8891 0.421776
8892 0.107618
8896 0.565797
8898 0.280165
8901 0.523818
8909 0.357631
8910 0.280411
8912 0.116636
8916 1.056647
8924 1.044502
8929 0.518766
8930 0.522953
8937 0.124830
8939 0.301570
8940 0.563681
8945 0.411387
8947 0.014590
8950 0.480304
8951 0.262120
8954 0.315030
8959 0.087538
8960 0.618604
8964 0.458397
8971 0.377636
8973 0.145686
8976 1.057540
8977 0.461854
8983 1.082557
8987 0.583782
8999 0.024291
9000 0.269740
9003 0.386628
9004 0.195486
9013 0.490091
9015 0.587959
9022 0.263610
9026 0.494024
9032 0.448987
9033 0.087303
9042 0.425645
9044 0.573837
9046 0.497849
9052 0.199437
9057 0.574199
9065 0.574985
9066 0.400947
9078 0.282134
9083 0.010310
9085 1.127484
9094 0.298070
9095 0.075880
9096 1.154488
9097 0.364907
9104 0.041610
9108 1.236282
9124 0.236965
9126 0.090380
9127 0.404088
9134 0.405396
9136 0.976076
9148 0.075809
9152 0.544303
9155 1.006021
9156 1.205819
9168 0.458105
9175 1.122467
9185 0.030930
9189 0.314544
9202 0.209979
9204 0.600903
9207 0.337687
9223 1.111148
9231 0.440860
9235 0.029741
9236 0.143069
9256 1.026256
9258 1.153810
9263 0.390456
9269 0.033948
9272 0.542119
9274 0.588597
9292 0.217478
9294 0.068228
9305 1.100906
9310 0.433777
9311 0.138493
9312 1.166511
9314 0.134629
9318 0.885321
9325 1.042426
9326 0.418318
9337 0.019576
9343 1.008168
9348 0.026361
9349 0.272217
9351 0.399960
9373 0.265515
9377 0.186077
9378 0.090380
9391 0.361522
9394 0.572954
9395 0.308678
9396 0.086451
9399 0.035326
9401 0.244186
9402 0.196590
9411 0.382874
9414 0.068904
9420 0.329584
9424 0.584734
9442 0.063266
9443 0.102847
9445 0.033948
9448 0.239976
9454 0.182130
9456 0.010840
9457 0.063555
9458 0.910652
9460 0.459954
9478 0.194938
9487 0.395125
9488 0.011316
9492 0.483285
9493 0.456022
9498 0.107896
9506 0.463953
9515 0.511135
9517 0.344991
9523 0.380289
9526 0.555036
9531 0.242521
9536 1.241075
9545 0.170780
9549 0.326217
9553 0.162288
9554 0.143069
9558 0.412064
9564 0.285056
9566 0.199172
9568 1.174202
9570 0.331395
9578 0.495676
9579 0.395125
9582 1.082557
9585 0.420458
9586 1.103303
9588 0.296591
9589 0.505590
9590 0.230440
9597 0.349965
9606 0.114556
9607 0.138081
9611 1.127118
9618 0.452057
9624 1.087800
9629 0.568999
9632 1.064113
9633 0.119302
9634 0.499322
9636 0.420925
9639 1.182626
9640 0.074148
9648 0.216511
9649 0.217774
9650 0.160963
9667 1.093604
9668 0.311311
9670 0.279972
9673 0.466345
9674 0.184527
9686 0.194938
9688 0.332929
9690 0.474806
9691 0.122093
9709 1.000683
9718 0.019743
9719 0.294055
9721 0.604678
9724 0.061696
9731 0.530232
9732 0.082849
9733 0.440626
9734 1.024041
9739 0.032219
9740 0.392576
9742 0.483801
9743 0.304404
9747 0.427607
9748 0.068228
9752 1.045966
9770 0.236912
9780 0.139385
9781 0.049148
9790 0.231977
9807 0.014408
9809 0.574985
9817 0.013808
9819 0.288682
9822 0.527219
9831 0.277363
9836 0.579941
9854 0.140592
9855 0.097469
9856 0.967849
9861 0.128876
9865 0.307724
9876 0.982952
9880 0.577612
9886 0.440161
9891 0.482029
9893 1.117959
9894 1.186857
9911 0.021380
9916 0.538517
9922 1.149143
9930 0.245360
9932 0.362463
9934 0.920542
9935 0.346881
9940 0.057706
9941 0.340757
9942 0.935389
9948 0.391460
9957 0.214545
9965 0.144292
9974 0.227242
9975 0.438178
9976 0.250265
9979 0.194561
9996 0.129596
9998 0.276163
10002 0.372308
10007 0.466620
10013 0.204332
10015 0.552795
10016 1.037294
10018 0.272320
10022 0.013180
10023 1.128192
10026 0.404610
10033 0.261166
10037 0.447876
10038 0.309302
10051 0.012020
10053 0.319560
10064 1.104060
10092 0.422874
10098 0.233204
10106 0.922083
10134 0.300536
10137 0.215553
10139 0.545827
10149 0.099775
10153 0.193314
10154 0.461240
10157 0.465816
10161 0.942736
10165 1.055493
10166 0.052722
10172 1.133157
10179 0.145686
10181 0.235908
10183 0.117755
10185 1.026050
10186 0.234794
10192 1.093980
10193 0.458397
10197 1.183315
10200 0.072949
10207 0.576873
10208 0.041179
10221 1.318604
10238 0.178444
10243 0.462067
10246 0.358509
10250 0.028118
10253 0.526333
10255 0.343325
10256 0.971065
10257 0.384982
10259 0.338560
10261 0.256078
10270 0.135571
10271 0.210888
10280 0.244186
10288 0.064798
10295 0.129676
10300 1.023076
10304 1.116924
10305 1.356649
10316 0.561737
10328 0.937992
10334 1.018119
10348 0.548308
10352 0.989474
10362 0.366279
10371 0.501184
10376 0.139745
10377 0.583782
10387 0.431107
10389 0.272273
10398 1.037790
10399 1.101624
10402 0.069872
10404 1.159883
10411 0.057706
10415 0.537347
10416 0.482511
10424 0.571199
10427 0.496051
10429 0.087355
10430 0.509217
10437 1.327073
10438 0.411098
10449 0.111796
10455 0.395415
10459 0.358859
10476 0.282661
10477 1.135464
10482 0.313168
10485 0.326569
10488 0.183139
10489 0.336740
10493 0.135320
10494 0.084575
10496 0.044611
10501 1.115272
10502 0.270264
10504 0.474806
10509 0.350381
10511 1.155030
10515 0.414596
10516 0.187835
10517 0.096211
10521 0.318399
10529 1.155149
10530 0.503082
10535 0.337618
10541 0.484449
10542 0.528554
10545 0.011599
10550 0.969016
10551 0.072170
10553 0.292407
10563 0.493886
10567 0.087538
10572 1.050944
10574 0.618604
10576 0.251403
10583 0.090971
10586 0.196382
10602 0.264038
10606 0.484573
10609 0.518647
10618 0.431238
10621 0.092791
10624 1.056935
10631 0.359750
10633 0.257752
10634 0.291707
10640 1.059646
10646 0.361684
10652 1.096793
10653 0.056580
10654 0.539244
10656 0.046582
10662 0.164792
10671 1.113896
10679 0.307254
10681 0.608938
10687 0.076371
10692 0.357631
10695 0.159984
10696 0.160409
10697 0.403939
10699 1.054439
10706 0.520127
10712 0.052963
10715 0.388590
10716 0.027132
10719 1.186244
10734 0.419235
10739 1.143392
10743 0.038029
10749 0.332981
10754 0.190512
10758 0.134302
10759 0.980714
10760 0.489107
10763 0.497763
10764 0.012746
10769 0.994185
10771 1.205073
10773 1.056647
10779 0.055563
10781 0.154651
10787 0.303779
10801 0.163748
10808 0.536889
10816 1.101303
10818 0.394854
10820 0.469024
10828 0.346459
10831 1.107161
10833 0.560989
10836 1.286593
10842 0.521947
10843 1.137719
10846 0.526132
10851 0.125960
10853 0.262354
10857 0.607558
10858 0.070653
10860 0.583683
10862 0.336949
10866 1.111840
10870 0.507155
10871 0.507449
10878 1.170524
10890 1.186125
10895 0.515503
10901 0.461459
10905 0.544303
10913 0.390972
10915 0.461900
10931 0.132980
10935 0.310683
10941 0.113159
10942 0.478012
10949 1.121854
10951 0.182181
10957 0.551880
10958 0.166490
10966 0.544143
10967 0.022199
10972 0.378223
10977 0.427918
10978 0.247442
10979 1.233293
10983 0.146512
10985 0.360852
10991 1.015566
10992 0.959539
10996 0.172902
10998 0.525661
11007 0.363885
11012 0.323688
11020 0.145744
11024 0.295243
11027 0.392765
11041 0.510106
11043 0.437233
11050 0.535331
11053 0.116518
11061 0.369389
11062 0.058728
11069 1.154333
11071 0.550270
11075 0.106046
11083 0.428052
11088 0.300488
11089 0.144292
11104 0.316332
11108 1.127118
11111 0.397367
11121 1.177024
11141 0.494569
11142 0.190927
11143 0.079212
11146 0.019827
11156 0.258951
11157 0.404725
11160 0.525661
11161 1.008066
11171 0.416101
11181 0.139385
11185 0.046864
11194 0.233036
11200 0.124273
11207 0.490523
11211 0.582978
11223 0.167878
11232 1.021461
11243 1.138270
11250 1.312325
11251 0.229279
11254 0.555036
11265 1.096153
11270 0.570222
11272 1.159883
11274 0.116718
11283 0.516725
11286 0.317326
11287 0.612768
11291 0.523434
11292 0.269093
11310 1.154386
11316 0.088734
11328 0.224493
11338 0.384560
11346 0.477599
11348 0.110465
11349 0.081874
11360 0.318594
11361 0.597984
11365 0.160963
11369 0.112853
11374 0.009316
11376 0.201136
11377 0.231977
11379 0.223592
11380 0.172260
11383 0.059102
11384 0.173440
11386 0.550944
11391 0.307439
11398 0.222698
11402 1.039376
11403 0.010840
11412 0.318198
11444 0.481461
11448 0.218846
11452 0.194213
11461 0.990309
11462 1.021923
11469 1.268008
11474 0.396342
11475 0.212925
11478 0.383351
11487 0.533837
11493 0.422761
11497 1.005679
11499 0.041798
11508 0.388478
11515 0.057994
11518 0.348908
11520 1.090010
11521 0.515503
11525 0.097674
11533 0.209159
11535 0.216801
11553 0.331395
11568 0.430814
11575 0.025775
11591 0.529267
11596 0.375111
11602 1.165486
11608 0.157744
11609 0.549418
11610 0.069099
11612 0.251403
11615 0.172325
11624 0.113714
11626 0.488372
11638 1.207713
11641 1.120565
11645 0.301674
11647 1.145013
11650 0.334204
11652 0.100237
11655 0.086991
11657 0.320349
11661 0.454674
11663 0.362868
11670 0.183139
11672 1.121476
11680 0.238659
11684 1.108961
11687 0.219034
11690 0.177684
11694 0.373847
11702 1.130142
11710 0.502370
11713 0.261166
11719 0.305903
11721 0.420742
11723 0.217054
11732 0.341437
11741 0.425519
11743 0.440626
11747 1.195031
11749 0.084137
11753 0.963451
11761 0.289971
11763 0.100237
11764 0.216681
11765 0.148357
11767 1.105300
11769 0.205961
11773 0.382874
11775 0.094045
11779 0.443671
11780 0.324991
11788 0.159200
11792 0.286559
11793 0.028817
11796 0.241424
11799 0.554166
11808 0.431871
11810 0.342693
11821 1.227318
11822 0.440947
11824 0.599145
11825 0.326569
11826 0.272320
11828 0.553580
11830 0.315883
11840 0.962922
11845 1.192754
11847 1.142220
11849 0.135233
11854 0.305232
11862 0.045044
11880 0.555158
11882 0.216127
11884 0.394854
11887 0.522331
11890 0.187556
11899 1.173215
11900 0.277816
11905 0.094684
11906 0.041424
11911 0.540219
11913 0.455074
11921 0.178444
11922 0.444210
11923 0.162080
11927 0.480425
11931 0.398487
11932 0.492464
11936 0.094299
11948 0.987338
11956 0.406557
11959 0.191633
11961 0.141306
11962 1.094843
11963 0.185581
11967 1.011813
11972 1.032059
11973 0.269392
11981 1.188173
11983 0.096085
11993 0.111053
11997 0.441860
12007 0.987134
12010 1.223613
12018 0.260974
12020 0.391460
12022 0.457419
12026 0.261717
12028 0.553580
12035 0.197427
12037 0.524709
12039 0.319489
12040 0.272914
12041 0.030930
12052 0.175271
12056 1.263118
12057 0.200183
12060 0.329257
12064 0.174710
12067 0.539244
12068 0.248103
12074 0.342922
12083 0.241164
12095 0.450533
12111 0.257752
12124 0.474039
12125 0.253526
12127 0.973864
12137 0.519947
12141 0.135571
12142 0.009354
12146 1.122467
12151 0.149292
12153 0.034114
12154 0.463953
12155 1.013062
12156 0.479505
12174 0.021885
12193 0.134479
12214 0.555574
12215 0.047929
12216 0.471654
12220 0.438875
12224 0.139745
12229 0.471497
12231 0.206201
12232 0.389797
12234 0.418318
12236 1.013122
12243 0.510962
12259 0.324159
12260 0.185973
12262 0.303151
12269 0.321881
12271 0.470367
12272 0.582409
12273 1.063226
12280 0.056580
12282 0.271318
12297 0.024810
12315 0.285848
12318 0.123538
12322 1.129756
12339 0.305787
12352 0.293907
12353 0.373426
12360 0.278879
12361 0.212823
12368 0.487746
12369 1.152588
12370 0.169421
12374 0.403939
12379 1.188736
12381 1.095445
12383 0.220378
12384 0.131307
12391 0.178444
12392 0.579941
12393 0.289971
12398 0.231977
12401 0.499190
12406 0.234444
12408 0.560822
12416 0.332881
12418 0.392576
12421 0.123538
12422 1.193022
12430 0.427325
12432 0.028062
12434 1.031007
12438 0.493344
12444 0.591540
12449 0.098018
12452 0.345734
12454 0.123721
12457 0.097236
12460 0.010264
12462 0.114087
12464 0.053948
12466 0.423016
12469 0.143356
12471 0.320974
12473 1.092535
12479 0.238481
12487 0.474206
12488 0.148357
12490 0.288468
12498 0.368217
12511 0.420458
12520 0.579941
12526 0.410005
12543 0.514383
12546 1.095769
12547 0.233273
12558 0.486402
12559 0.231977
12562 0.554727
12567 0.049357
12568 0.354937
12584 0.422713
12585 0.081192
12589 0.177468
12591 0.211763
12599 0.345203
12601 0.473422
12605 0.489728
12610 0.569523
12616 0.386628
12617 1.148730
12626 1.013591
12628 0.142250
12630 0.893055
12635 0.053451
12636 0.201204
12638 0.499642
12644 0.255387
12646 0.868425
12677 0.930455
12678 0.583782
12689 1.117448
12690 0.040461
12692 0.126763
12694 0.144985
12713 1.234161
12714 0.112610
12724 1.017441
12726 0.956903
12727 0.594812
12732 0.450805
12737 0.143787
12739 0.564267
12740 0.359564
12742 0.307254
12749 1.031007
12752 0.933932
12753 0.316332
12755 0.413523
12763 0.302578
12767 1.212012
12769 0.527219
12771 0.542119
12772 0.420683
12777 0.334812
12787 0.224132
12793 0.205396
12799 1.045906
12806 0.345497
12814 0.379598
12819 0.116474
12820 1.194679
12826 1.245800
12827 0.241363
12828 1.130394
12829 0.094900
12834 0.087953
12841 1.048482
12851 0.586929
12854 0.336041
12856 0.167694
12857 0.073146
12858 1.135719
12860 0.099990
12867 0.303085
12871 0.459243
12874 0.148465
12875 0.416368
12877 0.203935
12885 1.141854
12887 0.934065
12891 0.907286
12897 0.510348
12898 0.309969
12902 0.419235
12905 1.074694
12912 0.598649
12913 1.175628
12916 0.102343
12921 0.052130
12922 0.191189
12926 0.560282
12928 0.087775
12944 1.195756
12947 1.055702
12955 0.582590
12960 0.490091
12963 1.058814
12974 0.894550
12983 0.574621
12986 1.148511
13000 1.194679
13008 0.168710
13016 0.409959
13017 0.378331
13024 0.474206
13027 1.183554
13046 0.114943
13049 0.249821
13050 0.086451
13052 0.582978
13053 0.527219
13055 0.346632
13066 0.585572
13070 0.169739
13071 0.561472
13073 0.431871
13084 0.200846
13086 0.514234
13094 0.274065
13095 0.429208
13098 0.010310
13104 0.556744
13116 0.021885
13129 0.408512
13144 0.463953
13158 0.169481
13161 0.458225
13176 0.422874
13181 0.228011
13182 0.280617
13187 0.379333
13188 0.463953
13189 0.117954
13194 0.124052
13203 0.553751
13205 0.513960
13210 1.118085
13213 0.028118
13218 1.057238
13229 0.551652
13237 0.210888
13239 0.143356
13241 0.361275
13257 1.025013
13258 0.219623
13261 0.011896
13262 0.398487
13270 0.366279
13278 0.158721
13281 0.019576
13286 0.041179
13292 0.089653
13296 0.195891
13297 0.179900
13305 0.196590
13311 0.461900
13312 0.576998
13315 0.093728
13325 0.214545
13330 0.067240
13332 0.444210
13344 0.890790
13353 0.588110
13356 0.529267
13357 1.183798
13362 0.143195
13368 0.401747
13375 0.218846
13379 0.377636
13386 0.430995
13393 0.522198
13394 1.011180
13395 0.293521
13420 0.109884
13424 0.384624
13430 1.095118
13432 1.070661
13438 0.124052
13440 0.579941
13441 0.154651
13443 0.346973
13454 0.037618
13455 0.122811
13457 0.224132
13461 0.364361
13464 0.168370
13467 0.323688
13470 0.219978
13471 0.524178
13479 0.397674
13490 0.342922
13493 0.488372
13496 0.535331
13508 0.476162
13511 0.450307
13512 1.219534
13513 0.948995
13515 1.116523
13516 0.428425
13521 0.228371
13526 0.593428
13534 0.089653
13542 0.431584
13546 0.019331
13547 1.131593
13549 0.084355
13553 0.542283
13555 0.190340
13558 0.304616
13561 1.053472
13563 0.037116
13565 0.231977
13569 0.407193
13570 0.937375
13572 0.248205
13574 0.594226
13584 0.093539
13588 1.226682
13611 0.463953
13614 0.279771
13623 1.159883
13624 0.236082
13626 0.152616
13629 1.153475
13631 0.028997
13632 0.872783
13635 0.567909
13637 1.041527
13641 0.151760
13656 0.422874
13657 0.386628
13659 0.400797
13660 0.341488
13662 0.505731
13663 0.470519
13664 0.469476
13668 0.382761
13673 0.416045
13675 0.107896
13676 0.502616
13684 0.406976
13687 1.080800
13691 1.262831
13693 0.531343
13694 0.600138
13695 0.209078
13697 0.314544
13700 0.441321
13702 0.565797
13703 1.209830
13712 0.096657
13714 0.579941
13717 1.141325
13719 0.028817
13725 0.585465
13727 0.988537
13729 0.079600
13735 0.386628
13740 0.143702
13755 0.383081
13756 0.349909
13762 0.148976
13763 0.516839
13770 0.136457
13773 0.485815
13775 0.318198
13778 0.403438
13779 0.540051
13782 0.267198
13792 0.093863
13801 0.106767
13804 0.543488
13812 0.369316
13813 0.064082
13818 0.371163
13822 0.409370
13831 0.030658
13844 0.279771
13846 1.133876
13848 0.583414
13856 0.267665
13858 0.230620
13862 0.204685
13864 0.296930
13876 0.152473
13878 0.595338
13884 0.163200
13887 0.326021
13898 1.057540
13902 1.119539
13909 0.078446
13916 0.292492
13930 0.051322
13949 0.043225
13954 0.043496
13955 0.587959
13956 0.337687
13962 0.994185
13964 0.321552
13967 0.492464
13971 0.132903
13972 0.161095
13973 0.369054
13976 1.137140
13982 0.193314
13989 0.404610
13992 0.141306
13998 0.386628
14010 0.238946
14015 0.356887
14017 0.342017
14018 0.515503
14021 0.457848
14034 0.318649
14035 0.437915
14040 0.558057
14043 0.298866
14044 0.518120
14046 0.236481
14049 0.322750
14058 0.599273
14060 0.144985
14061 0.515503
14063 0.129676
14072 0.050430
14075 0.579941
14076 0.246784
14089 0.023198
14091 1.053472
14092 0.273468
14095 1.028850
14098 0.095333
14100 0.483285
14103 1.024312
14106 0.417558
14116 0.519351
14118 1.016096
14119 0.076596
14125 0.579941
14129 0.226644
14142 0.466698
14149 1.069933
14155 0.994185
14159 0.374156
14164 0.509481
14165 0.085917
14171 0.319968
14172 0.388652
14182 0.063730
14192 0.995652
14197 0.384624
14201 0.010790
14202 0.331395
14208 0.245178
14209 0.342922
14210 0.399215
14216 0.268062
14220 0.475600
14228 0.012607
14235 0.579941
14239 0.416611
14250 0.553057
14251 0.136457
14255 0.072872
14259 0.047536
14262 0.245622
14267 0.518895
14273 1.199879
14275 0.040344
14281 0.559123
14288 0.296591
14296 0.284053
14300 1.197705
14302 0.077326
14304 0.046628
14311 0.197104
14317 0.579941
14319 0.253578
14321 0.227428
14322 1.051627
14327 0.163896
14328 0.374809
14331 0.253308
14334 1.130142
14336 0.399960
14339 0.181434
14343 0.152952
14344 0.376962
14347 0.159484
14349 0.508978
14351 1.220929
14365 0.587959
14367 0.609891
14372 0.051550
14380 0.368561
14382 0.153862
14386 0.175550
14387 1.137361
14393 0.171834
14395 0.577612
14398 0.302578
14403 0.134629
14407 0.892218
14408 0.267298
14425 0.336740
14433 0.153862
14435 0.541279
14439 0.568296
14442 0.411571
14443 0.303151
14446 0.553057
14447 1.159883
14448 0.512655
14449 0.079535
14466 0.229113
14470 1.075013
14471 0.536080
14474 0.095464
14479 0.113917
14485 0.236082
14492 0.193314
14494 0.448488
14499 0.415116
14506 0.112412
14508 1.111554
14512 0.463953
14517 0.419532
14518 0.260974
14522 0.226319
14527 0.239976
14532 1.172355
14535 0.485042
14557 0.448987
14569 1.092448
14578 0.480927
14588 0.025079
14603 0.366279
14608 0.256328
14613 0.158378
14615 1.086737
14619 0.144341
14620 0.243628
14630 0.429586
14631 0.391286
14638 0.192246
14640 1.253088
14649 1.049066
14662 0.375398
14667 1.066433
14668 0.466408
14669 0.206471
14671 0.199788
14678 0.331395
14680 0.146292
14681 1.112951
14685 0.090971
14687 0.135013
14695 0.284500
14713 0.205549
14715 0.458225
14727 1.200941
14728 1.171367
14734 0.224493
14743 0.161844
14744 0.076371
14746 0.119988
14747 0.381734
14756 0.469588
14757 0.191040
14761 0.933682
14763 1.050656
14765 0.165698
14787 0.162080
14792 0.158721
14804 0.298682
14805 1.014897
14808 1.113488
14812 0.521604
14814 1.085270
14816 0.444441
14818 0.954016
14823 0.106323
14827 0.951699
14829 0.489599
14830 0.514425
14836 0.363885
14840 0.115988
14841 1.023807
14844 0.435835
14845 1.131866
14846 0.318649
14860 1.103578
14875 1.146551
14880 0.500982
14888 0.219978
14889 0.342823
14897 0.154651
14898 1.203770
14909 0.107216
14911 0.341142
14926 1.226799
14929 0.601421
14933 0.401940
14945 0.187727
14960 0.493567
14962 0.967540
14973 0.561234
14978 1.238157
14981 0.306577
14989 1.007993
14991 0.224947
14992 1.164904
15001 0.505957
15007 0.039485
15008 1.033953
15010 0.339147
15012 0.407999
15014 0.072042
15019 0.308323
15026 0.466475
15032 1.125431
15037 0.560822
15038 1.044573
15040 0.042565
15042 1.067377
15044 1.010591
15048 1.096617
15049 0.507112
15053 0.089222
15057 0.599939
15059 0.355873
15062 0.028757
15067 1.048830
15073 1.154169
15074 0.230972
15075 0.248546
15077 0.300710
15081 1.213652
15086 1.248304
15097 0.607041
15098 1.121645
15104 0.236711
15111 0.328712
15114 0.615448
15115 0.388788
15123 0.257752
15137 0.247615
15141 0.135791
15142 0.185581
15143 0.514464
15144 0.303151
15151 1.133157
15152 0.275472
15154 0.429208
15159 0.329512
15160 1.193854
15163 0.350794
15164 0.485763
15167 0.119240
15173 1.131593
15190 0.146652
15202 1.118458
15211 0.441860
15213 0.147621
15216 0.386628
15217 0.186077
15227 0.458711
15238 0.401747
15240 0.077326
15248 0.280305
15251 0.219623
15253 0.143702
15256 0.038238
15257 1.087390
15261 0.459470
15262 0.485532
15268 0.057278
15271 0.211902
15273 0.183139
15275 0.405959
15279 1.266621
15282 0.233142
15284 0.534328
15286 0.533053
15293 0.389122
15305 0.417778
15306 0.340757
15308 0.478682
15309 0.082359
15310 0.474498
15311 1.105300
15315 0.512506
15316 1.121540
15320 0.219767
15321 0.384624
15329 0.315186
15331 0.254221
15332 0.081600
15338 0.074431
15347 1.081056
15363 0.141763
15369 0.138908
15374 1.009098
15377 1.112402
15382 0.151289
15385 0.986442
15388 0.298070
15390 0.245803
15391 0.579941
15399 0.258858
15400 0.094204
15402 0.459954
15409 0.196590
15410 0.021282
15417 1.180055
15420 0.577317
15426 0.307319
15431 0.208051
15439 0.272914
15442 0.318198
15444 0.582409
15446 0.366279
15449 0.583110
15455 0.010840
15460 0.139986
15463 0.079992
15470 0.436839
15472 0.437442
15474 0.126074
15481 0.326217
15485 1.096407
15486 0.425645
15487 0.583782
15489 0.252148
15492 0.454134
15511 1.195756
15518 0.097236
15521 0.482429
15523 0.073811
15531 0.413292
15535 0.996310
15537 0.236409
15538 0.528391
15545 0.502958
15551 0.072872
15562 0.277484
15570 0.367613
15574 0.350794
15576 0.198401
15577 0.059481
15583 1.022528
15585 0.413716
15590 0.178444
15593 0.236272
15595 0.395789
15598 0.133833
15601 0.421776
15604 0.406287
15605 0.153081
15607 0.963400
15610 0.193314
15612 0.042695
15624 1.122119
15627 0.061046
15634 0.222443
15640 0.559123
15646 0.068228
15657 0.071377
15659 1.064222
15666 0.958401
15669 0.583110
15670 0.188481
15673 0.029364
15681 1.206815
15688 1.061169
15689 1.159883
15694 0.270174
15697 0.299636
15700 1.241895
15702 0.386628
15713 0.156038
15718 0.228371
15725 0.042695
15727 1.244509
15732 0.453867
15735 0.297406
15736 0.586607
15740 0.154651
15743 0.434339
15750 0.187727
15756 0.473110
15760 0.375453
15762 1.105795
15768 1.222579
15771 0.587959
15773 1.191806
15775 0.300890
15776 0.572538
15780 1.109453
15781 0.526759
15786 0.576807
15787 0.268958
15789 0.299325
15792 0.412719
15794 0.492072
15795 1.240805
15805 0.383351
15806 0.530794
15813 0.059788
15814 0.471817
15817 1.098836
15823 0.458558
15826 0.984438
15830 0.186154
15831 0.583683
15837 1.028674
15839 0.314029
15842 0.289971
15858 0.315030
15862 1.241027
15864 0.459360
15875 0.296714
15878 1.073509
15879 0.515503
15882 1.045528
15886 1.230896
15891 0.500982
15895 0.392576
15899 0.554409
15908 0.334939
15917 0.066596
15924 0.427607
15928 0.058237
15937 0.345930
15938 1.192648
15944 0.147107
15951 0.115347
15952 0.407526
15959 0.009392
15962 0.590884
15965 0.357989
15975 0.278372
15982 0.362868
15992 0.576151
16000 0.345203
16005 0.174857
16007 0.537628
16009 0.587043
16018 0.144985
16020 1.050242
16027 0.527219
16028 1.031007
16031 0.229113
16043 0.436776
16044 0.260063
16045 0.357775
16046 1.014310
16051 0.157450
16059 0.014870
16062 0.545827
16063 0.402408
16068 0.952985
16081 0.321198
16083 0.149662
16084 0.300327
16085 0.498109
16087 0.466871
16089 0.506840
16100 0.443267
16101 1.275871
16108 0.291794
16124 0.057994
16129 0.474039
16138 0.568789
16140 0.572662
16145 0.572898
16162 0.364261
16172 0.542924
16173 0.184352
16175 0.328162
16178 1.012998
16180 0.181942
16181 0.038449
16182 0.618604
16189 1.178294
16209 0.355279
16222 0.526573
16224 0.189111
16227 0.252410
16239 0.194394
16241 0.272217
16242 0.038449
16246 0.257752
16255 0.010086
16257 0.501571
16258 0.318399
16263 0.978479
16265 0.236912
16287 0.217478
16291 0.021479
16294 0.065654
16316 0.037116
16324 0.975123
16329 0.042435
16338 0.479952
16339 0.482726
16342 0.353342
16344 0.411231
16349 1.098296
16353 0.550812
16377 0.488372
16381 0.177724
16388 0.385023
16397 0.103309
16398 0.037567
16402 0.375453
16403 0.407373
16405 1.025013
16410 0.389029
16411 0.456500
16413 0.082481
16418 0.457262
16423 1.022270
16426 0.265700
16441 0.945090
16457 0.396644
16460 0.365539
16469 0.099561
16479 1.120895
16480 0.356147
16482 0.597305
16487 0.577167
16490 0.383510
16492 0.349554
16499 1.088421
16500 0.400314
16501 1.055493
16508 0.228990
16512 0.247012
16514 0.078827
16515 0.607558
16517 0.388377
16522 1.174202
16527 0.177468
16530 0.104259
16535 0.591540
16539 0.112909
16549 0.174606
16551 1.013062
16556 0.119302
16558 0.131307
16574 0.043769
16575 0.078304
16577 0.286713
16584 1.073611
16601 0.570434
16609 0.092791
16614 0.476664
16619 0.361798
16620 0.470519
16624 0.110465
16626 0.269468
16630 0.103870
16644 0.022093
16649 0.300205
16662 0.492072
16663 0.516779
16669 0.577112
16671 0.237249
16676 1.027160
16693 0.487848
16695 1.152495
16704 0.073410
16705 1.081688
16708 1.189932
16709 0.533751
16713 0.388717
16725 0.454082
16727 1.065838
16732 0.308593
16733 0.278770
16735 0.158721
16737 0.453409
16740 0.419393
16762 0.184760
16763 0.426079
16764 1.068440
16766 1.061331
16768 0.143195
16771 0.412403
16773 0.240390
16775 1.127276
16776 0.555158
16781 0.057706
16782 0.218666
16792 0.020805
16793 0.394209
16797 0.532769
16804 0.571696
16810 0.529069
16811 0.026818
16813 0.042761
16819 0.219566
16835 0.426335
16837 1.159883
16843 0.274709
16844 0.592549
16850 0.579941
16851 1.138794
16853 0.179900
16858 0.030523
16865 0.083847
16867 0.131060
16872 0.583043
16877 0.428111
16883 0.438875
16887 0.235749
16893 0.226319
16894 0.217478
16913 1.233633
16914 0.972805
16916 1.088032
16918 1.019677
16922 0.152473
16924 0.521415
16925 0.146652
16926 1.050717
16941 0.562715
16942 1.175348
16943 0.358727
16947 0.275226
16950 1.159883
16951 0.131060
16957 0.510348
16958 0.034114
16964 0.961612
16973 0.556744
16975 1.087087
16987 0.040937
17007 0.166613
17017 0.226644
17019 0.492800
17023 1.043429
17028 0.981439
17029 1.120565
17031 1.086329
17032 1.090979
17034 0.511346
17041 1.226373
17048 0.532919
17061 0.087953
17065 1.070661
17070 0.275406
17071 0.090380
17083 1.153100
17090 0.340757
17092 0.421776
17093 1.078739
17103 0.344651
17110 0.301123
17113 0.521947
17114 1.147674
17122 0.349421
17130 0.547722
17135 1.029896
17142 0.350332
17145 1.035610
17152 0.281753
17159 0.510348
17169 1.272130
17176 1.147411
17179 0.299325
17181 0.448137
17190 0.087775
17192 0.100237
17194 0.075178
17197 0.381734
17198 1.128250
17201 1.136839
17208 0.296415
17211 1.076036
17212 0.376815
17217 0.531849
17218 1.118458
17221 1.044397
17230 0.935193
17231 0.406976
17233 0.244864
17235 0.251541
17236 0.479200
17237 0.140592
17238 0.151619
17241 0.456134
17244 0.357907
17247 1.174565
17252 0.410494
17261 1.170332
17268 0.219883
17275 0.456022
17276 0.492464
17277 0.371163
17281 1.051627
17284 0.354409
17288 0.111527
17292 0.382642
17300 0.367052
17306 0.052013
17307 0.444210
17315 0.454134
17316 0.048531
17328 0.542283
17331 0.245262
17333 0.174606
17341 1.136017
17343 1.213831
17347 0.340070
17358 0.114428
17365 1.191806
17372 0.384418
17377 0.360212
17384 1.129089
17385 0.156254
17387 1.199201
17394 0.087355
17397 0.307184
17398 0.440755
17402 0.463953
17405 1.108459
17409 0.038663
17410 0.276163
17414 1.193666
17422 0.495484
17431 0.056580
17454 0.180761
17460 0.217478
17461 0.024548
17465 1.159883
17468 0.558853
17478 0.336546
17482 0.466227
17484 0.507053
17487 0.075178
17488 0.603516
17491 0.374545
17496 1.196900
17497 0.081754
17507 1.141275
17514 0.134091
17515 0.448023
17516 0.193314
17520 0.501827
17522 0.315708
17524 0.233204
17529 0.241256
17531 0.419393
17534 0.508978
17535 0.180637
17536 1.266294
17537 0.036822
17541 1.113488
17546 0.079600
17549 0.595338
17551 0.353215
17555 1.052745
17561 1.217877
17563 0.306209
17577 0.039767
17580 1.250263
17581 0.405396
17582 0.137033
17583 0.967485
17586 0.386628
17587 0.021089
17594 0.506131
17602 0.266203
17608 0.206712
17611 0.065742
17619 0.292583
17622 0.303899
17623 0.337060
17626 0.460881
17631 0.086836
17634 0.344419
17635 0.478012
17637 0.998788
17639 0.176054
17642 1.029300
17643 0.291372
17647 0.022413
17651 1.073509
17654 0.310896
17656 1.093083
17660 0.075527
17670 0.179982
17679 0.039767
17694 0.450760
17698 0.966569
17712 0.258902
17716 0.079212
17717 0.246784
17718 0.359400
17739 0.205961
17744 0.470223
17745 0.432499
17750 0.514175
17751 0.420683
17753 0.977309
17754 0.479505
17759 0.021885
17760 0.183744
17764 1.290370
17768 0.101744
17769 1.211123
17775 0.176185
17776 1.053299
17784 1.009898
17788 1.097032
17790 0.148070
17796 0.311610
17798 0.022743
17799 1.070661
17801 0.122631
17815 0.598649
17819 0.116518
17823 0.365240
17828 0.445605
17835 0.503721
17837 1.035610
17838 0.340819
17839 1.186857
17841 1.033094
17845 0.223734
17849 0.584734
17854 0.555036
17855 0.536227
17862 0.427070
17867 0.348991
17869 0.572538
17875 0.080388
17877 0.534328
17883 0.324527
17891 0.042435
17914 0.121601
17917 0.370024
17918 1.089092
17920 0.442864
17923 0.190867
17925 0.971330
17934 0.434242
17940 0.501571
17941 0.448987
17944 0.600410
17962 0.259814
17967 0.095072
17969 0.364149
17971 0.085129
17977 0.156549
17993 0.056580
17995 0.216127
17997 0.013487
18001 1.127959
18006 0.148703
18013 1.201951
18015 0.586607
18021 1.122467
18023 1.035376
18026 0.241424
18029 0.532599
18033 0.217879
18034 0.053948
18035 0.010086
18037 0.549169
18042 0.345497
18047 0.510156
18063 0.358419
18082 1.125037
18086 0.194165
18088 1.159883
18100 0.100859
18101 0.490260
18107 0.013646
18113 0.583683
18119 0.596511
18121 0.204332
18137 0.301438
18140 0.528691
18145 1.003494
18149 1.216462
18150 0.511135
18152 1.116568
18157 0.401498
18159 1.039376
18168 1.006291
18173 0.256328
18182 0.213535
18186 0.562783
18195 1.252673
18205 0.400366
18221 0.048128
18226 1.103026
18229 0.425290
18241 1.282233
18248 1.154280
18249 0.074431
18256 0.218196
18257 0.182769
18264 0.534157
18265 1.174565
18286 1.274826
18293 0.042565
18314 0.295656
18318 0.432702
18320 0.541279
18323 1.166436
18332 0.428772
18336 0.427607
18337 0.252410
18346 0.272914
18352 0.376453
18366 0.216511
18368 0.042959
18370 0.527219
18382 0.019659
18384 0.130487
18389 0.105881
18390 0.089222
18393 0.180293
18407 0.434956
18416 0.424532
18422 0.041923
18431 0.172325
18436 0.342085
18440 0.534555
18441 0.230972
18446 0.023671
18451 0.538517
18458 0.444722
18470 0.421776
18479 0.512020
18482 1.261627
18484 0.450533
18486 0.942405
18491 0.276669
18493 0.277205
18509 1.233694
18514 0.234913
18515 1.098836
18516 0.219034
18523 0.596511
18524 0.460979
18529 1.134777
18531 0.427325
18541 1.123255
18543 0.052013
18544 0.361371
18545 0.995608
18554 0.321413
18557 0.529512
18567 0.530585
18570 0.102644
18571 0.498874
18572 0.417558
18576 0.410792
18583 1.059315
18597 0.284358
18601 0.445208
18602 0.562367
18617 0.223464
18624 0.326217
18626 1.112402
18632 0.177640
18637 1.110735
18639 0.112247
18641 0.570112
18649 0.364535
18650 0.417846
18664 0.376962
18677 0.278372
18679 0.586177
18687 0.439427
18690 0.062696
18694 1.190951
18696 0.145897
18700 0.148556
18704 0.011261
18709 0.436195
18710 1.296763
18714 0.226319
18715 0.246545
18720 0.589449
18728 0.241015
18733 0.409370
18742 0.614507
18750 0.376453
18756 1.121035
18760 0.308638
18767 1.021658
18777 1.111046
18779 0.372653
18787 0.071013
18790 1.110315
18803 1.016748
18806 1.129886
18821 0.135842
18823 0.114556
18830 0.315308
18831 0.440161
18834 0.212730
18837 0.451066
18842 0.587674
18844 0.039824
18849 0.404088
18874 1.090397
18881 0.417846
18882 0.337687
18883 0.418318
18884 0.521017
18885 0.171411
18887 0.115507
18889 0.948995
18890 0.545082
18891 0.372308
18894 0.325063
18897 1.008168
18899 0.424043
18902 0.558980
18913 0.113467
18914 0.285510
18918 0.516586
18919 0.190340
18925 0.230972
18928 0.136457
18929 0.109423
18942 0.223054
18945 0.568999
18949 0.497960
18951 0.566821
18956 0.309302
18958 0.093623
18962 0.963451
18964 0.157067
18966 0.137129
18968 0.196961
18971 0.261909
18975 0.537764
18976 0.131307
18979 0.482429
18981 0.558853
18999 1.063697
19004 0.316332
19012 0.172902
19013 0.615448
19015 0.556744
19020 0.133833
19045 0.346632
19049 0.554114
19053 1.244120
19070 0.607558
19076 0.105444
19077 0.159016
19091 0.577452
19092 0.490720
19096 0.375052
19099 0.205786
19100 0.193314
19105 0.378488
19119 1.104650
19124 0.430005
19138 0.212266
19142 0.242173
19144 0.461240
19145 1.143848
19148 0.231977
19150 0.376453
19153 1.217877
19158 0.399215
19160 0.364802
19176 0.518006
19178 0.306162
19182 0.337979
19186 0.033298
19190 0.202305
19215 0.371163
19218 1.002139
19225 0.047585
19229 0.452354
19231 1.228111
19232 0.458558
19233 0.381540
19239 0.282898
19240 0.113714
19241 1.185948
19273 1.133876
19279 0.162134
19304 0.493567
19318 0.550944
19321 1.227318
19322 0.994185
19339 0.582368
19341 0.031923
19343 0.286713
19344 1.109453
19345 0.407999
19346 0.401310
19352 1.050944
19357 0.376962
19359 0.352369
19379 0.142755
19383 0.056580
19389 0.396058
19396 0.390697
19397 0.129907
19398 1.188405
19403 0.256513
19415 0.459120
19425 1.119887
19426 0.405959
19427 0.103677
19428 0.459360
19429 0.376815
19433 0.255285
19436 0.524131
19444 0.034282
19446 1.101889
19462 0.460038
19465 0.179169
19466 0.406557
19475 1.110874
19479 0.190145
19496 0.023551
19501 1.002368
19505 0.927906
19509 0.293304
19512 1.085848
19518 1.002512
19523 0.546434
19524 0.448264
19531 1.279871
19536 0.031068
19537 0.335388
19538 1.193666
19542 0.579941
19547 0.238246
19549 1.073163
19563 0.994185
19565 0.253420
19566 0.128327
19568 0.927906
19577 0.476961
19578 0.377939
19584 0.094204
19585 0.176356
19586 0.042178
19596 0.574418
19599 0.148357
19600 0.199172
19611 0.350381
19614 1.044502
19619 1.143546
19622 0.602537
19637 1.057108
19642 0.225125
19653 0.163573
19661 0.461390
19687 0.543695
19690 0.423803
19694 1.099415
19695 0.906904
19703 0.117456
19704 0.511295
19706 0.438492
19707 0.332881
19708 0.504890
19733 1.031007
19737 0.200846
19741 0.458043
19748 0.585799
19751 0.086317
19752 0.360636
19754 1.077767
19757 0.106411
19759 0.506969
19763 0.410005
19765 1.120786
19767 0.259353
19768 1.049999
19771 0.493284
19791 0.589771
19794 0.978479
19795 0.271772
19812 0.455479
19819 0.408769
19820 0.128282
19829 0.083595
19852 1.052134
19857 1.186857
19863 0.576339
19866 0.429957
19871 0.171346
19874 1.175144
19877 0.496051
19879 0.576151
19882 0.234011
19898 0.594812
19900 0.244944
19901 0.276163
19903 0.372308
19904 1.092223
19905 0.082849
19910 0.360212
19913 0.195824
19919 0.078304
19961 0.042435
19964 0.411387
19982 0.301758
19985 0.254772
19989 0.999284
19991 1.139999
19992 1.090751
20003 0.922780
20006 0.320410
20012 0.029932
20015 0.021185
20024 0.507809
20027 0.102192
20029 0.413292
20034 0.510962
20039 1.063226
20050 1.090979
20056 0.456500
20062 0.454856
20067 1.153810
20068 1.068498
20072 0.011207
20081 0.388652
20084 0.272361
20086 1.044939
20089 0.351768
20093 0.452057
20094 1.121645
20099 1.051483
20104 0.370383
20106 0.334939
20110 0.582542
20116 0.160909
20117 0.107216
20120 1.118669
20124 0.140920
20128 1.074754
20133 0.123594
20135 0.324268
20136 0.191040
20138 0.498546
20144 1.058534
20149 0.025215
20151 0.417846
20152 0.440462
20155 0.134091
20161 0.572782
20165 0.572410
20167 0.349362
20172 0.285319
20182 0.059788
20189 1.121645
20199 0.576873
20206 0.406287
20210 1.043895
20212 1.117374
20214 1.129756
20222 0.297043
20233 0.272914
20236 1.207033
20238 0.035873
20241 0.972805
20244 0.295937
20249 1.015755
20250 0.510570
20260 1.137361
20261 0.941552
20267 0.063555
20269 0.487346
20276 0.052013
20281 0.101490
20284 0.547360
20291 0.139745
20294 0.011099
20300 0.551728
20311 1.145324
20312 1.190246
20318 1.050460
20321 1.299965
20328 0.117160
20330 0.012339
20331 0.019331
20333 0.597515
20337 1.174381
20338 1.060464
20339 0.043225
20345 0.213418
20348 0.095333
20353 0.188689
20356 0.552325
20357 0.439535
20359 1.114524
20363 0.454287
20372 0.378737
20377 1.090917
20379 0.218098
20382 0.616037
20383 0.184352
20386 0.514464
20388 1.007993
20393 0.029489
20397 0.110465
20406 0.055563
20409 0.146204
20411 0.224493
20413 0.200474
20416 0.352369
20429 0.544546
20434 0.103677
20440 0.256695
20445 0.031348
20449 0.495013
20456 0.416045
20457 0.117456
20459 0.312276
20463 0.492800
20465 0.244799
20476 0.438611
20477 0.181942
20480 0.129907
20484 0.072949
20499 0.034971
20504 0.576737
20507 0.058728
20511 0.218331
20529 0.143356
20537 0.603612
20541 0.461805
20543 0.342261
20548 0.457419
20555 0.470519
20557 0.527219
20558 0.533655
20569 0.346881
20578 0.087127
20582 1.124304
20591 1.043429
20595 0.231977
20598 0.487594
20610 1.065474
20618 0.574717
20621 0.515503
20632 1.078617
20637 0.416916
20639 0.558232
20640 0.467695
20641 0.023198
20643 1.131866
20645 0.542697
20653 1.116924
20662 0.010544
20672 0.532599
20678 0.532599
20682 0.475133
20688 0.121601
20695 0.259060
20698 0.296591
20704 1.076493
20724 1.014897
20730 1.019515
20736 0.534456
20741 0.446586
20746 0.114556
20748 1.153873
20765 0.453409
20766 0.414793
20770 0.560989
20775 0.302053
20777 0.257752
20778 0.534456
20781 0.322479
20783 0.461900
20784 0.101490
20804 0.444506
20813 0.444210
20816 0.557346
20824 0.459677
20827 0.226644
20833 0.479952
20835 0.297669
20839 0.105444
20841 1.154488
20845 1.209030
20847 0.568999
20849 0.097106
20853 0.098414
20858 0.298122
20870 0.087303
20872 0.264038
20875 1.053560
20883 1.118825
20884 0.037416
20887 0.047536
20888 0.942037
20890 0.030793
20891 0.540051
20896 0.146512
20904 0.269740
20905 1.175918
20910 0.065346
20914 0.231977
20920 0.196590
20922 0.171411
20927 0.272071
20928 0.316908
20931 0.892218
20937 1.090010
20938 0.122811
20942 0.372653
20947 0.937279
20949 0.293521
20954 0.307439
20966 1.017274
20971 0.401498
20973 1.134993
20975 1.180972
20985 1.056234
20987 0.202979
20991 0.026065
20992 0.100859
21000 1.127484
21001 0.334812
21008 0.571199
21011 0.497901
21016 0.493344
21020 0.218666
21021 1.237208
21027 0.466871
21028 0.381913
21029 0.485180
21034 1.014029
21038 0.518895
21050 1.094721
21052 0.171834
21053 0.285999
21057 0.285999
21059 0.430005
21063 0.071158
21065 0.323151
21080 0.030725
21086 0.178444
21087 0.220930
21088 0.010497
21090 0.469024
21099 0.217879
21100 1.217615
21108 1.265327
21111 0.206858
21115 0.354614
21116 1.209240
21122 0.084137
21124 0.325201
21137 0.221388
21138 0.479614
21139 0.451636
21140 0.501069
21144 0.500530
21146 1.068498
21148 1.039171
21150 0.489107
21160 1.034112
21168 0.955198
21180 0.537628
21182 1.169796
21184 0.300205
21189 0.318139
21196 0.044611
21198 0.187246
21207 0.439179
21210 0.558980
21215 0.483878
21218 1.057382
21222 0.479614
21225 1.059023
21226 0.144985
21228 0.553339
21229 0.111349
21239 0.122093
21241 0.554166
21246 1.017856
21273 0.230620
21275 0.246232
21277 0.354788
21285 0.416368
21287 0.135132
21288 0.985521
21291 0.393922
21296 0.353342
21297 0.238246
21305 0.170258
21322 0.961854
21327 0.065902
21334 0.402907
21338 0.169739
21340 0.446482
21343 1.247975
21346 0.151950
21348 0.248902
21351 0.011427
21360 1.064222
21370 0.545827
21372 0.215792
21378 0.365539
21380 0.537628
21393 0.153862
21402 0.270402
21406 1.196357
21407 1.272557
21413 0.058286
21425 0.209527
21426 1.069846
21435 0.202979
21443 0.495072
21460 0.434956
21462 0.299970
21471 0.396541
21472 0.453288
21478 0.430279
21481 0.091570
21484 0.921402
21485 0.359011
21487 1.159883
21488 0.468414
21489 0.614507
21492 0.373801
21496 0.359127
21497 0.012539
21498 1.226543
21499 0.599001
21509 0.318399
21511 0.505424
21517 0.230059
21522 0.353264
21524 0.251109
21531 1.172222
21535 0.029364
21542 0.398243
21548 0.388331
21549 0.334289
21560 0.604678
21562 0.100859
21565 0.024039
21570 0.283227
21571 0.497093
21572 0.507053
21574 0.233436
21581 0.489032
21590 0.105444
21605 0.510156
21612 0.540051
21621 0.272914
21622 0.264813
21625 0.527672
21627 0.586046
21629 0.077326
21634 0.087775
21636 0.436776
21637 0.497849
21640 0.577574
21643 0.544016
21649 0.075645
21651 0.173982
21652 0.127245
21653 0.272914
21686 0.474806
21694 0.999107
21697 1.199489
21700 1.159883
21703 0.099241
21704 0.250429
21706 0.265515
21709 1.068171
21716 0.131805
21722 0.395789
21729 1.174321
21730 0.535331
21731 1.187720
21740 0.345267
21745 0.204385
21754 1.085270
21755 0.203278
21759 1.091654
21774 0.039824
21779 0.164792
21780 0.058580
21782 0.138335
21798 0.306636
21812 1.061331
21813 0.046395
21820 0.330009
21821 0.128228
21829 0.175906
21831 0.206201
21836 0.280305
21839 0.022968
21843 1.150604
21857 1.074694
21863 1.098836
21864 0.487257
21888 0.417558
21892 0.482890
21893 1.204685
21897 0.122680
21906 0.482029
21908 0.013256
21917 0.568106
21919 0.460979
21924 0.517901
21925 1.098187
21934 0.559473
21935 0.384340
21940 0.038343
21941 0.426951
21962 0.394135
21967 0.200343
21968 0.070296
21974 0.308593
21975 0.107539
21986 0.448137
21989 0.455281
21994 0.199715
21995 0.221634
21996 0.463953
21997 0.208656
22003 0.344830
22004 1.095769
22005 0.363885
22009 1.153020
22012 1.074177
22016 1.093223
22017 0.422814
22021 0.202305
22022 0.018784
22025 0.984552
22028 0.056237
22030 1.128192
22062 1.126425
22064 0.185581
22070 0.541279
22077 0.241164
22078 0.507449
22079 1.231628
22082 0.098947
22084 0.413424
22085 0.494737
22092 0.231977
22105 0.420842
22106 1.187720
22113 0.549708
22114 0.452907
22118 1.095168
22120 0.183648
22138 0.085390
22140 0.292681
22146 0.358859
22148 0.374156
22150 0.356147
22151 0.549708
22155 0.071221
22160 0.526710
22163 0.291226
22164 1.116924
22165 0.037416
22166 0.118686
22170 0.162791
22171 0.279344
22172 1.159883
22175 1.040553
22178 0.542283
22179 1.148284
22180 0.572954
22181 0.156549
22188 0.117954
22192 0.262907
22194 0.217478
22195 0.366279
22199 0.127304
22201 0.161267
22209 0.013487
22210 0.391460
22211 0.094961
22213 1.273800
22218 0.112247
22221 1.149708
22239 0.401498
22242 0.551334
22250 0.027949
22270 0.381734
22278 0.091170
22279 0.596511
22280 0.228709
22285 0.348566
22289 0.257752
22292 0.276163
22293 1.220293
22302 0.148556
22307 0.314135
22311 1.139885
22314 0.552325
22315 0.104259
22322 0.180637
22339 0.549418
22347 0.451066
22348 1.153178
22354 1.159883
22358 0.066825
22359 0.615448
22363 0.493567
22371 0.187456
22372 0.064953
22374 0.562715
22381 0.199788
22392 0.132558
22402 0.443485
22407 0.431818
22408 0.507053
22409 0.198539
22426 0.079212
22430 0.116571
22433 0.476961
22437 0.485532
22445 0.424600
22447 0.493886
22455 1.221519
22460 0.263066
22462 0.162791
22468 0.499019
22474 1.045796
22486 0.430814
22487 1.079891
22500 0.025353
22506 0.478302
22507 1.185889
22509 0.161095
22528 0.538090
22540 0.999899
22544 0.110994
22551 0.481461
22552 0.028118
22559 0.113714
22568 1.148047
22573 0.532182
22578 0.190340
22585 0.889073
22586 0.247285
22588 1.175487
22594 0.278879
22599 0.010042
22600 0.196590
22601 0.477272
22612 1.184561
22623 0.370383
22635 0.151542
22644 0.186648
22646 0.466173
22651 0.367052
22653 1.018962
22667 0.186514
22669 1.192710
22675 0.278372
22677 0.028290
22691 0.233273
22698 0.164024
22699 0.315030
22703 1.222120
22715 0.414244
22716 0.430155
22720 0.020085
22723 0.167291
22724 0.437233
22733 0.357775
22746 0.316796
22757 0.985900
22761 0.452281
22762 0.010690
22764 0.204332
22769 0.240850
22771 0.334381
22773 0.525814
22775 0.490720
22781 0.038879
22785 0.384795
22788 0.514234
22797 0.373740
22800 0.150355
22801 1.035432
22802 0.446663
22827 0.432499
22828 0.127245
22829 1.159883
22849 0.179169
22855 0.263380
22858 0.053328
22860 0.110465
22865 0.593428
22880 1.021280
22881 0.154651
22886 0.549418
22889 0.488372
22901 0.565071
22902 0.381024
22904 1.174442
22907 0.037874
22909 0.109165
22916 0.272273
22920 0.106046
22929 0.234011
22930 0.275919
22941 0.277579
22942 0.362463
22943 0.085917
22958 1.179881
22961 1.192282
22968 0.359011
22973 0.081754
22977 0.240336
22983 1.277552
22987 0.048078
22993 0.070296
22995 0.317233
22998 0.139616
23003 0.122589
23014 0.563559
23016 0.253526
23028 0.024164
23031 1.159883
23036 0.412719
23045 0.079992
23054 0.346094
23059 0.558980
23064 1.122163
23065 0.071745
23080 0.461459
23084 0.452402
23086 1.124010
23087 1.086473
23088 0.592281
23091 0.953922
23115 1.003875
23119 0.589554
23127 1.129756
23130 0.544641
23132 0.106520
23134 0.528077
23137 1.061059
23143 0.415480
23156 0.433023
23161 0.146393
23168 0.075236
23173 0.349362
23177 0.316332
23178 1.098836
23188 0.159016
23193 0.417558
23221 0.183884
23225 1.109011
23232 1.170427
23255 0.274258
23260 0.074831
23265 1.112402
23282 0.521947
23286 0.119730
23287 0.429586
23296 0.268753
23304 0.032070
23306 0.396293
23309 1.009639
23312 0.156609
23315 0.186077
23316 0.498641
23318 0.258902
23320 0.475849
23322 0.180899
23323 1.113071
23326 0.013487
23327 0.520764
23333 1.063226
23343 0.361522
23344 0.526710
23352 0.438297
23364 0.497849
23374 0.525993
23375 0.069993
23378 0.075747
23388 0.478919
23393 0.405959
23397 0.488372
23403 0.448573
23420 1.071705
23422 0.068565
23423 0.142755
23425 1.159883
23427 0.546434
23435 0.548762
23439 1.070661
23441 0.217121
23456 0.479418
23465 1.135719
23467 0.044186
23468 0.261382
23471 0.091419
23493 0.103729
23494 0.509839
23508 0.228709
23527 0.084869
23532 0.472818
23537 0.231014
23548 0.234444
23550 0.543236
23562 1.036491
23569 0.108256
23571 1.185948
23576 1.232376
23580 0.237681
23584 1.129519
23587 0.463953
23589 0.551105
23595 0.223293
23603 0.209159
23612 0.107539
23614 0.367488
23616 0.991266
23619 0.145744
23622 0.471601
23623 1.159883
23624 0.301570
23637 0.573119
23641 0.490720
23644 0.515503
23659 0.391286
23662 0.259814
23666 0.311901
23678 0.252410
23681 0.494151
23687 1.152937
23688 0.457848
23693 0.139885
23695 0.321648
23704 0.120681
23709 0.259060
23712 0.275226
23713 0.155951
23714 0.460038
23716 0.194471
23719 0.478302
23720 0.207353
23722 0.132558
23723 0.403438
23733 1.056153
23736 0.508139
23739 0.477599
23746 0.964655
23752 1.023128
23757 0.256611
23758 1.173857
23759 0.136457
23766 0.041672
23776 0.150634
23784 0.377636
23793 0.170258
23800 1.115462
23807 0.123871
23815 0.116518
23817 0.386628
23828 1.028766
23830 0.277363
23831 0.058359
23835 0.475133
23836 0.047732
23854 0.046395
23857 0.466475
23864 0.333561
23869 0.013256
23871 1.208211
23874 0.100859
23875 0.582915
23879 0.094299
23880 0.257752
23882 0.224875
23884 0.439535
23892 1.148399
23899 0.021680
23904 0.294999
23911 0.583589
23916 0.221987
23919 0.519628
23927 0.483285
23930 0.384894
23950 0.399000
23955 0.481228
23964 0.525814
23967 0.148296
23985 0.454287
23989 1.039895
23990 0.272914
23993 0.054200
23995 1.033350
23996 0.345930
23997 0.491790
24000 0.331395
24002 0.061451
24010 0.171043
24015 0.047536
24023 0.563921
24027 0.111919
24030 1.024152
24032 0.434242
24046 0.165698
24058 0.377939
24065 0.325810
24082 0.144985
24087 0.589998
24089 0.503633
24095 0.422941
24106 1.178692
24112 0.406557
24116 0.133192
24118 0.553057
24120 0.093918
24123 1.290837
24124 0.371163
24130 1.129360
24132 0.408595
24135 0.271141
24149 0.249595
24154 0.108527
24161 0.124052
24164 0.351480
24167 0.331395
24170 0.314135
24195 0.288468
24199 0.218196
24206 0.545827
24209 0.056580
24210 0.121512
24212 0.538342
24213 0.896273
24217 0.577167
24219 0.457419
24226 0.137355
24237 1.116387
24239 0.234011
24242 1.274378
24247 0.065654
24250 0.467852
24253 0.139385
24254 1.211818
24263 0.225533
24265 0.132558
24269 0.525814
24270 0.213959
24280 1.069593
24283 0.474498
24285 0.353342
24294 1.201307
24299 0.595787
24311 0.066279
24314 0.144234
24316 0.337060
24332 0.228174
24333 0.927906
24341 0.289971
24347 0.270026
24350 0.132558
24355 0.451414
24359 0.304047
24364 0.497901
24367 0.152799
24370 0.338560
24385 0.279972
24396 0.221987
24401 0.531031
24403 0.515503
24409 0.078446
24413 0.320410
24418 0.446109
24425 0.356887
24434 0.349212
24438 0.040227
24442 0.510348
24449 0.115030
24450 0.141449
24461 0.258858
24462 0.134091
24465 1.143546
24469 0.234444
24470 0.289971
24476 0.989767
24482 0.119730
24489 1.200277
24490 0.076898
24492 0.494211
24497 1.188405
24504 0.227641
24510 0.463953
24516 0.378737
24519 0.213312
24528 0.223592
24532 0.370782
24533 1.080283
24542 0.506499
24548 0.441860
24549 0.259003
24555 0.282536
24563 0.590486
24566 0.333466
24567 0.437442
24571 0.288806
24573 0.994185
24577 0.135233
24578 0.463953
24579 1.241757
24587 1.015520
24589 0.461900
24602 1.095840
24605 0.425088
24607 0.434956
24609 0.446109
24613 0.484125
24621 0.473422
24624 1.181563
24626 0.447184
24628 1.188405
24638 0.221432
24651 0.440326
24660 0.396644
24662 1.029692
24663 0.009316
24667 0.331395
24668 0.217054
24669 0.346459
24676 0.312664
24681 0.529823
24683 0.370175
24684 0.102480
24696 1.071567
24702 0.041923
24704 0.564599
24711 0.076898
24721 1.053227
24723 0.583414
24727 1.230015
24734 0.231977
24742 0.312076
24748 0.595203
24754 1.002611
24755 0.049568
24762 0.349909
24764 0.209766
24771 0.574083
24777 1.018434
24781 0.972092
24782 0.119240
24785 0.074831
24789 1.187720
24796 0.243673
24801 1.057813
24806 0.612324
24814 0.249661
24818 1.172915
24838 0.914430
24839 0.416101
24862 0.096657
24865 1.132267
24870 0.412403
24875 0.222698
24879 0.046088
24883 0.280530
24889 0.500342
24894 0.167694
24896 0.408199
24897 0.264429
24907 0.101300
24916 0.218453
24919 0.597365
24924 0.366279
24927 1.130142
24928 0.149662
24932 1.113488
24937 0.317587
24956 0.958466
24957 0.230762
24966 0.070910
24968 0.041610
24980 1.293203
24983 0.026664
24985 1.088421
24992 0.051322
24996 0.056351
24998 0.259060
24999 0.511873
25013 0.469953
25016 0.281841
25038 0.230059
25058 0.482890
25059 0.209766
25069 0.084355
25070 0.291428
25075 1.202841
25077 1.147137
25088 1.145908
25122 1.005232
25123 0.579941
25133 0.300536
25134 0.327386
25136 0.413109
25142 0.469476
25149 0.471654
25153 1.117448
25161 0.440626
25163 1.043429
25181 0.163508
25188 0.087953
25193 1.200820
25194 0.392073
25196 0.123090
25206 0.324991
25207 0.226028
25209 1.040254
25212 1.143994
25213 0.105979
25216 1.149338
25217 0.991513
25219 1.045043
25220 0.303634
25230 1.132656
25243 0.452972
25245 0.166781
25248 0.104967
25253 0.457568
25255 0.301268
25257 0.367768
25263 0.163573
25286 0.381024
25290 0.593750
25299 0.139186
25305 0.109884
25307 0.544546
25308 0.413716
25324 1.233139
25327 0.088092
25331 0.027837
25332 1.115516
25334 0.150355
25337 0.448573
25346 1.117959
25349 0.134696
25351 1.090010
25354 0.459360
25363 0.348723
25364 0.521296
25367 0.439535
25374 0.122093
25381 1.055702
25387 1.220929
25393 0.048078
25403 0.039654
25409 0.346881
25414 0.414644
25416 1.113896
25418 0.120681
25419 0.552898
25422 0.403438
25425 0.201719
25433 0.312664
25438 0.074148
25442 0.242521
25447 0.118962
25449 0.376962
25451 0.469166
25453 0.971065
25468 1.203243
25471 0.276528
25474 0.468524
25498 1.118825
25507 0.321413
25522 0.521670
25523 0.401498
25531 0.504819
25532 0.265397
25538 0.190340
25544 0.312507
25548 0.062026
25553 0.551789
25556 0.941037
25557 0.321552
25562 0.398487
25567 0.043360
25582 0.491379
25589 0.272914
25595 1.092867
25601 0.167878
25604 0.420617
25606 0.268062
25608 0.200749
25609 0.096657
25625 0.339966
25630 0.212645
25632 0.319489
25667 0.088372
25671 0.085917
25675 0.364802
25676 0.048940
25681 0.516976
25692 1.177195
25705 0.077326
25706 0.163896
25720 1.043429
25722 0.125085
25723 0.156609
25727 0.406557
25735 1.040760
25739 0.314544
25741 0.495676
25742 0.293641
25744 0.156892
25749 1.196957
25751 0.105444
25752 1.174381
25754 0.410202
25764 0.445605
25774 1.216462
25777 0.329771
25778 0.315030
25786 0.473232
25792 0.907328
25799 1.147275
25807 0.479614
25810 0.461854
25815 0.589449
25819 0.368783
25839 0.010544
25841 1.144621
25845 0.604545
25852 1.070661
25855 1.088870
25856 0.184352
25864 0.366279
25869 0.104764
25870 0.212925
25875 0.144985
25877 0.541279
25879 0.312458
25885 0.508978
25889 0.288170
25917 0.217879
25919 0.532919
25920 0.894935
25940 1.003932
25946 0.570434
25953 1.069846
25956 0.551334
25960 1.067503
25967 0.062696
25969 0.079212
25970 0.101968
25972 0.030725
25974 0.226582
25976 0.563235
25978 0.086374
25979 0.184280
25985 0.593428
25988 0.567909
25995 0.323990
25997 0.440626
25998 0.375828
26002 0.985387
26005 0.469646
26012 0.417558
26013 0.061046
26014 0.057137
26016 1.298625
26019 0.303521
26020 0.252865
26021 0.286205
26027 1.191231
26041 1.244458
26042 1.125086
26050 0.206471
26055 0.209078
26067 0.399099
26082 0.476961
26087 0.934350
26091 0.422761
26113 0.056811
26128 0.172210
26130 0.238481
26139 0.543695
26144 0.063847
26152 0.426749
26153 0.393657
26165 0.056580
26166 0.420886
26168 1.024465
26169 0.298866
26173 0.357775
26177 0.112473
26180 0.381473
26186 0.429090
26187 0.477272
26188 0.544722
26195 0.484727
26198 1.106816
26204 0.368704
26206 1.094229
26208 1.272557
26225 0.135791
26235 0.319489
26242 0.230440
26246 0.265515
26247 0.305232
26254 0.274065
26256 0.500069
26258 0.535331
26259 1.240126
26261 0.978063
26262 0.020529
26264 0.399960
26268 0.096657
26269 0.159200
26274 1.154634
26275 0.850581
26277 0.093863
26280 0.536080
26285 0.458225
26288 1.089587
26294 0.406712
26320 1.288759
26322 1.145201
26324 0.436662
26327 1.069670
26330 0.124273
26331 0.309302
26336 0.480425
26338 0.071158
26345 1.259301
26354 0.160352
26367 0.216511
26374 0.029364
26392 0.516629
26396 0.169150
26398 0.129429
26402 0.277889
26407 0.252410
26409 0.441371
26412 1.088605
26414 0.049357
26422 0.401081
26423 0.569523
26425 0.119730
26429 0.333036
26431 0.309969
26433 0.212022
26435 0.570276
26436 0.417364
26437 0.339211
26441 0.101411
26445 0.512506
26458 0.105444
26469 0.151495
26473 0.321817
26474 1.170332
26475 0.428652
26476 0.378112
26489 0.083345
26494 0.618604
26509 1.095445
26511 0.157890
26514 0.034971
26519 0.235339
26520 0.160909
26523 1.077034
26524 1.060797
26527 0.135132
26530 0.892218
26531 0.092263
26532 0.404725
26533 0.172634
26534 0.227041
26553 0.244186
26560 0.098947
26563 0.165698
26564 1.118825
26568 0.129676
26571 0.538186
26572 1.112541
26575 0.244701
26578 0.065965
26583 0.262907
26585 1.159883
26586 0.143491
26587 0.558637
26590 0.230536
26595 1.038852
26613 0.362158
26615 0.484347
26618 0.250035
26619 0.236965
26620 0.528858
26627 0.267665
26629 0.397674
26631 0.043564
26642 0.059481
26644 0.192371
26646 1.128192
26649 0.318968
26654 0.034796
26655 1.108168
26657 0.013808
26666 0.448023
26672 0.219883
26675 0.131307
26678 0.273761
26685 0.241939
26688 0.494151
26692 0.406287
26693 1.080575
26702 0.079212
26707 0.098018
26711 0.265397
26715 0.208779
26730 0.457848
26734 0.210888
26735 0.056927
26741 0.121454
26751 1.071378
26762 0.322616
26763 0.102847
26774 0.021380
26781 0.163748
26782 1.080938
26784 1.086737
26786 1.322919
26802 0.515503
26808 1.247311
26813 0.266773
26816 0.452057
26826 0.230762
26828 0.180761
26830 0.210888
26836 0.366279
26840 0.113467
26844 0.567859
26845 0.045710
26852 0.032219
26854 0.496322
26865 0.167406
26868 0.986181
26870 1.171144
26872 0.162531
26877 0.511538
26885 0.493886
26886 1.138535
26904 0.331395
26913 0.259003
26915 0.296930
26929 0.015162
26930 0.441321
26934 0.575149
26938 0.511295
26950 1.113488
26957 0.208988
26961 0.486864
26962 0.395069
26964 1.037294
26969 1.093083
26971 0.388287
26979 0.148070
26991 1.054439
26998 1.141854
27008 0.530794
27011 0.367488
27014 0.207558
27018 0.025215
27025 0.434294
27029 0.568419
27034 0.500342
27035 0.230059
27040 0.430995
27041 0.052130
27049 0.316332
27053 0.391460
27056 0.583333
27066 0.245178
27078 0.172902
27082 0.482890
27086 0.186901
27093 0.366279
27094 0.104092
27127 0.157515
27131 1.173970
27134 1.238077
27140 0.492800
27147 1.201951
27148 0.106046
27152 0.466475
27162 0.068632
27169 0.183139
27170 1.122119
27173 1.017633
27178 1.020697
27187 0.106046
27189 1.149618
27190 0.131690
27196 0.156549
27198 0.369520
27200 1.046974
27207 0.331395
27214 0.576807
27218 0.013808
27220 0.219767
27225 1.083407
27231 0.349362
27233 0.533279
27235 0.010544
27242 1.170239
27245 1.130142
27247 0.226028
27248 1.129360
27254 0.431871
27256 0.397077
27258 0.417558
27269 0.561234
27273 0.510901
27276 1.016181
27284 0.221551
27292 0.019827
27294 1.093980
27297 0.190927
27302 0.126952
27309 0.254221
27312 0.360852
27314 0.501184
27317 0.418155
27320 0.104092
27322 0.244799
27324 1.205073
27326 0.097236
27330 0.463953
27335 0.183139
27336 0.480927
27338 0.120195
27341 1.020697
27345 0.118355
27346 0.478919
27351 1.183749
27352 0.885729
27359 0.044327
27366 0.534555
27368 0.361684
27370 0.379333
27371 0.074351
27382 1.159883
27385 0.518120
27386 0.329512
27396 0.264277
27398 0.548077
27399 0.515503
27403 0.032219
27407 0.476492
27408 0.533279
27409 0.388287
27414 0.500133
27423 0.367768
27431 0.465855
27433 0.576665
27434 0.916682
27435 1.127056
27438 0.550201
27441 1.087737
27443 0.579941
27445 0.145592
27446 1.031007
27449 0.169052
27451 0.215553
27452 0.495586
27454 1.145013
27456 0.048328
27462 1.076180
27464 0.560610
27465 0.395725
27471 0.356887
27479 0.494737
27488 0.173982
27494 0.430069
27497 0.218846
27505 1.078961
27512 0.417312
27515 0.072818
27532 1.120341
27533 0.143702
27534 0.113411
27535 1.037072
27536 0.616037
27540 0.130487
27553 0.041672
27556 0.237635
27566 1.058139
27578 0.241363
27585 0.482794
27593 1.007441
27595 1.061402
27603 0.586314
27606 0.111053
27610 0.974576
27619 0.087538
27622 1.123255
27633 0.321648
27644 0.511538
27646 0.108125
27653 0.431818
27663 0.593182
27664 0.510774
27675 1.098296
27676 1.153020
27689 0.057754
27691 0.501256
27692 0.101968
27698 0.341437
27711 0.592829
27719 0.402093
27724 1.220929
27729 0.045486
27739 0.175271
27742 0.206420
27744 0.285319
27750 1.018119
27755 0.351157
27763 0.318649
27769 0.386628
27777 1.077569
27782 0.030390
27794 0.572209
27798 0.415625
27803 0.324767
27805 0.362463
27807 0.042178
27816 0.238799
27825 0.427666
27826 0.586764
27829 0.233273
27836 0.193314
27840 0.123090
27850 0.479200
27860 0.205289
27861 0.463953
27863 0.319121
27873 1.033953
27877 0.512790
27882 1.098836
27885 1.014223
27886 0.140920
27891 0.090527
27893 0.920342
27907 0.262234
27912 0.197648
27920 0.060727
27925 0.303634
27927 0.228548
27928 0.487848
27929 0.093205
27933 0.291891
27938 1.032670
27945 0.171130
27947 0.384340
27950 0.103101
27958 0.014499
27959 1.276426
27964 0.204385
27971 0.226319
27982 0.280736
27994 0.493284
27995 1.112648
28004 0.207740
28009 0.096657
28011 1.087390
28029 0.473110
28030 0.569397
28036 0.553751
28057 0.497849
28071 0.487801
28073 0.274709
28079 1.130519
28091 0.126952
28095 0.423803
28097 1.202447
28099 0.996924
28100 0.347965
28101 1.062061
28102 0.063037
28109 0.034114
28116 0.998260
28127 0.329349
28130 0.121512
28137 0.483878
28138 0.049995
28143 0.475480
28146 0.192083
28152 0.032070
28157 0.492403
28164 0.130487
28166 1.226433
28167 0.940169
28171 0.053948
28178 1.083287
28199 0.068632
28209 0.047830
28211 0.566454
28238 0.410676
28248 0.069993
28265 0.533172
28266 0.282898
28267 0.253578
28277 0.474263
28280 0.606475
28281 0.556744
28289 0.066825
28299 0.479418
28300 0.011153
28308 0.154651
28312 0.213663
28319 0.559943
28322 0.423701
28328 0.389029
28343 0.342693
28351 0.213168
28357 1.178491
28358 0.489492
28361 0.206201
28378 0.957364
28390 0.055233
28398 0.592829
28405 0.561234
28411 0.552325
28419 0.609891
28423 1.084566
28428 0.410202
28451 0.187078
28452 0.073146
28466 0.502616
28467 0.494569
28469 0.405260
28489 0.333226
28495 0.436839
28498 0.091170
28499 0.994185
28509 0.509217
28510 0.539945
28530 1.126425
28534 0.502217
28536 0.210888
28539 1.135618
28547 0.057278
28549 1.231628
28550 1.098247
28551 1.074418
28557 0.325201
28559 0.531849
28561 0.591313
28570 0.121031
28571 1.174946
28586 1.032296
28605 0.227041
28606 0.122093
28617 0.108739
28621 0.433023
28622 0.176504
28623 0.109942
28645 0.019827
28650 1.181767
28654 1.225537
28655 0.040877
28658 0.497804
28660 0.021479
28662 1.079639
28663 0.012082
28668 0.265116
28678 0.542635
28681 1.036767
28691 0.160409
28693 0.090971
28695 0.033620
28698 0.463953
28707 0.270026
28712 0.497093
28722 0.179595
28723 0.470085
28724 0.019998
28743 0.249437
28750 0.395069
28759 0.305530
28768 1.070661
28772 0.206471
28777 1.097186
28778 0.960608
28781 0.549418
28790 0.386628
28800 0.295243
28801 1.109453
28820 0.175077
28821 0.537694
28823 0.955883
28826 0.988048
28832 0.507809
28837 0.452354
28839 0.196590
28841 0.260857
28847 0.564267
28859 0.275864
28863 0.338842
28868 1.159883
28870 0.163200
28879 0.331395
28882 1.083575
28885 1.189247
28895 1.057717
28896 1.178897
28897 0.573425
28898 1.131934
28910 0.327015
28918 1.120565
28919 0.295442
28921 0.376962
28922 0.159016
28928 1.159883
28929 1.265327
28938 0.304469
28943 0.076308
28950 0.179595
28953 1.050656
28954 0.514337
28956 0.384685
28959 1.223925
28960 1.185889
28966 0.351768
28968 0.337979
28970 0.407193
28972 0.033620
28973 1.141472
28975 0.391924
28977 0.560927
28981 0.492464
28982 1.329163
28984 0.309302
28991 0.227954
28998 0.459243
29007 1.175487
29014 0.456347
29016 0.469317
29017 0.265960
29018 0.070725
29024 0.128876
29026 0.264535
29033 0.419235
29035 0.618604
29040 0.466024
29066 0.073477
29068 0.560989
29069 0.384624
29071 0.223054
29073 0.311311
29076 0.176632
29077 0.595203
29078 0.163896
29084 0.327496
29087 0.537628
29096 0.452281
29104 0.386628
29107 0.375052
29109 1.159883
29120 1.027160
29124 0.038343
29133 1.179214
29134 0.328551
29135 0.377880
29136 0.155515
29137 0.331395
29150 0.184352
29151 0.249975
29156 0.405396
29162 0.510348
29164 0.480356
29165 0.185146
29166 0.044397
29173 0.988422
29175 0.285319
29179 1.055791
29187 0.249437
29200 0.392966
29203 0.355873
29213 1.106816
29215 0.269516
29216 1.023128
29222 0.327793
29226 0.494569
29233 0.306162
29234 0.314900
29242 0.389721
29254 0.027949
29257 0.252865
29264 0.062696
29275 1.069502
29283 0.497093
29287 1.242385
29291 1.181165
29294 0.263325
29296 0.487801
29301 1.095445
29303 0.188357
29304 1.131593
29310 0.195120
29311 1.206278
29317 0.062696
29323 0.346459
29325 0.186410
29331 0.518766
29335 0.009626
29342 0.511135
29346 0.300710
29347 0.286138
29351 0.344520
29352 0.237925
29361 0.434108
29363 0.116474
29369 1.159883
29376 0.572898
29379 0.227428
29383 0.276398
29385 0.557918
29389 0.496135
29399 0.155391
29404 0.181055
29410 0.994185
29418 0.288332
29424 0.268114
29425 0.435757
29430 0.135233
29444 0.251920
29450 0.446109
29451 0.515503
29453 0.112412
29456 0.518705
29465 1.068011
29466 0.463953
29470 0.311796
29471 0.323361
29479 1.304868
29480 0.107397
29487 0.955829
29502 0.342017
29508 1.206278
29509 1.184148
29513 0.466121
29514 0.061451
29519 0.160409
29522 0.381182
29531 0.026818
29533 1.039171
29536 0.501827
29542 1.109453
29550 0.161267
29554 0.297043
29555 0.550812
29558 0.021089
29577 0.070653
29582 0.181668
29594 0.103561
29597 0.562956
29599 0.088842
29601 1.246874
29616 0.274381
29618 0.156389
29643 0.151760
29649 0.563681
29651 0.247442
29658 0.484125
29667 0.274709
29671 0.047585
29672 0.560989
29674 0.536983
29677 0.881782
29680 0.371163
29681 1.077767
29682 0.518120
29692 1.197705
29693 0.264813
29701 0.537917
29702 0.332836
29705 0.053636
29713 0.176185
29723 0.310068
29725 1.006931
29733 0.175331
29735 0.206619
29737 0.137355
29738 0.236711
29739 0.231977
29740 0.415116
29748 0.286981
29753 0.448358
29754 0.287651
29755 0.437915
29756 0.509724
29761 0.322616
29768 0.105444
29773 0.443781
29774 0.369818
29779 0.577364
29784 0.236144
29791 0.149341
29793 0.124830
29805 0.202305
29808 0.434181
29810 0.473232
29830 0.114087
29832 0.528554
29842 0.011207
29844 0.185581
29848 1.058814
29854 0.108176
29857 0.150785
29863 0.229788
29867 0.487023
29872 0.306162
29875 1.064983
29886 0.306209
29891 1.164948
29892 0.310201
29899 0.019576
29900 0.419117
29903 0.073811
29904 0.339478
29913 0.171834
29914 0.382761
29921 0.239460
29925 0.054455
29931 0.094961
29934 0.176843
29936 1.088285
29940 0.482890
29942 0.345804
29943 0.172902
29947 0.430995
29950 1.275871
29953 0.563681
29956 1.372117
29964 1.135413
29966 0.315780
29975 0.508852
29976 0.030127
29981 0.095520
29988 0.371163
29998 0.199652
