6009
18576 2158
7435 2370
23722 2567
26091 3859
19182 4927
8006 6160
20383 6375
12214 7009
15044 9248
736 9315
7859 10157
24135 11241
5273 12906
25248 12926
20987 14508
20377 17059
8855 20122
2278 20364
15727 20537
25122 21216
4748 21787
18962 22312
4850 23646
2493 24557
17626 25219
9718 25918
16027 29590
23527 29944
24928 32642
9411 35787
14017 35896
15008 36360
8620 36743
13714 39078
5955 40455
22003 45898
3465 46407
18173 48390
26204 49589
17918 49677
5976 53458
1309 55172
1103 58225
23 59347
27341 60671
17491 62382
25387 64929
25188 66567
5643 68036
10271 69465
14728 70480
10455 70853
14302 72353
21605 73011
22828 74048
23193 76542
29331 77643
9624 83317
27891 87010
2182 91039
11821 91379
19791 92866
27414 93415
15937 93594
5888 96521
17130 96861
21625 97935
17496 99747
8377 100877
29643 105466
3157 106619
11596 107244
29774 107653
21402 111317
72 112782
17231 116091
7464 121060
5135 121732
28267 125051
22170 125803
2508 127229
11793 128621
17551 132627
16492 136353
20783 146579
26877 147167
13182 147903
12361 150227
415 150809
4588 151183
23420 153172
14756 154767
19661 162833
8983 163043
14304 163729
9456 164924
6932 166332
19462 167599
5548 168077
1050 170550
29713 171213
3086 176159
10387 177525
3264 186896
23869 187089
22941 189489
27465 191910
10053 194513
23087 195530
6923 196150
13158 196549
10300 200883
27127 202195
20222 202467
6800 205292
18001 206251
1562 206463
20062 206881
27566 210284
15305 210940
17541 211102
8186 213719
23127 216108
18029 216806
21522 218932
53 220550
22551 221055
13631 221613
12814 222777
13876 223346
21649 223426
14816 225867
15391 228561
12398 237966
27320 238099
3553 238905
29966 239042
12584 241894
24118 242854
29151 243369
9691 243494
8522 244774
28466 246318
24476 249973
4764 251346
149 252773
1111 253424
3863 254389
8431 254938
26532 255759
15740 255793
17276 259853
21755 259898
17971 260735
6102 261703
5468 264586
3370 265105
18034 270287
28693 271090
24170 273695
22078 276624
319 277048
20116 277827
25979 278568
11156 278682
19241 279048
18831 279579
10026 280895
9108 281430
15151 285410
10477 285709
13727 287932
23312 288502
25245 288730
15268 288735
8441 290181
27433 291942
9325 292032
4982 292403
15073 294721
12828 297043
29233 297396
14365 298094
23911 298836
3558 300921
1570 302876
3715 304354
29385 304420
13053 308432
14201 308641
24199 310117
7893 311366
25595 311700
20748 312971
25870 313116
21168 313783
20896 314110
10712 314288
8641 316835
3772 316836
573 316958
13297 318946
16490 321710
29342 322947
16704 323211
15604 326626
16530 328740
16975 330705
1539 330907
25077 334729
20345 336061
22958 337020
18491 337615
18249 338156
21021 343114
22359 343213
29738 344532
10621 345391
29304 345837
12416 347128
16239 347899
3944 349409
12229 350572
11487 352543
12913 353042
3563 355692
26531 356965
4719 358134
12678 363155
26020 364455
5424 364606
5234 366901
8393 367696
20149 368139
17110 368284
288 369219
4253 369404
22677 370079
15792 371277
10687 371566
4512 376834
10137 378345
5614 379542
20348 380029
674 380035
22070 385732
19585 386122
18493 387393
16353 388425
18787 390578
24662 390969
14631 392334
9204 392763
26269 394353
28405 394399
5659 396526
29509 401277
20356 401407
27443 401906
27505 402198
25720 403431
10535 403913
14251 405510
25956 406184
15320 406272
3559 407037
28623 408738
21968 411008
29040 411277
21296 412045
11121 412197
10098 412257
16515 412444
28921 414522
15598 415722
10818 415855
9634 416155
5745 419051
11963 419806
13818 422161
12601 423109
14897 424008
1663 424915
6977 425912
8341 428469
2463 429598
24124 431291
15137 433796
16671 434708
26644 435209
23875 435281
11764 435855
26367 436186
18756 437833
8973 438063
28655 438189
7294 438254
25069 439348
21892 441564
9517 442963
27958 443937
25972 445543
12732 446782
29976 447965
18332 448885
2196 451503
27907 453893
25161 454474
21798 454773
18649 455207
24253 456568
11515 456639
1363 457186
4703 457899
6871 459020
16601 462422
1868 463631
29162 464438
15286 464856
17580 465689
15795 468335
5296 469318
3906 469902
17307 470168
31 470770
1874 470926
10485 473583
6997 476064
8693 480578
26002 482613
7632 483758
4172 485066
19015 485841
3663 486124
27256 487036
19706 487741
8521 488342
5731 488662
11403 489454
278 490534
9709 490619
28750 493739
9414 493776
723 494568
6777 496519
4889 496927
22716 497113
19757 499172
27462 506996
711 509764
11292 511105
15735 513296
8503 513473
16740 513662
15167 518148
16913 518924
12947 519416
6348 521289
23828 521691
20905 524747
7202 526109
14129 526469
17635 526956
27938 526996
27794 527189
15670 528673
9670 532938
28423 535483
4374 543471
9618 547353
19819 549923
8637 551052
12498 557170
23304 557378
23884 558471
6421 560262
15042 560786
29135 560917
25946 562156
17019 562750
1983 562808
3061 564342
8279 564575
20582 564615
8870 565933
1730 568878
1870 569822
24578 571928
12763 577863
27041 578926
23014 582344
27225 582586
6379 583474
26734 584522
6901 585575
13558 590506
5270 592860
2137 593035
27359 594968
11927 600944
23678 602939
29830 603424
22165 604301
4274 605517
1720 607209
20784 607220
23465 608852
12787 610895
17233 611435
20537 611684
23624 612310
18999 612760
20099 613555
21160 613730
4741 614087
18382 614308
19339 614672
29303 615960
15537 617566
1209 619669
1553 619792
3259 621342
25877 621614
20128 623130
18393 624296
9189 624317
20393 626879
22009 629004
13454 629096
27345 629729
27198 630245
10618 631457
13213 632533
5942 635196
4289 636430
13461 636537
20267 636846
13864 637806
8020 640326
10706 641925
1926 642229
24742 643111
21380 648953
22559 650256
71 653762
5305 654135
23576 655986
17422 657352
18509 658557
24613 658720
4674 662034
4437 662142
29187 662488
7565 663828
14403 664732
29842 666179
4566 666234
24032 667863
2914 669345
16844 673828
1962 673837
16265 673941
29513 674724
578 675308
12638 676260
29480 676501
1190 678089
5487 683727
1372 683838
22021 684791
14619 685415
17142 688777
8513 691382
108 692459
2365 692627
19240 694125
11171 695123
14757 695303
22213 697142
8095 699557
29680 701617
15928 702150
29026 704250
5286 705366
1191 705831
17454 708912
19578 710641
22242 713459
2633 714433
11412 722392
15275 722447
3574 723111
5085 723987
25425 724168
28882 724985
25393 727042
18942 727485
8058 728001
26139 728287
17594 729142
11461 729825
11906 733342
23659 733608
16914 733735
15805 736070
9104 738888
15038 739799
22880 740205
24968 740848
10787 744651
23864 745744
28530 746360
14844 747254
29754 748176
22568 749227
21549 750903
15114 751178
19190 755149
46 755703
26396 756155
14805 756859
3956 758057
27371 759574
5689 762043
13989 765043
4397 768119
12488 768211
14343 770288
21831 772225
17236 772449
25786 773420
19622 774557
27777 777617
22105 778173
10424 778513
23375 779001
7644 779456
13662 781298
11663 781779
3825 783998
13084 786578
15439 788005
24638 788324
15590 790148
13027 791907
29242 796538
25351 797037
15332 797910
7589 798011
7774 800180
2419 805199
12056 805653
2435 805734
24504 806694
18971 810023
19436 810223
11061 810455
7398 810683
13116 810699
25442 817714
8296 818428
6390 822253
19091 822331
28343 824514
4231 826470
16620 826493
4655 827347
6095 828913
12220 830085
11854 830702
5506 831375
10634 831378
22004 831499
18884 833054
922 833421
19536 834235
15409 836391
8971 836559
5747 837786
28495 838769
12469 838971
4061 839040
29867 839874
669 840168
15538 840618
10991 842115
26130 843350
10509 844329
5588 844662
1246 845807
17487 849697
15001 850417
26436 850539
12127 851962
3058 852315
27220 852418
2517 854087
25582 856769
22151 857699
28837 857885
28832 859898
14336 860083
23919 860412
10978 861625
25364 862803
22983 867086
27346 867108
5374 870737
17962 872461
21215 874456
22889 874810
10551 878743
10696 880509
13046 882708
23993 884029
2525 885054
10866 885657
27190 885706
19426 889576
17751 891549
20241 894155
7401 894947
29693 895022
25449 897662
1254 899885
14351 903190
4356 906258
8675 907056
23309 907988
10545 910038
8162 912277
1980 913861
16957 917918
21636 918974
15007 919131
2655 921086
28266 921496
20591 922099
8682 924668
9263 924951
3217 925832
5212 926355
27532 926943
24000 930248
11194 930925
17507 932877
26868 932910
17113 934266
1160 936448
29733 938925
3513 942288
8734 943296
12690 943405
21745 944700
3097 947298
7100 947378
728 947968
17023 948778
2644 950210
24669 953877
22339 954138
14442 960060
9856 960581
2931 963510
11810 965206
17995 968621
26254 969989
28823 970341
14049 970679
16246 970814
14978 971655
10640 971749
4388 972272
1967 974902
20372 979674
22085 980267
22667 981451
8033 981475
3884 984581
12041 986106
15750 986341
4933 987561
12806 992402
18720 992841
6381 993065
10183 995974
9493 997929
11973 1000552
17461 1001618
2415 1002109
7830 1002289
9935 1003641
22886 1005135
6574 1005168
19910 1006966
6956 1007082
3799 1008298
14149 1008751
24314 1011074
14331 1011085
6076 1012670
2432 1017439
6696 1017944
29533 1017996
18837 1020051
28308 1020485
18913 1022134
24980 1023518
17883 1027704
23080 1029384
6664 1029416
15032 1029893
4931 1035814
1108 1036043
11274 1036835
269 1037898
4270 1038456
1717 1039224
22025 1042502
17839 1043394
13443 1044024
21986 1044190
15886 1044770
28968 1045302
15486 1046101
13563 1048730
15773 1050123
24785 1051169
19584 1052743
4972 1053455
14015 1053694
21731 1054434
4082 1057282
2376 1058235
6692 1059032
27995 1060815
19992 1066320
13637 1067469
5113 1068889
19229 1069027
18572 1069708
16180 1069741
20888 1072632
20541 1076506
28030 1078367
13862 1079455
5340 1081059
5149 1083736
28073 1090165
8680 1092418
16403 1093001
717 1097565
9589 1098917
16735 1099365
3539 1099927
21182 1103089
28723 1106123
6931 1109984
17875 1110038
7055 1110589
13611 1114245
29558 1117119
20931 1117474
9269 1120642
347 1130440
13740 1132505
27606 1133535
24727 1134206
15813 1137408
26870 1139128
5823 1139521
6802 1139886
10679 1141411
14909 1142208
11612 1145424
2520 1145835
17414 1147444
16693 1147591
1500 1149729
8422 1149801
22699 1150351
15377 1151249
8600 1154601
15837 1154614
24010 1155356
21754 1157068
11497 1158522
13902 1159789
17341 1162265
14349 1164596
16480 1170439
28879 1175431
24916 1176977
14492 1179132
21189 1182023
3008 1184638
27536 1185704
23086 1186303
25774 1189211
5430 1191446
5732 1194058
14035 1195713
16051 1197606
10154 1199964
23306 1200871
26657 1202421
29848 1204488
14439 1204749
4857 1206485
12471 1207992
11808 1209912
17577 1211013
28411 1213221
22733 1213245
9420 1213442
8119 1214026
6988 1214511
26168 1216686
2199 1218471
10574 1219801
6016 1220890
16044 1221272
14671 1223341
16918 1224591
23393 1225385
29925 1227468
21570 1227582
7680 1229003
9886 1229274
4759 1229615
237 1229809
2483 1230695
10404 1232659
23323 1232759
25778 1234923
16377 1238094
18842 1240026
18897 1245978
24571 1246659
245 1246926
3648 1247462
18894 1247583
29940 1248842
16344 1251745
17828 1251896
12599 1252177
15775 1254152
23695 1254385
9492 1254800
3689 1257363
21198 1258332
8804 1262279
18026 1262721
16482 1266391
24425 1268301
18694 1268307
3346 1270815
18975 1273121
11398 1273682
6633 1274450
14021 1274636
20883 1276029
378 1276398
1920 1276801
5585 1279407
16775 1279817
15316 1280872
6756 1283930
23255 1284657
10967 1284894
9488 1286041
24748 1286369
11232 1286703
11499 1286716
16558 1287725
9292 1289118
4932 1289457
1752 1292383
26288 1293327
1801 1297077
11972 1302061
16947 1302091
9395 1305622
7479 1305795
19565 1310098
20781 1311289
18750 1312171
2367 1313382
13016 1315291
8532 1315776
6654 1316858
6020 1321339
14208 1321868
15426 1322123
9649 1323034
16469 1323209
18440 1323837
10843 1323889
22675 1325067
3530 1325068
23130 1326280
4545 1328446
23709 1328656
17914 1329063
5911 1329402
26702 1330904
8372 1333656
11575 1338280
8912 1339733
23119 1340848
25856 1341182
13702 1341587
8330 1344489
2946 1344971
4697 1345846
10586 1346387
26533 1346559
13673 1346963
3939 1348593
28277 1350898
24667 1351373
14043 1351454
21509 1351492
12771 1352939
12714 1354113
550 1356522
2 1356526
12887 1356861
24490 1361839
2157 1363817
5516 1364237
8741 1365663
21996 1367552
19707 1367654
11287 1368251
26188 1368606
15077 1370400
991 1372218
20244 1372708
7475 1373994
2169 1374084
18346 1376702
7833 1377080
2362 1377094
12628 1384415
12352 1384749
2900 1386813
8266 1389482
29542 1390347
8930 1391670
2129 1391870
25630 1393849
22077 1395058
23003 1396453
29554 1396879
5095 1397187
19466 1399753
20104 1400075
4214 1402541
21908 1406670
13470 1411454
21934 1411927
2527 1413418
15144 1415166
19215 1415615
22781 1415722
15400 1417586
20124 1418086
24418 1420590
22977 1421616
12052 1421819
13684 1423404
20406 1423908
19538 1425917
9526 1425964
315 1428628
21888 1430710
26431 1431388
28950 1431456
4160 1431520
11732 1434262
8792 1435974
8768 1436430
3167 1436591
18641 1438065
11360 1438294
19273 1442721
3613 1444196
6321 1446601
1907 1447644
6453 1449702
23016 1450553
28211 1451733
18205 1452085
16584 1453785
23836 1455540
28029 1457891
18524 1458659
13261 1464819
28551 1466272
19233 1467041
7997 1467435
6786 1468613
8321 1470520
6792 1472072
7769 1473988
19049 1475453
4444 1475517
25196 1480100
2387 1480525
26322 1481078
18086 1482731
9487 1484139
25807 1485156
10624 1489122
4863 1490868
6608 1490958
21011 1491955
27653 1492113
4814 1492461
18486 1494520
9668 1495681
19160 1495901
20081 1496213
17745 1497820
13614 1499806
23232 1502075
27449 1502111
14319 1503471
23666 1504383
3902 1506433
3193 1506710
11661 1507717
6450 1514103
18256 1514554
9831 1516226
14063 1516257
25744 1517759
29007 1520774
18966 1522945
18323 1523736
23344 1528056
16085 1533455
13241 1534951
7734 1534988
29016 1536646
17405 1538955
28534 1542108
4691 1542774
20463 1544126
1436 1544478
24465 1545734
21925 1546366
2776 1548570
3074 1550667
1493 1552616
7143 1552833
19877 1553636
7516 1556048
5479 1558589
27646 1560112
20056 1563022
26320 1563069
19158 1563481
22164 1563978
2036 1564898
19518 1565978
5072 1569429
3009 1571547
26013 1572794
21016 1573228
16255 1574626
28238 1575591
1365 1575861
9274 1577003
19150 1577865
26166 1578748
16810 1579426
12064 1580590
3702 1581442
23322 1584318
7371 1585560
6241 1587844
27248 1587901
12635 1588905
18979 1590445
25230 1590813
19512 1591846
21210 1593323
22082 1594135
5839 1596128
29739 1598055
24469 1599622
19346 1600049
1758 1601555
13257 1603486
6456 1604076
25416 1604487
1894 1605025
2473 1607545
3520 1611904
2488 1612323
28777 1612665
23800 1613698
5895 1616803
14662 1617518
27971 1618600
13375 1619134
2768 1619507
23874 1620507
8218 1620921
26655 1621811
15173 1622608
27825 1623091
6074 1623525
12820 1623525
21995 1623797
290 1625249
14220 1625806
4213 1626254
17478 1629043
4817 1629624
20382 1629816
13792 1631305
12379 1632314
7969 1632817
2620 1634657
8743 1636042
9836 1637072
27330 1640129
15081 1640941
14010 1641060
18887 1641561
6254 1641588
8676 1643563
20476 1643734
13098 1644467
25819 1644678
27798 1645512
10816 1648626
1647 1648658
29257 1652838
12262 1653995
22460 1656732
3637 1656994
13695 1657032
1598 1657460
10371 1657632
310 1657768
5179 1659749
22588 1659837
20985 1660088
7071 1661573
23892 1662857
21087 1666901
11763 1668163
25839 1668262
14091 1668379
6679 1671074
2348 1671364
11533 1671434
29283 1671705
14929 1675722
24450 1676490
832 1679717
17197 1679787
2212 1680389
129 1680927
11386 1682546
17619 1683531
9004 1684740
9597 1686480
29404 1688521
18567 1689650
24516 1690621
7899 1691830
7051 1691969
18451 1694153
18337 1694385
4811 1695191
18679 1695979
15768 1699737
5672 1700735
1455 1701431
18157 1701873
14846 1702084
9880 1704134
827 1704413
26685 1705259
1002 1706275
20321 1707319
12438 1708395
17135 1709498
11380 1712917
13386 1713632
9095 1714124
20835 1716737
26041 1717574
2370 1718079
22785 1719687
10860 1719991
1477 1722101
11710 1722148
20992 1723240
11721 1724062
8363 1725629
15282 1726668
27231 1728934
11887 1729208
9673 1730189
20971 1731632
1563 1735618
7212 1739032
1122 1742162
5549 1749121
18803 1749382
11474 1751607
1990 1753934
2600 1756839
2197 1757336
25299 1759933
21560 1761125
13278 1761546
14808 1764576
26586 1765939
23997 1768284
8909 1770350
28668 1773692
2207 1775840
6114 1777288
23374 1778140
25764 1780874
11983 1780909
2579 1781557
16609 1782952
25123 1787023
5371 1788529
17869 1789037
14171 1790087
4485 1790513
5912 1790688
14164 1790995
18152 1793952
21485 1794512
5645 1801344
1825 1804437
3408 1805452
18006 1808006
26258 1808692
20151 1810116
735 1812309
10530 1813887
24269 1815610
6926 1815822
19748 1815901
20632 1816728
19099 1821880
1855 1822509
15627 1822838
6141 1823027
18100 1824265
5647 1825096
23364 1829039
20291 1830816
22430 1832375
26564 1832698
5812 1833702
19898 1834937
743 1840973
18928 1842353
6972 1842379
29981 1842461
6031 1844059
27368 1846942
11243 1847237
7102 1849893
14512 1849987
2516 1851689
7988 1852494
7687 1852873
545 1853165
17698 1855122
3931 1857336
27471 1858279
21709 1859426
13395 1861988
5750 1865619
15839 1866366
25974 1867539
12095 1869495
341 1870403
17531 1870690
13569 1872800
14328 1873615
16630 1874709
17934 1877577
24341 1879316
721 1881920
2672 1882915
29014 1882976
11719 1884285
12526 1886456
16781 1887447
21057 1888312
26631 1889048
23766 1890368
9578 1891881
3510 1891969
23817 1892763
8357 1892827
6630 1894002
15363 1894101
15062 1894222
7952 1896897
17385 1897468
21277 1898681
11602 1899159
5078 1901478
5254 1901674
15463 1902403
9457 1905810
3923 1907150
5448 1907932
20595 1908324
9996 1909768
132 1911700
802 1913449
7433 1918051
14034 1919037
924 1921132
9126 1923259
18624 1924488
4406 1925192
19444 1925246
14443 1925296
25181 1925363
28695 1927693
19563 1932273
543 1935361
12457 1935374
6203 1935703
28654 1937113
5560 1938277
23985 1939839
15446 1939972
27094 1940017
5384 1942836
4344 1945921
28009 1946007
3625 1948958
8167 1954917
16145 1955012
24489 1955747
27385 1956739
26957 1957194
25206 1961185
21542 1961315
14508 1961952
6521 1963377
25953 1963822
10652 1963924
3463 1964898
22646 1965233
29892 1965990
27314 1967656
25286 1969245
2226 1969468
20465 1973076
23996 1974213
7778 1978022
25706 1979811
14535 1980616
27312 1981737
25334 1983618
21531 1985198
20891 1985596
10529 1987692
14058 1989995
13700 1995994
20249 1996308
7463 1998355
2933 2000114
27294 2000124
5142 2000351
12067 2001164
20942 2001283
11377 2002539
4405 2003290
19874 2004101
28897 2008342
13846 2008738
26113 2009142
11374 2010275
12322 2014053
13565 2014551
4879 2014654
12155 2015405
29424 2016269
20724 2021783
6377 2023227
19523 2025288
11822 2025429
27399 2028684
14155 2028874
18664 2029797
27711 2030248
14398 2030277
24294 2034369
27494 2036201
28312 2037043
4881 2041957
25967 2045049
12922 2045745
16893 2048860
21962 2051102
14092 2052411
2874 2053916
26242 2054547
21651 2057732
10913 2058679
4149 2061843
28800 2062014
2358 2064940
2793 2065598
2457 2068065
12713 2070933
15213 2073787
26509 2075008
6243 2075448
19142 2076155
16287 2076155
21574 2077930
11826 2078461
23064 2082473
18416 2082764
2010 2083255
3205 2084980
2380 2086091
4711 2087315
11223 2087473
12841 2088705
1424 2090012
29389 2090756
22528 2091451
11921 2092109
22500 2092381
29748 2094617
28821 2097118
22030 2097773
29471 2100306
8466 2100387
17694 2103026
10541 2103857
14098 2107667
8141 2108589
24801 2110737
29705 2111690
11520 2112941
5 2113990
13916 2114434
15713 2115471
19863 2116866
9650 2123134
19577 2124430
26050 2125957
27553 2128358
14613 2128596
12605 2130950
1153 2131026
1999 2131971
27729 2134213
28171 2136716
13762 2137244
10494 2137565
2941 2139710
26409 2140365
1064 2140728
9739 2141052
12422 2142527
19614 2142544
16045 2145440
26587 2146740
21581 2147459
18733 2148291
24628 2151870
25998 2152052
15700 2152641
22757 2155860
2682 2157405
26489 2160324
22586 2160666
21338 2160768
24082 2163667
10033 2164868
5848 2165183
5420 2166557
1133 2166934
26782 2167239
4204 2167431
3805 2167889
15535 2168176
21137 2168536
4942 2169112
2628 2171112
26553 2172924
20152 2174086
7376 2175802
7896 2176776
27886 2176979
7793 2178101
1728 2184034
20089 2185942
28561 2186674
2150 2186740
19549 2190343
1012 2191265
25308 2191700
24519 2193488
3869 2195564
20678 2199846
5663 2205379
10398 2205701
17252 2206176
25349 2207253
14578 2207577
9223 2208698
12875 2212887
1371 2213985
22289 2216725
19566 2217636
5065 2219745
6479 2222442
21343 2223834
4687 2230765
13693 2232957
27816 2235917
9378 2239296
18710 2239453
9585 2240190
4379 2240650
29964 2241390
3672 2241494
14435 2245104
24957 2254873
1707 2256345
6081 2257478
27247 2257718
9311 2258635
2296 2259822
12462 2260121
26180 2262631
25562 2265421
7682 2266717
20928 2267108
19341 2267951
14072 2269437
9445 2271126
15756 2273971
6634 2276190
22644 2277721
19751 2280051
25307 2282789
6413 2283084
5347 2284391
5612 2285236
22474 2287425
14681 2287793
28299 2290576
2892 2292955
18844 2294327
18529 2295064
28898 2295464
29124 2295959
29301 2297814
24123 2299676
13884 2300138
23054 2306259
28130 2308203
9391 2310248
5369 2311348
25671 2313778
27066 2316482
9553 2317331
22017 2318238
20858 2318305
27805 2319013
28772 2320521
1498 2320646
14499 2322403
5553 2322451
16850 2324321
22092 2325922
22600 2327758
29536 2329599
13368 2330533
17622 2331861
22172 2333738
3286 2334367
14685 2334924
5683 2337305
3280 2337633
26144 2337931
2850 2338349
18370 2339995
20363 2343947
12724 2344154
21629 2345590
7046 2349520
15262 2355797
28910 2356505
25810 2359007
22314 2360140
22995 2362789
21716 2364512
28178 2365301
17535 2366854
15823 2369283
21643 2373369
27438 2382161
14044 2386889
15308 2388770
10185 2388845
29465 2391835
25381 2392475
21340 2393102
12559 2394698
13305 2397015
17328 2398473
26458 2398492
23688 2399701
23835 2400369
11104 2401415
17284 2402612
26786 2403162
17460 2405452
8871 2407286
5622 2409138
8755 2409328
10985 2410976
29351 2411406
12037 2413522
12511 2417327
291 2420534
29921 2420575
3495 2420919
6710 2422026
23091 2422644
19611 2423401
2422 2424617
1337 2426449
165 2427578
29618 2432512
24937 2433457
17208 2433628
26235 2435918
27326 2436638
8608 2436943
17347 2440916
20312 2442131
5207 2443935
12353 2445975
9003 2446301
24270 2449049
9152 2450669
124 2450689
594 2450741
6827 2458418
18687 2460718
138 2460845
9724 2461935
24762 2467620
21499 2469667
2316 2470748
10280 2471249
23580 2474487
17397 2475267
23880 2476564
756 2478841
7596 2479299
28137 2480615
9606 2481463
11181 2486454
9732 2486506
5701 2486703
26678 2486925
12739 2489165
19076 2489569
55 2489996
3020 2490039
1866 2490634
25013 2495238
9558 2497395
27540 2497918
748 2499886
755 2500283
5188 2500606
23637 2500834
22120 2503515
13356 2503817
3533 2505609
8121 2506322
1347 2509172
20672 2515506
20339 2516977
15402 2517233
20429 2517352
24482 2520289
14470 2520843
2732 2524599
26828 2526782
26524 2527726
29737 2532762
4306 2534795
28606 2534869
14425 2539195
14367 2543468
20704 2547997
2418 2553722
27826 2554244
23930 2556585
28452 2557791
13237 2558830
27435 2559397
26784 2559546
4205 2560724
9979 2563023
15624 2564071
6473 2566555
12234 2566667
2447 2568867
2696 2569133
1171 2574728
16046 2575105
21086 2575841
12060 2576725
12408 2578967
12391 2579256
23493 2582878
6470 2583474
14288 2583789
13534 2584089
8212 2584252
9790 2584612
6632 2587604
24818 2588166
350 2589530
4092 2589806
8311 2590527
15037 2591166
16551 2593653
22445 2593776
13719 2595534
367 2599188
15417 2600038
8056 2601197
26520 2603201
8201 2603780
9743 2603812
29275 2606521
10890 2608379
26186 2608404
29761 2609524
8446 2611165
6831 2618834
22930 2620480
13362 2621996
16173 2623586
24870 2630181
5334 2633051
17031 2636672
28650 2636818
13188 2639259
7555 2640234
27622 2640684
20507 2642031
12740 2643438
7606 2644216
12339 2646372
26012 2647177
8026 2647210
18958 2648614
16316 2650349
17007 2650657
22943 2650696
24567 2652308
8508 2656220
25471 2656776
25220 2656858
3688 2658545
22916 2658713
23088 2659604
12856 2660793
29597 2661810
20094 2662390
25608 2662835
9554 2664202
10833 2664618
26844 2666230
26198 2669364
17198 2669512
7520 2669542
619 2670592
15702 2670826
17017 2671072
1777 2671421
13858 2674286
27750 2674843
4407 2676185
34 2677342
5680 2682408
16227 2684557
15697 2689620
16858 2690059
29914 2693557
2528 2694234
24919 2694417
632 2699179
8715 2699249
26429 2700067
6178 2700731
15293 2702315
17176 2702472
9636 2708986
17221 2711339
334 2711434
11088 2712916
4364 2714810
14812 2716174
3322 2718028
4298 2720385
634 2720991
26523 2723040
18677 2724192
12905 2724545
22775 2725342
28617 2726943
11462 2728341
17555 2733615
16894 2734665
12141 2735288
47 2735450
16626 2735549
29379 2739567
27324 2740530
21228 2742263
29335 2745232
5690 2746945
22079 2748845
12243 2749282
3138 2749422
26830 2750437
20824 2750970
26872 2754030
19279 2755946
10716 2759050
8228 2761299
1195 2764696
16081 2766634
12546 2767492
12360 2772102
17920 2776702
24839 2776798
16958 2778205
10416 2778587
1095 2780370
18767 2780704
10656 2780987
14667 2782394
23036 2784264
21287 2789445
9351 2793259
18047 2794422
5222 2794496
16865 2795713
11349 2799669
11788 2801154
8404 2801618
14387 2801734
26913 2802199
10758 2802885
2790 2808028
29018 2808727
22279 2809173
27512 2811770
7467 2812743
6902 2813331
29216 2813435
17212 2813471
628 2816252
19901 2821343
7026 2821851
11012 2822023
10719 2822773
2864 2823385
11670 2829209
24413 2829846
4127 2830828
14506 2833209
15511 2834868
22761 2838481
1902 2838513
7757 2838817
20161 2839178
27309 2840079
14380 2841580
1839 2841681
11775 2841906
9752 2843013
12877 2844676
12137 2847998
24907 2850681
12562 2855126
21065 2855318
4723 2855354
11922 2855671
20300 2858822
9629 2859368
21653 2860024
16539 2861215
8884 2861919
18082 2864333
5844 2865617
19020 2871353
8568 2871425
21053 2872031
14209 2872625
4922 2875483
19304 2880859
21836 2881819
12444 2881864
26268 2884235
10609 2885679
14727 2886302
16063 2886634
23265 2887317
13725 2887604
28698 2890124
2583 2890817
4561 2895107
8148 2895335
4729 2896723
13239 2897737
15879 2900497
23378 2900534
7124 2901759
26618 2902804
1289 2905193
3618 2905345
6569 2905850
26016 2906014
2041 2906407
2413 2906505
19225 2911653
13457 2914910
16388 2915674
3350 2917864
13804 2921347
15878 2921400
10764 2921940
25544 2924284
28959 2926336
25346 2929320
9052 2930300
3769 2931163
29936 2932295
1149 2932542
3409 2935121
5285 2935653
12793 2936477
22363 2937100
11905 2937483
7780 2938686
23854 2938968
8122 2939861
104 2942603
955 2943080
24239 2943234
26423 2946344
21612 2947612
24996 2948177
2407 2949324
20870 2949339
9134 2952248
8485 2952310
20598 2952944
28281 2953447
4484 2953736
9957 2955544
11828 2955575
19397 2956317
642 2958113
28097 2960045
296 2960142
23716 2961226
28977 2962029
20006 2964149
17331 2964919
1623 2965411
8892 2966231
17716 2967839
28896 2968468
5362 2968860
19145 2969218
12153 2972227
27014 2975051
6334 2976874
16819 2977500
2958 2978509
9256 2978996
23326 2979548
26763 2980213
4715 2980852
23807 2981774
11747 2981948
22022 2982057
24030 2982676
17801 2983611
3736 2984555
8891 2985873
7748 2986343
15014 2987873
12392 2987927
11769 2988733
4282 2988934
5935 2990528
11723 2993125
9207 2994571
6942 2994779
19524 2996622
8170 2999605
13697 3000008
11444 3000831
10681 3002004
13161 3002401
19596 3006313
13270 3007483
24555 3010497
21935 3014693
27053 3014736
28743 3015868
17637 3018316
20730 3018375
4959 3019624
7251 3022394
22691 3026462
6611 3029850
8343 3030681
27431 3031650
29810 3034268
8672 3035116
25845 3037459
3927 3041729
7981 3042497
7496 3042694
5106 3044060
15420 3044323
29808 3045520
13971 3047271
22764 3049419
5472 3050127
29677 3050498
17516 3051697
19708 3051790
6160 3052840
15570 3053120
11089 3056897
8612 3058742
5513 3059799
1774 3063352
19812 3063891
19982 3064830
2268 3065778
13516 3068120
24781 3069707
517 3070238
12860 3072212
13229 3072890
1577 3075102
20816 3075879
18881 3076961
21288 3077402
22653 3078037
9781 3079685
11007 3080859
25722 3081270
24333 3087254
17759 3087485
19509 3088415
16411 3088712
27233 3093572
14522 3101794
11328 3103652
7571 3106480
23343 3106718
2992 3106862
12928 3107589
2420 3109185
2762 3110102
22113 3110174
5806 3113132
26441 3113759
5929 3115034
12215 3118882
9607 3122927
8929 3126812
16410 3127803
29325 3127862
22829 3128144
8863 3129789
16381 3129892
1110 3129931
28895 3130419
4928 3132743
27578 3134690
25969 3136050
14165 3138542
29175 3141743
23995 3142893
29555 3143574
28645 3143889
1504 3143989
16 3147161
9044 3151743
7586 3157355
5980 3158188
17275 3158793
20397 3160855
15830 3162002
7282 3162349
9066 3163353
29667 3170755
26195 3173081
9442 3174731
16324 3175518
17484 3175978
21180 3177327
14327 3177721
8783 3178455
19829 3179761
24219 3180155
6422 3180197
29599 3181360
9545 3182385
8073 3183186
24497 3185427
28351 3188120
21360 3190254
10402 3191128
2398 3191482
4596 3193370
4517 3193413
7771 3193516
12039 3193594
15154 3195008
14517 3195236
7666 3195378
22773 3195446
8362 3196640
13676 3197607
21008 3197757
29616 3198469
16124 3200249
4297 3200364
5634 3202118
16405 3202224
15329 3203533
22192 3203683
14321 3203939
26469 3207469
18436 3208259
6946 3208991
13050 3210030
6191 3211432
21196 3212337
19733 3213373
2649 3213742
9876 3215729
23333 3216377
25997 3217803
21370 3217874
11830 3218385
8700 3220911
12154 3221080
10743 3221627
20766 3223581
25217 3224042
19765 3225771
21099 3226949
27207 3233285
11493 3235351
24283 3240929
13210 3247779
13775 3250791
5360 3252505
6070 3255006
10295 3258439
16000 3260343
12280 3261806
21863 3263055
2449 3263125
27082 3263236
8272 3263677
17300 3263888
25523 3266461
14172 3268750
14300 3269394
22462 3270046
6157 3272557
28622 3274425
11346 3276053
8790 3278767
5146 3278942
1010 3279125
4028 3281943
18883 3283036
15736 3283815
11379 3285506
18248 3286184
3704 3286939
17281 3288232
22171 3291602
19542 3292035
21652 3293354
19427 3293655
1885 3295846
29784 3297303
15385 3298686
20991 3303794
9078 3304268
94 3314086
27663 3314841
29133 3317687
21919 3324350
22016 3324816
16708 3325842
25589 3327886
16140 3327937
13949 3328177
8844 3329167
12111 3329667
10348 3330774
11641 3331391
9506 3333588
21088 3334018
24285 3338899
4854 3339744
21406 3339913
3309 3340644
22703 3341026
6755 3341880
24542 3342824
23327 3343383
19767 3344413
18384 3344593
1131 3344963
28712 3346304
22402 3348608
27269 3348832
18482 3351111
22292 3351448
26886 3353666
22771 3353949
1269 3354455
19357 3355483
18140 3355850
13898 3357787
28928 3362764
6299 3364152
19501 3364875
10542 3366993
21407 3368570
28547 3369227
27840 3371783
16676 3375604
22381 3376089
10161 3377503
20144 3382655
20281 3385835
12464 3387693
2114 3387703
14875 3388187
16883 3392367
17090 3392802
10015 3393672
14588 3394769
2248 3398070
13856 3398459
7886 3399034
29702 3400958
18318 3401648
19178 3403612
20284 3404539
569 3405622
10305 3406249
11027 3407250
7360 3407440
27408 3410504
12944 3411728
9498 3412351
20746 3413029
2012 3414005
25548 3414517
16258 3415704
4998 3417984
19446 3420812
13296 3426037
1589 3427022
20330 3427745
3676 3428048
21150 3429924
4284 3430440
18885 3430672
16943 3430875
3375 3432510
19100 3435613
13292 3435998
11961 3437924
20847 3438393
18149 3443019
7802 3443742
8202 3447656
22166 3449028
18336 3451437
22715 3452170
23468 3452518
20106 3452988
3691 3453463
17159 3455738
13574 3456943
3974 3457339
7550 3458796
10653 3458850
24660 3460123
9854 3460797
18088 3462060
6954 3462993
24263 3463130
28143 3464963
3685 3465502
24492 3467643
29376 3470638
20165 3473625
26802 3477815
8529 3478203
15523 3486289
5890 3486583
20621 3486711
5224 3488486
21637 3489047
8761 3490903
5086 3491520
1959 3492741
6229 3494500
3508 3496790
14408 3497553
29899 3498225
19857 3498227
8235 3499411
9305 3499748
1914 3500501
28127 3501181
22623 3502062
7538 3503923
22993 3504944
17398 3507220
17546 3508101
182 3508747
25606 3509914
7400 3510481
19403 3510565
11111 3511152
12857 3511457
26646 3513961
6753 3514752
11959 3519338
24106 3522772
2820 3523208
15487 3524090
23714 3527439
2602 3527593
22175 3527688
18293 3528058
24195 3531565
23916 3531654
7182 3532460
10022 3534306
14680 3534614
12689 3534615
23059 3534855
274 3535728
24332 3538019
408 3538158
21052 3540804
11779 3541872
15743 3545064
23537 3545169
18545 3545730
3842 3546516
13542 3547126
15732 3550324
27885 3550476
12799 3555053
29109 3556391
10449 3557365
20068 3561750
23784 3562028
9294 3571588
1566 3571771
2937 3573478
1393 3576430
1389 3582619
16922 3585933
12315 3586284
7308 3587008
8081 3589569
7287 3590186
11250 3591499
143 3592343
10831 3592953
2351 3594354
22601 3594535
24577 3598261
12772 3600869
27691 3600987
13071 3607863
2651 3607943
13773 3608433
27407 3608757
12742 3610823
7709 3613936
11713 3614471
23221 3615448
14823 3619171
5782 3619617
26808 3622129
13017 3622333
25749 3623887
9175 3624971
14255 3627352
13464 3628448
8047 3628572
15159 3629566
2377 3630074
4073 3630890
27403 3631100
5849 3632054
9948 3632266
9674 3632679
19703 3640015
21839 3640664
10563 3641076
15190 3641237
13357 3647432
15965 3650184
24385 3650880
7960 3651469
3102 3651817
11608 3652066
9780 3653418
12151 3656576
14840 3657617
22942 3658770
28091 3658879
29077 3662336
20434 3663791
20937 3666567
3849 3668997
18186 3669098
26590 3669411
14926 3673263
11071 3674015
11993 3675300
21924 3676816
79 3677968
14046 3685509
9690 3685845
28467 3686459
20529 3686748
22506 3688473
1627 3690517
20949 3690696
29317 3691898
28929 3693272
15952 3694208
16797 3694357
26950 3697101
9337 3700496
21111 3701945
15240 3704818
17788 3704924
15040 3705186
22064 3708560
13712 3711389
27959 3715189
7050 3720672
9549 3722890
11383 3725724
25920 3728593
10828 3728746
8589 3730999
2507 3731695
9817 3732988
2382 3733333
15992 3735838
16100 3736979
27782 3737246
13624 3737616
21207 3738933
17529 3741583
1745 3743252
2239 3749633
27040 3750139
15576 3751195
17799 3754474
29519 3758680
1918 3765587
19105 3765756
7247 3768031
29832 3771332
17192 3771404
23320 3774938
24247 3774953
2580 3776954
25741 3779350
8964 3779931
16222 3780443
18601 3782340
24875 3783106
11146 3784782
6782 3785311
13515 3786328
656 3789879
29383 3792504
11931 3796059
480 3798133
26741 3801334
20698 3803927
18389 3804954
20269 3807379
29347 3811990
1166 3812614
12897 3814432
28167 3816696
10134 3817364
21100 3818327
13755 3818918
24120 3821892
8910 3823596
18257 3824288
14744 3824487
27131 3824659
16294 3828593
5830 3828910
27585 3829915
28499 3830319
14713 3831833
15595 3832858
21627 3835046
7978 3845226
3381 3847343
15369 3847668
28820 3848914
29096 3849310
24002 3849505
1497 3852431
25133 3853508
2273 3853542
3684 3854568
2856 3854612
11749 3855018
25792 3856511
28922 3860510
4639 3860892
19053 3861907
25374 3862024
10482 3864287
20833 3866023
25213 3867523
12369 3870952
21346 3871125
15962 3871394
24711 3872080
2500 3874765
28768 3876430
28982 3878381
25255 3878544
29601 3878710
21462 3881460
16762 3881504
11615 3881554
29975 3881983
17854 3882963
17776 3883772
22973 3886572
29931 3887607
15786 3888771
19964 3891374
4651 3894349
20884 3894505
27882 3895659
15347 3897388
20887 3898022
26274 3899888
28100 3902146
8454 3902548
4165 3903810
16108 3904487
28605 3906260
24771 3913171
1963 3914536
28166 3920489
15605 3923248
23178 3924934
3278 3925267
27488 3926731
8960 3927714
7702 3928207
7610 3930151
27877 3930343
15331 3931310
23687 3931989
1937 3938280
10504 3942337
6026 3943533
11475 3944031
3130 3944191
8453 3945004
17764 3946198
5186 3949389
5311 3950920
5578 3952010
16663 3953472
17845 3954561
7264 3955415
21460 3955490
14142 3957843
5433 3961991
18145 3964191
1659 3965213
562 3965893
26991 3967377
10759 3969060
6018 3969308
6940 3972128
241 3972208
26688 3975344
1944 3976534
7636 3976721
28918 3983881
7766 3984065
2839 3985697
8563 3988069
3422 3988502
3372 3988897
27276 3990424
10576 3994300
24681 3994475
13656 3996496
15659 3997137
6115 3997953
6616 3998902
22651 3999943
25327 4008402
20238 4009795
27610 4011436
15123 4011676
29531 4013376
27964 4013498
8735 4014080
20155 4016036
11684 4017345
24734 4018714
2310 4019098
8317 4019335
13496 4020087
10602 4020868
24607 4021303
14761 4022188
16189 4022671
1724 4022725
358 4023639
10951 4024123
8939 4026237
23614 4027615
27086 4028386
4224 4028635
8476 4029033
28859 4030701
29723 4031595
26005 4032342
23161 4032657
15202 4033499
23759 4035909
25852 4037662
29522 4037901
27595 4038611
19687 4041629
15279 4042149
26735 4042968
21565 4043388
7623 4045436
1018 4046061
13982 4047302
11899 4048881
16705 4049819
13332 4050602
27445 4050917
13546 4052885
5533 4054131
20610 4054223
5456 4057898
3464 4059322
9916 4060388
16813 4062140
15374 4064008
4258 4064428
29310 4066878
16837 4066944
7943 4068628
26854 4069482
4030 4071862
27928 4072424
16877 4073484
2206 4073563
28954 4074031
1542 4075477
27929 4078611
17041 4078822
29200 4079760
2542 4081566
26437 4086387
24579 4087906
11568 4090747
7931 4093439
4309 4097902
9891 4099877
8940 4100093
5094 4101342
21297 4102340
12960 4103985
12749 4104808
21571 4106970
26774 4110348
13455 4110769
2780 4111914
8082 4112118
7620 4117088
21425 4117619
2995 4120367
18470 4121139
15780 4121491
14076 4121736
3745 4121926
2017 4124901
25705 4124904
18159 4126478
1317 4129472
12753 4129537
21481 4130968
19218 4131305
3502 4132896
26402 4133071
10316 4134478
29156 4135035
28509 4135409
8987 4135544
5041 4135589
4200 4136091
29451 4136405
19138 4137632
10181 4137759
22507 4141655
4718 4141842
10038 4143437
2802 4144579
3680 4148094
5457 4148313
21621 4149660
16487 4150726
15399 4150734
16101 4150919
879 4152095
19239 4157680
17277 4161740
29361 4163990
817 4164663
28489 4166095
27382 4167751
3195 4169084
10221 4170775
27850 4170892
10858 4171088
218 4174185
10567 4176943
25433 4177623
26836 4178722
25507 4179954
20558 4180128
22311 4182555
995 4183769
7683 4184838
27284 4185297
20133 4191837
27011 4193269
26398 4194164
22163 4198708
21686 4198906
4292 4201531
4963 4204452
29755 4205920
10256 4207318
12393 4209804
1910 4210157
9085 4211220
13086 4211746
1203 4212311
12035 4212450
15 4213500
4956 4217081
4219 4218532
26826 4218625
26979 4222154
9822 4222319
15057 4222989
17944 4223513
10476 4228029
25209 4232285
2626 4232837
24696 4234166
17717 4234205
9373 4235314
21906 4235600
6973 4235876
3957 4239078
29137 4239407
26938 4241129
2531 4242256
12421 4244042
15075 4244103
7577 4245231
26425 4245537
10942 4246065
12383 4246617
25885 4248644
12769 4254340
16339 4256626
18899 4256864
15762 4257212
11535 4257546
24299 4260132
1449 4262864
27619 4264942
18918 4265072
5088 4265154
2189 4267535
24359 4267537
3404 4267995
29805 4269504
4428 4271578
5307 4272351
29692 4273757
14382 4274000
739 4274712
11690 4277685
29215 4277755
1834 4280201
19505 4286115
22486 4289222
12898 4289756
2274 4290002
6623 4291828
25667 4294050
16162 4295792
21622 4296430
28839 4301902
14202 4305661
24889 4309634
16441 4311002
23712 4311195
23173 4315907
2408 4317620
16209 4318090
12487 4319005
14911 4319326
14787 4320838
7792 4321066
18320 4321524
11200 4322883
18742 4326491
18968 4327765
12418 4327875
26595 4328802
26262 4331840
21706 4332503
26998 4333068
155 4333148
24663 4334390
5572 4335530
23550 4337113
8615 4337275
8077 4337492
17534 4337528
4886 4340045
29352 4340059
8560 4341702
603 4348777
22354 4348947
20072 4350103
29658 4351265
18951 4352369
12926 4352483
18033 4354801
4605 4355980
16172 4356311
5093 4361339
14695 4362605
22199 4362627
442 4364959
3811 4367092
22881 4368012
10165 4370728
14668 4370865
22280 4372588
29735 4373784
10516 4375427
8131 4378071
429 4378145
7269 4386741
26840 4387262
5226 4391401
29470 4391577
22961 4392622
8240 4396831
7845 4397445
13675 4398583
24676 4399564
20172 4401728
426 4402557
6712 4403503
23137 4406439
19359 4408824
22307 4409534
9094 4410332
17048 4411467
629 4415424
6638 4417969
15059 4420471
10376 4422025
5280 4422875
10550 4423327
13104 4424068
8336 4424646
24254 4425399
1396 4428440
3588 4428704
4121 4428864
21857 4430915
1491 4438790
22209 4448572
27925 4449573
25522 4451434
2569 4451518
2510 4451674
5326 4454536
18728 4454857
6919 4457795
17651 4459187
26494 4461017
14763 4461628
6285 4461684
25739 4463521
8280 4463589
7733 4467174
6165 4467895
15917 4469451
8601 4471098
28146 4472184
7007 4475231
11043 4475838
18515 4476446
15431 4478657
27409 4479479
1082 4481702
16964 4482885
14889 4483001
20938 4483718
448 4484745
8889 4489697
15261 4491562
19741 4494469
13694 4495486
25960 4496041
16059 4499589
13344 4499962
25212 4501465
10808 4504029
16242 4505909
1786 4506738
24865 4510681
3228 4514298
25419 4516357
7679 4521099
20966 4521100
1533 4521293
1578 4523070
5679 4525601
25163 4526897
23623 4528062
29179 4533498
2390 4533549
8496 4541031
24350 4541264
8574 4548931
15612 4556239
18704 4556625
25978 4556695
13547 4556770
1220 4557021
26563 4558921
19077 4560713
14687 4560772
270 4560801
13770 4562389
29226 4564351
25257 4565515
8383 4568955
16867 4569362
19496 4573335
20357 4573459
11650 4579863
10692 4581938
17750 4588260
26019 4588908
29087 4589564
16732 4589595
28109 4590001
28357 4590927
18914 4593161
1956 4594188
202 4596299
18107 4596674
16181 4597590
17410 4599138
7099 4599464
4848 4599683
8704 4601122
16175 4601293
26961 4602680
605 4603161
13570 4605299
15817 4606481
7289 4607010
5473 4607626
19586 4608880
21484 4609157
12490 4616009
5601 4616826
8558 4618385
13095 4624373
10501 4625565
23879 4626484
14235 4626725
14747 4626992
7285 4630355
19637 4631197
17849 4635601
22155 4636970
25754 4637329
28199 4639764
7284 4641253
17838 4641271
13194 4642283
20947 4642887
4008 4644044
3744 4646145
2164 4647548
16329 4647975
2023 4648376
16342 4650070
28970 4653628
10754 4656371
19186 4659784
9688 4659996
6167 4660245
14239 4660494
28469 4662155
23435 4663437
23595 4663697
8706 4664705
21812 4665729
9639 4666410
14311 4667949
10207 4668680
21496 4670624
6343 4671217
12974 4672669
9564 4678761
24702 4680340
2444 4686635
22146 4688369
1475 4689116
20578 4689766
22426 4690198
8859 4690462
8999 4692215
18637 4692540
21722 4693483
6169 4693486
18119 4693818
733 4693824
15518 4694098
23467 4695438
6639 4696386
8319 4698008
8474 4698951
11743 4699492
383 4701037
20765 4701582
13588 4701618
21443 4703505
15908 4704175
16089 4704190
13801 4704432
27593 4710537
13930 4711037
29854 4711363
22447 4711630
11638 4711642
28152 4718610
25553 4719515
8424 4719734
17372 4720960
3895 4724318
8447 4725108
1004 4725124
12826 4725845
25675 4728786
14125 4733251
12983 4734681
22860 4736750
24932 4738332
25451 4740240
9458 4740481
27025 4742542
14322 4743086
26629 4744142
6545 4744994
29740 4747137
10739 4748784
15284 4751840
27162 4753238
24589 4753626
4695 4753773
5462 4757721
26169 4765286
6514 4765673
5716 4768133
23132 4768735
5983 4770822
15725 4772921
12272 4778216
21108 4778473
11185 4780104
8760 4782112
3711 4782335
6694 4782688
26904 4783270
20839 4785216
14061 4787306
17071 4787640
20499 4789131
12874 4789220
10905 4791897
14973 4794994
2184 4795138
6219 4796266
26082 4796284
1075 4798029
14945 4800995
16768 4802451
11369 4802893
11761 4803739
12273 4804544
21487 4805870
2401 4806210
28011 4808510
26128 4808981
9310 4809293
24217 4810913
23681 4812708
26813 4812835
5804 4813107
20413 4814123
17587 4814138
16508 4814411
20640 4814641
6975 4817599
18221 4818013
5386 4819552
10092 4821007
18597 4822806
17790 4824193
17093 4825559
11508 4826991
1900 4828534
9733 4829723
14018 4829939
2293 4830002
19882 4831141
15489 4832036
15164 4832279
846 4833403
23562 4834224
2108 4836520
24058 4836538
6855 4842801
24396 4844039
10654 4844634
29287 4847693
24462 4848301
24549 4848908
26275 4849939
17092 4850279
28826 4850299
7870 4850505
13848 4850716
14273 4853184
2979 4856014
26527 4857381
5429 4861819
25332 4866760
25354 4866836
17431 4869575
1713 4872956
15253 4873944
13778 4874664
12871 4875270
27724 4876294
21478 4876361
20914 4878699
6044 4880270
1137 4880786
10941 4881712
15472 4883911
27134 4883967
997 4885482
6984 4885759
18265 4886245
29066 4887445
26280 4887652
17061 4888159
22118 4893828
12040 4894452
18514 4896613
7309 4896999
1039 4900465
6058 4901602
29150 4902704
19092 4902766
23752 4906185
8071 4906462
14845 4908995
28998 4909846
17862 4910180
16241 4914129
15485 4916878
13641 4916905
29791 4920955
20210 4922499
18113 4925420
22724 4931821
10779 4932175
3191 4934589
16178 4934918
25681 4935079
29363 4936108
18037 4936277
15248 4939864
12916 4941122
5584 4941421
21517 4942558
11050 4945693
23115 4949828
29068 4949871
12834 4951083
17993 4951835
16782 4953714
2913 4961076
25263 4963457
11272 4964555
11348 4968723
28586 4972626
23494 4973186
26964 4976304
13129 4977924
25919 4979876
8803 4981985
11265 4985563
15787 4989183
17315 4989320
8268 4989807
27398 4990542
26762 4991583
20641 4993237
13955 4994765
17394 4996048
3126 4996124
23720 4996831
10002 4998282
2947 4999247
26055 4999483
24605 4999877
10851 5002456
13831 5004895
5004 5004922
27920 5007126
6925 5008606
1643 5009080
19531 5010161
13813 5011175
17647 5012650
15315 5014064
225 5019610
8486 5022080
8720 5027750
96 5027870
22509 5032430
28660 5033906
7598 5033969
10064 5037820
16764 5038783
16811 5039450
21393 5039539
20135 5041624
26585 5042351
8224 5044128
15141 5045713
3981 5045932
8491 5045997
15449 5047375
24212 5047379
8225 5048112
5979 5048776
4220 5049302
18874 5049446
1109 5050559
14532 5051694
28319 5055588
16942 5056053
9136 5057484
10958 5057991
23584 5060403
29291 5061039
323 5063746
8070 5071816
9013 5072091
5615 5073756
19871 5074732
17891 5079084
20770 5080190
26969 5088408
1817 5088645
27479 5089623
15273 5093431
26392 5093705
9148 5096114
24862 5096133
531 5096307
12827 5096604
25777 5104779
3351 5105397
7772 5105861
16020 5106435
2263 5112847
14518 5113046
19763 5115529
14649 5116482
25752 5116598
5875 5120088
6416 5120619
26971 5124845
1486 5125060
14608 5126064
9202 5127948
17835 5128888
27338 5129756
23569 5133415
863 5133448
3387 5136329
10901 5139782
19913 5139924
22827 5141187
3047 5142885
20557 5143069
22698 5147229
7374 5149712
8147 5150582
23989 5150986
26152 5152496
7434 5154043
19989 5156577
13479 5156681
23899 5157754
14159 5161074
2393 5162110
9531 5164700
21740 5165668
14765 5169605
17768 5169883
2354 5170209
1739 5171940
22858 5173571
26575 5173585
24683 5175147
7004 5175470
15257 5175625
6816 5177705
26261 5178678
25075 5180362
24602 5180371
11948 5181713
8516 5183024
19012 5187022
27254 5188049
28557 5190231
22998 5191463
14981 5193702
3919 5194611
11773 5194867
3960 5205038
2421 5215006
9394 5216467
13629 5216710
20260 5216796
17925 5219536
24838 5221220
29479 5221961
11890 5225754
26374 5228308
10153 5236918
19396 6291516
14640 6292377
16009 6294284
8350 6296707
18981 6296808
29793 6297056
22012 6300179
12374 6302169
536 6305000
29900 6305731
8622 6306038
12891 6306851
10998 6306868
16766 6307188
14898 6309888
24998 6310138
28801 6310174
258 6310909
17639 6312147
12585 6314053
4716 6325406
18554 6327042
14040 6328142
18229 6329539
3067 6332125
12473 6335812
6909 6336041
20233 6340193
24966 6341459
458 6346486
10957 6347827
15646 6348700
1843 6350655
29254 6354956
9582 6355479
18431 6358223
21694 6358353
2916 6358445
28079 6358894
10411 6362328
671 6363514
3270 6364825
15382 6365389
28841 6365641
11469 6365723
8598 6366354
14395 6367512
17083 6369703
16043 6370493
9348 6372263
16457 6375426
1897 6378541
10949 6379924
10734 6387539
2689 6388419
29399 6389878
20449 6390234
12626 6390713
23612 6391364
26560 6393130
3999 6396511
21821 6402440
24015 6403790
4873 6407091
7425 6407509
9424 6409781
23641 6410700
10270 6412547
21813 6412551
21997 6417348
9865 6424551
1170 6428576
20653 6429393
17712 6430685
21435 6431224
6911 6431456
26294 6431477
11141 6433097
21941 6433430
24777 6435279
3536 6437444
11672 6437686
20333 6438288
29768 6445676
23471 6447397
20459 6448115
1325 6449342
14992 6450644
11767 6450845
18790 6451938
2425 6452469
16031 6453223
14471 6453672
17218 6456701
5008 6458070
18023 6461409
29550 6463855
13812 6464230
17402 6464268
1280 6464719
3587 6464962
13432 6467064
10197 6468965
6304 6472472
15251 6473504
11384 6473769
21703 6475187
22201 6476804
2289 6477181
15562 6481456
18925 6482065
10853 6482716
21351 6487833
22865 6488424
29466 6488794
21291 6489528
20736 6489833
15531 6491840
26675 6494906
28102 6495013
25742 6495477
6126 6497727
8852 6498413
26572 6499818
14296 6500132
26407 6502702
19759 6503825
22392 6504218
12174 6504619
26259 6504896
8937 6505395
9998 6508758
4077 6512018
9536 6514898
21059 6515029
7747 6515143
15216 6516732
21139 6520710
12912 6523945
20337 6525014
13660 6525345
12271 6525644
11962 6527946
10606 6531212
12902 6536123
24624 6538758
20250 6539424
110 6541192
13438 6544844
22278 6545553
5800 6545711
27676 6545863
11609 6546519
21511 6548527
19343 6549519
17244 6549944
26067 6551705
10018 6553351
3151 6556751
16763 6557085
15470 6560423
6833 6560697
26781 6561015
28071 6562061
20927 6562786
6992 6566398
2385 6569191
5569 6572735
1469 6576827
4161 6577318
22210 6578969
16527 6579000
13513 6579556
27273 6581665
6686 6583279
3232 6585895
16619 6586412
28778 6587125
12558 6587761
1525 6588199
9065 6594267
13973 6595984
17145 6596619
17524 6599861
7380 6601202
20034 6601638
2996 6602068
11657 6606820
26620 6610480
6436 6611258
28361 6611345
11310 6611383
9934 6612546
26422 6612766
617 6615059
23225 6617673
16843 6619167
23857 6620724
2214 6621589
10051 6625106
7922 6625357
18543 6626012
20331 6626119
5729 6626286
20138 6627576
20910 6628695
8127 6632552
936 6634575
8959 6636977
11849 6637799
17718 6646440
7281 6653261
17744 6654970
15010 6657470
28004 6657559
28157 6658025
24723 6658102
2562 6659013
14638 6659017
27335 6659254
26845 6659377
3754 6659737
4448 6663305
1079 6666235
19690 6668626
9819 6668885
21029 6669973
8746 6670063
23723 6671192
13441 6677091
7759 6677282
23904 6678668
15211 6680270
25194 6685463
25474 6685577
20386 6687688
18015 6687820
8368 6691402
29950 6691618
2851 6691976
18639 6692385
2683 6693406
6362 6693509
525 6693904
2526 6696634
7657 6696698
5265 6698007
9478 6698337
28960 6703217
22909 6705970
22788 6707216
23532 6708202
4623 6708280
12692 6708495
16950 6708868
7919 6710094
20328 6711209
1785 6712273
17194 6713731
26330 6717691
17268 6717809
28956 6719624
28984 6720046
18902 6727079
27836 6728244
11824 6729628
20637 6732176
10179 6733046
1867 6733446
2772 6734556
29222 6734730
7672 6734768
22407 6735642
27386 6737304
2317 6739405
22907 6739684
20543 6740855
17654 6741576
16138 6743658
10857 6744695
782 6746355
14447 6748011
13508 6750110
8947 6750198
7523 6750449
14933 6751252
8679 6754019
2093 6755277
9965 6756062
18945 6757167
24226 6757715
23587 6757987
8366 6759042
16925 6760009
27035 6762117
11799 6762650
9568 6765911
24626 6766144
13626 6766320
6690 6767813
9942 6775090
2948 6775983
17611 6778155
22669 6778279
14210 6783099
20548 6786587
13779 6789943
10699 6790986
26042 6791607
18479 6792074
25088 6793368
20024 6794550
1005 6796993
19695 6797504
22148 6797744
1210 6798884
2811 6801946
3450 6802469
14334 6808109
4197 6808607
16951 6810598
22599 6810846
7137 6816004
8664 6816487
6835 6816821
15019 6818844
29582 6820448
3640 6820690
18446 6822468
1328 6822878
19771 6823323
26751 6825767
10255 6829586
3243 6833766
13262 6837897
16804 6838421
4115 6838555
18570 6840268
27675 6841812
11143 6842273
28919 6843544
3992 6843595
27664 6847812
24533 6847979
28790 6849220
8950 6852061
22904 6852064
16224 6857575
9570 6857657
6869 6859917
16872 6860462
13659 6861061
10246 6861120
9000 6861211
7676 6863416
7478 6867127
27078 6868601
19398 6868832
14347 6869546
7457 6874208
11882 6878139
1085 6879771
19321 6879929
2973 6880988
22250 6885404
16575 6888046
20120 6888677
25531 6891656
14119 6892839
5876 6893638
8438 6898169
29033 6901490
3397 6904870
1427 6905665
24510 6906844
10749 6907450
24566 6908863
27456 6909990
10966 6910027
17631 6910801
9941 6911100
20872 6911237
1964 6912741
4459 6912830
7684 6912971
25453 6915111
4055 6915421
4785 6916116
26177 6916876
12381 6917336
20920 6917395
13176 6917744
24782 6919129
15143 6921813
24087 6923464
19389 6925970
5566 6927010
29502 6932783
10697 6933010
9976 6933018
23603 6933877
13878 6934643
5916 6937070
28138 6937973
18063 6938112
29203 6938895
29649 6939116
29173 6939916
6397 6947304
2800 6947960
14344 6949719
10915 6954837
24461 6955115
25136 6955880
23315 6956162
3385 6958399
18557 6961976
650 6963711
5616 6964919
28863 6967963
21640 6968120
4341 6969554
17114 6970204
10646 6970237
687 6970973
8586 6971174
368 6971288
15688 6971451
26711 6972129
6036 6973124
28662 6974467
25723 6974953
17679 6974984
23776 6975739
436 6981706
10399 6982080
22374 6982127
2977 6985310
15826 6985488
29943 6987400
12752 6987412
26256 6988002
17753 6988971
23028 6989321
12026 6991013
17247 6991247
23967 6991855
20050 6992241
27945 6993028
4359 6993856
15309 6997936
662 7001438
4894 7002014
6741 7002033
2300 7002078
19475 7003272
29136 7004935
962 7005191
13909 7008576
5205 7012464
7903 7012942
12460 7012974
11845 7015298
10238 7018414
10773 7020289
11270 7022302
25917 7025003
8469 7026968
23990 7026984
26519 7028515
14116 7029751
29913 7029993
10200 7031950
1588 7036509
14197 7037825
3158 7037844
9611 7039222
28265 7040862
4101 7042443
15521 7042487
12384 7043860
18650 7044494
1916 7044859
1803 7048331
27644 7049286
407 7050122
12020 7050403
25403 7050523
19345 7050626
14089 7052185
25149 7053899
24721 7054353
16793 7054800
2509 7054860
18407 7056706
28428 7057283
26165 7059343
9349 7060216
645 7060454
15862 7060599
24573 7061579
17549 7062059
23548 7062543
26433 7063996
27242 7066427
20904 7067288
6669 7069197
16182 7072404
10172 7075533
20954 7077113
9272 7080493
18626 7081947
13055 7082046
23508 7083888
15640 7084226
28678 7084763
1518 7085208
21489 7085570
3720 7086176
29084 7088446
7776 7091624
9748 7092341
25567 7092843
6143 7093959
6748 7095399
25799 7096924
22140 7102222
9343 7103001
15689 7104091
9127 7105147
11338 7106987
3823 7108448
7629 7108927
27698 7110634
24755 7113915
12007 7116225
9855 7116774
19004 7118074
9807 7121634
14818 7125831
16460 7127041
26530 7128064
22902 7130445
22211 7132336
17028 7132572
14281 7133115
1607 7135795
7412 7137274
4242 7138332
13394 7138533
1375 7139580
22968 7139895
4955 7140249
12829 7141683
24651 7144031
4798 7144192
6180 7144818
21759 7145268
1225 7145876
8497 7147014
9809 7147896
11796 7149912
11981 7152035
18890 7154107
7911 7154616
25538 7156058
23713 7160003
18690 7163036
746 7163642
29934 7168433
17238 7168803
979 7176766
16771 7177321
24879 7177845
17333 7180634
29953 7188220
20643 7190877
12260 7191579
25609 7191772
24684 7193794
17515 7195095
22797 7195302
9747 7201583
10139 7204768
17409 7211327
21548 7212768
12767 7215029
843 7215096
6729 7215962
26568 7216477
27351 7218179
2927 7219366
4487 7219406
17660 7222055
16402 7223461
841 7223697
22802 7225266
21144 7228025
17997 7230598
13756 7231190
13430 7231662
25676 7232475
6335 7234713
6744 7235660
28099 7237109
12737 7237268
7465 7240700
27018 7248005
26666 7251856
15338 7252947
24280 7257952
16669 7258646
16924 7261524
10631 7261878
9770 7262612
13024 7263744
17563 7264170
6251 7265470
712 7265735
19322 7267079
5096 7270357
16737 7270622
19153 7275928
6402 7277078
29753 7278677
22005 7281510
11448 7284153
4821 7285683
16725 7287262
19096 7287286
15390 7287947
26613 7288262
15115 7292484
9686 7292633
25735 7293360
5383 7294372
20875 7299101
3219 7300484
20318 7301537
5109 7301758
11521 7307816
17656 7310185
7910 7314511
7768 7315517
5582 7317549
11911 7318172
23286 7318896
5225 7319669
21634 7319778
24265 7324706
6027 7325097
25841 7325408
17365 7332717
26336 7334511
27742 8391406
264 8391861
25243 8391881
3643 8391961
24754 8392014
16987 8394003
1571 8394322
13549 8396057
11956 8396150
26929 8397610
22188 8399080
15666 8400293
7934 8401180
2018 8402161
6733 8403594
10243 8410686
22270 8412156
9046 8413377
11452 8417209
64 8419514
29487 8419862
27982 8420067
13735 8421203
4023 8422159
9515 8423519
28724 8423964
20849 8426605
15481 8427645
8181 8430632
16577 8431319
3642 8431837
13218 8436751
23619 8438143
17292 8441997
20456 8444106
18919 8444252
24089 8444287
3498 8449972
19425 8450189
8172 8450377
15321 8451181
16068 8453335
847 8453601
9312 8453797
640 8454886
21000 8456824
12057 8456910
15831 8457746
1339 8466730
29104 8467452
19429 8470234
4698 8471742
9402 8471749
16005 8471902
21488 8472398
4385 8472805
16624 8476713
2909 8476866
4333 8477038
15858 8477597
3599 8478334
29078 8480759
26707 8483146
17032 8484772
5913 8486301
8483 8488684
1798 8488858
8858 8489208
7397 8490969
12955 8491428
25058 8492255
16397 8492718
1068 8493252
10763 8493540
24347 8494756
19985 8495770
20813 8496724
28781 8499258
22544 8499309
9399 8500235
20555 8500280
21590 8503245
25498 8503391
3092 8504732
15067 8506908
5681 8507687
23733 8509664
16574 8510146
4985 8510941
15256 8511383
20569 8511655
11024 8513199
25869 8515746
26692 8515845
4294 8518193
7668 8520001
7267 8521692
2474 8523189
17488 8523883
16973 8525700
15975 8525723
29071 8527272
23644 8527947
16398 8529653
10013 8530256
4084 8530662
5304 8532222
24 8532528
11610 8532802
8685 8532869
9588 8533332
21148 8534327
20411 8538761
12921 8540426
1140 8540641
15310 8544780
16418 8547221
20484 8551708
10007 8553873
3752 8554859
22239 8560748
9894 8561131
21001 8561884
823 8562138
14841 8562478
23031 8568736
1070 8568919
19568 8569052
13998 8569099
388 8570198
10437 8573011
8436 8573939
27535 8574078
2124 8575102
19124 8576426
3833 8576967
18368 8580178
14860 8581794
18823 8581891
2105 8582430
10836 8585478
3840 8586680
18696 8590237
27950 8591124
14479 8593593
24364 8594693
22594 8594866
15944 8594954
15111 8595813
15545 8596868
8836 8597116
20029 8601387
26414 8601602
15577 8601818
6723 8604645
6410 8606106
11283 8606478
16479 8607578
2181 8610678
1163 8613110
22315 8614474
26715 8615713
8458 8617661
26511 8619737
896 8621400
8877 8621929
4100 8624179
16257 8624276
22585 8626628
26225 8627769
27829 8628216
2486 8629501
30 8630153
3049 8630246
29369 8631749
15086 8633528
7189 8634959
11913 8635743
8009 8636186
21124 8640054
6628 8641908
25976 8642159
7334 8642259
15806 8644955
21897 8645042
19904 8647367
15444 8647921
18956 8649504
18168 8651505
28847 8654649
8809 8655686
6636 8656095
15311 8656238
7159 8658311
5411 8660183
21524 8660327
11624 8661055
24149 8662836
26934 8663141
17940 8664549
8901 8667304
28390 8669561
29701 8671460
7349 8671825
21080 8674037
1865 8674734
14267 8676790
27322 8679246
21146 8680062
24438 8680143
10106 8681706
10862 8682566
13311 8685918
4670 8686181
11518 8687665
18352 8687908
15891 8688250
2697 8688494
24023 8688709
7386 8689261
26852 8691298
14960 8692396
18715 8696226
23830 8696774
15492 8697961
982 8698826
18286 8699709
3763 8699867
21050 8701041
7783 8701779
6465 8702259
7384 8708834
3903 8709800
6117 8710160
10193 8710301
20236 8711442
1099 8712241
19119 8712793
27258 8714022
29323 8716252
20199 8719190
10415 8720007
3722 8724589
6675 8725060
17316 8729286
7775 8730011
14715 8730429
20276 8730863
21562 8731144
14060 8734389
11936 8734434
9566 8740429
12646 8741226
23964 8741483
26578 8745066
22769 8749247
24992 8755303
6288 8761557
21285 8763186
20688 8763742
20827 8766330
9448 8769313
18195 8769589
8898 8770372
5693 8770943
5178 8771493
20214 8773866
2771 8776317
18700 8777000
13956 8781373
3413 8782158
7506 8782217
24206 8783003
21034 8788809
23719 8788917
11207 8789965
20294 8790421
614 8791001
27860 8792748
26435 8793536
14792 8795954
13205 8798030
1835 8799306
1411 8801048
17261 8803609
6750 8807564
14743 8809775
15142 8811723
28707 8815950
9022 8815982
6345 8817733
22855 8822092
29773 8822524
10166 8824531
17520 8828150
2476 8828152
26571 8830500
12986 8833490
9861 8834579
19013 8834892
6620 8835372
20110 8838278
3026 8838633
3549 8839836
21492 8840114
17819 8840648
23287 8842609
23758 8846039
12694 8846725
24250 8848379
14991 8849093
27633 8851342
24894 8852790
26474 8859768
14182 8861624
27370 8865893
27170 8867649
23616 8868895
20511 8868953
14557 8870564
9586 8876286
6737 8876793
17122 8878179
2304 8879203
249 8880228
14669 8883711
15455 8883884
13312 8886368
17602 8887370
28095 8891830
13471 8892357
19547 8894084
6810 8894732
4102 8895784
18013 8896092
26327 8896632
4037 8897229
29234 8898324
20015 8898619
20922 8899354
902 8900497
4445 8901404
10328 8902200
28328 8903115
26014 8904470
22285 8906212
28057 8908482
11680 8910133
19820 8910633
14449 8911725
8092 8912493
5357 8913630
18182 8913910
6953 8914588
10253 8915041
2361 8919512
369 8919656
7863 8921021
28722 8921975
24095 8926124
29844 8928391
28549 8928659
27140 8929291
3894 8929672
16413 8931002
28870 8933199
17181 8934015
3161 8937146
24116 8937218
25418 8937691
21115 8939513
7107 8940471
28280 8941457
22194 8951732
27302 8952563
4336 8952579
28510 8952735
360 8953305
21140 8955886
29857 8956864
21730 8958034
4010 8958830
16727 8963931
13493 8965312
12146 8966591
29418 8966754
9032 8967275
176 8967845
17561 8968676
17169 8968829
21843 8968865
12644 8970856
1239 8971466
7151 8972247
27533 8973833
7560 8974439
5792 8975077
862 8976043
15574 8978712
29577 8979450
2587 8982235
6372 8986081
27008 8987226
27056 8987277
17103 8988433
700 8988733
17784 8989608
16018 8991247
1308 8994870
29134 8996194
27994 8999235
15694 8999962
29671 9001501
12520 9001813
6811 9004789
15048 9005467
9318 9008479
11900 9013487
27893 9014643
3160 9016001
10760 9016612
11825 9019166
27451 9021080
8845 9021694
18889 9022196
15814 9023617
9579 9023656
27755 9026813
10878 9031452
18777 9031455
15610 9039843
18264 9041296
7117 9046905
13553 9047428
4098 9047508
26246 9050231
106 9051393
18821 9052708
17288 9053007
8133 9054409
12851 9054738
18035 9056200
14630 9059433
7338 9063916
23352 9066621
26345 9067526
21975 9068361
16941 9068553
8916 9070012
25855 9070044
10427 9070970
2733 9071232
9097 9075547
4286 9075834
340 9076928
10983 9078524
24164 9079409
4174 9079574
5277 9084349
16851 9093874
1560 9096517
17841 9097497
15781 9110464
3325 9118799
20003 9118859
15474 9119713
22929 9120179
5159 9122287
12963 9124354
10846 9125342
21780 9126157
18484 9128037
24764 9130184
22468 9131083
25995 9131582
16517 9131896
29725 9132092
864 9132290
3183 9133276
17769 9133858
2021 9133888
13073 9135173
5281 9135465
9632 9136802
21275 9137554
5567 9139748
21028 9144639
27196 9148515
10517 9158737
17217 9160504
11083 9161995
27292 9162322
874 9163958
20775 9164471
16709 9178662
25889 9180813
12083 9188508
13521 9190328
463 9195136
6994 9197178
13490 9197180
3632 9197572
27173 9198460
8538 9200962
12543 9201307
980 9202255
5415 9202289
19704 9202873
11862 9202991
25290 9203730
27807 9205950
25468 9206171
20457 9208522
113 9208864
1971 9210808
25815 9212642
24528 9212877
25207 9215290
16084 9215525
22800 9215971
1369 9220209
14075 9221095
27336 9221143
7275 9225016
16887 9225159
1501 9226980
503 9227577
26173 9228687
2235 9229838
7602 9231556
17581 9232923
21774 9234215
20777 9236705
17482 9242750
2452 9246849
17969 9247087
208 9247692
20067 9249989
7650 9250681
2240 9251897
28938 9252164
10493 9253708
29166 9254439
26354 9254649
4296 9257709
10186 9258405
6365 9259814
10377 9261036
13189 9261145
23704 9261260
25142 9263393
5367 9263573
12269 9266201
13962 9266784
11291 9267477
19795 9268345
17384 9269097
15104 9270227
3107 9270406
21122 9270744
15227 9272649
15053 9273697
5631 9273788
4398 9276602
24806 9277278
16500 9278058
14448 9278972
27719 9279788
27396 9282290
14372 9282824
28759 9282970
10671 9283441
19900 9284253
12156 9284580
18042 9285596
28658 9286343
25879 9286566
9083 9289206
21378 9290057
5852 9292145
7827 9295882
7075 9296026
29891 9298497
4347 9298771
16853 9300973
14746 9302848
13572 9304470
25604 9306033
17642 9306906
28621 9308374
24065 9308811
11402 9309882
24789 9315292
8448 9316557
26021 9319021
28322 9319061
25438 9319152
13281 9321409
29450 9322682
17387 9325849
20662 9332615
4943 9335013
11847 9336413
13000 9337100
3738 9337813
3420 9337829
6487 9339371
25409 9344548
24956 9345333
13623 9346077
21829 9355387
6122 9356223
5195 9357343
8054 9359789
25038 9359806
19144 9360778
17643 9373424
29107 9373587
12236 9374207
8812 9374250
166 9374370
18541 9375414
17670 9376068
26654 9378454
19642 9380834
14829 9382632
11020 9382991
25153 9386562
25422 9387148
16733 9387519
28358 9389934
19415 9391524
7104 9392896
8052 9393558
19754 9397286
28571 9397960
3701 9401216
20975 9406370
16062 9406700
28209 9407939
29346 9409331
21472 9425162
19148 9425331
17941 9428761
3724 9438804
8846 9439803
4251 9440728
27297 9445006
24237 9446396
13512 9447068
17211 9449440
25985 9452446
21779 9452663
19794 9454580
1609 9455227
783 9455418
9236 9457866
8552 9459457
16773 9460072
25414 9461069
3364 9461715
10553 9462629
20445 9463544
15026 9464759
3398 9464817
22720 9465577
21893 9467767
8338 9469602
23282 9473017
3595 9473366
9015 9475552
14118 9476883
21239 9483083
5877 9483250
13070 9485269
4004 9489674
4797 9491349
17029 9493080
6868 9494757
6760 9497982
12074 9500339
10250 9500441
8896 9500555
26642 9500851
12124 9501543
23882 9501615
15789 9503506
16535 9504416
681 9505479
3698 9505663
23793 9505725
20353 9506090
29956 9506408
11525 9508159
15673 9510205
16263 9511457
8118 9511754
23950 9516093
14615 9518349
2726 9518624
16291 9519589
17179 9521080
26027 9522231
29024 9523216
3780 9524228
27689 9531206
5351 9533601
5243 9534981
25363 9536107
6764 9536155
3634 9536404
6857 9536564
3085 9538503
5356 9542379
704 9543803
13094 9544790
9740 9545031
23177 9547038
8050 9547301
10715 9547666
2578 9548092
23143 9550871
20645 9552967
22987 9553817
29213 9555317
12452 9555500
1759 9555926
2610 9556410
9443 9558585
3031 9559110
29069 9559452
27317 9562035
28681 9563661
10334 9564312
2025 9565111
24112 9567936
7515 9568588
8337 9569192
19866 9569445
11254 9569681
27692 9574532
29903 9575360
22433 9576850
144 9577331
20261 9578460
14880 9578823
23871 9579949
5043 9580756
28398 9585473
28300 9585727
10496 9586940
4762 9589972
7878 9593886
7761 9594885
18949 9595350
591 9595819
2167 9597593
28419 9601755
1241 9602586
13763 9604474
23439 9606995
5480 9607672
26475 9609885
24401 9609954
12726 9610313
24242 9610686
26865 9611041
12466 9613815
11923 9615246
14620 9616127
13964 9617853
12630 9617950
8144 9619581
14216 9619760
7719 9621046
5373 9622442
27464 9624075
7473 9627667
25632 9628475
15794 9628819
2050 9630005
17465 9632815
23260 9636913
3042 9637999
23441 9638571
28289 9638609
27441 9638983
1263 9639525
26473 9640281
17623 9642736
28975 9644986
24167 9646683
8976 9649216
4989 9649354
14228 9649595
1074 9653561
22106 9654170
24311 9656073
15924 9656428
2547 9656807
27534 9657467
2260 9659202
18314 9660174
1970 9661785
22801 9663894
11780 9665814
18632 9666062
7321 9667853
19176 9668878
2668 9669356
10261 9670782
17522 9671131
25324 9671224
6604 9672400
1291 9672414
18523 9673056
6563 9673197
27049 9673484
533 9676421
4429 9676833
15098 9678755
8124 9679870
12479 9681183
8924 9684080
5089 9684484
6258 9686181
7782 9687761
20845 9692662
28378 9692902
17241 9693629
20359 9694081
10429 9694254
1540 9694616
6674 9695812
3165 9696289
4369 9697077
24434 9697875
2779 9700270
2202 9700858
16083 9701990
9396 9702980
7810 9703875
21348 9704672
28116 9709520
3050 9709888
23403 9711200
16556 9711362
13424 9713199
14527 9714587
15951 9716219
23622 9717157
2451 9718155
11967 9718877
374 9719297
136 9719466
24927 9721734
11286 9726650
10016 9731877
17823 9734140
2110 9735236
11391 9736959
6248 9739549
16614 9743207
23134 9745764
6073 9746428
3389 9748070
17967 9748539
21020 9751708
26338 9752989
8977 9754135
10931 9756107
12617 9757152
6504 9758564
21063 9763419
25216 9763613
24896 9764762
13632 9765482
19961 9766096
23693 9766221
20695 9767657
7616 9775499
24161 9779830
10459 9781694
19344 9782217
3785 9782346
8592 9783773
16835 9784088
1648 9786043
21704 9786064
1957 9786749
719 9786885
5345 9789718
22322 9790933
22293 9791273
14485 9791448
15864 9791670
20409 9792565
2714 9794818
29073 9796611
16776 9798470
3756 9799306
29682 9799641
11655 9800285
4868 9800612
23084 9801487
11997 9801910
6217 9802471
11687 9803346
29311 9804571
3122 9804778
4699 9806265
16087 9807105
8153 9808443
3444 9813384
24132 9814499
7829 9814958
21027 9815799
28885 9822100
7705 9822391
3777 9824050
25305 9824224
7419 9826900
28539 9828220
16792 9830227
2608 9831240
7935 9831579
26153 9831679
4525 9832105
14989 9833347
271 9833500
698 9836817
10352 9836943
12636 9839383
11075 9840730
21497 9843400
16522 9845331
22437 9846305
6338 9847661
2568 9848580
11316 9850327
11753 9852378
26206 9853323
20841 9854519
11647 9855480
3658 9856122
18602 9857071
28101 9862748
1388 9865957
27093 9867198
7885 9868213
5402 9869861
8881 9870587
4432 9876649
3142 9876890
26649 9884030
13258 9885094
7760 9886669
13657 9887322
26087 9887621
17230 9887800
24209 9888625
6144 9889174
29264 9889716
10996 9890289
12028 9890638
24548 9892224
28248 9896657
26615 9898474
25193 9899914
26324 9902103
12434 9902608
13967 9905464
15585 9908620
29674 9908965
21697 9911467
11365 9911628
21229 9913324
243 9914791
21572 9915306
3813 9916202
26534 9917620
11932 9918462
637 9919638
10489 9920474
22762 9920671
19879 9921820
16499 9922773
12193 9924623
18964 9925240
16514 9926628
21940 9927334
2912 9927883
9523 9928642
15593 9930508
9640 9931244
4717 9932686
4916 9940162
19465 9941008
2695 9941640
13822 9942488
4728 9943262
13729 9943328
20804 9944737
20379 9945139
25219 9946450
24704 9946956
15097 9947824
4502 9948089
7847 9949610
722 9950374
21334 9950537
17634 9952777
6312 9956229
26930 9957332
3760 9958380
8945 9958420
18583 9959188
8100 9961111
13008 9961441
14830 9963243
7105 9968897
12022 9971284
28868 9971324
17537 9971404
23388 9973268
10259 9974585
10781 9977245
9155 9978383
18830 9979024
14814 9979305
20618 9981516
8159 9983309
4096 9983983
5721 9986382
4553 9987378
25625 9987926
6920 9989138
23423 9989309
6928 9989664
27452 9991548
11880 9995646
22746 9995791
1273 9996617
37 9996658
1423 9999410
29942 10000254
4365 10006968
13353 10007095
20682 10009916
10583 10012331
15875 10016112
10771 10017008
25864 10018863
21138 10019992
18714 10020829
13584 10022432
27927 10023036
3384 10023519
24621 10025770
27744 10027589
15771 10027950
5005 10030967
21241 10032108
10362 10034054
19653 10035607
29904 10035684
135 10037116
13144 10038139
6264 10038792
7490 10039623
10023 10039873
11652 10040222
27178 10041451
5037 10044151
11792 10044177
1978 10045816
29410 10049677
27947 10051733
899 10052077
24210 10052522
24532 10053160
2029 10057613
1966 10058711
18882 10060459
29998 10060919
11160 10061758
24046 10064660
6166 10065666
29456 10065787
16028 10067102
10257 10067370
17798 10067381
8583 10067710
7406 10070170
26885 10070838
3169 10073201
2391 10074045
3271 10076761
21994 10076981
20167 10077462
9185 10077706
4542 10078108
14262 10083506
13052 10087170
29296 10090847
3973 10092213
23456 10093386
3062 10093517
2700 10094779
27218 10097273
287 10097727
1575 10098232
27863 10098518
13635 10100070
4673 10101298
10438 10101305
26619 10103413
1400 10105981
3582 10106374
29875 10106530
19433 10107776
7736 10108576
29594 10111876
12368 10116514
2282 10117209
9932 10118158
10992 10119524
13467 10120423
839 10121180
12282 10122599
27034 10127564
9633 10132991
18849 10145613
7716 10147864
21989 10162101
10842 10162360
11108 10165531
904 10169039
10502 10171195
9235 10172494
10515 10173886
9124 10175368
10389 10175857
15760 10176288
27187 10177022
28451 10177893
9258 10178971
4713 10182132
25727 10183002
6060 10183334
12018 10183901
28691 10183951
17977 10184990
8827 10187622
14678 10190131
12216 10191425
1092 10191532
13325 10193444
6433 10195452
23662 10196630
26514 10208102
17754 10208501
2792 10209281
10662 10213228
25751 10214557
9156 10226787
2434 10227480
12819 10227675
11053 10232532
28953 10233341
23757 10234288
9922 10234711
19070 10240015
12777 10240367
18516 10244728
20853 10245801
27169 10246116
26285 10248729
10977 10248917
10192 10250163
14888 10252565
26730 10253920
6344 10257024
5959 10257739
403 10263501
22348 10267421
27352 10267542
22920 10267872
21322 10270880
12125 10273482
12616 10275372
1696 10275902
27245 10278153
8876 10281354
13887 10281592
15718 10282671
1653 10285342
15938 10286689
21222 10287004
14393 10287139
12449 10290406
1463 10290877
4202 10291042
27556 10291139
14339 10291204
22578 10291540
27029 10291945
11626 10292884
27152 10293236
9974 10294244
17867 10295842
29120 10296797
16426 10301262
11142 10303067
18544 10305240
25940 10307028
6220 10307779
1315 10307889
7979 10312121
9231 10313931
24449 10315982
15160 10319480
7157 10320337
24130 10323763
29672 10323933
10430 10324194
22455 10324937
21498 10325681
1991 10327450
23168 10328377
5021 10332730
9454 10334128
19479 10336995
6970 10337684
822 10339293
29756 10339547
4977 10339710
1716 10340748
17583 10342287
20480 10342785
29779 10342967
13440 10343100
256 10343377
5039 10346915
3845 10348316
29035 10349299
14250 10350395
12401 10350708
9719 10354595
8787 10357489
13717 10359657
22302 10359760
1849 10359855
1806 10360303
6865 10360715
15217 10361304
25134 10361856
24609 10363495
8832 10364007
28966 10365299
18929 10367073
25337 10367612
22195 10369767
2087 10371680
23065 10372277
23318 10372289
8951 10373324
16695 10375377
11694 10375927
6056 10377416
26412 10379699
7352 10380351
11884 10380640
2858 10381447
6302 10382248
8519 10384680
15163 10385656
26208 10386213
23425 10386232
29444 10390911
13555 10391771
11478 10393102
29294 10393277
29886 10394029
5051 10404000
2230 10409754
22084 10422024
17377 10423290
20973 10424709
25532 10429342
18779 10431579
8874 10433206
3970 10434245
14275 10434400
2685 10438027
8954 10441040
23831 10441943
6271 10443060
25367 10444871
6930 10445884
11161 10446523
3955 10446805
29430 10448152
26583 10451018
6459 10453550
12406 10455920
462 10456582
24999 10470421
13330 10471024
20117 12585542
23815 12586501
24213 12588576
8518 12591579
9731 12592559
9168 12592743
28 12593919
207 12594536
5399 12596336
23746 12601016
8691 12602956
7322 12603634
17235 12603935
27147 12604370
13972 12605044
7881 12605543
9033 12605920
19379 12607379
14836 12611699
10972 12613985
16649 12618267
24983 12618577
6088 12619429
4841 12620054
15982 12620595
19903 12620595
17070 12621774
21820 12623181
702 12627380
17917 12628251
29863 12629698
19991 12631127
17201 12636003
27214 12636387
14474 12637849
4787 12639237
18891 12639325
15882 12640965
8029 12642041
25601 12644147
3163 12646010
25692 12649431
3962 12651421
19232 12651757
9326 12653000
20504 12654052
27933 12654186
3104 12655308
7685 12656736
10488 12656890
22540 12658818
20311 12658827
8661 12660794
26962 12664676
14603 12666342
10037 12669026
12727 12670354
3447 12672119
28973 12673599
7219 12674183
22181 12675457
23156 12677766
11211 12678762
7233 12685162
12224 12686566
8286 12687276
5635 12688793
17760 12697449
1683 12706152
23736 12707796
25875 12709569
9401 12711250
28981 12713059
5595 12716387
17855 12716557
5944 12717126
20086 12717274
9742 12717893
4953 12718294
449 12718894
18834 12720233
3948 12720506
15583 12722325
24814 12722378
5276 12723652
27873 12724216
26693 12725244
28991 12727835
6832 12728209
19318 12730749
17739 12732301
15012 12732758
16007 12732975
22358 12734084
4392 12734586
12068 12734663
28164 12735042
20212 12735413
5736 12736477
12755 12742381
6989 12743522
17877 12744074
23427 12744315
6726 12745517
4515 12745576
19231 12749159
24027 12749312
12010 12759001
5828 12759129
18760 12764493
11591 12768727
14259 12769515
21273 12771788
22028 12775918
12259 12776694
6314 12776793
29508 12776818
11376 12776903
9667 12778633
13393 12779756
22347 12779972
19383 12780084
18021 12783695
12854 12784212
238 12786241
12867 12790045
21967 12791867
15074 12793836
19600 12795047
16349 12796628
2742 12798360
21218 12798980
229 12799178
12318 12800081
9721 12800855
12610 12800956
12547 12802928
24563 12803089
20039 12804998
10895 12805603
468 12806334
26445 12807296
22612 12807447
12567 12809151
24668 12809627
29651 12810093
17343 12812083
25557 12813439
1086 12814158
15460 12819305
15634 12823146
18441 12825552
11765 12825731
1808 12826275
22160 12826792
17815 12826899
10820 12827428
27515 12830528
7953 12831898
10695 12833526
16926 12833734
21864 12835930
20639 12836213
27434 12838346
27423 12839933
4948 12841423
29076 12841847
27366 12843850
2840 12843889
9042 12844848
12231 12848446
1950 12848615
14407 12848800
3804 12848974
18617 12850395
3421 12851509
15388 12853049
18806 12857985
8120 12858934
11840 12859080
6358 12859107
9734 12859822
5776 12861443
4775 12864511
5198 12864885
8406 12866002
13049 12867998
13844 12872092
11645 12872450
29872 12873255
21226 12873915
16501 12876679
14106 12883092
13181 12883598
1945 12883971
21782 12892637
11041 12893998
5715 12895793
5939 12896834
4012 12901088
29164 12902281
17837 12904149
17586 12904440
21700 12907721
23571 12908464
14317 12912036
17514 12914122
20136 12915985
22178 12919294
15959 12919590
27763 12919887
26331 12920555
11361 12920617
20012 12921849
26915 12922198
28663 12926416
14804 12927179
23927 12930046
15271 12935328
13511 12937636
23296 12943953
21372 12944794
21471 12945998
7223 12948395
21246 12949355
3862 12949377
5453 12949760
10521 12952595
18241 12953247
5438 12955045
29453 12956668
19752 12960572
9893 12962080
12430 12968279
27803 12968966
11553 12970104
7208 12970982
17468 12971041
12432 12978020
2971 12980725
12454 12982199
22552 12984887
27861 12987729
21917 12988883
19352 12989315
20741 12989563
24370 12992281
4737 12992470
1076 12995620
6357 12995762
20890 12999807
28943 13000044
25070 13000403
28498 13000448
8304 13000456
508 13002570
24367 13002902
17065 13003365
7503 13003931
17796 13008656
23316 13008670
1272 13015471
676 13017171
18226 13017615
26627 13018628
25331 13018822
25059 13019286
1429 13021326
18709 13021476
4905 13023115
5492 13026252
3345 13027701
21305 13030141
19905 13033377
2622 13034576
1935 13035027
26277 13035862
2498 13036032
4348 13039233
23188 13039753
5725 13040538
2056 13040667
8819 13041062
10633 13041861
17358 13044164
21413 13047067
4779 13047710
22849 13048559
18458 13050900
11062 13052815
10870 13054161
27148 13055851
3967 13060456
28570 13061928
12568 13062064
19919 13066856
22180 13067694
1994 13075087
14095 13076273
5320 13077133
19428 13079964
14962 13081472
4486 13083358
5558 13084476
12232 13085081
23045 13085519
1979 13087145
10935 13092380
27497 13099383
15306 13099945
20440 13100695
1853 13109913
13420 13112606
8605 13113815
22062 13114700
24442 13115051
8729 13117353
17034 13118375
29425 13119269
7544 13123020
801 13123804
5919 13126288
7173 13126704
3883 13127063
20206 13134109
558 13134937
22218 13135033
3119 13137879
22114 13138713
12589 13139670
14734 13140146
3329 13141738
22487 13143988
19619 13144081
21426 13146185
18422 13147069
19599 13147104
26187 13147691
28036 13152019
20388 13152375
3154 13152814
15601 13153200
6794 13154095
12370 13155572
22409 13157165
7562 13157198
1281 13158949
3326 13159240
10769 13159276
1374 13164917
10572 13165536
18137 13165615
5161 13166188
7390 13168452
18101 13169636
15657 13171032
10208 13172198
24409 13175731
14827 13176013
17497 13177562
7822 13179694
28559 13181537
15669 13181858
20084 13182880
19737 13183104
24985 13183801
22408 13186416
27769 13186917
24796 13187562
12885 13189170
21974 13190516
22901 13191447
22221 13197519
8408 13198130
22635 13198162
29681 13198800
25447 13203434
24924 13204027
14100 13204838
6941 13210846
27454 13211208
28550 13212132
24355 13215021
16423 13215546
414 13217976
768 13219455
7876 13221017
20338 13224671
20778 13225956
6631 13226136
23955 13227080
1901 13227895
14103 13229063
13286 13229521
1530 13230003
9460 13230998
1359 13232702
15238 13232986
29165 13234262
8234 13234976
9648 13236615
3775 13237647
17536 13239637
25988 13243035
10288 13243839
27446 13245370
11741 13246256
9940 13246994
7710 13248245
10304 13249469
3941 13249503
23589 13250169
13954 13250835
22372 13254409
16549 13256247
26816 13258396
7261 13258412
22371 13259032
20027 13259159
12858 13259501
9590 13260213
24883 13261997
15776 13263685
4033 13265398
15152 13265602
4482 13265846
20477 13267230
10979 13267746
22573 13277052
27235 13277113
29017 13277314
373 13287577
22138 13287843
23739 13289908
24897 13290592
13663 13291028
13379 13303864
16662 13303944
13992 13304280
19045 13305586
10157 13306540
10801 13312823
20189 13321055
21090 13322255
15681 13324275
11157 13327937
1791 13328260
17775 13328318
16129 13328635
18531 13329724
18390 13329855
6986 13330352
10149 13330828
13664 13331397
10871 13333836
14446 13336232
15442 13336487
14192 13337882
11069 13339949
22723 13353624
19694 13355228
7617 13355619
7245 13358070
15842 13358780
21535 13370270
6392 13371386
4663 13372007
9026 13372537
18976 13375606
9096 13375702
14494 13377056
17190 13379259
20182 13379481
4031 13384527
2954 13388466
15895 13389878
17923 13389912
9314 13389981
4712 13393981
21225 13394459
7066 13399652
25556 13400181
13187 13400444
13315 13401877
26264 13404679
9975 13404797
4843 13404853
21327 13406546
25016 13408901
9911 13411360
16512 13414111
15410 13414753
18366 13415090
23422 13418294
13703 13418604
21038 13422993
2974 13424143
19852 13424392
5209 13424905
22150 13428625
24403 13430345
21116 13430577
12142 13432802
25970 13436166
13203 13437229
26476 13437275
27739 13438606
13526 13441411
17152 13441934
15607 13442266
4619 13442285
19768 13443536
5995 13443666
14569 13444313
6048 13444600
29947 13444639
3581 13445393
13561 13445635
8791 13447371
22179 13451511
3433 13452534
16916 13453206
5248 13453352
21184 13453631
7428 13455052
2460 13459563
13782 13460413
18571 13468011
29988 13472394
57 13472621
5082 13474650
1174 13475491
3357 13479691
2666 13480925
16713 13482918
28972 13483331
13687 13484268
12591 13487162
20093 13501893
24154 13502660
15049 13503511
14386 13508828
14433 13510889
17582 13512063
23397 13512655
18150 13512743
9377 13515304
4641 13515517
16644 13516819
4481 13518007
2038 13519119
6187 13519152
15551 13520360
27912 13520514
20416 13521309
17608 13522099
6057 13522299
26672 13524402
8293 13525273
26247 13527379
13691 13527945
4910 13528749
17237 13528806
17306 13528882
169 13532458
6411 13533197
3455 13536400
28536 13537882
24316 13538120
6286 13538569
14466 13539042
21729 13539795
3038 13540905
5556 13550550
878 13551950
4167 13554825
24587 13555082
332 13555240
27200 13556027
5292 13566482
29514 13566753
2845 13568156
27603 13568844
13668 13569704
12677 13570506
4653 13573522
11251 13574096
13066 13576051
19537 13576566
16338 13576751
24470 13578576
15899 13581723
18121 13583020
7025 13583045
12297 13584068
11702 13584664
10511 13585058
8116 13585707
5218 13590979
9057 13593552
13976 13600093
6093 13601911
5488 13604210
9930 13606238
25253 13616036
27189 13617369
