6071
18869 905
26315 3936
19048 6145
8006 6160
12508 6528
7643 8407
21587 9330
227 11462
20987 14508
22312 14568
572 15777
17395 17189
19502 17951
26496 21469
22236 24617
7933 25179
5175 25231
25951 26618
7114 28903
15187 29708
23527 29944
8461 30190
3674 31399
20917 31923
19354 33134
22755 34093
27277 43221
2650 43327
890 43554
23339 46280
3465 46407
21992 46472
8886 54787
15765 59370
10099 61246
17614 64811
28653 65090
14359 67760
4381 68303
23504 68947
18395 69658
27720 72114
20721 73948
3950 74071
26824 80636
18321 81178
10284 84084
24138 86674
6452 86681
14770 88868
1526 89051
16112 90711
21802 91731
15031 93428
17688 96106
7413 96572
17130 96861
2339 97149
18575 98958
14511 100263
11587 100832
2823 102095
5119 104522
2123 105002
3283 105496
17727 106699
18892 107914
16999 112542
794 115819
996 118735
12338 119366
23621 121701
28267 125051
141 126754
11917 127311
22471 128075
24982 128488
4645 131287
22654 132235
7787 135788
5957 136676
2210 137973
3245 139445
12345 140000
12104 140367
17765 141255
497 141655
17709 142940
21056 143492
8678 145974
18864 146076
819 146519
14286 147561
25440 147917
23780 148339
5375 151472
26797 154615
240 154641
12606 154682
14756 154767
22275 158525
2988 158795
19478 159353
2064 159887
12225 160228
15208 161613
17380 163444
19462 167599
20843 168002
10171 170075
14950 171437
27600 171613
808 175582
23350 176831
6573 182888
18488 183336
13025 184541
1132 186067
3264 186896
24389 194432
21500 195112
732 195597
6923 196150
12798 199369
12016 203700
24302 206645
9304 210689
24261 213289
14958 213352
24523 216549
4991 216784
6575 218000
14014 219778
29350 221376
8980 221570
23410 225373
19023 225457
16280 226316
3333 226321
24661 228377
12014 235351
4064 235443
29580 238795
12160 240982
25770 241973
9691 243494
7394 244397
29937 247481
6186 254153
18461 256176
14465 259603
26231 260124
23896 260899
21476 261272
8823 262072
23600 267273
13545 269369
28693 271090
2069 271596
6311 272686
3137 275528
26947 276860
319 277048
5564 278138
1101 278487
29722 279291
12292 279854
19698 280603
9108 281430
9308 285001
16001 285336
28393 285596
15866 286180
19702 286888
16096 287079
27992 287801
10014 289264
4609 291609
11259 293172
27236 293438
15103 295702
20424 295823
10930 297479
28046 297497
14861 298419
29380 298497
3558 300921
26066 301178
18763 301916
20304 302665
12761 303296
3715 304354
9823 307431
1793 311905
4936 312581
13214 313039
24289 313105
25870 313116
18703 320873
16490 321710
8035 321948
16704 323211
1737 323898
2673 325577
16975 330705
8452 333859
13754 335925
5669 336509
22958 337020
12357 337088
6170 341088
26849 341949
15963 342110
21021 343114
26565 343247
19610 344514
19492 344633
8587 347495
5742 348129
26008 350296
12229 350572
16284 351656
12913 353042
28217 353558
21454 354920
2168 355878
26531 356965
10196 357949
10799 358144
3021 359229
4725 359431
25787 361035
5424 364606
20149 368139
288 369219
28752 371233
3269 372860
6505 374014
28523 377131
17144 377169
15429 377629
8763 377958
8137 378134
20348 380029
26471 380463
29370 381692
9789 382900
4391 385096
10936 389081
14631 392334
1073 396536
7220 398400
19271 399262
18143 401883
16281 402318
29191 402553
25162 403687
16905 403729
1346 405207
14637 405355
14251 405510
29665 406797
29130 406862
14059 408941
28659 409410
23691 410827
21968 411008
29040 411277
29606 411803
21296 412045
17085 412579
27623 412943
25240 414063
10818 415855
3250 415968
17958 418438
5745 419051
11963 419806
13818 422161
20694 424368
6977 425912
2280 425962
21018 426311
7994 427472
22238 428682
27436 429634
6176 430995
24124 431291
22355 436524
19452 437648
8973 438063
21982 438105
28655 438189
18171 442309
4342 442814
25972 445543
1755 446172
19084 446308
5540 448892
14870 449811
18212 452252
17731 452821
2533 452835
5432 453754
25161 454474
19460 455534
19753 455721
16315 456049
6239 456617
1363 457186
5131 458727
6871 459020
12138 461271
1868 463631
19592 465200
5257 466225
16880 468415
9146 468909
27984 469417
1874 470926
22337 474912
28112 475482
6997 476064
20974 477093
1213 477126
20401 478048
28482 478187
14913 478290
9696 478446
10702 478575
11247 479738
15629 480791
19159 481408
10823 482447
29521 482598
17512 484414
4172 485066
10175 486730
52 492161
590 494348
13875 495472
3114 495789
28844 499149
570 503098
13121 503383
2091 503501
18073 508543
18574 509025
8196 509255
7564 509437
10637 510983
11292 511105
17055 512170
16428 512438
15735 513296
26980 517328
12947 519416
19715 520692
1919 522681
20905 524747
15670 528673
852 532880
14484 537881
22905 539033
16960 541739
16309 543829
9618 547353
27849 548383
19604 549614
23575 550266
29821 550684
785 553254
806 553307
27268 553721
23517 554133
18522 554160
13133 554473
14356 556330
14705 556778
12498 557170
5808 561796
926 562067
23594 563240
8854 563735
24479 564054
1870 569822
20699 573066
26734 584522
22406 585127
20009 585936
8578 586597
13558 590506
4049 591580
14539 591642
16268 592160
20658 593614
7193 597766
1422 598248
28830 603569
22165 604301
14025 611499
18382 614308
13339 615096
24322 616597
11541 617343
21355 618527
6374 619079
1209 619669
13522 620142
12593 628960
22009 629004
10618 631457
8396 639576
11677 642245
7256 643519
7724 649124
17530 649293
3443 652376
18380 654916
23013 656667
1778 660896
4674 662034
4247 664633
14893 664663
11813 665811
24556 670057
4892 671898
12463 672420
22718 672459
16844 673828
29513 674724
27913 675227
578 675308
26175 675518
14597 680108
19986 680694
1372 683838
24687 685474
28424 685876
12699 686988
12277 687080
24546 688965
8513 691382
21580 691512
4014 691643
14042 694253
5947 694359
10908 695542
26687 696122
8992 696557
22213 697142
29662 697597
9029 697790
8569 699204
29680 701617
3123 702136
29026 704250
1191 705831
9174 707692
2438 710439
1028 712230
17843 713909
17205 715094
8702 715796
12864 716053
20665 717120
12411 718053
2887 719423
21259 720460
8864 722290
28382 722352
5085 723987
17594 729142
16885 729958
21055 736099
24216 738002
28286 738629
15038 739799
15909 740329
24419 740412
10095 742061
20100 743046
18300 746594
21951 749457
15362 749539
29157 749758
26552 752871
22539 752885
22617 752998
22316 754684
22364 755636
14805 756859
3956 758057
23679 758164
14212 763350
2705 764629
3108 767709
4397 768119
10735 770480
27249 771913
17804 772230
17236 772449
24487 774602
23375 779001
9962 780161
15439 788005
24638 788324
24051 790467
11649 793402
998 794422
1887 802909
9989 804150
9845 805112
2419 805199
9099 806315
24504 806694
24890 807623
1610 807979
23581 808460
18668 808893
18971 810023
13116 810699
24278 812054
14623 813260
14230 813603
7387 817652
18164 821542
19091 822331
26542 822540
24539 825057
18378 826381
4231 826470
16620 826493
4655 827347
12220 830085
18884 833054
22753 833366
19536 834235
29877 834428
6130 834440
8609 835835
29673 838787
23149 840074
669 840168
27274 842034
9555 842848
21260 845672
12578 845951
11290 846331
17926 846697
5076 849514
19254 850126
15001 850417
15319 850438
26436 850539
16747 851753
12021 853021
22151 857699
77 859940
22985 860065
4425 866629
19382 870426
24561 870962
25547 873803
22889 874810
18068 875834
12833 875933
19265 876563
16986 878620
25098 879330
27090 882116
23993 884029
12033 889034
28032 889380
13450 889872
11643 891808
20606 891902
14810 893227
15581 894169
22107 894653
7401 894947
6244 896824
25449 897662
11233 902791
14550 904885
9507 908432
10545 910038
25124 910243
27222 912296
321 912886
553 914482
6308 917752
28082 919160
13914 922911
19589 924155
29724 927904
10408 928918
17507 932877
26868 932910
20727 933648
13966 934584
5941 935602
1160 936448
8126 938015
10268 939666
12690 943405
24435 947563
18008 948220
23256 950424
29324 950463
21603 953201
20367 955649
25401 957855
24338 960955
17929 961272
2931 963510
12179 964888
6746 965371
8811 966099
2409 972170
873 972439
29044 972473
10396 974430
120 974984
16557 975316
23777 978644
16817 978853
1836 983792
6009 986854
17692 987501
22533 987711
29278 989814
1807 991668
23072 992881
6381 993065
18659 995271
11506 999172
27808 999417
12602 1000417
7830 1002289
27150 1002921
7561 1003663
6956 1007082
19925 1011978
4638 1012380
2103 1013090
29709 1013160
7340 1013257
6137 1015500
7575 1018473
21219 1019262
23816 1019280
28308 1020485
24980 1023518
14551 1023930
11783 1027336
18622 1028863
23080 1029384
11933 1032199
28786 1034160
6681 1035433
29515 1036495
1717 1039224
15925 1039605
24958 1042907
5784 1045732
5923 1045998
14605 1048371
3628 1048748
10228 1057858
6692 1059032
9180 1064911
19720 1065061
6819 1066191
16484 1066872
25982 1067253
14537 1068067
19430 1069067
1770 1074621
15433 1077662
23395 1077952
1523 1083569
5149 1083736
9782 1085696
29851 1087369
21695 1090003
28341 1092563
80 1093060
22026 1093117
18674 1093645
3529 1094519
16735 1099365
17740 1101855
2710 1103502
14002 1103686
5044 1103764
12673 1106182
10934 1107794
17875 1110038
22088 1111496
29540 1113063
26253 1113820
26768 1115915
29558 1117119
22294 1119255
26218 1120009
19601 1121696
23794 1126930
24293 1129144
7123 1129296
347 1130440
24536 1130624
29741 1131173
1772 1132623
21553 1134896
1235 1136554
22602 1138007
25650 1139526
6802 1139886
14722 1142537
16879 1145670
3969 1145689
14901 1146056
1682 1149482
10849 1151403
26243 1152058
8717 1154942
21444 1156427
14733 1157609
16528 1158897
10332 1160505
17341 1162265
19712 1162331
20774 1163488
9754 1164660
13431 1165726
26093 1166478
27788 1167457
19450 1171194
8919 1175103
1625 1177627
14492 1179132
866 1182013
21189 1182023
24693 1182049
9452 1182867
13466 1182978
16563 1183570
11245 1183931
3008 1184638
2055 1185366
23086 1186303
29348 1189280
22952 1189299
5880 1193251
10344 1193666
29384 1195137
9918 1197018
26657 1202421
2861 1204883
6289 1206353
12471 1207992
29155 1209534
10218 1210366
28411 1213221
23447 1215195
26168 1216686
2199 1218471
26914 1219081
532 1219615
3885 1219734
16918 1224591
23393 1225385
19392 1226023
25560 1226279
3225 1226604
25905 1227255
7624 1231077
25767 1231708
28714 1231795
4533 1232158
6542 1233646
4646 1234278
18897 1245978
16093 1246886
3934 1247862
29634 1248010
29048 1250762
27721 1254224
9492 1254800
19909 1257842
1196 1260463
7821 1260789
21329 1263134
8370 1264044
19527 1264105
20013 1265217
13263 1268162
3346 1270815
10451 1272104
29147 1272565
21015 1273095
18975 1273121
378 1276398
13031 1277090
10886 1278515
12700 1279009
11489 1280049
6756 1283930
10967 1284894
24748 1286369
6852 1287425
5554 1287453
16558 1287725
1130 1296741
3921 1297337
26598 1302422
8409 1303086
16478 1304146
20584 1305374
22288 1306279
18236 1307184
28269 1307975
11153 1308318
7109 1309607
11138 1309989
14674 1310257
20781 1311289
18750 1312171
1041 1314494
10592 1314948
6654 1316858
1824 1317589
3470 1318728
2478 1321036
28370 1322329
29862 1322757
9649 1323034
6939 1324971
9239 1325316
4582 1326294
4545 1328446
11746 1328548
23709 1328656
8751 1328874
3267 1329216
3899 1330419
16032 1330942
17438 1331526
8372 1333656
3746 1334008
17096 1336211
29715 1338800
9621 1339266
24238 1339327
6118 1339855
4827 1340491
20568 1340931
20103 1341266
25611 1342045
8403 1343252
11019 1343347
21464 1343438
13033 1345577
8969 1345940
10586 1346387
9040 1346500
21692 1346871
62 1349686
28277 1350898
24667 1351373
21509 1351492
18179 1352143
21234 1354239
22001 1355215
6554 1355352
11538 1356279
24386 1357307
16226 1359146
26651 1366851
20370 1367145
11707 1368263
991 1372218
5126 1372236
21125 1372699
20244 1372708
7475 1373994
18346 1376702
7999 1377228
28380 1379514
3638 1380057
22696 1382292
15105 1384095
21789 1384269
12352 1384749
275 1384788
5889 1385235
4339 1385741
26125 1387166
18412 1389563
933 1389736
21411 1391849
2129 1391870
25630 1393849
12337 1394101
28156 1396092
5095 1397187
10988 1399643
20981 1399946
6322 1400066
13028 1401870
17829 1404335
2075 1404584
7790 1404732
13487 1405606
26636 1410760
2527 1413418
18906 1413544
17486 1414596
13062 1415151
19215 1415615
13498 1418344
28488 1419066
16015 1420416
12052 1421819
19624 1424196
25528 1426965
622 1429937
9177 1430014
28950 1431456
18943 1433376
12423 1434601
6535 1435772
23104 1441696
4354 1442055
21232 1444250
18588 1446483
6453 1449702
12011 1450329
22524 1450992
20761 1451509
22240 1452636
8244 1454654
29967 1455004
26456 1460389
8478 1461670
20185 1461682
6888 1464128
2337 1466120
19233 1467041
6786 1468613
11944 1469019
1102 1469305
11154 1469634
519 1470076
9060 1470995
2229 1472355
22765 1480943
15361 1482076
21414 1485176
27490 1485376
2594 1487146
27809 1487473
10624 1489122
17463 1491256
25115 1496271
8559 1498399
12757 1500337
27449 1502111
14319 1503471
29850 1505632
11309 1506761
23543 1507926
25554 1508623
8616 1509371
25928 1512672
312 1514719
2489 1515962
28702 1516419
27864 1518586
14419 1520295
24155 1525147
567 1525742
26047 1528034
3127 1529384
5843 1530568
10263 1531323
17354 1532895
10579 1533637
16547 1534948
2614 1537807
17027 1540860
9328 1540879
21093 1541891
28534 1542108
9375 1546054
16214 1547040
1481 1551013
24551 1554083
18041 1555298
27646 1560112
16191 1561599
4041 1562095
2036 1564898
6179 1565707
19518 1565978
5072 1569429
12071 1571381
3009 1571547
10054 1572027
14012 1572453
26013 1572794
17053 1573764
25533 1574298
5559 1575631
13524 1579091
15106 1582334
21593 1582948
20553 1583024
19067 1587134
10173 1587835
20731 1588170
16208 1588555
18979 1590445
23655 1592705
23501 1593645
7884 1594034
24718 1595081
5839 1596128
11219 1596844
15797 1597409
5363 1598366
19346 1600049
27605 1601297
6262 1602695
1894 1605025
18108 1605658
19940 1605849
22579 1606452
18542 1607168
14329 1607591
4688 1608368
25942 1608743
8527 1609206
26090 1610387
22915 1611459
29640 1611644
266 1611916
5737 1615351
8765 1615454
9389 1615851
27357 1616524
8830 1617381
5822 1618158
21302 1618441
13375 1619134
21398 1620188
12820 1623525
8022 1625359
6079 1625906
4213 1626254
20053 1627091
4088 1631125
13682 1634789
4085 1635360
12909 1638008
20714 1638811
4763 1639505
15081 1640941
14010 1641060
2139 1642591
23858 1643218
10274 1643359
27373 1643906
24483 1644956
27798 1645512
10191 1647921
16718 1648711
29030 1649340
9908 1649845
24142 1650899
26664 1653031
18388 1653431
19201 1655004
29828 1657681
610 1658770
26544 1659444
28314 1662970
5252 1664378
22461 1664822
6958 1665891
14091 1668379
6228 1669850
8203 1670938
6679 1671074
11533 1671434
18163 1673310
5469 1677450
9336 1678662
24930 1679026
16767 1680068
5915 1681119
109 1683679
20122 1684021
18189 1684248
25760 1684923
17621 1684960
8472 1687658
9103 1690778
4314 1691781
7899 1691830
22731 1692072
25300 1696846
8723 1700993
5111 1701235
100 1702211
827 1704413
387 1706057
27705 1707548
18070 1708078
12438 1708395
6559 1708847
24060 1710090
4190 1711362
14478 1711468
28854 1712224
9393 1719072
7203 1719279
23592 1719545
11710 1722148
25895 1722160
26604 1724862
13937 1725588
15282 1726668
10272 1728231
4241 1730521
1748 1731328
23750 1731576
16633 1735646
14801 1740779
17146 1742945
24794 1743965
13809 1745013
13141 1749030
5549 1749121
18803 1749382
14584 1755245
3426 1759512
25299 1759933
26072 1760158
17886 1760169
10650 1760767
21560 1761125
23474 1763339
8103 1764742
28543 1764754
10392 1768247
5723 1768505
11371 1772305
9625 1773042
23872 1773171
16534 1775986
6114 1777288
13372 1778208
2667 1778324
23096 1779291
27109 1782173
17100 1782192
14171 1790087
4485 1790513
13721 1790761
744 1794233
6982 1797363
2801 1799705
13131 1801386
22565 1802555
17196 1803265
3408 1805452
18006 1808006
29591 1809466
117 1811598
10530 1813887
14477 1815609
19748 1815901
20632 1816728
21083 1817622
21834 1817828
24832 1820062
22605 1822080
9307 1822743
15627 1822838
22489 1826013
27914 1827652
11343 1828160
13689 1828545
10203 1832103
27337 1837033
1051 1837141
9283 1839726
5857 1839896
18361 1840456
11288 1841980
20768 1848278
29624 1851102
20322 1852875
6184 1853438
18180 1856489
22375 1856842
20607 1859205
23305 1861124
1951 1864999
29368 1866651
25974 1867539
22650 1868400
29163 1868424
14436 1868735
8925 1870059
23513 1870116
341 1870403
17531 1870690
26240 1871114
554 1871160
10145 1871957
2949 1872912
29231 1880343
1262 1882625
15039 1883118
6014 1883735
13950 1883860
18552 1885681
29544 1887995
10008 1888813
9577 1889791
23365 1889861
17787 1889954
23249 1891042
9578 1891881
8357 1892827
11453 1896625
28886 1897303
19837 1902833
27480 1904620
6279 1907882
3263 1909572
9996 1909768
15443 1913957
29684 1914833
23095 1916182
13221 1919410
22704 1921948
10160 1922564
9126 1923259
23175 1924630
7556 1924676
13666 1927403
23819 1927539
26683 1929030
15325 1932362
12818 1933520
91 1933901
11709 1934926
6203 1935703
27687 1940259
14348 1941348
6129 1943909
28009 1946007
1134 1946470
28007 1947128
9519 1948113
20790 1948245
4706 1948738
18255 1949985
24644 1951132
1421 1951347
9320 1951875
21923 1956579
9073 1957194
24144 1959811
14508 1961952
19006 1963336
6521 1963377
22646 1965233
25286 1969245
11014 1969782
6829 1970112
1878 1973269
23996 1974213
24822 1974893
28148 1975135
8471 1975367
27420 1979758
19055 1980446
18340 1980921
21531 1985198
21867 1989001
27814 1994051
19188 1997830
11491 1998159
3758 1999814
2933 2000114
27294 2000124
5055 2000662
9988 2003890
13201 2006714
13846 2008738
23974 2011245
28285 2012741
22679 2013241
4112 2013588
22613 2014045
4879 2014654
14558 2015022
7324 2016229
29424 2016269
9354 2021865
1524 2022041
4122 2022594
12173 2022822
19907 2026972
10784 2027084
14145 2031687
3690 2033061
29994 2033554
6477 2034343
2617 2036450
27732 2037310
9737 2038718
19316 2038905
3850 2039999
22690 2040274
26522 2040844
1476 2041380
20505 2041791
15572 2042856
19519 2043293
6806 2043721
18489 2045407
3319 2046706
16893 2048860
164 2050694
14092 2052411
28042 2053802
2874 2053916
20479 2054248
5115 2054533
17832 2054699
21133 2054709
19813 2056723
754 2057619
29201 2058097
29442 2059618
19494 2063560
18792 2063856
28083 2072568
15213 2073787
19214 2075120
6243 2075448
14504 2075551
3335 2075953
724 2076677
26454 2077588
3205 2084980
15352 2086026
5859 2086985
16889 2095134
29075 2097515
13436 2100052
29471 2100306
8466 2100387
13146 2104667
26833 2105021
3997 2106788
26395 2109820
11629 2110820
3362 2110976
29705 2111690
15713 2115471
7950 2117592
19393 2125968
4967 2125981
28574 2127436
8309 2129797
1453 2130533
23250 2132655
1244 2133185
24989 2137055
10494 2137565
9534 2138868
22168 2140645
3491 2141939
529 2142228
3940 2142922
3602 2143158
26747 2145862
24454 2146443
5534 2148016
1459 2148363
1906 2151151
24628 2151870
25998 2152052
15700 2152641
27834 2156802
11004 2156844
9518 2156959
2682 2157405
29920 2157851
2524 2160508
22586 2160666
4929 2162406
10033 2164868
21315 2166440
29678 2166743
26782 2167239
3424 2168275
21137 2168536
6011 2170248
5442 2170671
20542 2170906
7581 2171963
14291 2172046
10440 2174538
22833 2174791
19975 2181308
580 2182431
22395 2184076
6592 2184179
13564 2185803
4430 2186106
17771 2186343
28814 2186682
28306 2187643
25000 2194005
14963 2198467
22845 2199646
20678 2199846
24959 2202146
27549 2202406
25715 2202764
29708 2203398
13750 2204900
13784 2206105
8713 2207944
12047 2208579
17863 2208893
965 2209354
16365 2210849
5339 2210874
13715 2215124
29946 2222514
12005 2225135
20604 2226561
28912 2228911
20414 2229169
2095 2230080
26829 2230995
8024 2233935
7695 2235302
25900 2237497
14088 2243068
20561 2243929
22709 2244925
14790 2245961
21822 2246426
26918 2250421
3143 2251494
27252 2252027
22023 2252497
19081 2255647
10731 2257231
27080 2258056
17443 2259268
6759 2262628
18701 2262719
12107 2265557
20928 2267108
19727 2268764
13472 2273321
23268 2275911
22644 2277721
13571 2280353
3251 2280437
4746 2281140
19217 2281870
5347 2284391
5012 2286718
9786 2288795
24749 2289113
16362 2289505
2720 2290086
29091 2290382
28299 2290576
27865 2293142
28898 2295464
19574 2297754
29188 2298455
26080 2300429
19823 2302613
7862 2305886
22574 2307789
7731 2309044
7047 2313755
27066 2316482
7531 2319308
4178 2319343
3865 2320740
17540 2324062
9470 2324735
13834 2326752
24941 2330128
27901 2331494
17622 2331861
14685 2334924
16082 2335184
28739 2337596
18370 2339995
471 2340237
11542 2343752
12724 2344154
21629 2345590
16352 2346339
21773 2350737
20659 2350789
23968 2354096
1094 2355231
15262 2355797
10433 2357987
13041 2359593
67 2362148
5906 2365007
6168 2366022
17535 2366854
7539 2367055
2875 2368284
16798 2374878
1454 2375581
8292 2376946
18921 2377071
21072 2378101
20374 2378843
28493 2378941
2519 2379577
16860 2380880
23510 2382133
17193 2383355
12607 2383780
28758 2385028
17500 2386507
20307 2386725
14044 2386889
3748 2387530
3968 2389740
3767 2390104
24990 2390318
11036 2391912
25878 2393629
12559 2394698
16564 2395497
19447 2397217
17328 2398473
26458 2398492
25932 2400863
3649 2401969
17284 2402612
15246 2403148
10390 2403796
8871 2407286
17000 2407548
24715 2407678
28279 2410587
8381 2412896
22719 2414858
16223 2416104
12511 2417327
10740 2417807
2561 2426376
21845 2426721
165 2427578
16393 2429018
11755 2430704
20635 2431702
24937 2433457
13767 2434737
26477 2435915
2632 2438282
20305 2439145
27181 2439530
20314 2444771
8604 2445270
7209 2445368
27095 2445858
16453 2446723
27024 2451086
23229 2451248
946 2453084
12184 2457468
22501 2460116
18687 2460718
25579 2462014
6530 2463360
1721 2463951
16438 2466181
21499 2469667
9895 2470009
10280 2471249
2728 2471584
26283 2473922
14520 2474454
23580 2474487
17011 2474719
17397 2475267
20878 2475445
756 2478841
22903 2480764
29990 2481619
5759 2483459
7335 2483917
26558 2486386
55 2489996
4573 2490437
19676 2493859
3583 2494845
9558 2497395
612 2498700
24301 2499244
12149 2499395
748 2499886
755 2500283
26046 2502114
11999 2502629
17450 2505871
7707 2507229
10829 2507595
14571 2509180
9818 2512163
4578 2512220
5580 2520407
14470 2520843
14290 2522129
14819 2522999
16981 2523034
2080 2524152
26468 2524935
26524 2527726
26551 2529766
4120 2530687
9276 2532768
14425 2539195
27667 2542834
14367 2543468
13215 2543643
4150 2545904
19602 2547066
12265 2547480
20704 2547997
9943 2548998
16115 2552894
23274 2552938
2794 2553591
24594 2555808
18795 2556168
25793 2557416
7260 2558694
15632 2566411
7726 2566719
1364 2568005
8354 2570720
6439 2573734
12999 2573751
16046 2575105
1496 2582587
16010 2587607
17282 2591784
577 2598184
11616 2599027
19938 2601969
5461 2602368
9743 2603812
16906 2604539
4776 2608027
16437 2608358
2427 2608406
25740 2608675
13653 2609106
7167 2611952
12979 2612653
14483 2614678
24443 2616392
22496 2616868
5129 2617987
13728 2620457
3321 2623787
24657 2631011
29414 2631442
5334 2633051
6420 2633767
18982 2634664
16816 2634711
26162 2634826
24437 2634942
2639 2639210
4009 2641775
20795 2643275
15406 2643290
26976 2645984
14752 2648427
18958 2648614
28210 2650057
19726 2650451
17007 2650657
8618 2652831
3546 2654070
5020 2654188
25719 2655891
8508 2656220
8758 2656741
22577 2657253
3417 2657457
8254 2658630
26783 2661231
21632 2662548
19750 2663391
26298 2664200
18240 2667732
3175 2669530
2062 2669829
619 2670592
13858 2674286
28773 2676574
12996 2678820
27381 2680221
14968 2680926
28317 2685300
27855 2686405
11162 2689078
23910 2690828
26842 2693482
29914 2693557
3821 2693589
15843 2694777
28131 2699572
16653 2700152
21049 2707530
9973 2707725
18644 2711681
13342 2714086
28334 2715760
10162 2723379
23876 2723616
6099 2724672
22775 2725342
392 2732453
22722 2732628
15617 2733243
25095 2735139
16626 2735549
16064 2736800
15729 2739261
27324 2740530
28996 2744047
22997 2744304
10924 2746205
5690 2746945
17884 2746981
174 2748833
22079 2748845
19279 2755946
4236 2756650
7271 2757290
20820 2759885
3493 2762121
11016 2763428
28797 2764048
4690 2769664
17911 2769922
26362 2770023
981 2770245
17125 2774628
13627 2776906
2928 2781646
15764 2782695
15328 2783860
8295 2783945
1320 2784103
1710 2784563
29622 2786873
9059 2787590
3810 2787937
17134 2788730
25186 2790409
18047 2794422
3803 2795965
29614 2796097
18105 2798095
14721 2798290
26913 2802199
23020 2802827
23756 2803634
22279 2809173
2902 2812785
2908 2812896
17212 2813471
21921 2813639
25843 2814728
7361 2814942
9852 2816156
9191 2818837
25863 2820195
19901 2821343
28379 2821359
10719 2822773
18310 2822822
8030 2825376
16516 2826282
4127 2830828
10355 2833688
28145 2838273
7229 2843960
6475 2844920
24260 2845826
17562 2847141
24803 2849819
19414 2850088
2576 2850931
12768 2852947
21065 2855318
11922 2855671
24659 2858269
27714 2860212
6677 2860951
12680 2861111
18995 2862255
20147 2864104
24287 2865117
3522 2865272
7190 2867084
26106 2867857
8399 2868697
24330 2870096
21053 2872031
11471 2872083
26083 2875552
19304 2880859
11407 2882018
25957 2884121
26268 2884235
10609 2885679
23265 2887317
29948 2890482
27906 2890640
4518 2891009
3252 2891763
13636 2894764
1569 2895095
8148 2895335
7246 2896162
29535 2896747
8451 2897511
18532 2899496
14986 2899648
8204 2901959
27973 2903996
29809 2905881
14077 2908605
7445 2909044
5397 2909154
4478 2909910
19635 2911722
9436 2913037
19607 2914199
13457 2914910
7819 2915585
16166 2918067
1450 2923364
25544 2924284
7985 2927268
18782 2929658
7557 2929866
2222 2930171
1149 2932542
3409 2935121
21684 2935837
20696 2937373
14791 2938004
379 2938102
21520 2938415
16424 2940871
1788 2940957
18606 2946645
13602 2947435
19205 2948478
22874 2952657
4484 2953736
16505 2958153
18069 2959274
15052 2959795
19657 2960029
7149 2961122
23716 2961226
28977 2962029
16041 2964650
11147 2965593
8892 2966231
7385 2966461
24101 2966918
17851 2967497
5193 2967500
2242 2968267
4110 2968333
15226 2972171
10793 2973364
18139 2975920
29603 2976012
25033 2976543
16057 2976923
27997 2978221
2958 2978509
2702 2984653
7421 2985161
4939 2986313
11769 2988733
8430 2988815
29327 2989825
14174 2990903
10320 2994450
9207 2994571
27599 2995472
5261 2996594
12509 2996774
23201 2997215
11910 2998389
21382 3000171
13161 3002401
23675 3006252
29767 3006455
15547 3006617
21819 3008590
4043 3010122
16105 3010439
6290 3011927
21935 3014693
25052 3015591
25617 3017634
5637 3019507
21771 3023191
20622 3029437
8597 3030400
8343 3030681
21173 3030854
14214 3031118
9645 3032129
3180 3036089
26368 3037191
971 3037269
25085 3037898
9277 3042287
7496 3042694
24183 3045566
2332 3045614
150 3045930
13971 3047271
8211 3050139
24125 3050502
26421 3052603
6160 3052840
27696 3052895
21907 3054904
8612 3058742
14318 3059351
19306 3060568
25221 3060585
4799 3063254
1774 3063352
6485 3064985
29596 3065483
3256 3065912
6812 3068862
4490 3070703
9271 3071946
10540 3074880
4321 3074913
16901 3075576
29207 3075673
6830 3076177
22702 3077738
22653 3078037
12439 3078835
9426 3080748
22330 3081209
19934 3081911
18266 3083692
29219 3085491
12253 3085891
28573 3089671
20399 3091099
4067 3093198
11866 3095105
22814 3096871
4475 3098491
27545 3098881
3454 3099691
14555 3102678
5379 3103078
15703 3105399
26009 3105887
20489 3107453
8080 3107817
17209 3108293
2011 3108538
2305 3108649
20807 3108773
2420 3109185
8655 3110365
23843 3110560
28339 3112198
21154 3112609
12215 3118882
18839 3119764
17182 3120184
16303 3123120
29434 3123172
14000 3124934
15704 3127124
16410 3127803
8863 3129789
16381 3129892
1110 3129931
2471 3131220
3441 3133425
23727 3134226
25806 3134991
25969 3136050
5337 3137197
6010 3139314
18276 3139650
6572 3142006
16 3147161
22665 3148078
27211 3151298
15122 3152183
12140 3152699
14606 3157953
5980 3158188
21337 3158666
15985 3159227
84 3159572
21784 3160341
20776 3161477
13797 3161838
3545 3162038
2612 3162218
25276 3164252
23022 3165247
24363 3165381
11049 3165807
19634 3169970
27560 3170223
16486 3170645
5501 3171525
4075 3173111
17484 3175978
21180 3177327
8783 3178455
5283 3178929
20782 3179360
6658 3182053
15695 3182812
4395 3187393
9345 3189221
18485 3190163
15571 3190654
22498 3193033
7666 3195378
28012 3195811
12073 3196767
17888 3202953
15329 3203533
27951 3203666
14321 3203939
3439 3204740
26966 3206896
15181 3208917
26778 3210461
28274 3211368
21591 3212253
19733 3213373
23197 3214666
9876 3215729
28892 3216436
21370 3217874
28697 3218546
1136 3219246
23139 3219343
9757 3219976
8049 3220076
26311 3220337
12403 3223497
25217 3224042
13301 3225637
18123 3226053
21099 3226949
8445 3228265
23483 3228267
6360 3231745
4261 3233086
28721 3235345
12911 3236318
17155 3237299
20726 3238745
26743 3241658
15336 3242978
25599 3247290
26839 3248105
9968 3248332
19548 3249862
7240 3252362
29057 3254729
11336 3256522
25027 3257908
10295 3258439
16000 3260343
17081 3262972
2449 3263125
4326 3263548
22124 3264754
14300 3269394
2262 3269530
23711 3269806
25007 3270370
27670 3270894
15953 3271553
26123 3271871
6157 3272557
29573 3275318
895 3277759
5146 3278942
11496 3280136
21688 3282103
23311 3282763
27388 3284705
20018 3285420
11379 3285506
11733 3286451
20426 3287780
1451 3290611
27455 3292659
20335 3293505
23124 3295716
29784 3297303
1621 3302414
29034 3307374
10125 3312899
29063 3314406
2256 3315255
5965 3316759
20058 3318197
27237 3323865
745 3325828
4091 3326858
8230 3328532
12111 3329667
11641 3331391
10448 3332851
3668 3333313
21295 3333870
22327 3336681
29528 3339201
9074 3340110
19886 3340458
3309 3340644
12608 3347364
1735 3350812
26886 3353666
25811 3355068
11331 3355472
19357 3355483
28022 3355916
29499 3357035
4926 3358860
28058 3359726
8613 3359916
20196 3360994
15020 3361332
11975 3366689
2976 3367101
19628 3367762
15800 3370781
14140 3371973
4615 3372475
22971 3372582
10161 3377503
15851 3384137
7700 3385885
1513 3387714
26977 3389454
18724 3391704
13852 3393051
23385 3394131
18697 3395029
5092 3395240
17286 3396845
3531 3398238
29909 3403601
29184 3405016
10305 3406249
9875 3409485
9498 3412351
26922 3412942
28613 3413818
25040 3415607
16519 3417854
25564 3417881
17471 3418251
23970 3418433
308 3419088
7237 3420180
8920 3420374
21175 3420906
27144 3422221
12145 3430289
4284 3430440
21391 3431340
11601 3432955
5617 3435646
25338 3439572
24960 3440353
11417 3441040
22663 3441840
24388 3444764
28716 3447425
2306 3447763
3575 3449275
15989 3449741
2782 3451285
3974 3457339
15887 3457709
11001 3460924
6954 3462993
28143 3464963
12940 3467476
28988 3468294
1000 3469002
10498 3470216
20556 3470754
19660 3474258
23402 3474362
26608 3474941
17462 3475602
7722 3476157
29210 3477981
1776 3478697
11167 3480845
11874 3481506
28827 3482909
8305 3483900
6985 3485814
3800 3490448
5086 3491520
6229 3494500
3508 3496790
29899 3498225
1880 3499468
22137 3500733
5835 3502244
8326 3503346
20486 3503472
18134 3508653
19403 3510565
18774 3510815
12857 3511457
3244 3511655
24156 3511995
4753 3512012
9056 3512769
29880 3515018
7054 3517759
28729 3517898
16710 3523274
27943 3525033
14690 3526423
2602 3527593
16313 3528176
737 3530065
23059 3534855
19644 3537548
21052 3540804
21069 3541930
3842 3546516
5421 3547962
12293 3548144
11947 3549067
22950 3549333
3776 3551027
5698 3554456
4552 3555488
22717 3558532
9853 3558663
19191 3560496
28671 3561099
28891 3562346
513 3569850
7388 3571427
9294 3571588
3564 3578217
11204 3578307
8339 3578533
25791 3582827
10323 3583655
23459 3583939
4283 3585897
1027 3586491
10308 3590084
24600 3590852
4323 3592856
13650 3596462
3118 3598374
4900 3600005
2298 3600124
13541 3600229
16608 3600674
12772 3600869
15214 3602292
14421 3604278
2764 3604646
14914 3609571
24208 3610431
28096 3612842
11713 3614471
18187 3615437
1580 3617025
25788 3618113
6486 3618189
16984 3618615
26808 3622129
13017 3622333
10492 3622351
29841 3624436
28094 3624522
23932 3629359
23196 3629457
9948 3632266
9674 3632679
19662 3633055
16997 3633134
20142 3635841
2405 3635863
6282 3637287
7186 3639895
14430 3639970
10563 3641076
17401 3641138
12176 3641250
13048 3641561
13238 3642498
19728 3642877
22052 3644598
18274 3644768
26071 3645996
3102 3651817
17274 3652037
11482 3652678
29312 3655475
1581 3657044
14900 3657127
23394 3658422
22942 3658770
2660 3659974
21641 3660516
3717 3661264
11055 3661537
2501 3662285
13207 3662898
8324 3663102
13468 3663291
20434 3663791
18426 3664777
18708 3664889
16118 3666628
18438 3666715
3849 3668997
329 3674078
28406 3674647
8457 3674852
23219 3675779
22015 3676310
12208 3676327
25435 3677615
8754 3677930
79 3677968
7877 3678999
158 3679466
26697 3680360
10210 3681904
14865 3682241
10370 3682833
17168 3684514
21790 3685532
8456 3689896
15952 3694208
23044 3695782
10109 3696693
1112 3697140
15287 3702070
828 3702766
25717 3707922
24412 3708999
11512 3711921
18322 3712802
11078 3714110
23754 3715374
9773 3715876
999 3719527
12375 3720430
24915 3722035
9266 3723055
11175 3723785
28877 3724776
14305 3725931
22681 3726887
6666 3728110
3291 3728178
10828 3728746
5620 3730116
28876 3731376
2507 3731695
6119 3733239
5902 3734875
8281 3735394
14927 3735786
26486 3738443
3035 3745829
8007 3750659
8220 3754580
12537 3755104
9873 3755365
8822 3764286
19105 3765756
6147 3765894
26063 3765913
22226 3769441
2183 3769793
10216 3772506
23077 3776678
2580 3776954
12119 3778182
13123 3781885
17736 3784336
5491 3786490
26541 3786577
8841 3790045
23438 3790397
10036 3792136
24554 3794421
11931 3796059
3425 3798383
2221 3800097
14473 3800217
4400 3800772
111 3801329
7828 3801363
26775 3802815
27440 3803714
2950 3808811
9622 3810048
19308 3811252
8079 3811815
9830 3811929
1996 3812317
15302 3816084
14458 3817618
16376 3818772
13755 3818918
24763 3818963
27131 3824659
11199 3825646
10643 3827324
16294 3828593
5830 3828910
27585 3829915
27955 3831183
13601 3831863
557 3834264
29586 3838381
24444 3839644
24672 3840907
11324 3842402
18789 3844336
29930 3844948
26855 3847061
15369 3847668
11648 3847773
24071 3851367
1497 3852431
21880 3853100
4337 3853442
14768 3855681
25792 3856511
10655 3858507
14545 3859596
11954 3861096
25374 3862024
23253 3862831
20833 3866023
28851 3866113
5288 3869249
28501 3870952
4465 3872600
18435 3872725
22670 3875481
5385 3876204
28768 3876430
10811 3878476
19731 3881822
29975 3881983
16674 3882214
6771 3884220
5436 3884645
21135 3887568
8435 3888443
15786 3888771
4225 3893384
20884 3894505
6034 3896248
14385 3900616
4884 3901598
9144 3901790
4165 3903810
4327 3903888
28010 3904268
1003 3905155
5028 3905479
15367 3907035
16095 3910277
17025 3910668
5854 3911362
10425 3911835
9701 3914430
15230 3919017
5881 3922131
15954 3923082
8180 3923411
8402 3925157
17203 3925493
23803 3927374
7702 3928207
27877 3930343
7077 3930446
6582 3933606
14196 3933959
4869 3935003
5921 3936000
22672 3936603
12835 3939641
19281 3940056
10504 3942337
24079 3942784
10339 3943706
4950 3945040
6211 3945878
17764 3946198
6547 3947022
3573 3948691
5186 3949389
27319 3950372
20057 3952968
16663 3953472
24383 3954383
7241 3957752
11032 3957790
29319 3958841
6355 3959004
27561 3961325
9700 3961535
16806 3962193
13710 3962880
2716 3963133
2389 3964526
27159 3964850
1955 3966191
15860 3967611
12390 3969724
4909 3969982
14004 3970993
15029 3971325
26688 3975344
21505 3976425
23073 3976837
8591 3982112
28918 3983881
29796 3984208
5544 3988477
26993 3990543
18675 3990832
14942 3993316
24681 3994475
6594 3994563
3007 3995489
7012 3996013
28362 3996269
15659 3997137
21610 3997625
6616 3998902
8905 4000211
25890 4002744
9244 4003129
11298 4005682
24766 4006850
11686 4011891
6660 4012758
17327 4012845
22481 4013244
27964 4013498
27749 4014721
9727 4016758
11684 4017345
2006 4018383
19739 4021241
12093 4021745
358 4023639
10951 4024123
20716 4024772
13449 4025773
1809 4029150
6257 4029555
9713 4030716
19899 4031794
3911 4033121
15202 4033499
8963 4033640
25068 4033640
23984 4035997
20447 4037301
4675 4042392
15296 4043996
13982 4047302
11899 4048881
7111 4049502
21979 4049916
8401 4052568
13546 4052885
8833 4058968
12312 4059036
12896 4060546
24366 4061700
21611 4062223
24246 4062811
28747 4063073
6359 4063372
16837 4066944
22377 4068587
21114 4068626
7943 4068628
11807 4068694
8110 4068845
6649 4072126
5805 4076242
9921 4076281
14828 4083305
19997 4083321
1326 4083627
17953 4084997
24579 4087906
11205 4091376
12889 4092593
2606 4092603
1399 4093627
26216 4099467
9891 4099877
18911 4100769
14218 4101646
7743 4103714
21571 4106970
26774 4110348
19788 4115177
7841 4115628
17605 4115967
19039 4120383
7272 4120755
18470 4121139
18375 4124127
2017 4124901
25705 4124904
12753 4129537
2007 4129624
6246 4130420
3516 4130847
21481 4130968
8897 4131687
28347 4132296
15419 4132658
23702 4133646
8987 4135544
5041 4135589
23366 4136683
4531 4138919
3272 4139328
22507 4141655
4718 4141842
18901 4143644
23449 4145379
469 4147917
3680 4148094
24038 4148723
23236 4149025
19626 4149990
16101 4150919
8780 4151413
18472 4154189
21769 4159815
16739 4161155
8544 4161622
27417 4161813
23372 4162215
26939 4163658
23457 4163891
5851 4164414
8421 4166347
3195 4169084
20780 4173896
28903 4175564
15497 4175613
23942 4176117
9694 4180109
26505 4180409
8862 4183336
29905 4183444
995 4183769
12934 4184173
584 4189673
10426 4190091
24323 4190154
8711 4190424
17 4193612
12062 4195238
4386 4195599
20617 4196230
19333 4199888
6995 4201346
24041 4203213
6516 4204355
21167 4205699
3547 4206075
3860 4206178
7043 4206414
8994 4206561
3224 4207588
12393 4209804
1910 4210157
21944 4210990
1203 4212311
22953 4216783
3378 4217186
16077 4217350
15084 4218114
4219 4218532
15665 4220659
10476 4228029
7257 4228509
21751 4230211
2626 4232837
4593 4233839
6973 4235876
24268 4236665
26605 4237969
3568 4241514
15317 4242500
21546 4245193
4257 4246509
59 4247732
8861 4251743
15762 4257212
13678 4261468
20255 4261999
1449 4262864
27991 4267711
28731 4268105
11418 4271634
25076 4272645
9761 4273415
6153 4273574
716 4274000
25536 4275138
6766 4275587
29215 4277755
14930 4279283
15774 4279510
10357 4281397
10490 4286078
9504 4287723
11242 4289921
22032 4291899
28701 4294231
10869 4294498
23152 4298826
20654 4299991
17018 4301214
28839 4301902
8952 4303238
27985 4304708
10940 4304773
7306 4305368
28106 4308799
24889 4309634
7129 4315889
17388 4316334
19312 4317096
23259 4318559
12487 4319005
14911 4319326
7792 4321066
5042 4321615
1229 4322560
13667 4322835
14139 4324403
12623 4324414
16290 4327359
5413 4328816
24448 4329613
15976 4329918
15430 4331511
10612 4334070
22477 4334220
24663 4334390
18036 4335138
22676 4337226
15448 4337745
3507 4337788
12977 4337862
29553 4339217
4886 4340045
23650 4340548
21811 4343260
3037 4343689
8710 4344627
9825 4347919
20259 4348463
5358 4349888
23646 4350003
12926 4352483
18033 4354801
4605 4355980
26232 4357717
1274 4363324
4345 4363970
15840 4366407
8208 4368534
12380 4369688
14668 4370865
29735 4373784
9182 4377107
5318 4378853
19025 4383511
21539 4384792
2013 4386588
29459 4387100
26840 4387262
23809 4394848
11851 4396005
21437 4396632
27956 4401411
337 4403380
1224 4404968
29100 4409609
1594 4411553
18421 4413665
12255 4416468
6638 4417969
5127 4418155
5228 4418339
19713 4421002
21936 4421512
20821 4422855
24254 4425399
1396 4428440
26302 4429694
20481 4431765
1856 4434266
29893 4434279
5632 4435522
25776 4438150
25054 4439415
4269 4440754
21208 4445516
26210 4446297
7477 4449543
25097 4449699
12330 4450039
28326 4450904
18050 4451205
25522 4451434
18598 4451552
10745 4452677
24617 4456240
23341 4456503
21674 4456518
6736 4457483
18292 4459922
21655 4460169
9070 4460192
16327 4460503
16261 4460900
20408 4460950
2392 4463860
6626 4463902
4722 4468793
7136 4469010
23844 4469250
1600 4469800
1360 4470925
24063 4472944
25913 4473488
18085 4473518
1678 4473706
7691 4476816
24843 4477513
3669 4479632
4435 4482090
20096 4482154
7139 4485596
4135 4489006
10887 4491417
338 4494563
14525 4494637
25960 4496041
27048 4498288
28446 4499609
22692 4499779
21933 4501163
3310 4501326
20195 4504455
14947 4505454
24643 4505812
20230 4508756
8502 4508891
27493 4512066
13232 4513061
16525 4513674
29970 4516445
22378 4516539
16856 4519489
6672 4520168
12090 4523667
29836 4526481
13380 4526585
23452 4527216
183 4528581
6510 4529822
26652 4530685
27666 4531455
29179 4533498
1982 4534289
16234 4534844
21691 4537003
9347 4538524
27272 4539038
13067 4548641
24857 4555803
27475 4556134
9543 4556557
25978 4556695
13547 4556770
14890 4557792
25344 4557975
15503 4558760
26221 4558903
26563 4558921
19799 4559596
1023 4559775
19317 4559779
14687 4560772
270 4560801
12682 4561470
13770 4562389
23460 4562875
16783 4563148
27506 4565038
29831 4567294
178 4567759
7449 4567917
19174 4568448
14633 4569255
14225 4569628
26251 4570615
23154 4570985
25892 4573493
7963 4580029
10692 4581938
15877 4588255
26019 4588908
6652 4589067
2070 4589733
20049 4590161
28980 4592186
2397 4592998
25965 4593423
28372 4594087
9409 4595432
8003 4597660
24410 4598603
14677 4598843
23740 4598920
18216 4600544
23081 4600933
26439 4601420
7737 4601611
14586 4602249
28080 4603563
28719 4606414
19586 4608880
12927 4608936
28556 4609857
7626 4614743
12785 4615720
12490 4616009
2209 4616129
8331 4616422
28936 4617037
8558 4618385
16829 4618869
9006 4619814
10364 4622922
25352 4625462
14235 4626725
14616 4628580
22664 4629446
13764 4631255
16232 4632740
6537 4633173
10821 4634928
359 4635116
9117 4635318
10386 4635697
11654 4636508
22155 4636970
1354 4636988
21101 4639894
25726 4640431
2678 4641161
22714 4641747
16329 4647975
10861 4650982
16504 4652599
25987 4654082
13118 4656688
15626 4658528
19526 4660884
25208 4661847
27364 4663249
23595 4663697
29439 4663889
24837 4664608
16698 4666322
21251 4668867
18686 4669809
23683 4678000
13538 4678292
5809 4678739
6651 4689060
18637 4692540
12669 4693016
18119 4693818
733 4693824
2876 4694969
2709 4695229
4439 4695815
8023 4698278
383 4701037
21761 4701086
21443 4703505
12249 4703525
13930 4711037
25714 4711554
11638 4711642
583 4712862
14754 4719788
6815 4719928
4906 4720694
9744 4723206
8447 4725108
6146 4728233
23632 4730027
1960 4730887
10406 4731688
10258 4732093
16221 4732366
14125 4733251
1034 4734376
12983 4734681
12426 4735392
19994 4736526
22860 4736750
7006 4737553
27874 4738658
9458 4740481
1986 4746815
29740 4747137
2859 4747278
22393 4749850
588 4750988
670 4752949
23085 4757554
5462 4757721
6513 4765395
12087 4766046
28059 4767272
9045 4767875
9372 4767940
24811 4769618
26459 4773762
18680 4774437
27064 4774527
11213 4778739
16888 4779240
24765 4783352
333 4785281
14451 4790131
15356 4790310
27138 4791280
28811 4792240
2347 4793486
13139 4793610
1681 4794070
20675 4794712
2184 4795138
5206 4796665
13828 4797011
16047 4798732
9034 4801668
26419 4801973
12273 4804544
25517 4804945
25182 4805190
23812 4806660
22816 4807279
15451 4808947
26128 4808981
19632 4809286
7452 4812508
4844 4812519
5804 4813107
16840 4818511
18112 4820012
2967 4821476
6324 4822090
22432 4824345
17093 4825559
6230 4827041
16635 4827488
1900 4828534
11865 4829991
23562 4834224
25465 4834610
26689 4838028
2216 4838075
3218 4838511
4795 4841279
18978 4842142
20350 4843475
10785 4843649
5128 4844439
4113 4845385
23297 4845427
23741 4845836
14246 4848267
22914 4850527
26457 4851266
28183 4853581
27022 4856985
22957 4858472
6555 4860249
17793 4860625
20877 4860723
13435 4862024
18846 4862619
25332 4866760
17565 4867840
28964 4868182
17431 4869575
3241 4869844
1841 4872196
14254 4874291
21040 4875458
5777 4877660
6044 4880270
20225 4880508
10024 4881525
22687 4883713
15472 4883911
26378 4886553
16039 4887189
26280 4887652
7346 4893159
12413 4893604
24084 4894583
18514 4896613
26349 4896849
11432 4896927
646 4898134
6659 4898986
1039 4900465
21714 4901007
6113 4902792
24266 4903577
4423 4906034
23752 4906185
18450 4908028
7540 4911333
4819 4911428
6783 4912437
6152 4913506
6619 4914362
1635 4914640
7640 4916372
13641 4916905
10670 4925506
4503 4926375
11172 4930182
6100 4930835
10779 4932175
23668 4932884
10484 4933237
3191 4934589
16178 4934918
25681 4935079
4013 4935086
19790 4936599
10148 4937162
19011 4937588
15194 4938122
21401 4938502
5837 4939950
8697 4941613
13482 4941627
12101 4941677
2852 4943987
12706 4946835
22448 4947727
5151 4947942
11567 4948026
4565 4948173
17878 4948672
23115 4949828
29068 4949871
12834 4951083
4751 4954580
435 4957304
26420 4962301
13554 4964227
7569 4968999
22624 4971551
25736 4972678
15307 4972736
13921 4972783
1119 4974728
24485 4976957
28637 4977339
12483 4978578
2747 4978741
11096 4979182
24484 4980318
22452 4981222
24786 4981440
2574 4981820
17180 4984941
24321 4988085
21579 4990495
21998 4992415
3445 4992784
5167 4993976
3126 4996124
25813 4999909
15478 5000397
320 5002957
27246 5005194
20892 5007552
21854 5010293
25278 5011028
3369 5011391
20313 5011963
17364 5013963
19709 5016003
7416 5018319
1465 5018406
25372 5018713
13951 5020261
4355 5022082
3087 5024783
18732 5025188
6046 5030243
1478 5035866
18024 5036248
15185 5037634
10064 5037820
17964 5038564
3654 5038883
27239 5039233
16811 5039450
707 5039653
19098 5040261
1330 5042753
15141 5045713
24153 5047308
10101 5048315
19324 5048731
4506 5050573
11592 5051933
13881 5052019
500 5060289
27411 5063432
7328 5071985
5615 5073756
1077 5073907
13873 5080580
24630 5082947
20509 5084734
29547 5088544
1817 5088645
14618 5091209
2656 5093933
28276 5095182
24862 5096133
531 5096307
25777 5104779
587 5105792
21026 5106179
3683 5112061
2263 5112847
14518 5113046
17600 5113654
14585 5115954
14649 5116482
27758 5118528
44 5118666
25234 5119723
6416 5120619
14579 5124554
27338 5129756
863 5133448
8995 5134994
27793 5140957
19169 5145934
7374 5149712
3182 5150919
23989 5150986
13795 5151008
13030 5152375
2737 5156847
1202 5160693
14159 5161074
21740 5165668
21447 5165728
21265 5168683
2354 5170209
18075 5170282
1997 5170390
22190 5170916
17682 5173289
22858 5173571
26575 5173585
17250 5174617
15257 5175625
3249 5179200
22207 5179789
25075 5180362
21719 5182831
25563 5184773
22365 5185405
45 5186874
19012 5187022
17773 5188535
28325 5188605
20419 5190498
8246 5190836
22998 5191463
26356 5191569
22436 5192456
3919 5194611
25781 5196367
17494 5197066
2336 5204317
19377 5205063
20960 5210821
6873 5211705
17039 5213223
23446 5213370
2421 5215006
8259 5216749
16074 5216784
14402 5219845
16582 5221912
6861 5222816
26926 5223143
28176 5223177
11890 5225754
28150 5229031
2653 5236240
17129 5236954
26061 5238431
7965 6291871
14640 6292377
8044 6294692
13006 6296098
12773 6296312
8350 6296707
18462 6296856
29793 6297056
12925 6300183
20881 6300347
15107 6300357
12374 6302169
14634 6306173
16766 6307188
3377 6307905
23868 6309257
16750 6310176
11302 6311900
5087 6313758
14564 6314957
23799 6318077
14297 6324252
1286 6325073
10647 6327121
13692 6327579
7660 6328567
1781 6328869
28908 6329140
18229 6329539
27581 6337357
780 6339026
16923 6339494
20233 6340193
21312 6340896
24966 6341459
19591 6342130
8923 6342465
12953 6349747
8807 6356153
26023 6357628
23731 6360600
17334 6361264
10411 6362328
23992 6363596
8312 6364531
3270 6364825
28841 6365641
28593 6367319
11916 6368328
27391 6368920
4666 6368957
26416 6369221
897 6373811
17655 6377552
23477 6379410
22493 6379424
14781 6380098
17774 6383105
25150 6383209
20926 6383821
16659 6384683
11586 6386891
26893 6386955
22324 6387171
27746 6387242
6700 6388464
7735 6390205
17906 6390654
25808 6393144
2485 6394240
9703 6395269
3999 6396511
3534 6397605
16337 6399847
9012 6402267
12283 6402363
21821 6402440
26329 6404708
29297 6406567
5719 6409112
24675 6409571
3977 6409611
19277 6409795
27266 6410239
22187 6411234
20055 6411959
4614 6413627
28853 6418568
11607 6418707
235 6420062
25668 6420653
1559 6429589
19976 6432087
23769 6433425
8900 6433602
20627 6434040
3536 6437444
13314 6438800
19746 6441739
25262 6446526
4524 6448409
15660 6452736
20407 6453236
23060 6455135
4063 6456110
6445 6456221
11173 6456666
17590 6463019
28381 6463156
4838 6467014
19349 6467470
15513 6467910
21877 6470271
9945 6472036
21703 6475187
27897 6475289
6029 6476711
22227 6479709
21958 6481211
21567 6485675
25398 6486633
20723 6486736
6296 6486912
18319 6487518
5496 6488485
15291 6490967
4554 6491624
8065 6493587
510 6495331
29055 6495676
13600 6497922
11691 6498334
5395 6499994
26407 6502702
19759 6503825
26025 6504549
8937 6505395
13425 6506054
10361 6507299
14866 6507950
10467 6509000
1738 6509361
12086 6510712
15667 6511439
27781 6513076
7747 6515143
2567 6515744
14357 6517081
1416 6517429
24506 6519209
2344 6522713
11273 6522817
24365 6523960
2355 6525837
11042 6525937
27693 6526527
925 6527214
23598 6527491
10606 6531212
15905 6534208
28963 6536496
13398 6537577
3034 6537790
21550 6538747
24624 6538758
20250 6539424
20538 6540583
21510 6540886
12131 6542201
10391 6543332
7073 6544533
16038 6545274
29232 6546121
17244 6549944
8911 6553282
10018 6553351
25820 6558682
15505 6560074
17434 6560466
20913 6563574
4266 6567384
23705 6570176
26413 6570532
2369 6572057
28962 6575482
17900 6577007
21664 6578157
29978 6579651
12287 6582308
20630 6582557
6686 6583279
14912 6583592
18122 6583882
8042 6586165
28778 6587125
23949 6587523
1525 6588199
2745 6588866
7218 6592923
8802 6594740
28005 6594826
19095 6595344
2711 6595856
13003 6596865
425 6597192
14135 6598349
8097 6598627
25400 6599215
5948 6599235
13537 6600239
28410 6600636
28227 6601098
4721 6601518
1058 6601646
18278 6602779
412 6605288
15301 6607688
14627 6608732
4107 6609493
6426 6613438
28705 6613975
11894 6615332
13679 6616886
2436 6619177
8644 6621930
5600 6623136
21467 6623511
20309 6624779
27771 6626447
8990 6633434
29266 6634517
20396 6635097
8959 6636977
3504 6636984
11849 6637799
17262 6646182
7791 6652556
29025 6654750
1331 6656414
28157 6658025
27335 6659254
16611 6659299
13134 6659375
17158 6662994
28749 6663577
12001 6667142
21029 6669973
17652 6670450
22027 6671146
1264 6672115
23904 6678668
21945 6680147
24761 6685865
13867 6686979
20386 6687688
6274 6690808
4970 6690861
8368 6691402
11758 6691447
2851 6691976
7611 6691979
10595 6692872
6362 6693509
20648 6694428
27084 6695451
2526 6696634
13830 6697570
9478 6698337
27830 6698628
8594 6699639
21841 6703964
5718 6705026
22909 6705970
11252 6707346
20328 6711209
348 6716705
4189 6717520
22701 6717962
24346 6718563
3109 6719093
20112 6719599
9866 6721516
27837 6721525
5802 6726358
11824 6729628
15452 6730467
1667 6730939
1384 6733002
22407 6735642
6965 6736246
8708 6736455
8207 6736565
22189 6738782
9679 6739117
19210 6748907
7523 6750449
7505 6751127
14933 6751252
10680 6751484
1833 6751839
1192 6752568
19541 6756141
27828 6757095
20108 6757549
4597 6757860
16925 6760009
1517 6761490
9568 6765911
24626 6766144
13626 6766320
11319 6766325
11621 6768379
7975 6768553
27922 6776395
28168 6776412
17611 6778155
9429 6787020
12745 6788769
2538 6789477
10111 6791853
2325 6794546
20024 6794550
23988 6797697
3450 6802469
22356 6802678
19000 6807619
16828 6808033
29908 6808348
4197 6808607
5992 6810899
9850 6816775
14530 6819331
4839 6821481
19869 6821960
3140 6822563
19434 6822692
19771 6823323
14101 6824034
23652 6824666
262 6826029
11644 6827837
11345 6828708
19933 6829175
23936 6832460
15358 6832976
850 6833519
3243 6833766
29916 6835648
26547 6835877
1457 6837400
29924 6838596
7354 6842080
15939 6842504
12351 6842558
13349 6844842
27664 6847812
710 6847877
12501 6850490
13968 6851684
27124 6851694
13861 6852021
1204 6853076
4681 6854898
28458 6855008
21884 6855763
16224 6857575
3620 6859304
7079 6859807
29656 6862207
7676 6863416
13819 6864375
9248 6866282
1673 6867922
10206 6868414
4802 6868943
15876 6870197
12183 6872076
21767 6874315
6043 6875043
17357 6875216
22527 6877630
6687 6877963
8250 6881844
11578 6884991
16575 6888046
12480 6889363
20812 6889973
720 6890420
21073 6890442
25531 6891656
25141 6891658
273 6897412
1162 6899488
15654 6899500
6375 6899613
15902 6899898
9882 6902810
20362 6903897
25084 6903946
1427 6905665
29539 6906064
11563 6906807
24510 6906844
6293 6909574
17480 6911156
20872 6911237
21680 6912620
1964 6912741
7684 6912971
5310 6914308
25453 6915111
13317 6917693
16540 6918308
20842 6919868
7499 6920254
7749 6921091
8535 6922949
28172 6923670
27287 6925086
27390 6928069
2853 6928118
18347 6932481
22308 6936204
8261 6942303
24319 6946450
9595 6950129
28867 6950314
9594 6950472
18410 6951872
25505 6952824
24461 6955115
25576 6955773
23315 6956162
20253 6956524
13299 6957044
15198 6959406
7326 6960731
27429 6962072
9230 6964342
13857 6966495
23436 6966568
23355 6967076
9253 6969407
19264 6970754
6036 6973124
25723 6974953
6352 6975955
18197 6981769
10399 6982080
22374 6982127
16939 6986217
8730 6990530
20050 6992241
27457 6995080
10353 6996402
19930 6996669
15515 7000616
29537 7000865
28194 7003325
24093 7003974
12583 7006854
14533 7009490
12460 7012974
1048 7015986
1479 7016149
13497 7017323
10238 7018414
16751 7018679
14123 7019536
8928 7020669
27110 7022315
1831 7022545
8469 7026968
4783 7031433
18730 7033925
15108 7033963
638 7034236
27358 7035585
14720 7036865
10004 7037131
14197 7037825
8674 7038980
24248 7039866
2725 7040246
26968 7041892
4101 7042443
17415 7045096
1123 7045459
1804 7047130
12657 7048224
27644 7049286
11092 7050369
25403 7050523
6278 7050966
25355 7051429
16086 7051707
18234 7052329
13811 7053353
18025 7053579
29619 7053749
75 7054453
16793 7054800
9766 7055279
24655 7055972
19332 7056398
16852 7056672
28428 7057283
23246 7057338
27060 7057411
8318 7058536
8462 7059742
4210 7060510
12933 7062436
13505 7062984
10113 7064006
29105 7067801
19156 7070737
2146 7072740
23931 7075680
10926 7076159
25629 7076700
20954 7077113
16370 7077476
3388 7078145
11726 7078993
7925 7080411
5674 7080576
10661 7082893
24272 7083795
4316 7084119
26656 7084344
10800 7085426
3147 7090854
27311 7091138
7169 7093322
21377 7095405
7553 7099324
17509 7104654
9484 7104939
22130 7105326
22960 7106969
11338 7106987
27698 7110634
11667 7112493
1968 7113049
2283 7113130
5268 7114009
21395 7114857
16748 7115206
21818 7116967
19004 7118074
22911 7118291
11685 7118590
15055 7122788
26561 7124558
20472 7125766
14818 7125831
22902 7130445
4935 7131081
459 7138080
1375 7139580
20802 7141296
12829 7141683
7923 7142011
4798 7144192
1225 7145876
15384 7146161
20168 7146569
24460 7148900
3662 7151087
17256 7151147
23669 7152319
27230 7154291
6718 7158061
15335 7158422
18690 7163036
1385 7176418
3407 7177729
16898 7180560
17333 7180634
8069 7180959
16030 7183590
2611 7186814
25427 7187477
29953 7188220
10198 7188709
5527 7191006
16400 7191924
6376 7192036
24511 7192362
24176 7192726
28065 7193154
28834 7194236
18761 7195158
26048 7201565
10903 7210799
18387 7211428
21548 7212768
25302 7214320
28838 7214568
15609 7220043
23038 7222034
22847 7222311
25561 7224475
13373 7224654
10155 7224873
8314 7227481
20113 7231187
29507 7231873
25676 7232475
7524 7233168
19275 7234907
26591 7235463
23254 7236089
17831 7236790
12072 7237634
29627 7238829
21076 7245972
22200 7246170
10409 7247457
11669 7248219
23582 7250451
26666 7251856
4126 7254245
27030 7257156
10249 7262870
12604 7265879
14114 7266074
27027 7266961
10659 7268672
23929 7270099
5096 7270357
8015 7273713
15980 7277803
6900 7278150
29753 7278677
13944 7280497
15972 7281349
13303 7283848
23079 7285608
15390 7287947
9603 7289685
22183 7292473
3096 7292817
24840 7294188
8449 7310887
27039 7311260
29313 7311344
2540 7311782
11675 7312583
18334 7314479
7910 7314511
7768 7315517
7214 7316646
5225 7319669
13698 7321292
1895 7321440
4366 7321531
13145 7322206
15614 7323103
24265 7324706
6621 7324974
6027 7325097
27474 7325481
4990 7326388
22167 7332217
6526 7332648
9112 7332992
14194 7333555
9511 7334233
9745 8391147
3728 8392947
1151 8392952
14177 8393950
17186 8395530
13549 8396057
28021 8397348
2352 8397963
11054 8398108
23185 8400039
11311 8401761
8231 8405024
3314 8408314
8329 8413770
15981 8414032
12135 8414711
4624 8415726
26811 8416649
1863 8418192
18183 8419976
24252 8420143
14877 8420714
6429 8421800
9926 8422025
14807 8423230
9515 8423519
1333 8423762
28724 8423964
5464 8424962
12832 8425633
2360 8427175
23092 8427232
27706 8428715
2037 8431276
4228 8434828
18218 8434858
28696 8444341
18084 8445576
18330 8445886
17310 8446841
19425 8450189
19678 8451841
22388 8452699
640 8454886
13744 8458479
24214 8458954
8831 8459105
6787 8459825
19028 8460039
25020 8460215
26319 8460479
27761 8460972
15397 8462845
8571 8465107
20626 8466049
17005 8467170
2629 8467673
10588 8471787
8129 8473189
11617 8473379
14531 8474926
21359 8475363
2909 8476866
13172 8478719
6685 8479048
23531 8479842
29078 8480759
11419 8483108
23473 8485057
6837 8487053
4946 8487138
24604 8487974
8934 8488895
8858 8489208
25024 8490984
28076 8492709
22596 8493188
24347 8494756
17199 8495621
16211 8496334
22544 8499309
15002 8501420
20789 8502298
7345 8504636
26376 8504686
23463 8504937
13841 8509273
23733 8509664
15256 8511383
1448 8511493
17378 8511800
4060 8512966
13101 8514032
25725 8516175
29979 8516693
6366 8516699
15228 8518335
937 8521901
58 8523689
29095 8524343
15975 8525723
6238 8529958
10013 8530256
4084 8530662
14278 8531306
24077 8532444
8685 8532869
17207 8535007
13495 8535669
7502 8536207
9480 8542640
10140 8551269
14798 8551934
15811 8553863
344 8554708
24129 8559129
21999 8559545
23554 8560105
21001 8561884
14841 8562478
29176 8566112
21326 8566906
19035 8566939
19568 8569052
388 8570198
5793 8570690
20287 8572481
993 8572597
25226 8572686
3833 8576967
9896 8578148
21529 8579640
18368 8580178
15304 8584842
15777 8587015
12024 8588536
12400 8588571
27950 8591124
14008 8591372
14479 8593593
23660 8595646
12872 8596886
17418 8596968
22414 8597150
25833 8597534
461 8598821
17119 8599607
206 8602096
21679 8602625
246 8603574
27709 8604123
16479 8607578
17735 8607939
17672 8609687
871 8610116
2181 8610678
22752 8614116
22780 8614607
2227 8615890
8984 8616468
27963 8617968
26511 8619737
16225 8620789
28251 8620850
28039 8620916
896 8621400
4979 8625835
15298 8627308
29412 8627953
2486 8629501
1386 8629523
13047 8630983
9815 8631102
20760 8632029
8009 8636186
28367 8637018
2589 8637722
28553 8638200
2795 8638334
19135 8639129
8636 8640878
6628 8641908
25976 8642159
7334 8642259
15415 8643005
11992 8646439
13494 8647104
7178 8647116
15444 8647921
22249 8649176
2484 8650647
18168 8651505
6259 8651617
1712 8652332
22261 8652610
1954 8653611
25251 8654939
2309 8655274
15728 8655477
8809 8655686
4934 8659962
11624 8661055
24149 8662836
26934 8663141
17940 8664549
17455 8664928
27146 8666068
9672 8667250
9746 8669409
5016 8671994
27206 8672124
27896 8672341
9664 8675111
19954 8677068
21146 8680062
8290 8681332
9546 8687791
23495 8687897
18352 8687908
22570 8688388
1965 8689406
9767 8690326
15024 8691803
14960 8692396
405 8695086
23049 8696588
12336 8697340
25876 8700765
24670 8701486
7783 8701779
22975 8702393
24086 8704874
29467 8704989
18691 8705415
27050 8707730
15808 8708890
3903 8709800
22515 8710910
960 8717073
15192 8718188
20199 8719190
16270 8720046
27572 8721681
15047 8722971
6675 8725060
29320 8725251
17781 8727111
8914 8731789
14086 8733004
22061 8733612
28205 8736344
1694 8736570
27643 8736849
2662 8736925
2997 8737297
443 8739427
15554 8740792
12646 8741226
15532 8742626
10219 8743813
10422 8743906
26578 8745066
2936 8747433
29473 8751476
12648 8752746
27531 8753471
23938 8754529
1181 8755127
8463 8756413
1977 8756705
15258 8758458
7730 8758599
22048 8759325
11620 8761442
21285 8763186
14604 8768312
9403 8768769
5693 8770943
22444 8772472
24776 8777901
2043 8780672
7506 8782217
3544 8782312
25996 8783458
17957 8783686
24635 8783779
5150 8784736
24054 8787230
21034 8788809
28105 8790036
21742 8790360
3072 8790380
20900 8790388
614 8791001
28947 8791370
10383 8792010
5860 8792078
1691 8793132
2676 8793573
11257 8794839
15881 8795347
9058 8799138
1411 8801048
13977 8802718
2637 8803072
12846 8806604
22243 8808349
26698 8809014
1904 8809036
5937 8810047
14170 8810093
21569 8810144
27083 8812344
10281 8813033
10403 8815148
28707 8815950
2302 8817300
23629 8817415
6345 8817733
1860 8817972
26451 8818210
15172 8818315
8142 8820154
18540 8820327
23121 8821085
22855 8822092
8816 8822289
29773 8822524
6734 8823598
22066 8827236
14247 8829878
4686 8831000
5431 8832614
14719 8832653
9861 8834579
29405 8836976
10617 8837201
14991 8849093
2136 8850479
6577 8851537
20303 8851954
10965 8854941
25087 8856000
3486 8858542
3687 8860625
29657 8863325
7083 8864336
10577 8864432
8182 8864912
25177 8866234
9053 8870904
8199 8875727
6737 8876793
5244 8880107
4072 8880908
15455 8883884
29455 8888529
2789 8890250
22906 8891714
13471 8892357
19547 8894084
3288 8894858
9290 8896272
26327 8896632
28520 8896968
902 8900497
6226 8902155
25809 8903301
5841 8906133
13680 8907097
28057 8908482
9405 8909166
28134 8911035
26983 8911139
8092 8912493
18053 8912577
5357 8913630
6066 8914441
26577 8916664
9025 8919284
2361 8919512
369 8919656
25607 8919848
15770 8920031
7863 8921021
13931 8921321
7168 8921336
28722 8921975
20077 8923098
26859 8923830
6597 8925198
24291 8928172
28549 8928659
27164 8928929
27140 8929291
28263 8929644
16431 8929813
28870 8933199
19816 8934464
4320 8934721
19453 8935559
25086 8935566
29794 8938005
7107 8940471
27129 8942585
14495 8942932
8315 8943042
13883 8944218
29593 8945950
26562 8946672
7956 8948357
19814 8948361
6805 8949009
19022 8949680
24249 8950128
16993 8950738
18711 8952555
28510 8952735
25945 8952744
516 8955534
10417 8956958
3846 8957415
25080 8957607
21730 8958034
11579 8958430
7342 8958996
17714 8959082
29485 8963979
3667 8964810
9937 8966402
3655 8967923
17169 8968829
6546 8969114
5393 8969419
25834 8969795
25330 8972960
24056 8975955
862 8976043
1641 8977480
12110 8978084
901 8979943
4635 8982785
6021 8988549
17784 8989608
20192 8989836
23596 8989932
8514 8990525
1287 8991515
26776 8992583
17808 8994587
1340 8996986
14730 8998894
4132 8999442
15158 8999877
2042 9000251
29090 9001465
3726 9002981
25909 9010557
22263 9011807
27893 9014643
18475 9015273
20838 9015860
3160 9016001
6250 9016400
27179 9016982
8757 9018991
21594 9023014
13788 9024559
27113 9027417
12102 9027754
19155 9030711
19652 9032908
8742 9033649
9491 9037699
15610 9039843
5394 9039870
15260 9040439
25023 9044909
7295 9045061
6543 9049885
400 9051296
24526 9052609
7468 9054744
1107 9057446
915 9057627
19109 9061789
27931 9063599
6315 9067181
26344 9069089
25855 9070044
25698 9070263
1939 9070370
8955 9070797
15934 9075678
4286 9075834
10714 9076242
22892 9078993
13805 9080658
641 9081307
22063 9081880
6507 9083476
5932 9084508
1656 9097466
29661 9109787
15046 9110556
24911 9113334
21267 9119327
15474 9119713
19798 9120467
10486 9120725
19087 9120983
5159 9122287
13853 9124032
5628 9126120
4080 9127791
4240 9130076
24764 9130184
11883 9130877
12389 9130889
5796 9131817
14500 9131990
9340 9132069
864 9132290
28805 9133512
19894 9133793
17322 9134270
13073 9135173
21098 9137291
15058 9137316
21275 9137554
6015 9139763
10241 9142754
1270 9144018
7781 9146584
27196 9148515
22935 9150294
20400 9160350
11137 9160378
17625 9163160
17599 9176406
2863 9179608
24017 9180365
25889 9180813
10177 9181464
29158 9184638
29115 9184884
6037 9187125
22086 9190290
29592 9191958
7188 9195343
12350 9195684
14420 9197333
26837 9197848
24945 9198016
27173 9198460
1412 9201457
20074 9202085
25635 9202706
25290 9203730
9522 9203938
4877 9207298
8848 9210152
28154 9210695
26880 9211252
5872 9211665
23745 9212563
16084 9215525
3739 9217937
22421 9218480
22361 9219695
20525 9220813
11548 9221998
20826 9224003
19085 9224649
7275 9225016
18980 9226002
23029 9229508
12252 9229986
19756 9230424
15600 9230773
24245 9231030
5312 9232196
21165 9232833
16821 9234191
24491 9234206
22457 9234956
14294 9236254
5323 9236787
27051 9237816
2866 9238954
8752 9242696
26866 9243994
28068 9244808
29490 9246213
1256 9246800
29982 9247264
2778 9248078
15414 9248283
19424 9248876
5365 9250478
964 9251510
16165 9252153
17483 9252688
5182 9252991
3925 9255055
10927 9256826
28945 9257241
10186 9258405
1189 9260235
11370 9263576
17037 9265179
3056 9266760
4498 9267933
24648 9268955
15104 9270227
22136 9270582
29013 9270858
15053 9273697
7325 9275199
20998 9280810
28759 9282970
10671 9283441
17202 9285427
19476 9289029
29059 9289380
25640 9289390
14612 9293714
22215 9295298
7827 9295882
16802 9295982
6151 9298058
15011 9298086
6562 9300170
7022 9302036
13572 9304470
7232 9305838
9512 9306245
20059 9306824
17642 9306906
4259 9307588
20717 9307962
28621 9308374
3889 9308697
27591 9309054
28733 9309920
17475 9310774
19207 9311480
7971 9319016
16155 9319267
26321 9319422
13514 9321271
4017 9323233
12478 9324044
15993 9326830
3005 9329941
25273 9330276
29262 9331152
25183 9333127
20427 9333948
6227 9335100
16310 9336510
19931 9336524
26832 9337887
27389 9340293
2999 9343821
25409 9344548
15893 9344703
24956 9345333
1245 9345413
25169 9355995
23751 9357256
21448 9358108
17748 9359176
7152 9362441
10499 9362900
1022 9377234
5458 9377332
28661 9378161
17296 9379591
14829 9382632
6309 9385992
8688 9387307
666 9389203
28358 9389934
11321 9391713
28125 9392578
16845 9394198
5328 9394295
11502 9394409
15372 9394686
14013 9396891
28571 9397960
23922 9399071
7200 9403583
11990 9404514
28142 9404515
20742 9407853
16707 9410295
2323 9422073
27437 9422866
9777 9428096
26310 9438006
10049 9438090
2126 9438499
28567 9438835
5893 9439578
8846 9439803
25577 9440931
15222 9442606
3452 9443107
19546 9443430
29583 9444070
10948 9444210
4169 9445191
26078 9448342
16834 9448970
2920 9449048
5331 9450474
19854 9451984
8074 9453731
12038 9453869
29600 9453890
11436 9458076
3364 9461715
29374 9466941
18927 9469367
20478 9470998
13965 9475269
14016 9479244
18160 9480282
15563 9480963
5877 9483250
10298 9483740
10944 9484545
9485 9486232
14976 9489188
19376 9489594
4797 9491349
23846 9493291
25446 9494178
6868 9494757
10126 9495310
13559 9495516
14554 9496998
15580 9498423
26642 9500851
15575 9501594
3295 9502194
29956 9506408
18651 9507101
14928 9508403
24357 9509889
14910 9511546
13421 9517366
4743 9518124
13535 9519695
29648 9526827
1376 9532818
29823 9538158
3085 9538503
8942 9540218
905 9541405
5356 9542379
6705 9542589
396 9544366
25432 9544762
9740 9545031
24569 9549504
13410 9550557
9021 9553038
29299 9553225
20460 9553790
29050 9554586
8974 9555810
19172 9560258
28225 9560453
18142 9561546
19629 9562281
11668 9563360
17036 9568376
11254 9569681
869 9570433
15528 9578681
11410 9578791
23871 9579949
23189 9586523
10496 9586940
24175 9594667
591 9595819
25678 9596303
19511 9596950
5400 9597161
2033 9599619
22964 9601890
1505 9602890
6695 9602922
20528 9603431
29148 9606375
23439 9606995
22645 9608616
10244 9609752
7941 9611951
10770 9613590
21212 9614084
8176 9615629
2799 9616119
14245 9617803
13964 9617853
23207 9620808
22425 9622481
20178 9623232
16025 9624660
6892 9625230
23337 9626262
13918 9626569
2431 9629687
9736 9629720
6738 9631904
23787 9632899
22835 9634411
15022 9635274
18339 9636594
4882 9636787
7964 9637235
7110 9637434
3042 9637999
26473 9640281
18810 9640424
17623 9642736
21832 9645406
24167 9646683
17684 9648983
22042 9649875
13877 9651568
24703 9654539
15924 9656428
23136 9656960
19224 9657945
1970 9661785
17567 9663957
7321 9667853
18315 9669797
25324 9671224
15109 9673307
27049 9673484
14198 9674411
17847 9674771
8166 9677991
25566 9679383
8124 9679870
6571 9682186
23558 9684157
22857 9686058
26094 9687119
20916 9690091
20633 9691240
9763 9693348
12477 9697647
12681 9698996
3645 9700640
29552 9701995
10180 9703269
25303 9703720
1261 9705478
7486 9707915
11628 9710427
16673 9712656
6801 9713550
13630 9714141
10235 9714196
8011 9717877
2451 9718155
22002 9718385
11967 9718877
24927 9721734
28141 9722281
7966 9724172
16206 9724187
18599 9724421
12185 9726561
11286 9726650
6329 9727179
23043 9730693
526 9732489
15769 9733100
7430 9733729
18930 9736573
11391 9736959
21332 9738748
6248 9739549
13628 9739908
1604 9740925
4937 9743799
14027 9744668
23134 9745764
22534 9747879
19054 9748044
17967 9748539
16963 9750035
7142 9751019
22161 9751126
21404 9752014
27559 9752173
14547 9755175
19861 9755860
5376 9758591
21648 9759357
5546 9759640
23396 9759771
25216 9763613
1344 9770164
20837 9770309
6818 9771189
14355 9771672
16119 9775132
598 9776896
18775 9779110
15955 9781798
13427 9782533
6561 9785840
417 9786844
719 9786885
8629 9787754
11623 9788273
14143 9789830
10510 9789940
22322 9790933
2714 9794818
12859 9796395
29806 9797904
16776 9798470
22108 9802132
2443 9803596
10315 9803638
29311 9804571
19203 9807398
23324 9809076
25022 9809549
23553 9810651
29719 9811091
11559 9812397
25699 9812951
24582 9813116
11937 9815346
1178 9816479
16996 9816514
27270 9818649
27629 9818853
26637 9820518
11777 9821248
25305 9824224
1460 9825684
26153 9831679
16161 9832362
9697 9834427
8698 9834490
26898 9835980
698 9836817
6858 9838342
15196 9838660
22999 9839799
21809 9839985
21661 9841892
29228 9842449
27918 9844173
12831 9844457
16522 9845331
25906 9845970
6338 9847661
6337 9847673
17568 9847736
2568 9848580
4454 9849100
14200 9850018
11253 9850169
11316 9850327
6886 9850934
15155 9851609
1032 9853021
26206 9853323
18495 9853381
795 9854447
354 9854606
8956 9855379
24092 9855955
18490 9857043
16560 9857703
7924 9862950
19908 9865994
14301 9866513
7885 9868213
1285 9868966
25275 9869005
5333 9869036
771 9870860
1271 9872251
5909 9872300
12343 9872873
24737 9873674
13153 9874125
119 9875207
639 9879111
4139 9880141
23347 9880229
11565 9881034
17761 9884203
13258 9885094
29759 9886944
13657 9887322
14396 9887568
24209 9888625
29264 9889716
10996 9890289
11188 9891185
29849 9891762
8158 9892157
4025 9892312
13345 9892603
12091 9892865
24098 9894921
12621 9896817
2808 9898996
12652 9900165
16805 9901870
15926 9901921
26324 9902103
24769 9902892
16090 9905948
21705 9906606
213 9909432
29177 9909496
27157 9910154
20439 9911700
17014 9913250
17229 9914032
21419 9917828
9143 9917990
12327 9919735
25079 9922023
19950 9922718
21987 9923871
21940 9927334
15593 9930508
23001 9932442
17942 9937353
14409 9938959
18223 9939992
652 9942897
4728 9943262
27516 9944160
18793 9944540
28552 9945854
25219 9946450
15097 9947824
19603 9948539
6499 9948967
28588 9949169
6601 9951167
9432 9953638
17662 9954137
27005 9956840
18185 9958048
28600 9958699
18886 9959613
20999 9959640
8553 9960008
27410 9962169
5269 9963877
1792 9966565
27880 9966955
28868 9971324
17537 9971404
23388 9973268
6540 9975343
17200 9976458
10781 9977245
9155 9978383
23981 9978399
14814 9979305
11429 9980796
14353 9982078
8159 9983309
10131 9983952
4096 9983983
10369 9985763
11940 9987488
13260 9989272
23423 9989309
17052 9991577
21757 9992801
25460 9999825
20038 9999837
26076 10000238
29942 10000254
941 10004897
21981 10005796
3909 10006096
22965 10007710
20682 10009916
3060 10010021
351 10013525
13575 10015633
14268 10017188
17073 10019385
22418 10022799
16542 10023911
15771 10027950
9173 10028654
26526 10030232
17615 10031480
2565 10032599
19653 10035607
12918 10036265
3584 10036977
18505 10037204
16640 10039160
11652 10040222
11792 10044177
1978 10045816
29742 10047084
8237 10047463
2831 10049283
24408 10050008
1620 10051854
8599 10052049
24210 10052522
32 10053206
16117 10055678
18296 10055956
1966 10058711
5460 10060475
4849 10060666
2133 10061848
11738 10062706
2924 10063715
29456 10065787
17798 10067381
26464 10070378
18 10071112
28521 10071663
23160 10072723
3169 10073201
679 10075138
8325 10077344
25605 10077805
4983 10078236
27495 10080591
20702 10081118
13052 10087170
24139 10087175
7968 10087179
10918 10090424
25321 10090777
29296 10090847
21781 10092027
16406 10093278
27218 10097273
287 10097727
28257 10100898
20851 10104865
20358 10105736
2535 10107427
23015 10113168
22067 10114019
2119 10114587
10992 10119524
839 10121180
16447 10123004
12122 10123873
25623 10124935
11892 10125531
27034 10127564
767 10128161
29707 10128172
20963 10143797
29393 10144992
29199 10146772
3661 10146813
5908 10146908
21901 10159873
15517 10162164
10842 10162360
28110 10164701
904 10169039
10502 10171195
18706 10174014
22838 10174043
2821 10175468
16126 10175863
20597 10176576
8419 10180238
24720 10181243
4713 10182132
6060 10183334
475 10183841
14646 10184221
24597 10185026
27640 10185403
23980 10185583
16754 10185719
15395 10185998
17403 10187162
24722 10187759
17715 10188833
17816 10191742
25092 10191909
24003 10192806
11886 10193948
2324 10193987
7084 10194144
6216 10194371
17444 10195823
6564 10195927
27210 10197484
193 10198114
26863 10198360
22368 10209116
19074 10212372
12235 10213878
6606 10225653
11549 10226205
2434 10227480
10620 10229726
7370 10234541
28788 10237971
22862 10239431
26699 10240066
29829 10244981
2932 10245349
6064 10245905
26463 10251758
8903 10252225
18629 10256850
21616 10256992
5609 10257176
3222 10261268
16003 10261967
24746 10263223
8197 10264720
29224 10265561
25747 10269890
15911 10269925
5642 10270968
3320 10271283
28794 10271771
6655 10272513
23627 10272620
26172 10272941
7641 10274585
12616 10275372
11581 10275702
1696 10275902
25685 10279250
27416 10281284
18177 10281306
15718 10282671
11130 10282851
1848 10283616
9327 10284232
21222 10287004
11135 10288477
4038 10288690
15714 10289007
13894 10290509
7843 10290798
29120 10296797
22576 10298764
23238 10299170
16426 10301262
7112 10304114
12805 10305083
8967 10305638
25940 10307028
16779 10307197
24047 10308790
3612 10312294
5754 10314052
24449 10315982
29890 10316226
12346 10319522
2729 10320938
23765 10322572
10970 10323440
25934 10324223
10721 10324900
28706 10326416
13946 10326523
13255 10328279
5391 10330652
12775 10330735
24459 10332059
3852 10333866
8053 10334164
17675 10334897
21846 10336330
19479 10336995
4002 10338552
822 10339293
29756 10339547
9461 10340590
29765 10341330
15850 10342501
29779 10342967
13440 10343100
21663 10343974
5862 10344402
12931 10345593
8360 10347001
9023 10348162
502 10349105
14250 10350395
3664 10350634
19060 10357891
19108 10357960
3755 10358892
13717 10359657
1806 10360303
23841 10364322
19749 10364680
19420 10364723
26241 10364987
3088 10365081
15519 10365514
192 10366144
299 10366416
28492 10366771
21768 10367514
13295 10367945
17308 10370450
13169 10371236
5807 10371622
20720 10373012
27361 10376909
15326 10378928
7352 10380351
12291 10381652
23102 10385763
8643 10385902
12308 10389595
26860 10391855
12180 10392201
21724 10392445
13327 10392996
24467 10394805
26369 10403952
5110 10406327
14521 10422487
26381 10424464
3792 10424637
5098 10430856
17432 10433251
12847 10433620
2685 10438027
2174 10442558
7767 10442946
10524 10445001
24358 10447992
8091 10451870
24729 10452677
6459 10453550
5581 10455007
6045 10456457
462 10456582
18573 10458305
21630 10460601
21528 10460663
190 10469819
16699 10477037
20669 12583855
6854 12585180
4891 12585987
25463 12586327
1043 12587755
5251 12587915
3258 12590531
19259 12592548
26483 12592769
26440 12594276
3871 12598616
28651 12602184
13972 12605044
2736 12605308
10855 12607056
23969 12610107
6963 12611789
21400 12612615
7437 12619689
7918 12619762
4841 12620054
6768 12620257
19513 12620276
16174 12627784
24974 12627971
29863 12629698
13647 12629942
14070 12630595
28994 12630932
8683 12633939
26748 12634224
18102 12636616
16491 12637178
18891 12639325
29366 12641243
24307 12642136
89 12644475
17472 12644548
11570 12645416
12437 12645821
17412 12646424
17469 12647104
14229 12647166
3782 12651063
29969 12654427
14855 12655138
1655 12655953
21915 12660034
19120 12661902
13406 12661968
29290 12669294
22219 12669603
12727 12670354
26719 12670880
25166 12671903
23539 12674726
19667 12676683
26355 12681241
15427 12681631
26623 12683026
23588 12685511
15578 12687093
18681 12689107
15375 12689674
9257 12691813
27946 12693466
25147 12695434
16801 12696299
26927 12698169
21597 12700663
23046 12700669
5418 12702018
11681 12702625
2721 12705756
28272 12707736
23736 12707796
8887 12710877
7721 12711287
24303 12713935
19500 12717275
27122 12717950
4953 12718294
449 12718894
18834 12720233
7628 12723475
7344 12726103
17641 12729251
1199 12729650
21833 12729841
16007 12732975
22358 12734084
16122 12734614
20212 12735413
5736 12736477
23377 12740367
24298 12740569
20719 12745186
24022 12746534
6214 12747162
25036 12747872
24027 12749312
599 12753569
7234 12753674
21308 12755164
27806 12756121
26295 12756863
7694 12757287
2715 12757335
25896 12757544
16904 12757673
14987 12758703
19864 12759138
22112 12760501
25261 12763615
21284 12766860
24115 12768329
11591 12768727
5596 12772630
24517 12773045
28754 12774168
10159 12774864
1088 12775372
2849 12779330
11125 12779590
2102 12780952
10034 12782673
19714 12782933
18021 12783695
26207 12783970
12854 12784212
21423 12786650
4378 12788293
13766 12789104
6423 12794137
3289 12794932
4412 12796968
2742 12798360
21218 12798980
3311 12799853
20063 12800758
20039 12804998
18586 12805590
28140 12806886
6406 12807317
22612 12807447
12567 12809151
10817 12809820
8888 12815260
3959 12815289
1905 12815649
3636 12816744
385 12820078
19262 12820247
11399 12821569
18935 12821872
15634 12823146
23262 12823215
10820 12827428
27515 12830528
24912 12836431
1564 12837343
27423 12839933
20158 12840180
2003 12843194
27366 12843850
28738 12847793
19075 12847971
14407 12848800
3804 12848974
179 12849633
3421 12851509
23775 12852362
8391 12852396
13685 12852692
15388 12853049
7318 12855747
15457 12857005
16532 12857186
2359 12857417
18806 12857985
18198 12858655
1670 12858764
24457 12858786
18716 12860697
13126 12862702
3399 12863267
6874 12867470
7984 12867876
8414 12869667
16825 12872120
18577 12872263
21226 12873915
12522 12877024
17220 12877880
25757 12880352
26847 12880725
23257 12883148
883 12884795
27209 12884846
4556 12886870
12157 12888285
4791 12888515
26663 12889437
17404 12890550
19801 12892032
5315 12892051
6350 12892766
12561 12894475
23694 12895800
15116 12897758
12573 12898738
115 12900027
17108 12901505
29729 12903692
17827 12904224
4447 12904325
21700 12907721
2275 12909789
7566 12909896
15392 12910204
10822 12911319
12720 12912269
20689 12916083
121 12918603
9986 12918943
7451 12921516
26915 12922198
25707 12922836
20852 12925066
21628 12927766
8988 12935896
28816 12936036
28383 12936825
6361 12937238
23296 12943953
19134 12944101
8264 12945822
19988 12947168
19648 12947178
6702 12947396
14594 12948696
21246 12949355
27132 12952421
28590 12952702
3340 12954093
7583 12954343
21127 12955824
27690 12958703
29401 12959245
23083 12961825
5590 12962375
6730 12962407
12430 12968279
11553 12970104
6123 12970774
8684 12976178
12432 12978020
22071 12981302
2903 12982899
10847 12985155
12321 12987064
10947 12987281
27861 12987729
21917 12988883
170 12991428
28875 12993787
12903 12994391
13234 12994937
12991 12995771
26065 12996837
24354 12997730
23667 12999758
19488 13000892
2250 13001450
28204 13002292
14563 13003098
21710 13003794
27203 13005110
17796 13008656
7422 13010078
20707 13010098
29579 13014566
3542 13015271
1011 13016220
24398 13016435
16297 13017482
7590 13020805
29968 13025359
8416 13026185
3345 13027701
15221 13029316
10151 13029743
6300 13030766
18118 13032679
25729 13036281
12579 13038309
26069 13038331
8819 13041062
17719 13041305
3367 13041776
10633 13041861
5079 13042342
4322 13043054
28948 13043306
26442 13044921
2824 13046760
1590 13049301
29056 13049670
16765 13053256
10870 13054161
3077 13055389
1679 13055843
27148 13055851
13503 13056040
25581 13058287
3967 13060456
22180 13067694
17912 13068376
27115 13074814
12758 13075636
8288 13078622
19428 13079964
2895 13084480
23045 13085519
25358 13086096
114 13086670
16455 13087817
8606 13087843
29110 13088012
26282 13089074
29995 13090963
29935 13091255
10935 13092380
4861 13099291
27497 13099383
10804 13099928
15306 13099945
20440 13100695
3342 13100940
24404 13101552
7439 13107479
14675 13107698
2788 13108243
21316 13110001
16777 13111199
25525 13112270
25923 13113875
14923 13113978
268 13114835
8729 13117353
3848 13117458
2079 13119509
801 13123804
28515 13124542
25410 13127031
3883 13127063
10005 13129989
16050 13130225
17294 13130991
9598 13131009
10254 13131296
2621 13133822
20844 13134484
5925 13137960
15921 13138340
22114 13138713
18630 13138899
19485 13139677
8484 13139691
27608 13141064
17676 13142422
22487 13143988
19619 13144081
27125 13144309
11339 13145164
21426 13146185
20495 13146641
4130 13146956
27045 13147765
29245 13151197
4617 13151243
6794 13154095
24770 13154156
24867 13160483
13184 13160616
3631 13160774
19128 13161684
13915 13167128
1637 13168065
10772 13168772
15657 13171032
21922 13174223
5266 13174352
8101 13174573
840 13175209
29652 13178360
13749 13179245
2890 13179468
16832 13179558
7938 13180286
12239 13181108
24985 13183801
26149 13184317
23142 13186270
12885 13189170
20275 13189878
21200 13191573
1850 13195178
23523 13197294
24420 13200219
25430 13200762
14083 13200890
11557 13201447
29501 13201953
12550 13202419
25447 13203434
8102 13204324
9884 13204905
25529 13208768
21952 13209580
3589 13210185
20126 13212950
25827 13212975
29856 13213191
24355 13215021
5927 13217691
26528 13218790
13642 13218938
14948 13223818
6631 13226136
23955 13227080
24645 13227911
14103 13229063
19408 13230081
27197 13230166
4960 13231385
20183 13231422
11564 13231904
2815 13236177
3775 13237647
24620 13237718
28490 13238080
26109 13240148
7116 13242806
26724 13243375
11812 13243727
20861 13245044
29497 13246090
12961 13247613
28426 13250202
3040 13253172
5928 13255355
20969 13256318
14452 13257500
18800 13257589
20027 13259159
19166 13260890
12447 13263440
27293 13265278
15152 13265602
17138 13270954
5030 13273367
18059 13274600
24143 13276783
21264 13277474
21805 13278497
2750 13288754
23739 13289908
8531 13290669
20952 13291823
6281 13293586
9569 13294683
24148 13306564
994 13310053
25179 13310460
21153 13311239
22309 13311527
7278 13315437
20940 13316202
15278 13322460
19179 13322480
2378 13324625
19893 13325267
6280 13325618
6131 13328493
16129 13328635
18531 13329724
18553 13330348
28631 13330691
13531 13330706
1515 13333240
22846 13337244
14192 13337882
5982 13338758
12531 13343980
6565 13353332
11717 13354426
21551 13354605
7601 13358621
14009 13360201
21535 13370270
24753 13370679
4663 13372007
14716 13373649
18483 13373754
27519 13373799
6870 13376747
23847 13378343
21858 13380009
8724 13383047
4031 13384527
15195 13387473
6553 13388696
8699 13389413
20109 13389593
12276 13389916
9314 13389981
19564 13391656
22060 13392345
16190 13393822
25616 13396750
3494 13399128
19514 13399647
16236 13401198
11045 13402305
22918 13403450
23888 13405932
3619 13406054
16550 13407021
23123 13407712
28147 13409326
22934 13409921
27184 13411729
5694 13413277
1353 13418247
23422 13418294
19724 13418730
16854 13427483
1576 13428437
18950 13429386
17872 13431686
21301 13432007
27555 13432250
1417 13432416
12142 13432802
4927 13433039
22503 13436914
11263 13437199
26476 13437275
22803 13438074
19770 13438440
27739 13438606
4806 13438997
13561 13445635
3808 13446131
2063 13453011
21184 13453631
13782 13460413
5783 13461570
23764 13462284
19101 13462684
3412 13468282
13322 13469607
25867 13471802
790 13474401
15188 13475140
1174 13475491
2654 13476731
3357 13479691
11375 13482531
16713 13482918
28972 13483331
29131 13483774
13687 13484268
11035 13486343
17338 13486709
16473 13495850
4191 13501181
27154 13502012
4109 13502429
2552 13504929
2241 13505394
8630 13506641
3393 13512277
27476 13517598
10810 13517812
12267 13519011
6187 13519152
16158 13520613
3565 13521763
17608 13522099
8293 13525273
7125 13525784
15543 13526636
2898 13528079
17237 13528806
2315 13529072
2879 13530063
169 13532458
23502 13533257
27740 13534800
13945 13534897
28536 13537882
5903 13550424
2071 13551487
27848 13552754
332 13555240
5292 13566482
20205 13566814
27741 13568320
13668 13569704
13474 13576368
3045 13577287
10136 13578417
11182 13579294
25373 13579804
3328 13581563
4472 13582389
9374 13583747
5815 13584646
11702 13584664
9516 13585025
22186 13585678
18064 13590985
24809 13594264
3770 13598908
18564 13599200
13976 13600093
3418 13603361
5488 13604210
3819 13605249
25026 13615667
25253 13616036
25874 13617257
25339 13617623
29094 13618710
