6013
10 0.340091
14 0.531701
15 0.111303
20 0.204874
24 0.447690
25 0.358361
29 0.303509
33 1.232783
35 0.071821
40 0.447838
42 0.252690
56 0.390294
58 0.030114
63 0.224854
66 0.278844
68 0.527942
69 1.165880
82 1.020779
85 0.253619
86 1.255548
89 0.337916
92 1.190738
97 0.432320
101 0.299201
103 0.140818
106 0.412548
108 0.023541
112 0.283736
117 0.227740
119 0.103634
120 0.149600
122 1.042160
126 0.986453
131 0.300586
139 0.495279
143 0.132084
146 0.185115
152 0.331258
157 0.226488
164 0.072141
173 0.566819
174 0.167222
175 0.238506
178 0.573038
182 0.123222
184 0.156073
192 0.055540
195 0.037400
198 0.304490
202 0.390294
204 0.169080
206 0.386468
227 0.398775
231 0.576634
236 1.065397
243 0.299945
248 0.576817
253 0.039808
254 0.452450
261 0.261274
265 0.555207
267 0.172254
277 0.474936
280 0.024538
287 0.541055
292 0.546710
309 0.338821
310 0.594566
311 0.554738
316 0.494365
325 0.036613
329 0.592937
331 0.056833
335 0.522682
338 1.101695
345 1.089439
354 0.493561
361 0.090343
370 0.332843
372 0.314900
377 0.013326
385 0.185011
395 0.557826
411 0.446742
414 1.112653
422 1.165410
430 0.176770
441 0.366127
451 0.573962
466 0.190066
479 0.579701
483 0.443598
492 0.582502
498 1.109613
500 0.361372
513 0.028746
515 0.584832
517 0.415873
523 0.204172
524 0.507239
542 0.171763
549 1.085398
553 0.930573
556 0.294452
558 0.266529
560 0.052225
575 0.448801
580 0.225935
589 0.274740
594 1.159403
595 0.494006
600 0.349068
604 0.493363
607 0.524353
608 0.168460
609 0.391487
613 0.272801
627 0.451170
630 1.007350
631 1.137249
632 0.294092
640 0.074321
643 0.349068
648 0.167625
649 0.894757
650 0.019007
652 0.495162
656 1.125101
658 0.084834
659 0.202895
666 0.329298
686 0.214704
689 1.144602
694 0.542411
698 0.449460
699 0.589872
707 0.975672
712 0.577078
713 0.591532
716 0.346737
718 1.072880
721 0.376806
727 1.128892
752 0.362008
755 0.266274
757 1.096732
767 1.107177
774 0.103386
776 0.035133
787 1.066403
792 0.027937
796 0.123039
797 0.150928
798 0.522868
801 0.198456
806 0.185504
808 0.075849
815 1.276751
830 0.168640
836 0.441677
840 0.173910
849 0.089954
855 0.077294
858 0.374336
860 0.579701
863 0.318267
866 0.158357
870 0.576009
877 0.152053
887 1.011842
888 0.526432
896 0.365577
905 0.513659
906 0.409749
912 0.364384
921 0.307127
926 0.223744
928 0.285730
931 1.023888
939 0.176229
942 0.422927
943 1.041380
944 0.585441
949 1.280322
952 0.267144
963 0.594267
977 1.121514
1000 0.254667
1001 0.432076
1016 1.036062
1022 0.278257
1030 0.237583
1033 1.136669
1049 0.257645
1056 0.402667
1063 0.108694
1078 0.093285
1079 0.089616
1088 0.508718
1092 0.292778
1099 0.358361
1100 1.017020
1102 0.263750
1103 0.354403
1105 0.294877
1114 0.572040
1122 0.500135
1123 0.364110
1127 1.152997
1134 1.036517
1136 0.989490
1146 0.041780
1154 0.585441
1158 0.468567
1164 0.397510
1167 0.579701
1178 0.278257
1179 0.530446
1182 0.197625
1184 0.347821
1187 1.125894
1188 0.143545
1190 0.195405
1198 0.126480
1201 0.425283
1202 1.239150
1203 0.061835
1206 0.439979
1207 0.458521
1208 0.286981
1216 0.955434
1224 0.096116
1225 0.188740
1228 1.174331
1229 0.427741
1230 1.105133
1240 0.451227
1243 0.182378
1248 0.478484
1259 0.225985
1261 0.165629
1264 0.377155
1272 0.168640
1277 0.223371
1281 0.205311
1285 0.031477
1290 0.469394
1296 0.009743
1305 0.207373
1318 0.379036
1319 0.162316
1329 0.533936
1347 0.600161
1350 0.227334
1353 0.276334
1369 0.336756
1370 0.339574
1377 1.001724
1381 1.091203
1383 0.185896
1384 0.511944
1391 0.198456
1395 0.472349
1401 0.025481
1403 1.241186
1409 1.042776
1410 0.390668
1419 0.240915
1420 0.420284
1430 0.030377
1431 0.602287
1446 0.573468
1455 1.028970
1457 0.174638
1458 1.037698
1463 0.969682
1464 0.405531
1471 0.176112
1473 0.216262
1489 0.610943
1491 0.391487
1493 0.422639
1497 0.370460
1502 0.502230
1510 0.568184
1512 0.471621
1520 0.067538
1521 0.585330
1522 0.501665
1526 1.111094
1527 0.598401
1528 0.402740
1531 0.185896
1533 0.442191
1537 1.243723
1544 0.591532
1549 0.214456
1566 1.012579
1572 0.498813
1573 0.539996
1580 0.040211
1585 0.122042
1586 0.030917
1588 1.089559
1592 0.132084
1593 0.494679
1595 0.303921
1596 0.105882
1598 0.299201
1601 0.076277
1606 0.014139
1609 0.584414
1611 0.381449
1615 0.529676
1616 0.201635
1623 0.165629
1625 0.328326
1628 0.355221
1636 0.506759
1640 0.041407
1641 0.604906
1642 0.393972
1644 0.427148
1646 1.205255
1648 0.111007
1653 0.171763
1658 0.262012
1661 0.350008
1663 0.090490
1672 0.102602
1686 0.177650
1692 0.571134
1706 0.092752
1720 1.084763
1729 0.544077
1731 1.032830
1738 0.081978
1743 0.586072
1749 0.332743
1751 1.238197
1765 0.039638
1770 1.055187
1774 0.250682
1794 0.031195
1795 0.405791
1801 1.131125
1802 0.010170
1803 0.438381
1808 0.579701
1814 0.516931
1818 0.357840
1826 1.051699
1832 0.246245
1838 0.389799
1840 0.041162
1842 0.057396
1845 0.010038
1846 0.458521
1850 0.365388
1853 0.289851
1855 1.087970
1861 0.233339
1872 0.417385
1883 0.516842
1884 0.437510
1888 0.297999
1904 0.074004
1906 0.288607
1907 1.208117
1908 0.353342
1909 0.345060
1915 0.518551
1917 0.475355
1918 0.185115
1930 0.103686
1931 0.382356
1935 0.101307
1937 0.270354
1942 0.615418
1946 0.431934
1951 0.468830
1953 0.610212
1957 0.391298
1969 0.275113
1974 0.039302
1984 1.070218
1987 0.250067
1989 0.160709
1992 0.428912
2004 0.451715
2005 1.194185
2007 0.568481
2009 0.187713
2012 0.564579
2014 0.019904
2017 1.047203
2018 0.555658
2025 0.134702
2026 0.425114
2030 0.225255
2038 0.576980
2046 0.277701
2050 0.126900
2052 1.082894
2057 0.177234
2063 0.122042
2074 1.173895
2077 0.568764
2082 0.270290
2083 0.196509
2084 0.197813
2085 0.418145
2097 0.363938
2104 0.300586
2114 1.099434
2116 0.204600
2126 0.373692
2134 0.516566
2135 0.086415
2136 0.052700
2141 0.579701
2143 0.997789
2144 0.409201
2151 0.540176
2153 0.595201
2154 0.275805
2163 1.077563
2166 0.013721
2180 0.041407
2189 0.404305
2192 0.278257
2194 0.167625
2203 0.240915
2204 0.562135
2211 0.262957
2214 0.313609
2215 0.510359
2218 1.041782
2223 0.189844
2226 0.472155
2230 0.537472
2240 1.159403
2244 0.309800
2247 0.233915
2248 1.060963
2252 0.388491
2253 0.064055
2254 0.278844
2256 0.175259
2265 0.077294
2267 0.499435
2277 0.518680
2278 0.148641
2283 0.945829
2288 0.045467
2299 0.478884
2308 1.098382
2309 0.239361
2318 0.198319
2323 0.528472
2326 0.207965
2342 0.107494
2349 1.123838
2355 1.012703
2363 0.052700
2376 0.449564
2380 0.164560
2385 0.176559
2386 1.032666
2390 0.426447
2391 0.516690
2396 0.271029
2405 0.432844
2409 0.574479
2410 1.196405
2414 0.252690
2427 0.129542
2428 0.516333
2429 0.409835
2435 0.415929
2438 0.441677
2456 0.125341
2458 0.182378
2461 1.170882
2463 0.060491
2471 0.183064
2472 0.421601
2482 1.165473
2485 0.261058
2489 0.229018
2499 0.213574
2509 0.177234
2516 0.530811
2518 0.379441
2525 0.368901
2526 0.212952
2547 0.194780
2551 1.159403
2555 0.104346
2556 0.248443
2557 1.079444
2562 0.331258
2563 0.168300
2583 0.967849
2587 0.432523
2588 0.488717
2591 1.069352
2597 0.040152
2604 0.151827
2608 0.159418
2611 0.460788
2613 1.143374
2616 0.495471
2622 0.509737
2631 0.352862
2633 0.216038
2637 0.454668
2639 1.226991
2653 0.458369
2655 0.019486
2659 0.228079
2663 0.080305
2665 0.564683
2673 0.410324
2675 0.477814
2685 0.134247
2688 0.203602
2689 0.395372
2692 0.197947
2698 0.366127
2701 0.179231
2706 0.535902
2709 0.579701
2712 1.241871
2722 1.086177
2723 0.084150
2730 0.487544
2735 0.960313
2740 0.407024
2754 0.548646
2757 0.165629
2769 0.560098
2772 0.378066
2784 1.019475
2786 1.042291
2792 0.442246
2799 0.197345
2801 0.076927
2803 0.212642
2816 0.388429
2818 0.253203
2823 0.332957
2828 0.106089
2834 0.550876
2837 0.481447
2838 0.403271
2841 0.347127
2844 0.463761
2845 0.336227
2846 0.509945
2854 0.261127
2855 0.183408
2861 1.059454
2863 0.582301
2870 0.463761
2872 0.084834
2888 0.359815
2889 0.606161
2893 0.386468
2896 1.312531
2900 0.406058
2903 1.102383
2913 0.961084
2917 0.423628
2918 0.441139
2919 0.493681
2923 0.303653
2928 1.201820
2934 1.115000
2942 0.170500
2949 0.469510
2950 0.362657
2951 0.103686
2965 0.331258
2968 0.542301
2985 1.138323
2986 0.434776
2990 0.395894
2991 0.353923
2992 0.114509
2993 0.477999
2995 0.142496
3011 0.009867
3015 0.524024
3026 0.499264
3027 0.069366
3030 0.505921
3036 0.197098
3044 0.279856
3051 0.516373
3053 0.092225
3057 0.171763
3064 0.163296
3067 0.029352
3071 0.454668
3075 0.490517
3076 0.361649
3082 0.111007
3083 0.323554
3089 0.379244
3093 0.178370
3094 0.255281
3095 1.153802
3097 0.256289
3102 0.253421
3104 0.937184
3110 0.310554
3114 0.147046
3115 0.100195
3118 1.251419
3139 0.443598
3154 0.397510
3164 0.047810
3174 0.111750
3179 0.027121
3181 0.508510
3183 1.062246
3185 0.454956
3194 0.468695
3200 0.224854
3202 0.587039
3205 0.085882
3212 0.240364
3219 1.046290
3220 0.538490
3221 0.286441
3222 0.329514
3225 0.558406
3226 0.137072
3227 0.999060
3228 1.194536
3247 0.158551
3252 0.299621
3254 0.252255
3255 0.212642
3260 0.233107
3261 0.291674
3266 0.123122
3271 1.063320
3273 0.187649
3288 0.602121
3291 0.443150
3319 1.011043
3323 0.485614
3326 0.208802
3331 0.447282
3339 1.090037
3341 0.273952
3344 0.313655
3347 0.126657
3348 0.084834
3359 0.286594
3362 1.136368
3365 1.212764
3367 0.388868
3373 0.249334
3382 0.135264
3389 0.012811
3390 0.009743
3393 0.226225
3396 1.188829
3405 0.363045
3411 0.238907
3413 0.146591
3421 0.113112
3444 0.158357
3454 0.036231
3456 0.979051
3469 1.242880
3474 1.069294
3477 0.046609
3480 0.523601
3481 0.103313
3482 1.060620
3491 1.145763
3505 0.257645
3506 0.366649
3507 0.481029
3511 0.232812
3512 0.565209
3528 0.028805
3532 0.327361
3533 0.161777
3537 0.463761
3538 0.328326
3540 1.111942
3543 0.099200
3548 0.239442
3556 0.432320
3563 1.063208
3578 0.301144
3582 0.232990
3593 0.528472
3595 0.262798
3610 0.345951
3614 0.521498
3615 0.176112
3620 1.020779
3624 1.178409
3645 0.169410
3648 0.409749
3657 0.155384
3662 1.118959
3665 0.339698
3673 0.229018
3681 0.362008
3687 0.600161
3705 0.094431
3712 1.092880
3714 0.038486
3722 1.129926
3736 1.286993
3741 1.137527
3744 0.552828
3745 0.336756
3746 0.116669
3750 0.350236
3755 0.444887
3756 0.463761
3760 0.436106
3761 1.059454
3764 0.351334
3766 0.574284
3767 0.206842
3776 0.466773
3780 0.530574
3787 0.023305
3791 1.055118
3793 0.257645
3806 0.539257
3808 1.153635
3809 0.062670
3813 0.443084
3816 1.081460
3817 0.441077
3818 1.057477
3820 0.244085
3829 0.132503
3833 0.217728
3836 0.441077
3852 0.522115
3853 0.593183
3854 0.146591
3855 0.550225
3858 0.403271
3859 0.407358
3861 0.010398
3872 0.398545
3874 0.517591
3882 0.268847
3890 0.046376
3891 0.331258
3897 0.348365
3905 1.169755
3907 0.384006
3915 0.450879
3917 0.148495
3921 0.537472
3924 1.109950
3930 0.423350
3934 1.044070
3935 0.324633
3936 0.260159
3941 0.509006
3946 0.239159
3951 0.270354
3960 0.344848
3968 0.171059
3970 0.135675
3973 0.208432
3982 1.140079
3984 0.545018
3987 0.507239
3991 0.254814
3999 0.155530
4004 0.141968
4011 0.494808
4012 0.251437
4014 0.475652
4018 0.341001
4019 0.027441
4023 0.156676
4024 0.593438
4030 0.010126
4032 0.409955
4050 1.195797
4055 0.150409
4057 0.428979
4058 0.386468
4063 0.025622
4064 0.608979
4065 0.195147
4068 0.023073
4073 0.298132
4076 0.499926
4081 1.251871
4086 0.089616
4088 0.227740
4097 0.357759
4104 0.019990
4105 0.954802
4114 0.028805
4116 0.350744
4123 1.114377
4128 0.104451
4137 0.460690
4138 0.388317
4143 0.186000
4155 0.332898
4163 0.255542
4165 0.335755
4168 0.198755
4181 0.392236
4183 1.210446
4187 1.009362
4188 0.502009
4192 0.098374
4195 1.012075
4196 0.524252
4205 1.117497
4213 0.409835
4220 0.153946
4241 0.411061
4256 1.187408
4264 0.333328
4265 0.964256
4266 0.295766
4267 0.164788
4268 0.343142
4274 0.281408
4281 1.009802
4291 0.531180
4296 0.361372
4297 0.278764
4306 1.173716
4312 0.493607
4319 0.474301
4331 1.055354
4338 0.609639
4346 1.012270
4351 1.131577
4354 0.521982
4356 0.586686
4358 1.098382
4359 0.209797
4360 0.173045
4361 0.343183
4367 0.027937
4368 0.357759
4376 0.231881
4379 0.185504
4380 0.289851
4381 0.537124
4382 0.170046
4389 0.949606
4391 0.982202
4397 0.077943
4399 0.331258
4407 0.329738
4411 0.339574
4412 0.067538
4416 0.200963
4419 0.533325
4421 0.170308
4427 0.471406
4431 0.459763
4432 0.025204
4436 0.271659
4446 0.033934
4449 0.552828
4451 0.193234
4464 0.073847
4466 0.438311
4468 0.486201
4476 0.467501
4479 0.199354
4480 1.033684
4481 0.135177
4483 0.104720
4484 0.059457
4488 0.089678
4491 1.001302
4495 0.080889
4501 0.301314
4502 0.080754
4503 0.130137
4513 0.535109
4528 0.126272
4529 0.488170
4533 0.010785
4538 0.454956
4540 0.359997
4547 0.471850
4558 0.248058
4561 0.022733
4570 1.121514
4580 1.010761
4595 0.479416
4600 0.075778
4602 0.606457
4607 1.028042
4616 0.561172
4617 0.954802
4619 0.215967
4621 0.545601
4623 0.234008
4629 0.492490
4633 0.099853
4638 0.288050
4652 0.058704
4659 0.171275
4662 0.392701
4669 0.039979
4681 0.318267
4692 0.500651
4701 0.171275
4705 0.516625
4716 0.041969
4723 0.310901
4727 0.522548
4730 0.388216
4732 0.370022
4734 1.196326
4742 0.348847
4745 0.524252
4747 0.244698
4749 1.092940
4750 0.455480
4757 0.381383
4770 0.201635
4771 1.003812
4772 0.399350
4773 0.049336
4777 0.036806
4779 0.038808
4784 0.566093
4786 1.086940
4790 0.488170
4793 0.532893
4794 1.153691
4799 0.989357
4800 0.079179
4803 0.318008
4804 0.215147
4816 0.038647
4817 1.208739
4820 0.457229
4825 0.119253
4829 0.391487
4831 0.436658
4837 1.052309
4842 0.129542
4845 0.280698
4848 1.102847
4851 1.095699
4853 0.149600
4859 0.411893
4866 0.204600
4874 1.234203
4876 0.190066
4893 0.391487
4902 0.307312
4903 1.259351
4905 0.560098
4911 0.193234
4913 1.091203
4916 0.386468
4919 0.090176
4922 0.588903
4923 0.582398
4926 1.060891
4940 0.378066
4942 0.096172
4950 0.412669
4953 1.281445
4954 0.528472
4956 0.325886
4959 1.142436
4966 1.125101
4967 0.523601
4971 0.178370
4977 0.179231
4978 1.098382
4980 0.457659
4992 0.396178
4993 0.253619
4995 0.548646
4997 0.038222
5009 0.345899
5010 0.264704
5011 0.074800
5015 0.081720
5020 0.287532
5022 0.306035
5029 0.223976
5035 1.055187
5036 0.582674
5041 0.292207
5051 0.059078
5053 1.074079
5054 0.319835
5056 0.396480
5058 0.570962
5066 0.942015
5070 0.455945
5077 0.282017
5083 0.133265
5090 0.360436
5102 0.014226
5103 0.123670
5107 0.029728
5122 0.107172
5124 0.088335
5132 1.119765
5136 0.010686
5138 0.172830
5141 0.480728
5146 0.531961
5154 0.045025
5163 1.033801
5165 0.486821
5166 1.100250
5168 0.023783
5175 0.178370
5192 0.504611
5193 0.144281
5201 0.011536
5203 0.271350
5214 1.096339
5215 0.384181
5220 0.459169
5232 0.605729
5235 0.109766
5252 0.453679
5253 0.031764
5263 0.254255
5266 0.386468
5268 0.418145
5271 0.209797
5278 0.610943
5287 1.267363
5295 0.443487
5296 0.015255
5303 0.147226
5306 0.472349
5312 0.139128
5319 0.597422
5320 0.160343
5330 0.181867
5332 0.192003
5333 0.154587
5338 0.366127
5339 0.414072
5342 0.537867
5343 0.082394
5348 0.402843
5349 1.129675
5362 0.960452
5367 0.013481
5375 0.246373
5382 0.474010
5384 1.035812
5398 0.079959
5399 0.172254
5408 1.165953
5412 0.156324
5422 1.169312
5431 1.039465
5435 1.223814
5437 0.055210
5440 0.131750
5453 0.371009
5471 1.097377
5475 0.564579
5476 0.428087
5478 0.372665
5487 0.164163
5494 0.572363
5495 0.871309
5508 0.279228
5511 0.469451
5518 0.258710
5522 0.206386
5523 0.255180
5529 0.294763
5544 1.067729
5545 0.265006
5547 0.973898
5550 0.486201
5551 0.321515
5552 0.280698
5561 1.173835
5562 0.399794
5575 0.227334
5579 0.109838
5582 0.211717
5586 0.274471
5589 0.147767
5591 0.466773
5593 0.542301
5600 0.352224
5606 0.296807
5607 0.356739
5617 1.221943
5618 0.325783
5623 0.128823
5627 1.061498
5646 0.178370
5648 0.100818
5649 0.453946
5652 0.150206
5653 0.945829
5655 0.348422
5659 0.593614
5661 0.085882
5673 1.134943
5676 0.057682
5685 0.493363
5686 0.352458
5689 0.483542
5692 0.455480
5709 0.576874
5710 0.563139
5714 0.031335
5724 0.070984
5726 1.094715
5728 0.398179
5730 0.293520
5737 1.152701
5741 0.041906
5747 0.525596
5757 0.148009
5765 0.141391
5769 0.299846
5770 1.183811
5774 0.021080
5785 0.437734
5786 0.351334
5791 0.099094
5812 0.264646
5813 0.283293
5814 0.351334
5817 1.073166
5820 0.173910
5821 0.083668
5822 0.029476
5825 1.147692
5827 0.198089
5836 0.102732
5840 0.963841
5843 0.237826
5844 0.444027
5847 0.548830
5848 0.130270
5854 0.097840
5857 1.190458
5864 0.029920
5874 0.389799
5876 0.953621
5882 0.437319
5885 0.308352
5888 0.363045
5896 0.235241
5900 1.104667
5906 1.102007
5910 0.374001
5917 0.152888
5928 0.475652
5934 0.169965
5935 0.442594
5936 1.115375
5940 0.070267
5949 0.409835
5957 0.228895
5964 0.021773
5966 0.227860
5967 0.383017
5971 0.055741
5975 0.590779
5978 0.606224
5981 1.004019
5983 1.104843
6000 1.102847
6001 1.076588
6019 0.496887
6027 0.478254
6032 0.272801
6039 0.984309
6043 0.157450
6047 0.221895
6050 0.251756
6051 0.488170
6056 0.121509
6067 0.091532
6078 1.132440
6080 1.117996
6083 0.104536
6088 1.044610
6089 0.513826
6091 1.251871
6107 0.195268
6112 1.189439
6116 0.431934
6121 0.457853
6122 1.159403
6124 0.129853
6126 0.465624
6127 1.110276
6130 0.446401
6140 0.249334
6142 0.096617
6146 0.076927
6151 1.055187
6158 0.055741
6162 0.203029
6163 0.231881
6164 0.218105
6167 0.058335
6171 0.421601
6181 0.416864
6184 0.579701
6188 0.450121
6192 0.447282
6193 0.066632
6198 1.072280
6207 0.360703
6213 0.208098
6215 0.134424
6217 0.169669
6225 0.366127
6230 0.183808
6241 0.594566
6247 0.241263
6248 1.009110
6249 0.405791
6250 0.216711
6254 1.002097
6257 0.341001
6265 0.465786
6269 0.469451
6270 0.261609
6272 0.192233
6273 1.046290
6277 0.377222
6285 0.037552
6287 0.482312
6288 1.126651
6290 1.302478
6307 0.010540
6308 0.417140
6312 0.328133
6316 0.152053
6318 1.154469
6325 0.541055
6326 0.124051
6327 0.204874
6330 0.109378
6340 0.178370
6341 0.190261
6350 0.250387
6351 1.084821
6354 0.319835
6367 0.285567
6375 0.145575
6384 0.576928
6387 1.006850
6391 0.535950
6392 0.587866
6395 0.381576
6399 0.425674
6401 1.137527
6403 0.468016
6412 1.295803
6425 0.449564
6428 0.059153
6430 0.496001
6438 0.153656
6446 0.322345
6451 0.465980
6456 0.495026
6457 0.408494
6461 0.527632
6464 0.041655
6467 0.982868
6475 0.130637
6483 1.166695
6489 0.282017
6490 0.435654
6498 1.051946
6508 0.598897
6517 0.405093
6518 0.144324
6528 0.422927
6534 0.531836
6540 1.159403
6542 0.046750
6550 0.413067
6552 0.041906
6554 0.525915
6557 0.141761
6560 1.138882
6561 1.022167
6565 0.356739
6580 0.474067
6583 0.370022
6597 0.381576
6603 0.460881
6604 0.312147
6608 0.278257
6610 0.132503
6612 0.407358
6616 0.539596
6617 1.177425
6627 0.059840
6640 0.035858
6641 0.307312
6653 0.463761
6658 0.225985
6666 0.541055
6667 1.159403
6668 0.244763
6669 0.944184
6670 1.111756
6671 0.158100
6673 0.252044
6687 0.158822
6691 0.319102
6693 0.516415
6709 0.353923
6712 0.013326
6713 1.024258
6716 0.391360
6717 1.152376
6741 1.131398
6743 0.205875
6746 0.092752
6752 0.329298
6760 0.560590
6768 0.490320
6771 0.329872
6775 0.257645
6778 0.149973
6779 0.427430
6783 0.380333
6786 0.295815
6791 0.334443
6798 0.012741
6800 0.473226
6805 0.235601
6806 0.148234
6814 1.236015
6817 0.375426
6823 0.285391
6844 0.114040
6846 0.433183
6851 0.301445
6855 0.167743
6862 0.092752
6863 0.393248
6891 0.556513
6902 0.358463
6903 0.076444
6904 1.112653
6910 0.569288
6913 0.263216
6914 0.484527
6915 0.527632
6918 0.111481
6924 1.064370
6927 0.204247
6932 1.164466
6935 0.404871
6936 0.615418
6938 0.308511
6943 1.198610
6945 0.305661
6946 1.042399
6953 1.113551
6956 0.066797
6958 0.223201
6960 0.150572
6966 0.052700
6969 0.573038
6970 1.108994
6971 0.138142
6975 0.121509
6976 0.278257
6987 0.121062
6989 1.128068
6992 0.450879
6996 0.572545
6999 0.478319
7008 0.435409
7014 0.389715
7020 0.374956
7022 1.077425
7025 0.179999
7038 0.543917
7039 0.550225
7043 0.160709
7045 1.177425
7047 1.008176
7059 0.206772
7066 0.166621
7074 0.296292
7086 0.059078
7087 0.020796
7088 0.540654
7094 0.059153
7096 0.543917
7097 0.316201
7101 0.092752
7103 0.483085
7111 1.178103
7115 0.372499
7117 1.147450
7118 0.072463
7119 0.027280
7120 0.162316
7122 0.316715
7123 0.493363
7133 0.518432
7134 0.324928
7136 0.472990
7137 0.294092
7145 0.587571
7152 0.498813
7155 0.518491
7157 0.269405
7178 1.110276
7179 0.543643
7180 0.463761
7183 1.124571
7185 0.123222
7186 0.472553
7188 0.155384
7192 0.574661
7195 0.091935
7196 0.345660
7204 0.369163
7210 1.200810
7211 0.359252
7212 0.320572
7216 0.536761
7226 1.147450
7233 0.019164
7235 1.034544
7244 0.344377
7247 0.287192
7250 0.216592
7256 0.317901
7257 0.198755
7263 0.533201
7270 0.149163
7275 1.002322
7280 0.371459
7284 0.167625
7290 1.159403
7294 0.144925
7310 0.440678
7311 1.153203
7313 0.400521
7314 0.592304
7316 0.341875
7324 1.202745
7325 0.350008
7326 0.574479
7329 0.262012
7335 0.343183
7354 0.490702
7364 0.417673
7365 0.473843
7368 0.217388
7380 1.043463
7392 1.152290
7394 0.169669
7399 0.493079
7402 0.443791
7415 0.230667
7417 0.199706
7425 0.289851
7427 0.384332
7437 1.047531
7438 1.165288
7441 0.576499
7446 0.114792
7448 1.013610
7454 0.223744
7459 0.159918
7467 0.922790
7474 0.139327
7479 0.572363
7480 1.222073
7488 0.077294
7492 0.028510
7506 1.119878
7519 1.154427
7521 0.993774
7522 0.194480
7532 1.093421
7536 0.414535
7539 0.359815
7545 0.455291
7546 0.054948
7547 0.252255
7548 0.304589
7552 0.125718
7563 0.399350
7571 1.121699
7574 0.164936
7579 0.243475
7580 0.482312
7583 1.126590
7590 0.021979
7596 0.481029
7602 0.474010
7606 1.188534
7612 0.057491
7620 0.013721
7621 0.154587
7625 0.451557
7626 0.073613
7631 1.175732
7637 0.510429
7639 0.122042
7641 0.314231
7647 0.191461
7649 0.481830
7651 0.249718
7655 0.506406
7666 0.576426
7670 0.335617
7674 0.257645
7680 0.948134
7683 0.525200
7688 1.107489
7689 0.379441
7691 0.140148
7697 0.045766
7700 1.145921
7719 0.253800
7730 0.147439
7735 0.115416
7736 0.392069
7743 0.496887
7750 1.145921
7753 0.371009
7766 0.097840
7775 0.013101
7783 0.291674
7786 0.224401
7788 0.602287
7796 0.386468
7797 0.233915
7798 0.138851
7800 0.403721
7806 0.402242
7813 0.176112
7826 1.159403
7833 0.010785
7840 0.349276
7853 0.213574
7854 0.401581
7868 0.516566
7872 0.118156
7879 0.513178
7880 0.243331
7895 0.574180
7896 0.090934
7898 1.118620
7900 1.030580
7903 0.437260
7904 0.378581
7905 0.890047
7911 0.573188
7912 0.467658
7915 0.176559
7917 1.067871
7921 0.476295
7927 0.307127
7936 0.312378
7939 0.515290
7940 1.229812
7950 0.054689
7953 0.116470
7955 0.089185
7958 0.444322
7966 1.104843
7968 0.579701
7970 0.172138
7977 0.473423
7978 0.527501
7983 0.472914
7988 0.247639
7990 0.271029
7992 0.123341
7995 1.202344
7998 0.984521
8003 0.014676
8010 0.284581
8012 0.429977
8013 1.080710
8016 0.968745
8019 0.567624
8030 0.494365
8034 0.115940
8036 0.332898
8040 0.366127
8041 0.181472
8043 1.214612
8050 0.271205
8054 0.375672
8055 0.566819
8061 0.463761
8068 0.585557
8069 0.090176
8073 0.232851
8078 0.326592
8084 0.477401
8088 0.397203
8091 0.618348
8094 0.166544
8096 0.028452
8099 0.996435
8107 0.505522
8109 0.490918
8111 0.558748
8112 0.135786
8113 1.147692
8117 1.152623
8119 0.248911
8121 0.092752
8122 0.179095
8133 0.438951
8143 0.493363
8145 0.135603
8153 1.108360
8155 1.226391
8157 1.165410
8162 0.363488
8171 0.265336
8178 0.437319
8179 0.233339
8182 0.402667
8183 0.145684
8189 1.238453
8195 0.152736
8197 0.336059
8200 0.011202
8204 0.124564
8214 0.100818
8216 1.193705
8225 0.158100
8232 0.019007
8236 0.546710
8246 0.181658
8253 0.394045
8257 0.347821
8267 1.286139
8269 0.446999
8271 0.552097
8274 0.941576
8284 0.287373
8289 0.563688
8294 1.106097
8296 0.488170
8297 1.132440
8298 0.046562
8309 0.345899
8315 0.558053
8317 0.262722
8328 1.117623
8329 0.146760
8331 0.287532
8340 0.163506
8346 0.388782
8348 0.331258
8352 0.040681
8356 0.491868
8362 0.558231
8365 0.311182
8369 0.336810
8387 0.167808
8388 0.573725
8390 0.261434
8395 0.441000
8397 0.592304
8401 0.286150
8404 0.574571
8407 0.014226
8416 1.250592
8417 0.422841
8418 0.046609
8419 0.199039
8422 0.901758
8432 0.019819
8436 0.315177
8437 0.456158
8446 0.148404
8447 0.019651
8450 0.076444
8455 0.362657
8460 0.998694
8462 0.425343
8464 1.200186
8472 0.115363
8474 0.372665
8475 0.076973
8480 1.152460
8482 0.176671
8483 1.089839
8484 1.088942
8488 0.029539
8497 1.073521
8515 0.242489
8523 0.068200
8527 0.133137
8528 0.499435
8529 0.205311
8535 0.152410
8538 0.513747
8542 0.299846
8546 1.133053
8549 0.466678
8551 0.226225
8552 1.007024
8556 1.145206
8571 0.477814
8580 1.089559
8582 0.126480
8591 0.394197
8601 1.211511
8614 0.348318
8627 0.376429
8628 0.481080
8629 0.042547
8639 0.159495
8640 0.509628
8644 0.200391
8650 0.604428
8653 0.615612
8658 0.049336
8661 0.614253
8667 0.293400
8673 0.231881
8678 0.089185
8682 0.067632
8684 0.565562
8688 1.152111
8697 0.493140
8702 0.120771
8703 0.393248
8707 0.097840
8712 1.140186
8718 1.054003
8721 0.039302
8724 0.120771
8726 1.208392
8732 1.114810
8736 0.243411
8746 0.256350
8754 0.319835
8758 1.000852
8763 0.010938
8774 0.572881
8788 0.120771
8792 0.345660
8800 0.010637
8808 0.544497
8809 0.297283
8810 1.213079
8817 1.069227
8819 0.114040
8827 0.278257
8830 0.552097
8834 0.579701
8836 0.491272
8840 1.099640
8841 0.310901
8844 0.609639
8847 1.121655
8848 0.012811
8850 1.229975
8854 0.374001
8860 0.398775
8861 1.059587
8862 0.262861
8873 0.553110
8874 0.598401
8876 0.240631
8880 0.372154
8886 0.334673
8900 0.302907
8908 0.502408
8910 0.127407
8917 0.383017
8930 0.187649
8933 1.103121
8938 1.140703
8947 0.554180
8956 0.585020
8964 1.083035
8975 0.584742
8981 1.273333
8986 0.109943
8987 0.460690
8989 0.602685
8991 1.019890
8996 0.190960
8997 0.407024
8999 0.339930
9010 0.499862
9011 0.176559
9012 1.081308
9019 1.183457
9024 0.560161
9029 0.355856
9032 0.553521
9040 0.438693
9050 0.154587
9051 1.112611
9058 0.221542
9069 1.035583
9072 0.208276
9079 0.356739
9083 0.494679
9087 0.088215
9098 0.431406
9109 1.171114
9111 0.036044
9113 0.178370
9117 1.117497
9119 0.501665
9121 0.181593
9122 0.113420
9124 0.012467
9141 0.251756
9146 1.112558
9148 0.318267
9157 0.483677
9166 0.556513
9168 0.214343
9172 0.029920
9175 0.085486
9179 1.154427
9183 1.145089
9184 0.041655
9192 0.202614
9193 0.122042
9200 1.130776
9209 0.235651
9222 0.109004
9226 1.219788
9227 0.418145
9229 0.554928
9236 0.909135
9244 0.296920
9261 0.499632
9266 0.517419
9268 1.001614
9275 1.005747
9285 0.210801
9287 0.454297
9288 0.986453
9289 1.020274
9298 0.461049
9303 0.570198
9312 0.477011
9314 0.351962
9316 0.153563
9317 0.388961
9318 0.291251
9334 0.317456
9335 0.572425
9343 0.547903
9344 0.311667
9363 1.089299
9364 0.238092
9365 0.353540
9367 0.416439
9374 0.416439
9375 0.175199
9376 0.590241
9384 1.122401
9387 0.229332
9393 1.016619
9398 1.115235
9400 0.396638
9406 0.447282
9410 0.075205
9413 0.406974
9419 0.058853
9420 0.101369
9422 0.198089
9426 0.533936
9427 0.965125
9428 0.521454
9435 0.345899
9439 1.088641
9442 1.201563
9446 0.249718
9447 0.428912
9453 0.594267
9457 0.508231
9458 0.143728
9459 1.063320
9462 1.008586
9465 0.230525
9467 0.300203
9470 0.246973
9471 0.280414
9472 0.134247
9476 0.244085
9477 0.271205
9484 0.198456
9489 0.139128
9500 0.318267
9504 0.532379
9518 0.346315
9522 0.561001
9530 0.415509
9545 0.028452
9558 0.945829
9569 0.088429
9575 0.349409
9587 0.048058
9592 1.154427
9606 0.333984
9607 0.331258
9610 0.932430
9616 0.084320
9618 0.511326
9620 0.323554
9621 0.292286
9625 1.145264
9626 0.496887
9631 0.155277
9634 0.114381
9636 0.495551
9640 0.275292
9646 0.055210
9647 0.315055
9650 0.482690
9656 1.012952
9665 0.253145
9675 0.564446
9676 0.472990
9681 1.183863
9688 1.148668
9697 0.558456
9702 0.193234
9727 0.170046
9729 0.036421
9730 1.050025
9750 0.369871
9765 0.358978
9775 0.231881
9781 0.186684
9788 0.231881
9792 0.218007
9793 0.317806
9796 0.159495
9801 1.173542
9804 0.204874
9826 0.036613
9827 0.063703
9829 0.467829
9843 0.956789
9849 0.114896
9856 0.460690
9858 0.053001
9859 0.194245
9862 0.509945
9871 0.403772
9872 0.236867
9873 0.323554
9879 1.286060
9881 0.999485
9887 0.052225
9888 1.085398
9894 0.377480
9896 1.149577
9898 0.390810
9899 0.405791
9900 0.930219
9907 0.153946
9909 0.164560
9911 0.502230
9920 0.053926
9927 0.481080
9929 0.254384
9932 0.483085
9938 0.297037
9941 0.091704
9945 1.203431
9948 0.550716
9956 1.030580
9964 0.159004
9966 0.099734
9967 0.093689
9968 0.140534
9969 1.123171
9972 0.090490
9982 0.364997
9983 1.046159
9987 0.339071
9988 0.333984
9997 0.574383
9999 0.539524
10000 0.473473
10001 1.269346
10006 0.463761
10011 0.367740
10013 0.504611
10015 0.069071
10025 1.170659
10028 0.069425
10047 0.259161
10054 0.018550
10058 0.231881
10069 0.014584
10073 0.172677
10075 0.101369
10079 0.073380
10080 0.068875
10082 0.393759
10083 0.240915
10084 0.428979
10086 0.351962
10089 0.023422
10103 0.048058
10107 1.132440
10108 0.553521
10110 0.577335
10111 1.224853
10113 0.009388
10124 0.303395
10129 0.434776
10138 0.529048
10140 0.337548
10144 0.239361
10152 0.469123
10155 0.503021
10164 0.031335
10168 0.325066
10169 0.592035
10174 0.418516
10175 0.561825
10178 0.568553
10179 0.313655
10186 1.211036
10203 0.437886
10204 0.234816
10205 0.148296
10207 1.006043
10209 0.087267
10214 1.088419
10217 1.080127
10218 0.160243
10222 0.307312
10225 0.135177
10252 1.275343
10254 0.519912
10255 0.473036
10256 0.256147
10259 0.062670
10273 1.088155
10276 1.159403
10281 1.030580
10286 1.188631
10290 0.112200
10294 1.091203
10296 0.367616
10297 0.297037
10301 0.046069
10304 0.076339
10316 0.291150
10317 0.208098
10318 1.037360
10320 0.133777
10321 0.251299
10342 0.228830
10344 0.270889
10348 0.407548
10355 1.192529
10356 0.471007
10357 0.152410
10359 1.039823
10372 0.025765
10373 0.283110
10382 0.561698
10383 1.208739
10387 0.615612
10389 1.023323
10392 0.453221
10394 0.467501
10399 0.254116
10405 0.553937
10410 0.124667
10412 0.515290
10417 0.274910
10429 0.155234
10434 0.289851
10439 0.469890
10444 0.269356
10449 0.428374
10450 0.266529
10456 0.129422
10468 0.403271
10479 0.141705
10480 0.473473
10481 0.146231
10482 0.092752
10488 1.220424
10506 0.397144
10507 1.017535
10519 0.125718
10536 0.046609
10538 0.188011
10543 0.560098
10548 0.447489
10550 0.293520
10551 0.484373
10558 0.571300
10561 0.382715
10564 0.137207
10569 0.214914
10573 0.485562
10578 0.906860
10582 0.394961
10584 0.047082
10594 1.186366
10607 0.558748
10608 0.343938
10609 0.970882
10610 0.354528
10611 0.043546
10616 1.128892
10619 0.879957
10628 0.957768
10630 0.252961
10634 0.930299
10635 0.125081
10641 0.115940
10644 0.282544
10648 1.128403
10662 0.481501
10663 0.020704
10664 1.199041
10671 0.234945
10673 0.070267
10676 0.228079
10682 0.509333
10687 0.181306
10689 0.444832
10690 0.548431
10705 0.222013
10706 1.133407
10707 0.533936
10708 0.054948
10711 0.192003
10712 0.222351
10720 0.574479
10721 0.028050
10722 0.010398
10728 0.051529
10730 0.177650
10738 0.174534
10746 1.077123
10752 0.502408
10753 0.357688
10757 0.585804
10759 0.593840
10763 0.028164
10769 0.577335
10780 0.220839
10782 0.374336
10783 0.144925
10785 0.264168
10786 0.219346
10788 1.031929
10790 0.463761
10798 0.125341
10804 0.486038
10821 0.514212
10824 0.068536
10827 0.350872
10840 0.426774
10845 0.302453
10849 0.524833
10855 0.285730
10868 0.044308
10874 0.180506
10878 0.117004
10885 0.403721
10886 0.592937
10887 0.355726
10888 0.449193
10892 0.242073
10904 1.106358
10908 0.398322
10909 0.170046
10910 0.990558
10912 0.512916
10914 1.020274
10923 0.022958
10926 0.375732
10927 1.067178
10931 1.137249
10933 0.967849
10942 1.068056
10949 0.389635
10952 1.237645
10956 0.218576
10971 1.104714
10972 0.113420
10973 0.100381
10977 1.046839
10987 0.985114
10990 0.459280
10995 0.058261
10996 0.475283
10999 0.496063
11002 0.225935
11004 0.080421
11005 0.461796
11012 1.213329
11020 0.364210
11022 1.245530
11024 0.031620
11034 0.544321
11042 0.573468
11043 1.068350
11054 1.235847
11065 0.171390
11068 0.448388
11074 1.193078
11078 0.993774
11079 0.173045
11084 0.226550
11088 0.012015
11093 0.267014
11099 0.496117
11101 0.369237
11102 0.541055
11106 0.355796
11113 0.438311
11118 1.011495
11127 1.128731
11136 0.056213
11138 0.056213
11140 0.494006
11143 0.361960
11147 0.596539
11151 0.386468
11152 0.181472
11159 0.210801
11165 1.237645
11166 1.035812
11172 0.365526
11187 0.048058
11194 0.444702
11198 0.420621
11201 0.606457
11212 0.010990
11215 1.187140
11220 0.540400
11231 0.084491
11232 0.410324
11238 0.468220
11241 0.262957
11245 0.247639
11248 0.440280
11255 0.915318
11256 0.516690
11274 0.525013
11276 0.459487
11278 0.540654
11279 0.311667
11286 0.568764
11288 0.038170
11289 0.494172
11293 0.520749
11296 0.548942
11297 0.531701
11303 0.359601
11305 0.397834
11306 1.098382
11312 0.475652
11314 0.268493
11316 0.202737
11317 0.262861
11320 0.087091
11330 0.500135
11335 0.567367
11337 1.140396
11343 0.359252
11351 0.099949
11367 0.209933
11374 0.297999
11377 1.168678
11381 0.476764
11389 1.072136
11391 0.391124
11396 0.118637
11397 0.100818
11400 0.111750
11407 0.127731
11414 0.958184
11415 0.593980
11420 0.279856
11428 0.165629
11435 0.331258
11442 1.190738
11443 0.303509
11446 0.032969
11449 0.067212
11455 0.289851
11458 0.250682
11459 0.525444
11462 0.112365
11464 0.293933
11470 0.265336
11471 0.565281
11472 0.532379
11475 0.392069
11479 0.178370
11487 0.135830
11489 0.060755
11494 0.945980
11497 0.415509
11498 1.116462
11500 0.218755
11501 1.085398
11506 0.334151
11514 0.524617
11520 0.265405
11522 0.122042
11523 0.178370
11534 0.618348
11541 0.996870
11544 0.068604
11546 0.058953
11548 0.331258
11549 0.219676
11552 0.149000
11557 0.343142
11560 0.042547
11561 0.491041
11562 0.292207
11574 0.272160
11576 0.144925
11586 0.011148
11588 0.092752
11590 0.197098
11593 0.127641
11605 0.407548
11606 0.083186
11616 0.209531
11617 0.235811
11618 0.381921
11619 0.554738
11620 0.355796
11625 0.343527
11626 0.244085
11632 0.074500
11639 0.504088
11640 0.225935
11651 0.468830
11652 0.243331
11654 0.116425
11659 0.582502
11665 1.115925
11674 0.316201
11676 0.190788
11681 0.050409
11682 1.245530
11687 0.019904
11688 1.031869
11690 0.148009
11692 0.249334
11693 0.461754
11696 0.989554
11699 0.055474
11703 0.339623
11704 0.085486
11705 0.474010
11706 0.021080
11720 0.077943
11722 0.400781
11725 0.332656
11728 0.241839
11730 1.166695
11732 0.180686
11733 1.060891
11734 0.352368
11737 0.439773
11746 0.077663
11747 0.401525
11757 0.298326
11760 1.074568
11763 0.186077
11774 0.538561
11778 0.529604
11779 1.051699
11793 0.360063
11796 0.556094
11804 0.068488
11811 0.587431
11812 0.031055
11815 0.044880
11823 0.577335
11828 0.382076
11830 0.059204
11834 0.151226
11857 0.376023
11858 0.450121
11864 0.056327
11877 0.320361
11878 0.437510
11884 0.061670
11886 0.146760
11890 1.105133
11893 0.279499
11896 0.341001
11905 0.591532
11908 0.344946
11913 0.310653
11915 0.200963
11920 0.196118
11921 0.490517
11928 0.981837
11944 1.103603
11946 0.453679
11947 0.257645
11950 0.252690
11952 0.047565
11953 0.274471
11954 0.482526
11955 0.600042
11958 0.457522
11965 0.475652
11966 0.208991
11971 0.234697
11972 0.586800
11980 0.363734
11990 1.061622
11991 0.244645
11993 1.134735
11995 1.106219
11997 0.607306
11999 0.144925
12001 0.040920
12008 1.173956
12014 0.579701
12015 0.457522
12016 0.052700
12019 1.145089
12023 0.513747
12031 0.458151
12034 0.057020
12038 0.334339
12040 0.965295
12041 0.479220
12044 0.070267
12045 0.967849
12046 0.283935
12047 0.509628
12051 0.258710
12054 0.458036
12065 0.206842
12066 0.430928
12075 0.202152
12076 0.475165
12081 1.253408
12083 0.459169
12086 0.299512
12103 1.049233
12108 0.136400
12110 0.232812
12116 0.026201
12118 0.358361
12128 0.467829
12129 1.159403
12132 0.120632
12138 0.584832
12140 0.466034
12141 0.180686
12150 0.519136
12161 0.314612
12169 0.102150
12179 0.056010
12184 0.105400
12185 0.991025
12199 1.036643
12201 0.111007
12217 0.412232
12220 0.589102
12222 0.055210
12229 0.122539
12240 0.060622
12241 0.534235
12244 1.080189
12247 0.426893
12259 0.091132
12261 0.368281
12269 0.499264
12277 0.590241
12284 1.275343
12287 0.225614
12300 0.530013
12303 0.416485
12309 0.562135
12310 0.170859
12313 0.971782
12315 0.417605
12324 0.559241
12325 0.173244
12328 0.424357
12332 1.172285
12343 0.172677
12352 1.101695
12359 0.511326
12361 0.999852
12363 0.055875
12366 0.271350
12368 0.344848
12372 0.075613
12375 0.186684
12376 0.544919
12394 0.583540
12395 0.285730
12397 0.603267
12400 0.242124
12422 0.160897
12434 0.560757
12441 0.027937
12456 0.550584
12458 1.113936
12471 0.262506
12475 0.471792
12479 1.083554
12484 0.545601
12493 0.133777
12495 0.564837
12516 0.173244
12525 0.331258
12527 0.463761
12528 1.260430
12541 0.211871
12545 1.301049
12546 0.244698
12565 0.076655
12569 0.369871
12572 0.246373
12575 0.116425
12582 1.166604
12584 0.484373
12588 0.953621
12595 0.973461
12601 0.359651
12611 1.237497
12636 0.508718
12637 0.225127
12642 0.406119
12657 0.302453
12658 0.297601
12672 1.142436
12685 0.337916
12688 1.108994
12689 0.254503
12690 0.202221
12692 0.392803
12701 0.475355
12702 0.384006
12704 1.070974
12715 0.234697
12728 0.388868
12729 1.007264
12741 0.428314
12745 0.294655
12755 0.090736
12766 0.274595
12770 0.477401
12774 1.027319
12776 0.097429
12780 0.050409
12782 0.350954
12783 0.459763
12785 1.143664
12793 0.446853
12800 1.069490
12801 0.951824
12803 0.259340
12810 0.318836
12811 0.452450
12813 0.366649
12814 0.969682
12829 1.159403
12837 0.434776
12846 0.588903
12848 0.177650
12850 1.088419
12853 0.589102
12855 0.286086
12857 0.302907
12858 0.326082
12885 0.264320
12889 0.608211
12894 0.152410
12895 0.344508
12896 0.392236
12899 0.216160
12901 0.288136
12903 0.091189
12916 0.409201
12919 1.082748
12928 0.363488
12937 0.292286
12943 1.136669
12946 0.060702
12957 0.080889
12958 0.579701
12959 0.506945
12973 1.223419
12980 1.099946
12981 0.973642
12982 0.416196
12988 0.406119
12989 0.075408
12990 0.110419
13004 0.495845
13008 0.435654
13025 0.171275
13027 0.201121
13035 0.291063
13051 0.548081
13056 0.056556
13060 1.000500
13066 0.112563
13076 0.550584
13081 0.963001
13082 0.878490
13083 0.354641
13084 1.164422
13087 0.277774
13098 0.340091
13102 0.123222
13104 0.220287
13106 0.178370
13108 0.450254
13109 0.205464
13116 0.557826
13128 0.075849
13138 1.288225
13140 0.366127
13144 0.177320
13153 0.191242
13154 0.479002
13155 0.009867
13170 0.239876
13186 0.361372
13198 0.334151
13201 1.050025
13218 0.153903
13220 0.175259
13222 0.973698
13225 0.087267
13238 1.089559
13239 1.159403
13240 0.538561
13250 0.310159
13258 0.507668
13261 1.129675
13264 0.457659
13277 0.111481
13284 0.061670
13292 0.291251
13298 0.938245
13302 0.060386
13315 0.363045
13317 1.113027
13330 1.131398
13341 1.308376
13347 1.205779
13348 0.198189
13351 0.251005
13364 0.186000
13368 0.479306
13369 0.124222
13370 0.267088
13372 0.225724
13378 0.504088
13388 0.529048
13389 1.014477
13390 0.333328
13391 1.118620
13393 1.064041
13401 0.226488
13405 0.305661
13416 1.140396
13422 0.574830
13423 0.477401
13425 0.132160
13426 0.011042
13433 0.030917
13444 0.380333
13447 1.095807
13449 0.406808
13452 0.526541
13465 0.067538
13473 0.445924
13479 0.231881
13485 0.507599
13494 0.078037
13498 1.115534
13508 0.073225
13513 0.131750
13516 1.075842
13521 1.093323
13523 0.982351
13538 0.300412
13550 0.322720
13551 0.282289
13554 0.183870
13569 0.579701
13579 0.434776
13584 0.355301
13585 0.435935
13588 0.206386
13600 0.170046
13602 0.606224
13605 0.020252
13608 0.454885
13609 0.384259
13620 1.012643
13621 0.940405
13626 0.961084
13631 1.173895
13643 0.499264
13645 0.273396
13648 0.445128
13654 0.126128
13658 0.249871
13659 0.157824
13661 1.092631
13669 0.289851
13673 0.302453
13680 0.257645
13685 0.475404
13687 0.513826
13691 0.466505
13692 0.101702
13696 0.586686
13701 0.468567
13703 0.166421
13710 0.231881
13726 0.342780
13727 0.144925
13740 0.194944
13748 0.397902
13750 0.304589
13757 0.022296
13759 0.563002
13763 0.156189
13766 0.285567
13771 0.098254
13772 1.085398
13777 0.265590
13778 0.604906
13786 1.130776
13789 0.922398
13791 0.428687
13792 0.361895
13793 0.455480
13798 0.196350
13801 0.407489
13806 1.021652
13808 0.573725
13811 0.473473
13820 1.201820
13826 1.038741
13827 0.558001
13841 1.052309
13850 0.180506
13863 0.376659
13868 0.463761
13872 0.583441
13874 0.449918
13880 0.481447
13881 1.063923
13884 1.223490
13889 0.108131
13890 0.044592
13894 1.056944
13899 0.255180
13905 0.297283
13907 1.183457
13922 1.121514
13932 1.247832
13938 0.056556
13941 1.099174
13942 0.183668
13944 0.474803
13947 0.531836
13951 0.132503
13961 0.556513
13962 0.294452
13965 0.426660
13967 0.207268
13975 0.386468
13991 0.942811
13995 0.214989
13997 0.244763
14000 0.029352
14007 0.208901
14009 0.230918
14015 0.131430
14017 1.055354
14024 1.007158
14037 0.992002
14040 1.126590
14044 0.459053
14047 0.552828
14051 0.565789
14052 0.352567
14054 0.117706
14056 0.185069
14060 0.165629
14061 0.069366
14064 0.355856
14078 1.106920
14080 0.481080
14081 1.191788
14094 0.472990
14095 0.252255
14115 0.615782
14117 0.379627
14120 0.251437
14121 0.477401
14122 0.288050
14124 0.412232
14132 0.463761
14133 0.461199
14134 0.236613
14135 0.059078
14142 0.096045
14143 0.066569
14150 0.442404
14151 0.142550
14153 0.239052
14156 0.058213
14160 0.042160
14162 0.388782
14163 0.250387
14168 1.042849
14169 1.141000
14176 0.424292
14178 0.149000
14195 1.202344
14196 0.128823
14199 0.011095
14204 0.222710
14205 0.512813
14213 0.539477
14215 0.321684
14216 0.618348
14217 0.281474
14230 0.077294
14231 0.154587
14232 0.221297
14234 0.158312
14236 0.445334
14238 1.188534
14242 0.461395
14243 0.466426
14249 0.186249
14253 0.291435
14255 1.238315
14267 0.061021
14270 0.392069
14275 0.221799
14284 0.022190
14287 1.113027
14288 0.063529
14289 0.987894
14291 0.044880
14295 0.018700
14304 0.501048
14315 1.230098
14325 1.078171
14327 0.541895
14335 1.093528
14337 1.144727
14338 0.297283
14341 0.243411
14346 0.437734
14347 0.521731
14350 0.563326
14357 0.546888
14359 0.571300
14373 0.105400
14380 0.184204
14381 0.192003
14382 0.958282
14384 0.573725
14395 0.232812
14398 0.120981
14400 0.239442
14402 0.554051
14406 0.480473
14407 0.598812
14417 0.117004
14423 1.189131
14425 0.099734
14429 0.503512
14437 0.548896
14438 0.125908
14440 0.497643
14442 0.168300
14447 0.361372
14451 0.401581
14457 0.195955
14462 1.093776
14463 0.364528
14464 0.050684
14474 1.078292
14476 0.545601
14482 1.065714
14483 0.014139
14487 1.082109
14489 0.271470
14501 1.230971
14502 1.047828
14503 1.104193
14507 0.582502
14513 0.273444
14522 0.480728
14523 1.120196
14524 0.366817
14527 0.359815
14529 0.244085
14539 0.209531
14541 0.579701
14546 0.523270
14549 0.227546
14565 0.299945
14571 0.431406
14581 0.313899
14587 1.274299
14601 0.556513
14602 0.252451
14610 0.412019
14626 0.157824
14632 0.054948
14633 0.436876
14638 0.589310
14642 0.358463
14644 0.252305
14648 1.201648
14653 0.602287
14659 0.076205
14663 1.036981
14664 0.906911
14666 0.586365
14675 0.014864
14681 0.294877
14682 0.122851
14684 0.137020
14687 0.306720
14688 0.103634
14691 0.126480
14692 0.086339
14696 0.259161
14700 0.542411
14703 0.438997
14705 0.055210
14714 0.090343
14717 0.279026
14720 0.457379
14729 0.500135
14736 1.217373
14738 0.124966
14745 1.181843
14746 0.559712
14753 0.393494
14759 0.425283
14760 0.369237
14764 0.558053
14765 0.607306
14770 0.280501
14771 0.927522
14777 0.316855
14779 0.031477
14812 1.138822
14813 0.314770
14815 0.162723
14820 0.496205
14821 0.179355
14823 0.434776
14824 0.219676
14825 0.100818
14845 0.492886
14851 0.341719
14855 0.587431
14857 0.509006
14864 0.085094
14865 0.122042
14867 0.469758
14871 0.180218
14875 0.253203
14878 0.209073
14881 1.181557
14882 0.058556
14888 1.059454
14889 0.571134
14895 0.463761
14897 0.309174
14901 1.204574
14903 1.206919
14916 0.334939
14919 0.439064
14921 0.465624
14923 0.048108
14926 0.178370
14927 0.395133
14928 0.496887
14936 0.063703
14939 0.294936
14940 0.181867
14947 0.582801
14949 0.504088
14957 0.241324
14961 0.413625
14964 0.239442
14975 0.302453
14976 0.231881
14977 0.954241
14984 1.079444
14992 0.281067
14993 0.430101
15002 0.083668
15003 0.229018
15008 0.251756
15010 0.013560
15011 1.125727
15017 0.942346
15024 0.440678
15026 0.201635
15030 1.142761
15034 1.159403
15061 1.050887
15063 0.306509
15070 0.090934
15072 0.521199
15073 0.296990
15074 0.552097
15086 0.031195
15090 0.253203
15092 1.059208
15095 0.184450
15101 0.245701
15105 0.174534
15111 0.037552
15112 0.591295
15126 1.201894
15137 0.547134
15144 1.198928
15149 0.589051
15150 0.153946
15161 0.608686
15164 0.346830
15169 0.398835
15172 0.419866
15187 0.159495
15189 0.117004
15197 1.097377
15214 0.348579
15216 0.500135
15223 0.571903
15230 0.992233
15236 0.576874
15240 0.270527
15243 0.242489
15247 0.175981
15253 0.318066
15254 0.535109
15265 0.421601
15267 1.175285
15272 0.176229
15274 0.359815
15287 0.545601
15289 0.256147
15294 0.379972
15297 0.070695
15300 0.083477
15301 0.569531
15314 1.173895
15318 0.254321
15319 0.402667
15324 0.492746
15334 1.200810
15341 0.576351
15346 1.171737
15349 0.974570
15350 0.103058
15355 0.019323
15356 0.447282
15362 1.135742
15363 1.004816
15364 0.306082
15366 0.053306
15369 0.291586
15370 0.539021
15376 0.951649
15380 0.538294
15383 0.327789
15387 0.366127
15394 0.425604
15399 1.104667
15403 0.494532
15407 0.422841
15408 1.173205
15412 0.011423
15413 0.419593
15422 0.179231
15425 0.348491
15428 0.183668
15432 0.377724
15441 1.138323
15442 0.164163
15445 0.386468
15449 0.038013
15452 1.144727
15466 1.084417
15469 0.011423
15471 0.196880
15475 0.196118
15492 0.012269
15494 0.107352
15497 1.061769
15499 0.386468
15501 0.425114
15502 0.997789
15504 0.029352
15507 1.044737
15516 0.452215
15526 0.106089
15528 0.085530
15532 1.065397
15533 0.270889
15535 0.282419
15536 1.177613
15539 1.017020
15540 0.556040
15548 0.472766
15552 1.087287
15559 0.422586
15572 0.310468
15576 0.488170
15579 0.155384
15585 0.280620
15590 0.012741
15592 0.593183
15605 1.024041
15611 0.555033
15623 0.532379
15627 0.463761
15630 0.256064
15633 0.270889
15641 0.364592
15647 0.236175
15651 1.108552
15656 0.472766
15657 0.237826
15659 0.466152
15667 0.076026
15669 0.392803
15670 0.579701
15674 0.193234
15689 0.574479
15691 0.028452
15695 1.202344
15697 0.463761
15709 0.210801
15711 0.154587
15717 0.263501
15718 0.012015
15723 0.540580
15738 0.524353
15741 0.139558
15747 0.291199
15752 1.342466
15769 0.576009
15774 0.593183
15776 0.315752
15794 0.365388
15802 1.171607
15803 0.084540
15810 1.017535
15818 1.053082
15821 0.401926
15824 1.039133
15827 0.133544
15828 0.262722
15832 1.073521
15834 1.087287
15848 0.495845
15854 0.218755
15874 0.461268
15880 0.060755
15883 0.577170
15891 0.087091
15900 0.547000
15903 1.061148
15907 1.052616
15909 0.961084
15919 0.303112
15925 0.454297
15934 0.066523
15935 0.386468
15942 0.546385
15945 0.275292
15948 0.091189
15953 0.416196
15962 0.973461
15964 0.141523
15968 0.179180
15971 0.593980
15976 1.207050
15991 1.044507
15999 1.106435
16001 0.024154
16006 0.532185
16014 0.590779
16015 0.083477
16016 0.198456
16017 0.391487
16020 0.149973
16021 0.589527
16029 0.022733
16032 0.147226
16039 0.132084
16041 0.281067
16053 0.182763
16062 0.030311
16065 0.340375
16066 0.519316
16080 0.220839
16085 0.412548
16092 0.209531
16093 0.138851
16109 0.376806
16111 0.512578
16120 0.411401
16123 0.327912
16124 0.266663
16131 0.048308
16135 0.173189
16141 0.425903
16147 0.606161
16150 0.044808
16151 0.057970
16153 0.582398
16154 1.050025
16155 0.162013
16156 1.281445
16157 0.329738
16169 0.397902
16174 0.033284
16182 0.237826
16201 1.188879
16203 0.014403
16207 0.480858
16210 0.077294
16215 0.445924
16217 0.118913
16220 0.115459
16224 0.529293
16226 0.091132
16231 1.096732
16241 0.556040
16242 0.474010
16244 0.576759
16245 0.179826
16251 0.153018
16255 1.068667
16264 0.195405
16268 0.082814
16274 0.119680
16278 0.514021
16286 0.175004
16288 0.463761
16296 0.588185
16301 0.361125
16302 0.463761
16303 1.020274
16307 1.051192
16308 0.256458
16313 1.131666
16314 0.257645
16323 1.153268
16331 0.299201
16335 0.491868
16336 0.203602
16341 0.222161
16345 1.174267
16347 0.476643
16353 0.381174
16354 0.531701
16361 0.579701
16365 0.359815
16368 0.336407
16370 0.023541
16373 0.173655
16375 0.571459
16383 0.117243
16385 0.009867
16398 0.516333
16401 0.377042
16403 0.101801
16404 1.159403
16405 0.539257
16411 1.229246
16413 0.443150
16423 0.550225
16427 0.513826
16430 0.583540
16436 0.534375
16438 0.158551
16439 0.139327
16442 1.132187
16443 0.352368
16449 1.115925
16451 0.542699
16459 0.465980
16466 0.548289
16480 1.125727
16481 0.238382
16488 0.353476
16489 0.026963
16490 0.504901
16494 1.001953
16497 1.081161
16500 1.077321
16521 0.203969
16522 0.071568
16529 1.159403
16530 0.468972
16539 0.328326
16545 0.093500
16546 0.446401
16547 0.451557
16566 0.054689
16571 0.382483
16572 1.338892
16573 0.137875
16579 0.217031
16580 0.163132
16583 0.557116
16599 0.147767
16600 0.478721
16602 1.153747
16613 1.289381
16617 1.207425
16619 0.180824
16631 0.615782
16639 0.986726
16641 0.534107
16642 1.015335
16643 0.042160
16644 1.115235
16647 0.399458
16654 0.013027
16656 0.286441
16660 0.382221
16661 0.267144
16664 0.594566
16673 0.312535
16677 0.218105
16681 0.579701
16682 0.324633
16686 0.595998
16695 0.428314
16700 0.143010
16701 1.049808
16706 0.152553
16712 1.079193
16714 0.091532
16725 1.124867
16726 0.295320
16727 0.413625
16728 1.106358
16734 0.072013
16741 1.088830
16743 1.159403
16744 1.061498
16749 0.262861
16751 1.147326
16759 0.353716
16766 0.484979
16768 0.572545
16770 1.201563
16774 0.010990
16782 0.456158
16786 0.117408
16793 0.969958
16800 0.440573
16802 0.309174
16805 0.445924
16807 0.547238
16816 0.369163
16825 0.549191
16826 1.278982
16831 0.485056
16833 1.139584
16836 0.020985
16841 0.451557
16847 0.264168
16850 0.276676
16854 0.038808
16859 0.497695
16863 0.180101
16877 0.049760
16878 1.277978
16891 1.128892
16893 0.463761
16894 0.124222
16896 0.311059
16900 0.369237
16916 0.318066
16918 0.127407
16919 0.089185
16929 0.306509
16945 1.266860
16952 0.256064
16955 0.596264
16961 0.142383
16963 0.238701
16976 1.082109
16978 0.126657
16979 0.131006
16980 0.470173
16982 0.288562
16986 0.513010
16988 0.982972
16989 1.060620
16991 0.962523
16998 0.055210
17003 1.080608
17009 0.331258
17010 0.435577
17012 0.394486
17016 1.132123
17019 0.264320
17022 1.073521
17027 0.277701
17032 0.218105
17035 1.092880
17038 1.128731
17043 1.165114
17044 0.176229
17048 0.104451
17051 0.582502
17052 0.482594
17053 0.026350
17054 0.377222
17059 0.235241
17060 0.075613
17065 0.471406
17074 0.366127
17079 0.344946
17081 0.245160
17088 1.109950
17096 0.253421
17099 0.335487
17101 0.043958
17115 0.395894
17116 0.163440
17121 0.083310
17125 0.337548
17126 0.249492
17131 1.086287
17135 0.509737
17140 0.189518
17149 0.396377
17154 0.282781
17164 0.579701
17166 0.173189
17180 0.197625
17182 0.303112
17183 0.049974
17213 0.275292
17215 0.252961
17219 0.044808
17222 0.068536
17225 0.449269
17229 0.100818
17233 0.592584
17246 0.592584
17248 0.425343
17249 0.283935
17251 0.274041
17258 0.386468
17282 1.015059
17283 0.108131
17285 1.237390
17298 0.539596
17319 0.154587
17324 1.138129
17337 1.029425
17338 0.271470
17341 0.333984
17342 1.101433
17348 0.365526
17349 0.442681
17350 1.047203
17362 0.494808
17363 0.142865
17367 0.289851
17371 0.073225
17372 1.152778
17378 0.143136
17379 0.113364
17380 0.484023
17382 0.384097
17387 0.088429
17388 1.148958
17392 0.113112
17399 1.140602
17400 0.333908
17406 0.552566
17416 0.536667
17420 0.041407
17422 0.123820
17424 0.230918
17430 0.299201
17439 0.121461
17442 0.233253
17448 0.266416
17455 1.232783
17468 0.042160
17469 0.075408
17471 0.156189
17479 0.388170
17480 0.417385
17483 0.197947
17485 0.339337
17490 0.362313
17505 0.586686
17508 0.040681
17513 1.082109
17516 0.440144
17518 0.480105
17519 0.124051
17521 0.018550
17523 0.057254
17524 1.239150
17530 0.579701
17540 0.454199
17542 0.277873
17543 0.238560
17544 0.326082
17545 0.368281
17548 0.548081
17549 0.143643
17550 0.343999
17554 0.380284
17555 0.102437
17556 0.490702
17563 1.187228
17566 0.583540
17572 0.028627
17586 0.060386
17604 0.195810
17606 0.604906
17617 0.337964
17619 0.564034
17628 0.011953
17641 0.393972
17647 0.257645
17648 1.171480
17656 0.048561
17659 0.083310
17661 1.211316
17662 0.456552
17666 1.139062
17669 0.564837
17670 1.029470
17673 0.333328
17674 0.516842
17675 0.500535
17677 0.228079
17679 0.384259
17681 0.561698
17692 0.586918
17693 0.262506
17694 0.219792
17696 0.160842
17697 1.189754
17698 0.241542
17699 1.135742
17703 0.030917
17713 1.019845
17714 0.365464
17718 0.489889
17723 1.058096
17730 0.253203
17732 0.573188
17736 0.011594
17737 0.430816
17742 0.181472
17745 0.445420
17747 0.039469
17749 0.167336
17751 0.024029
17752 1.149577
17753 0.246910
17758 0.257645
17763 0.534375
17771 0.373271
17772 0.164724
17777 1.041497
17784 0.229882
17788 0.491176
17790 0.234347
17794 1.102569
17799 0.291024
17801 0.183870
17802 0.380132
17814 0.039525
17817 0.043751
17818 1.209812
17820 0.452450
17822 1.083995
17827 0.297601
17830 0.440280
17832 1.146076
17839 0.242666
17840 0.256589
17845 0.506135
17859 0.150572
17866 1.139752
17872 0.541895
17873 0.296807
17875 0.424732
17878 1.087835
17879 0.162067
17886 0.530811
17893 0.548535
17898 1.165603
17902 0.254255
17904 1.050509
17905 0.227860
17907 0.352862
17915 0.481684
17918 0.239501
17922 0.432972
17930 0.188011
17934 0.057113
17937 0.274595
17949 0.103518
17954 0.028050
17964 0.396252
17965 0.094370
17968 0.139687
17969 0.161777
17972 0.382356
17975 0.254321
17980 1.131398
17986 0.148404
17988 1.251419
18002 0.186823
18004 0.457072
18009 0.135675
18013 0.468567
18027 0.122042
18034 0.512294
18038 0.455999
18045 1.115534
18046 0.074800
18048 0.299201
18049 0.349820
18051 0.120886
18059 0.533936
18062 0.353118
18068 0.252961
18072 0.361534
18081 0.492260
18093 0.180101
18095 0.339007
18096 0.014864
18097 0.572173
18111 1.159403
18117 0.454885
18122 0.461709
18123 0.153563
18132 0.106089
18134 0.386468
18139 1.127493
18145 0.260540
18146 0.050409
18162 0.068488
18169 0.586521
18171 0.269861
18172 0.196880
18181 0.043208
18184 0.527559
18188 1.136122
18194 0.025481
18196 1.117783
18207 0.293785
18208 0.494679
18210 0.084834
18211 0.146451
18220 0.451170
18222 0.134146
18225 0.389635
18226 0.420568
18230 0.308352
18233 0.409835
18239 0.542940
18240 0.186684
18245 0.215967
18246 0.325262
18247 0.191461
18250 0.216160
18258 0.409789
18261 0.499435
18264 0.305106
18266 0.202098
18270 0.068778
18283 1.183064
18287 0.523601
18288 0.970370
18296 0.249931
18301 1.077931
18302 0.048920
18321 0.596652
18328 0.371009
18331 0.551500
18341 0.086800
18342 0.501363
18345 0.447951
18358 0.191461
18363 0.101926
18373 1.257657
18382 0.481447
18400 0.241542
18407 0.108694
18408 0.542940
18410 0.244843
18411 1.192529
18426 1.165537
18433 0.386468
18435 0.108482
18437 0.445924
18443 0.024800
18459 0.353540
18465 0.485106
18468 1.116106
18469 0.247182
18471 1.199041
18474 0.021080
18476 0.112020
18483 1.246358
18489 0.064411
18494 0.196684
18495 0.044592
18497 0.209797
18498 0.231881
18499 0.122760
18505 0.100381
18506 0.265336
18507 0.321065
18508 0.114381
18520 0.139687
18522 0.204874
18524 1.322908
18529 0.100381
18533 1.185398
18536 1.332966
18538 0.487392
18551 0.313655
18555 0.132795
18557 0.415873
18558 0.031910
18564 0.092752
18567 0.357688
18577 0.437686
18578 1.132440
18581 0.304106
18582 0.134640
18585 0.233046
18586 0.103518
18591 1.027495
18592 0.521982
18600 1.123171
18604 0.518432
18605 0.541447
18607 0.393018
18616 0.504088
18619 0.251816
18620 1.065664
18624 0.048308
18630 0.040503
18633 0.292902
18637 0.019651
18640 1.126809
18643 0.355910
18644 0.291251
18649 0.165629
18657 0.300203
18658 0.127641
18660 0.531393
18661 0.089954
18669 0.488170
18672 0.144925
18678 0.476643
18689 1.204870
18698 0.104346
18700 0.274145
18713 0.253421
18714 0.565562
18720 0.142550
18731 0.021773
18737 0.574830
18739 0.185504
18742 0.138207
18750 0.111872
18759 1.232628
18764 1.051192
18769 0.298815
18770 0.988343
18772 1.143225
18776 1.101433
18780 0.042677
18781 0.095480
18784 0.615193
18787 0.343089
18789 0.069914
18796 0.486663
18805 0.559712
18807 0.046145
18809 1.147809
18814 0.528640
18815 0.107352
18820 0.084320
18822 0.189844
18829 0.533936
18833 0.015356
18835 0.568184
18838 0.180101
18852 1.263452
18853 0.083939
18856 0.123222
18858 0.449269
18862 0.207654
18866 0.322872
18867 1.231519
18880 0.482526
18886 0.489889
18888 0.127252
18895 0.346378
18896 1.055002
18901 0.571613
18902 0.321280
18904 0.311772
18907 0.175667
18912 1.024589
18918 1.130174
18921 1.213215
18944 0.236311
18945 0.196880
18949 0.303509
18950 0.114509
18951 0.157385
18953 1.159403
18955 0.517906
18959 0.948602
18962 0.542301
18963 0.037200
18967 0.414621
18977 1.087287
18981 0.305661
18983 0.430101
18989 0.485562
18991 0.222161
18995 0.433312
18999 0.260159
19000 0.564579
19002 0.070267
19006 0.032659
19014 0.123122
19018 0.205608
19022 0.476643
19035 0.026201
19036 0.475965
19040 0.311059
19048 0.242073
19050 0.423628
19058 1.182437
19067 0.511661
19068 0.398179
19070 0.897157
19071 0.334151
19082 0.370229
19087 0.045917
19096 0.472092
19100 0.549191
19119 0.271029
19128 0.092752
19129 0.104720
19131 0.532020
19133 1.188148
19138 1.197292
19150 0.101702
19153 0.521731
19156 0.576634
19158 0.463761
19162 0.015356
19163 0.032813
19168 0.510359
19175 0.509333
19191 0.379441
19192 0.594267
19193 0.375672
19197 0.610212
19207 1.048706
19217 0.588903
19220 0.271572
19222 0.480728
19223 0.388961
19232 0.242666
19234 0.527001
19243 1.152460
19250 0.085882
19252 0.479753
19254 1.043463
19256 0.087319
19257 0.576426
19258 0.329911
19259 0.461709
19263 0.489686
19266 0.466152
19270 0.187478
19272 0.216422
19274 0.228615
19280 0.193234
19281 0.039302
19285 0.538294
19286 1.122344
19288 0.195147
19290 0.057970
19292 0.307192
19294 0.566344
19295 0.955629
19297 0.548289
19302 1.116986
19305 0.564446
19306 0.458521
19310 0.373271
19314 0.433422
19316 1.048048
19318 0.115940
19320 1.196326
19330 0.417385
19349 0.523601
19355 0.600300
19360 0.564683
19361 1.139584
19366 0.381576
19370 1.073276
19375 0.443722
19377 0.579701
19383 0.169669
19393 0.376949
19394 0.545601
19395 0.112365
19398 0.266092
19402 0.484023
19405 0.183064
19408 0.454956
19419 0.312147
19422 0.241839
19425 0.239876
19426 0.550716
19428 0.195147
19432 0.553885
19435 0.543791
19437 0.102086
19439 0.130137
19461 0.532185
19488 0.253964
19491 0.351622
19502 1.120939
19503 0.542411
19505 0.439979
19515 0.478884
19516 0.073115
19517 0.320841
19534 0.276283
19536 0.414072
19542 0.113667
19543 1.085880
19544 0.195268
19554 0.583441
19555 0.213870
19559 0.410033
19584 0.459053
19585 0.366127
19587 0.501098
19591 1.002322
19595 0.023905
19600 0.081978
19602 0.173655
19607 1.030580
19614 0.242807
19623 0.030917
19628 0.118913
19630 0.576874
19640 0.433516
19641 0.053001
19651 0.981033
19654 0.527001
19662 0.940773
19663 0.982202
19685 1.122344
19687 0.120771
19695 0.591629
19699 0.237273
19716 0.350008
19723 0.139558
19726 0.269281
19729 0.903256
19736 0.473226
19739 0.543263
19745 0.582736
19753 0.503021
19757 0.468016
19766 1.047203
19778 0.087739
19784 1.105892
19785 0.291507
19787 1.090391
19788 0.341610
19791 0.196509
19792 0.034609
19794 0.593438
19800 0.389715
19809 0.414473
19810 0.925614
19818 0.115940
19819 0.143010
19825 0.307806
19830 0.160286
19833 0.009743
19838 0.157207
19839 0.516762
19843 0.107228
19847 0.227100
19857 0.107851
19858 0.528850
19871 1.185753
19874 0.503425
19885 0.281474
19896 0.029167
19926 1.175887
19927 0.371009
19928 0.109766
19933 0.177650
19941 1.094476
19943 0.252961
19945 0.060622
19947 0.112563
19948 0.450879
19956 0.139827
19960 0.491176
19969 0.503579
19970 1.122790
19975 0.493607
19978 1.015145
19984 0.213330
19996 0.466678
19999 1.171114
20002 0.213330
20006 0.038433
20007 0.316665
20009 0.087502
20014 0.187713
20034 0.439245
20039 0.547496
20041 1.153908
20043 0.520548
20050 0.034438
20054 0.180352
20060 0.332616
20067 0.315649
20085 0.544497
20093 0.095130
20097 0.444257
20108 0.151887
20111 0.287090
20112 0.430496
20113 0.963841
20117 1.208117
20118 0.183572
20123 0.601172
20126 0.555344
20139 0.388782
20141 0.493561
20142 0.310073
20155 0.536140
20163 0.262126
20170 0.126657
20171 0.471201
20175 0.975735
20177 0.066889
20179 0.476046
20186 0.235601
20187 0.179355
20198 0.422927
20200 0.434001
20207 1.080127
20208 0.559712
20211 0.542058
20218 0.044808
20221 0.469123
20222 0.268642
20223 0.469451
20224 0.553937
20231 0.281361
20232 0.029229
20235 0.492596
20237 0.413121
20257 1.085201
20262 0.403271
20265 0.261801
20274 0.355726
20288 1.125894
20291 0.186249
20295 0.413625
20296 0.129476
20297 0.952367
20309 1.183811
20310 0.603267
20315 1.031996
20316 0.333423
20318 0.021876
20325 0.126480
20329 0.405032
20333 0.011711
20358 0.367461
20390 0.388868
20408 1.197625
20421 0.489526
20422 0.204247
20430 0.042941
20435 0.175477
20436 0.246910
20437 0.176112
20439 1.009362
20441 0.239361
20445 0.386468
20454 0.494867
20457 0.968615
20460 0.195040
20465 0.594267
20466 1.179393
20468 1.086526
20474 0.274471
20478 0.610212
20483 0.156827
20491 0.562135
20492 0.025765
20501 1.094476
20503 0.143431
20505 1.151725
20506 0.399050
20507 0.293520
20508 0.532185
20512 0.130496
20518 1.070974
20519 0.557826
20521 0.460788
20527 1.300793
20531 0.610714
20534 1.007649
20535 0.130804
20540 0.481447
20556 0.585330
20560 0.527454
20564 0.307056
20571 0.548830
20585 0.528045
20588 0.160610
20595 0.518971
20600 0.542699
20601 0.566526
20608 1.210366
20614 0.220839
20622 0.315577
20627 0.372665
20631 0.105882
20635 0.535109
20639 0.186000
20643 0.515290
20645 0.085094
20650 0.574910
20657 0.344687
20671 1.003812
20684 0.146451
20687 1.065033
20689 1.115743
20691 0.301144
20698 1.069404
20699 0.357627
20700 1.107177
20705 0.589363
20710 0.191242
20713 1.136669
20718 0.607547
20723 0.530446
20736 1.136669
20743 0.340678
20750 0.492746
20753 0.492746
20761 0.323797
20762 0.510429
20765 1.148863
20767 1.080189
20770 0.394045
20772 0.144107
20781 0.072788
20784 0.173910
20787 0.122042
20789 0.081840
20792 0.498668
20796 1.194536
20799 0.411893
20801 0.575064
20805 0.345951
20806 0.233829
20808 1.153333
20817 0.418881
20821 0.397787
20835 0.513010
20837 1.090580
20841 0.550042
20842 0.028746
20851 0.164893
20861 0.225309
20862 0.495279
20866 0.030245
20868 0.430437
20877 0.118637
20878 0.398179
20880 0.196509
20890 0.338587
20898 0.243101
20907 0.440280
20925 0.273567
20932 0.258843
20933 0.333328
20936 0.184450
20943 0.579701
20948 0.158950
20959 0.296468
20961 0.958069
20965 0.331258
20966 0.256589
20967 0.417385
20970 0.421601
20976 0.512701
20980 1.139062
20982 1.211511
20986 0.366649
20993 0.009622
20996 0.991025
21000 0.349764
21006 0.083477
21009 0.037807
21012 1.030580
21017 0.168204
21025 0.373646
21028 0.282781
21029 0.212178
21048 0.289851
21049 1.063257
21055 0.259161
21061 0.525200
21075 0.612515
21084 0.051244
21085 0.215921
21096 0.486663
21103 0.413545
21104 0.241156
21109 0.224401
21123 0.373585
21127 1.195797
21138 0.097840
21143 0.468016
21152 0.092752
21159 0.425343
21161 0.497903
21175 0.283410
21179 0.511084
21192 0.175004
21197 0.291674
21201 1.180483
21202 0.430186
21204 0.289851
21215 0.184935
21241 0.425114
21245 1.130562
21246 0.236613
21249 0.419358
21254 0.244600
21257 0.565562
21258 0.417803
21262 0.131430
21268 0.607306
21271 0.572173
21274 0.305106
21276 0.327193
21280 0.458036
21299 0.515290
21317 0.119938
21318 0.489526
21319 0.572173
21320 0.367232
21322 0.147046
21326 1.089439
21332 0.092291
21333 0.329213
21346 1.103711
21354 0.446999
21355 0.178370
21361 1.152460
21365 0.465702
21368 0.059457
21375 0.411401
21377 0.305357
21382 0.386468
21383 1.094476
21390 1.034062
21393 0.591532
21399 0.046376
21401 0.122760
21402 0.113806
21403 0.520965
21408 0.404195
21411 0.465624
21417 0.218755
21425 0.523601
21432 0.102732
21434 1.159403
21438 0.517502
21442 0.231881
21455 0.472623
21458 0.389888
21459 0.479368
21463 0.459053
21466 0.976339
21467 0.291435
21477 0.421601
21488 0.345591
21495 0.528472
21497 0.401091
21500 0.420621
21505 1.074309
21511 0.297947
21512 1.046435
21552 0.097634
21560 0.065938
21568 0.236046
21576 0.044592
21577 0.050191
21578 0.514021
21580 1.059208
21582 0.041593
21584 0.566819
21589 0.455480
21612 0.085882
21630 0.097634
21631 0.381576
21632 0.119751
21634 1.140602
21638 1.142098
21639 0.491272
21642 0.456158
21648 1.010999
21650 0.468016
21653 1.133172
21657 0.113806
21660 0.099520
21664 0.179135
21671 0.439512
21672 0.056010
21675 0.122042
21682 0.072463
21685 0.517906
21689 0.542699
21690 0.328326
21695 0.023661
21697 0.271470
21698 0.381921
21704 1.040828
21710 0.295389
21725 0.431135
21728 0.499115
21730 1.111380
21732 1.122344
21733 0.466773
21735 0.566819
21742 1.106703
21745 1.225800
21747 1.093585
21748 0.146760
21751 0.123222
21757 1.052309
21761 0.521454
21767 0.597117
21778 0.297601
21786 0.204874
21792 0.034782
21802 0.528172
21803 0.340678
21807 0.125081
21809 0.339337
21822 0.278257
21828 0.256064
21831 1.223814
21834 0.048511
21837 1.253142
21841 0.049075
21844 0.986930
21845 0.168204
21846 0.455999
21853 1.103303
21856 1.189517
21858 0.054178
21877 0.521982
21882 0.145837
21888 0.289851
21890 0.434159
21893 0.378174
21895 1.029550
21912 0.012077
21915 0.235241
21918 1.096163
21919 0.267554
21926 0.297601
21930 0.417982
21937 1.187453
21942 0.441000
21950 0.254255
21952 0.050409
21954 0.138624
21964 0.100818
21969 1.256020
21976 0.426447
21978 0.433422
21981 0.278257
21983 0.455093
21985 0.153563
21992 1.143374
21996 1.039949
22002 1.227035
22003 0.083561
22004 0.058261
22010 0.206116
22019 0.037807
22029 0.241839
22041 0.291770
22044 1.218721
22051 1.063257
22052 1.006515
22054 0.407938
22055 1.060358
22056 0.532379
22061 0.561001
22069 0.195405
22070 0.057970
22083 0.457659
22100 1.004816
22103 0.589310
22109 0.105400
22114 0.176671
22117 0.140148
22122 0.525444
22125 1.098382
22129 0.122539
22134 0.598812
22136 0.367887
22140 0.942692
22142 0.952030
22153 0.436876
22155 0.457659
22162 0.252255
22167 0.175372
22170 0.447489
22174 0.531393
22191 0.603267
22193 0.377042
22194 0.103518
22197 0.383107
22208 0.065450
22211 1.098382
22225 0.027937
22227 0.582211
22228 0.264646
22230 0.141247
22235 0.074321
22243 0.125081
22245 0.199897
22248 0.262957
22263 0.989616
22271 1.164379
22273 0.557405
22276 0.567471
22283 0.386468
22287 0.389981
22289 1.102148
22297 0.280414
22300 0.012811
22305 0.432523
22313 0.459053
22317 0.257645
22320 0.093285
22324 0.427430
22333 0.088758
22334 0.596652
22341 0.468446
22346 0.211763
22349 0.119751
22355 0.061835
22362 0.409201
22373 0.389888
22377 0.331258
22378 0.458801
22387 0.195405
22402 0.079567
22403 1.152202
22422 0.411401
22426 0.407205
22428 0.198319
22432 0.011536
22441 0.915318
22446 0.027121
22447 0.239361
22457 0.294936
22459 0.362313
22461 1.127017
22464 0.079959
22469 0.403271
22474 0.237583
22479 0.249558
22487 0.426447
22491 1.086940
22500 0.532185
22501 0.239501
22502 0.119680
22504 0.029352
22508 0.382076
22520 0.068536
22525 0.167743
22528 0.023905
22530 1.053082
22537 1.206247
22539 0.225985
22549 0.944184
22550 0.252961
22556 1.083126
22557 1.173205
22561 0.219475
22567 0.416552
22568 0.201121
22569 0.363734
22573 0.122760
22574 1.154010
22576 0.291368
22580 0.122042
22586 0.576759
22589 0.492746
22590 0.260866
22593 1.198610
22594 0.430816
22595 0.146760
22604 0.533434
22611 0.289851
22612 0.320686
22614 0.296920
22618 0.334801
22619 1.335515
22622 0.516931
22624 0.491176
22625 0.081840
22638 0.058457
22647 0.603713
22655 0.142696
22657 1.223814
22672 1.117996
22673 1.100847
22674 0.153018
22676 0.332656
22681 0.460690
22686 0.482526
22688 0.459053
22689 0.543917
22698 0.456734
22704 0.510359
22708 1.154157
22718 1.153333
22719 0.227334
22722 0.201635
22730 1.084603
22737 0.384687
22748 0.487392
22754 0.215408
22757 0.139128
22762 0.448801
22764 1.165410
22771 0.480473
22772 0.345125
22783 0.322872
22784 0.135177
22786 0.205464
22789 0.347821
22796 1.195409
22797 0.618348
22810 1.089839
22812 1.079656
22817 0.050409
22818 0.164560
22819 0.360436
22823 1.088211
22824 1.149493
22826 0.286086
22831 0.283293
22835 0.316201
22842 0.398179
22844 0.061290
22850 0.098151
22852 0.453679
22863 0.276048
22870 0.506843
22871 0.592249
22874 0.126128
22875 0.294877
22880 0.408343
22881 0.237826
22930 1.062360
22942 1.159403
22943 0.200391
22944 0.430294
22949 0.333020
22951 0.445334
22957 1.197866
22959 0.503675
22960 0.503579
22967 0.369116
22970 1.083376
22977 0.396913
22978 0.244843
22983 0.548896
22985 0.087319
22997 0.272801
23002 0.363045
23011 0.294452
23012 0.369367
23021 0.565562
23029 1.096920
23035 0.247086
23037 0.529727
23044 0.446999
23046 0.268070
23049 1.009020
23053 0.981033
23058 0.380132
23059 0.158312
23063 0.311481
23068 0.326434
23069 0.429891
23070 0.556040
23071 0.181867
23074 1.057375
23076 0.375101
23078 0.285730
23084 0.981403
23089 1.093005
23105 1.027190
23106 0.189290
23115 0.406808
23119 0.025622
23124 0.333162
23125 0.338159
23137 0.135177
23141 0.020796
23144 0.960015
23150 0.408030
23160 0.109263
23161 0.484023
23165 0.205311
23168 0.200545
23171 1.072718
23173 1.187340
23186 0.171763
23191 1.063208
23194 0.388702
23199 1.221073
23216 0.425674
23222 0.118913
23230 0.265405
23241 1.067729
23246 1.089559
23254 0.440444
23257 1.159403
23260 0.239361
23264 0.604428
23276 0.365526
23282 0.275358
23283 0.067351
23289 0.213574
23291 0.080421
23306 1.188388
23312 0.362008
23318 0.414072
23319 0.389635
23327 0.047323
23333 0.222219
23336 0.115300
23337 0.134035
23340 0.372451
23341 0.088697
23344 0.257645
23359 0.068604
23365 0.579701
23370 0.564446
23383 0.203744
23387 0.564365
23399 1.181557
23414 0.579701
23418 0.549973
23419 0.505697
23420 0.067801
23421 0.057254
23427 0.401926
23429 1.094591
23440 0.256289
23446 0.364651
23451 0.436334
23453 0.481080
23457 0.516762
23465 0.362313
23466 0.202737
23471 0.399794
23490 0.282289
23493 0.546710
23494 0.254814
23495 0.224401
23497 0.361125
23502 0.282289
23505 0.430101
23508 1.132187
23511 0.139928
23513 0.448493
23515 1.006515
23518 0.495162
23522 0.440573
23531 0.584573
23546 0.512578
23551 0.288136
23552 1.089559
23554 0.122042
23561 0.394436
23563 0.318517
23565 0.088617
23567 0.318989
23578 0.530446
23581 0.496887
23597 0.384181
23630 0.118306
23634 0.146760
23650 0.368631
23655 0.505381
23663 0.127252
23666 0.068200
23671 0.328415
23674 0.434776
23678 0.384465
23685 1.111380
23689 0.124424
23695 0.574830
23696 0.293785
23700 0.038647
23701 0.086415
23702 0.278257
23713 0.038972
23718 0.309174
23723 0.515290
23726 0.102150
23733 0.348763
23734 0.046376
23735 1.131465
23751 0.122042
23752 0.536667
23773 0.107573
23774 0.040920
23776 0.341296
23778 1.060830
23785 0.407205
23787 0.042160
23810 1.174658
23818 0.176937
23825 0.216592
23831 0.364592
23832 0.359997
23836 0.582087
23839 0.379972
23841 0.157207
23843 0.546385
23849 0.296719
23856 0.251437
23858 0.296990
23866 0.273444
23869 1.245530
23877 1.147450
23892 0.332898
23894 0.291105
23897 0.311667
23905 0.454668
23907 1.228181
23908 0.133777
23910 0.032057
23912 0.267554
23913 1.149821
23923 0.049127
23931 0.903572
23932 0.582211
23937 1.173600
23938 0.027121
23941 0.239501
23944 0.589872
23945 0.398709
23953 0.410928
23966 0.097066
23967 0.592937
23971 0.321515
23976 1.140703
23982 0.327011
23987 1.095387
23991 0.530446
23995 0.284581
23999 0.562135
24000 1.277709
24001 0.473843
24006 0.615193
24007 0.208098
24011 0.057610
24013 0.201175
24015 1.178409
24017 0.060702
24019 0.218007
24021 0.502009
24026 0.326434
24027 1.006850
24030 0.049336
24031 0.115220
24032 0.045691
24046 0.607306
24056 0.552613
24062 0.086955
24065 1.094268
24068 0.248443
24070 0.246077
24087 1.018666
24090 0.100818
24097 0.388216
24098 0.083812
24104 0.455999
24105 1.096578
24109 0.020340
24110 0.455719
24111 0.286594
24112 1.063782
24114 0.056833
24115 0.920702
24117 0.163567
24130 0.335617
24131 0.391911
24134 1.185457
24137 0.135076
24146 0.337281
24147 1.094992
24149 1.218107
24172 0.422699
24173 0.346626
24176 0.615193
24181 0.116425
24191 0.097978
24193 1.142600
24199 0.470649
24203 0.092752
24216 0.579701
24218 0.525013
24222 1.041603
24236 0.345060
24243 0.127252
24245 0.515290
24247 0.557826
24251 0.022404
24252 0.111750
24253 0.487646
24258 0.152053
24259 0.287286
24267 0.249128
24269 0.371009
24280 0.458207
24286 0.459928
24289 0.014864
24296 0.564446
24300 0.150409
24301 0.291507
24305 0.081362
24308 1.048984
24312 0.174423
24318 0.431406
24326 0.119680
24338 1.047203
24343 0.595955
24348 0.422927
24353 0.078938
24359 0.562817
24362 0.569876
24371 0.094860
24376 0.376023
24380 0.327657
24390 1.222467
24398 0.300818
24401 1.117497
24406 0.093689
24414 0.043141
24415 0.527454
24418 0.961214
24424 0.145684
24426 0.452215
24428 1.013518
24440 0.421601
24441 0.416196
24451 0.170046
24454 0.388961
24463 0.430816
24467 0.215147
24471 0.132213
24474 1.097069
24479 0.320485
24480 0.421601
24487 0.055210
24489 0.519136
24495 0.544856
24496 0.092752
24501 0.191461
24502 0.484146
24508 0.043141
24524 0.115363
24532 0.275596
24536 0.032057
24544 0.222351
24556 0.522115
24560 0.374001
24567 0.530013
24576 0.104049
24588 0.118156
24589 0.492490
24597 1.183811
24600 0.114509
24606 0.276414
24628 0.475165
24636 0.062000
24641 0.179289
24650 0.141761
24652 0.584656
24654 0.261434
24660 0.204247
24664 1.074811
24672 1.009221
24674 1.079606
24677 0.159418
24682 0.254384
24684 0.586686
24686 0.927522
24687 0.188279
24692 0.243528
24693 0.496887
24699 0.019323
24701 0.115940
24703 0.222013
24716 0.206533
24722 0.038486
24725 0.434062
24726 0.548431
24742 0.270354
24744 1.140602
24756 0.098374
24762 1.217697
24767 0.282289
24774 0.137875
24775 0.379441
24780 0.379627
24788 0.261609
24790 0.449269
24804 0.145837
24809 0.174534
24810 0.384006
24811 0.433841
24812 0.912317
24831 0.576351
24836 0.327912
24847 0.083939
24853 0.559712
24867 0.484146
24874 1.230594
24877 0.010836
24889 0.250067
24890 0.381576
24895 0.121245
24897 0.408494
24903 0.230831
24911 0.432141
24915 0.009426
24925 1.181557
24929 0.579701
24940 0.168029
24945 0.974785
24951 0.422639
24963 0.540580
24968 0.384735
24971 0.151827
24978 0.010082
24980 0.319835
24985 0.527501
24990 0.113806
24992 0.451449
25005 0.040681
25011 0.107573
25019 1.193172
25033 0.065318
25034 0.380867
25037 0.536224
25038 0.019164
25051 0.222161
25057 0.324392
25059 0.370022
25062 0.427148
25064 0.089185
25071 1.078171
25072 0.146231
25077 0.318517
25082 0.011594
25087 0.588354
25091 0.434776
25094 0.045691
25100 0.515290
25101 0.553460
25108 0.070624
25109 0.401926
25114 0.565562
25117 0.009702
25125 0.497695
25138 0.014053
25140 0.078272
25142 0.317456
25144 0.047323
25156 0.011652
25158 0.314414
25159 1.074309
25166 0.161777
25171 0.352862
25173 1.137527
25174 0.043141
25176 0.457915
25185 0.056100
25189 0.879168
25191 0.579701
25197 0.527942
25200 0.074800
25202 0.227334
25218 0.131253
25222 0.309174
25227 0.359041
25231 1.092083
25232 0.386468
25236 0.249558
25239 0.203602
25242 0.565562
25243 1.056497
25255 0.050191
25259 0.249558
25262 0.593504
25266 0.261609
25274 0.409201
25278 0.519514
25286 1.008176
25287 0.228079
25288 0.430437
25312 0.025204
25315 0.048308
25316 1.099017
25318 0.118087
25323 0.576426
25325 0.375101
25327 0.410928
25337 0.576499
25341 0.443301
25342 0.086237
25352 0.518169
25353 0.618348
25354 0.034438
25356 0.318698
25357 0.571459
25371 0.089760
25376 0.241064
25378 1.117623
25384 1.058585
25392 0.543917
25394 0.432320
25411 0.193234
25413 0.127731
25415 0.167121
25421 0.412480
25422 0.947686
25436 0.433312
25439 0.472914
25440 1.007158
25445 0.536140
25454 0.167877
25465 1.276646
25466 0.524782
25474 0.308413
25477 0.595998
25481 1.134198
25482 1.144080
25483 0.264704
25485 0.264646
25486 0.538966
25487 0.574830
25490 0.334801
25504 0.325262
25505 0.194313
25506 0.226947
25512 0.327361
25515 0.299945
25517 0.258710
25522 0.177516
25525 0.367461
25526 1.044507
25546 0.152053
25549 0.221459
25558 0.536583
25565 0.106787
25587 0.958069
25592 0.129933
25608 0.089185
25609 0.350236
25612 1.040490
25614 0.558998
25626 1.146376
25628 1.086287
25645 0.525200
25647 1.102999
25653 0.193234
25658 1.127197
25660 1.048048
25661 0.437510
25672 0.942604
25675 0.074800
25685 0.229693
25689 0.275358
25690 0.588903
25691 0.317645
25693 0.411217
25698 0.047565
25711 0.466352
25720 0.149000
25729 0.417673
25730 0.181867
25733 0.388557
25750 0.454956
25753 1.071261
25771 1.151923
25778 0.143136
25779 0.392602
25782 1.209812
25783 1.159403
25785 1.015425
25787 0.558748
25788 0.267014
25789 0.456158
25790 0.256222
25793 1.244237
25797 0.337036
25803 0.213715
25813 0.304589
25820 1.231519
25826 0.069425
25835 1.263009
25837 0.336407
25847 0.009952
25848 0.019904
25866 0.241324
25869 0.538561
25884 0.428979
25885 0.068488
25889 0.057610
25892 1.119765
25896 0.354103
25906 0.124222
25913 0.076973
25914 0.429977
25924 0.422699
25932 0.377955
25935 0.500651
25937 0.337281
25938 0.386468
25939 0.234008
25943 1.143521
25947 0.450879
25948 0.582502
25952 0.535109
25954 0.483677
25958 0.483085
25963 1.091203
25978 0.271350
25983 0.904900
25984 0.037552
25987 1.057888
25992 0.216964
25994 0.266092
25996 0.367461
26006 0.485562
26031 0.014676
26036 1.070218
26037 1.134735
26040 0.518820
26043 0.357840
26044 0.222962
26046 0.244085
26048 0.548646
26050 1.129052
26052 0.122688
26058 0.142550
26077 0.187378
26079 0.202895
26091 0.119191
26095 0.067867
26107 0.222962
26113 0.350187
26126 0.497598
26136 1.046541
26138 0.062670
26144 0.255281
26147 1.146936
26151 0.271959
26152 0.207817
26159 0.164844
26163 1.142269
26171 0.293648
26173 0.057682
26174 0.491041
26177 0.196747
26179 0.204600
26180 0.474067
26186 0.495930
26204 1.167081
26208 0.185504
26210 1.073166
26224 0.179520
26227 0.439353
26229 0.175834
26230 0.348491
26238 0.066252
26241 0.452450
26256 1.194115
26262 0.164163
26267 0.399794
26276 0.199089
26279 1.082109
26295 0.576698
26298 0.329786
26301 0.080421
26304 1.166788
26305 1.105225
26307 1.024327
26309 0.153018
26310 0.154587
26313 0.142258
26314 1.114377
26316 0.178370
26317 0.554806
26327 0.618348
26328 0.507550
26331 0.541055
26347 0.315055
26351 0.086684
26355 1.118206
26363 0.493561
26364 1.021652
26368 0.373025
26372 0.045467
26374 0.273952
26392 0.101258
26400 0.533616
26404 0.511501
26405 0.189588
26415 0.403271
26419 1.147924
26427 0.194944
26430 0.550042
26445 0.390961
26446 0.410760
26452 0.558621
26453 0.094165
26484 1.159403
26485 0.506945
26488 0.565209
26491 0.154587
26503 1.235679
26505 0.283684
26506 0.415509
26509 0.528172
26510 1.040490
26513 0.268003
26514 1.258447
26520 1.246526
26525 1.020274
26530 0.297283
26539 0.083812
26543 0.132925
26545 1.280534
26554 0.292462
26557 0.472766
26558 0.195562
26564 0.369367
26571 0.018550
26574 0.062333
26591 0.106367
26602 1.000500
26604 0.167808
26610 0.513747
26612 0.519732
26617 0.128032
26621 1.047653
26622 0.148234
26623 1.082109
26626 1.144850
26628 0.560470
26629 0.121461
26648 0.172830
26653 0.219887
26657 0.248443
26659 1.117623
26660 0.369871
26661 1.030580
26662 0.429977
26664 0.028985
26670 0.337916
26674 0.218755
26684 0.045172
26686 0.379036
26700 0.546888
26719 0.090343
26720 0.061835
26721 0.180563
26722 0.223201
26732 1.108440
26737 0.504510
26738 1.105225
26742 0.022190
26749 0.188862
26757 0.562947
26763 0.571134
26768 1.159403
26770 0.214914
26781 0.341001
26783 0.459487
26788 0.461199
26795 0.237536
26804 0.500775
26809 0.109766
26813 1.020274
26828 0.466773
26841 0.571134
26853 0.269147
26859 1.122944
26861 0.456361
26866 0.118306
26871 0.232851
26881 0.551423
26884 0.102602
26885 0.359041
26899 0.442246
26901 0.377724
26919 1.057701
26928 0.235985
26937 0.033606
26938 0.028394
26942 0.982972
26943 0.347821
26955 0.492746
26960 0.183064
26966 0.346488
26967 0.384903
26968 0.324025
26978 0.416439
26985 0.200963
26986 0.382922
26988 0.106003
26992 0.078938
26996 0.198755
27012 0.322872
27013 0.340260
27030 0.064411
27032 0.987214
27043 0.346315
27058 0.058556
27059 0.127058
27064 0.338821
27072 0.500135
27083 0.527454
27089 0.293343
27100 0.134957
27102 0.291507
27105 0.576101
27106 0.146893
27108 0.961214
27109 0.076866
27113 0.326741
27121 0.193234
27123 0.187168
27129 0.549544
27131 0.131430
27137 0.259340
27145 0.107494
27146 0.521731
27150 0.179231
27151 0.466215
27153 0.184582
27162 1.029056
27164 0.133975
27166 0.242421
27169 0.030511
27171 0.327789
27174 1.173043
27177 1.174079
27178 0.081158
27189 0.235985
27197 0.208693
27211 0.183572
27217 0.420568
27221 0.175667
27222 0.483085
27229 0.210801
27233 0.426447
27240 1.005148
27244 1.057103
27250 0.365388
27251 0.191554
27255 0.135675
27279 0.066569
27282 0.488170
27284 0.560161
27290 0.304343
27298 0.272248
27309 1.175285
27313 0.037602
27317 0.258751
27318 1.172578
27320 0.475652
27323 0.239159
27334 0.136400
27337 0.448302
27342 0.023661
27355 1.111886
27365 0.034782
27366 0.211717
27369 0.147439
27373 1.174862
27376 0.159918
27389 0.381811
27390 1.097568
27393 0.272801
27395 0.552097
27397 0.301856
27398 0.369480
27404 1.066403
27418 0.579701
27426 0.258843
27428 1.126545
27431 1.263939
27476 1.260851
27480 0.479092
27487 1.177425
27491 0.133975
27498 0.153129
27500 0.309939
27511 0.564311
27513 0.574747
27514 1.084821
27517 0.323018
27527 0.028805
27530 1.077755
27541 0.171340
27548 0.480473
27560 0.045691
27563 0.214515
27570 1.093005
27571 0.416196
27574 0.231881
27578 0.415509
27579 0.129623
27584 1.126545
27588 0.509270
27589 1.060963
27590 0.288136
27592 0.534107
27594 0.245636
27595 0.076564
27613 1.197107
27616 0.234223
27623 0.271659
27629 0.511661
27631 0.552739
27634 0.168920
27637 0.515290
27643 1.270977
27645 0.148641
27648 1.075200
27651 0.034438
27652 0.210801
27653 0.501906
27658 0.559310
27670 0.251437
27675 0.041041
27676 0.246973
27682 1.177425
27686 0.518820
27687 0.294602
27688 0.607306
27695 0.589310
27696 0.968745
27700 0.379917
27703 0.453679
27705 1.149821
27712 0.241263
27716 0.488674
27720 0.379917
27722 1.299017
27735 1.219278
27737 0.488768
27738 0.323227
27764 0.961717
27773 1.092631
27776 0.373646
27779 1.130418
27780 1.108360
27786 0.291674
27791 0.352224
27792 0.335249
27805 0.043478
27806 0.391298
27808 0.999264
27810 0.030713
27813 0.026350
27820 1.028249
27822 1.196803
27824 0.512294
27826 0.300081
27827 0.965380
27833 0.198189
27837 1.062163
27839 0.044592
27842 0.342440
27857 1.243071
27861 0.341001
27865 0.486384
27868 0.204600
27870 0.060229
27873 0.132503
27878 1.082109
27879 0.579701
27886 0.379244
27900 0.444887
27907 0.403271
27924 0.410928
27929 0.310554
27931 0.212837
27934 1.202803
27939 0.125650
27949 0.036421
27957 0.220839
27960 0.534175
27963 0.512578
27967 0.282419
27975 0.410928
27976 0.606790
27977 0.997336
27979 0.459928
27980 0.960648
27989 1.153691
27990 0.257645
27994 0.093285
27995 0.356739
28018 0.331258
28024 0.523601
28028 0.414944
28038 0.419219
28048 0.347261
28049 0.360063
28076 0.451971
28086 0.102804
28087 0.407830
28095 0.256406
28096 0.232851
28108 0.260540
28111 0.230345
28118 0.411971
28120 0.493607
28122 0.503137
28124 0.199467
28125 0.223499
28135 0.461126
28140 0.083939
28142 0.060386
28143 0.360063
28144 0.139928
28151 0.194313
28160 0.344561
28161 1.165473
28162 1.278171
28173 0.210801
28175 0.122851
28177 0.977107
28181 0.352070
28182 0.130804
28186 1.052231
28193 0.486201
28197 1.159403
28198 0.318267
28199 1.125101
28200 0.429891
28202 1.062786
28208 0.526432
28216 0.546385
28218 1.238197
28222 0.161777
28228 1.048984
28229 0.252451
28230 0.031195
28232 0.390536
28235 0.298815
28237 0.103634
28239 1.060963
28242 0.875467
28254 0.010588
28256 0.539021
28257 0.280414
28259 0.188011
28261 1.086940
28265 0.074800
28271 0.515290
28274 0.568966
28275 0.518169
28278 0.025481
28279 0.143136
28280 0.136400
28284 0.162067
28287 1.147450
28297 0.582869
28300 1.170551
28303 1.087687
28304 0.869552
28305 0.375298
28308 0.550716
28309 0.362008
28323 0.019819
28325 0.303304
28330 1.139752
28331 0.542940
28337 0.551003
28347 0.431639
28352 0.142191
28359 0.318517
28361 0.566819
28362 1.147199
28371 0.262506
28372 0.404697
28383 0.135076
28386 1.169065
28392 0.370585
28393 0.053926
28394 0.310001
28395 1.215959
28402 0.073446
28406 1.082109
28415 0.386468
28419 0.141523
28421 0.133383
28425 0.112020
28428 1.131125
28429 1.115925
28445 0.422927
28455 1.196504
28458 1.023888
28462 0.528045
28470 0.202054
28473 0.390294
28481 0.014053
28486 0.347821
28493 0.317456
28497 0.011831
28503 0.315577
28506 0.061021
28519 0.072013
28523 0.485977
28528 0.324633
28529 0.501098
28530 0.568553
28535 1.069404
28559 0.214914
28560 0.065875
28574 0.395372
28577 0.207654
28581 0.582449
28596 1.215806
28600 0.434776
28603 0.542699
28612 1.124269
28618 0.362313
28620 0.245258
28631 0.028627
28636 0.137875
28646 1.267254
28668 1.026900
28669 0.465702
28670 0.114381
28679 0.147046
28698 0.194480
28705 0.481830
28719 1.102721
28721 0.025765
28723 1.072575
28727 0.529676
28728 0.386468
28732 0.069914
28742 0.229882
28743 1.059669
28749 1.132750
28755 0.194186
28757 0.134424
28759 1.153747
28764 0.328233
28765 1.054003
28767 0.507239
28771 0.471850
28779 0.448448
28780 0.506902
28781 0.015255
28784 0.529604
28789 0.595998
28795 1.258780
28802 0.986159
28844 0.477401
28848 0.350649
28853 0.234347
28854 1.038484
28856 0.348847
28859 0.125341
28872 0.427148
28874 0.171763
28881 0.401525
28883 0.320277
28884 1.277978
28887 0.374001
28888 0.258795
28890 1.204574
28892 1.206315
28902 0.077725
28905 0.083668
28907 0.506135
28910 0.602685
28928 0.019164
28934 1.172578
28936 0.025481
28937 0.108355
28941 0.401091
28944 0.213715
28946 0.028985
28950 1.181843
28958 0.231881
28974 0.479753
28984 0.028985
28987 0.070624
28991 0.562947
29007 0.051991
29008 0.463761
29011 0.111081
29012 0.424010
29019 0.337548
29020 0.457522
29025 1.039465
29028 0.533325
29031 0.582087
29032 0.252543
29037 0.053184
29047 0.092752
29048 0.386468
29052 1.130174
29054 1.056090
29057 0.239052
29059 1.154469
29066 0.388216
29072 1.069449
29076 0.376659
29077 1.067871
29079 1.085398
29083 1.035733
29088 0.369237
29092 0.315706
29094 0.174246
29097 0.128229
29098 0.109766
29099 1.233407
29106 0.071716
29110 0.144107
29116 1.164846
29118 0.468446
29122 0.423350
29125 0.496164
29139 0.013404
29140 0.117905
29144 0.920012
29148 0.332616
29154 0.344561
29164 1.147692
29165 0.413684
29179 0.252690
29185 0.028746
29188 0.439245
29189 1.271223
29190 0.561772
29207 0.562135
29210 0.529408
29218 0.477011
29221 0.354262
29223 0.118637
29228 1.173716
29240 0.192233
29247 0.477401
29248 0.020520
29253 0.927522
29262 0.477075
29266 0.419219
29267 0.291368
29268 0.269281
29270 0.384006
29273 1.081308
29281 0.318008
29282 0.219191
29291 0.170188
29298 0.326741
29300 0.490320
29310 0.422586
29314 0.139128
29315 0.370138
29327 1.207711
29334 1.029133
29338 0.241771
29340 0.294092
29341 0.377222
29352 0.396377
29360 0.068604
29368 0.463761
29372 0.080305
29381 0.092752
29394 0.576188
29400 0.482594
29402 0.370022
29411 0.148296
29412 1.111592
29419 0.428979
29422 0.194858
29424 0.128175
29426 0.469890
29433 0.541055
29443 0.282781
29451 0.220839
29452 0.318066
29455 0.458207
29459 0.449918
29461 1.107295
29468 1.075926
29473 0.593614
29489 0.370531
29499 0.128111
29513 0.455093
29516 0.432844
29520 1.072880
29522 0.152410
29523 0.115300
29524 0.521080
29529 0.555547
29534 0.558231
29537 0.014139
29538 1.094268
29547 1.044141
29559 1.013850
29570 0.286981
29572 0.388702
29575 0.205811
29593 0.214343
29603 0.379036
29606 0.218007
29608 0.139128
29610 0.573188
29614 1.232628
29618 1.315727
29620 0.018929
29622 1.302003
29626 0.112200
29630 0.542473
29636 0.412772
29640 0.301928
29644 0.091704
29650 0.361895
29651 0.494679
29655 0.139382
29664 1.059669
29670 0.159134
29672 0.454668
29677 0.447489
29679 0.162943
29680 1.020274
29681 0.287286
29698 1.164556
29700 0.421601
29706 0.019819
29714 0.521731
29715 0.028627
29720 0.009662
29721 0.339337
29725 0.535109
29726 0.138851
29728 0.026963
29731 1.123838
29737 0.198319
29745 0.465831
29747 1.068574
29751 0.317456
29752 0.164649
29753 1.169146
29758 0.544209
29760 0.132503
29761 0.107494
29778 0.463761
29783 0.105400
29785 0.131430
29786 0.421601
29789 0.053676
29796 0.557687
29800 0.455834
29807 0.019990
29811 0.942692
29819 0.078604
29826 0.345125
29829 0.210801
29832 0.249492
29856 0.218363
29860 0.326592
29863 0.393759
29865 0.466426
29866 0.039469
29869 0.296235
29870 0.280189
29872 0.023541
29875 0.210801
29877 0.355957
29894 0.608979
29895 0.134574
29906 0.009275
29917 0.269147
29919 0.100818
29923 1.223419
29924 0.275358
29926 0.595201
29939 0.366695
29946 0.088758
29954 0.315276
29957 0.149600
29962 0.065187
29972 0.180352
29974 0.049974
29977 0.216262
