6013
15752 1.342466
16572 1.338892
22619 1.335515
18536 1.332966
18524 1.322908
29618 1.315727
2896 1.312531
13341 1.308376
6290 1.302478
29622 1.302003
12545 1.301049
20527 1.300793
27722 1.299017
6412 1.295803
16613 1.289381
13138 1.288225
3736 1.286993
8267 1.286139
9879 1.286060
16156 1.281445
4953 1.281445
26545 1.280534
949 1.280322
16826 1.278982
28162 1.278171
28884 1.277978
16878 1.277978
24000 1.277709
815 1.276751
25465 1.276646
12284 1.275343
10252 1.275343
14587 1.274299
8981 1.273333
29189 1.271223
27643 1.270977
10001 1.269346
5287 1.267363
28646 1.267254
16945 1.266860
27431 1.263939
18852 1.263452
25835 1.263009
27476 1.260851
12528 1.260430
4903 1.259351
28795 1.258780
26514 1.258447
18373 1.257657
21969 1.256020
86 1.255548
12081 1.253408
21837 1.253142
6091 1.251871
4081 1.251871
17988 1.251419
3118 1.251419
8416 1.250592
13932 1.247832
26520 1.246526
18483 1.246358
23869 1.245530
11022 1.245530
11682 1.245530
25793 1.244237
1537 1.243723
27857 1.243071
3469 1.242880
2712 1.241871
1403 1.241186
1202 1.239150
17524 1.239150
8189 1.238453
14255 1.238315
28218 1.238197
1751 1.238197
11165 1.237645
10952 1.237645
12611 1.237497
17285 1.237390
6814 1.236015
11054 1.235847
26503 1.235679
4874 1.234203
29099 1.233407
33 1.232783
17455 1.232783
29614 1.232628
18759 1.232628
18867 1.231519
25820 1.231519
14501 1.230971
24874 1.230594
14315 1.230098
8850 1.229975
7940 1.229812
16411 1.229246
23907 1.228181
22002 1.227035
2639 1.226991
8155 1.226391
21745 1.225800
10111 1.224853
22657 1.223814
21831 1.223814
5435 1.223814
13884 1.223490
12973 1.223419
29923 1.223419
24390 1.222467
7480 1.222073
5617 1.221943
23199 1.221073
10488 1.220424
9226 1.219788
27735 1.219278
22044 1.218721
24149 1.218107
24762 1.217697
14736 1.217373
28395 1.215959
28596 1.215806
8043 1.214612
11012 1.213329
18921 1.213215
8810 1.213079
3365 1.212764
20982 1.211511
8601 1.211511
17661 1.211316
10186 1.211036
4183 1.210446
20608 1.210366
25782 1.209812
17818 1.209812
10383 1.208739
4817 1.208739
8726 1.208392
20117 1.208117
1907 1.208117
29327 1.207711
16617 1.207425
15976 1.207050
14903 1.206919
28892 1.206315
22537 1.206247
13347 1.205779
1646 1.205255
18689 1.204870
28890 1.204574
14901 1.204574
9945 1.203431
27934 1.202803
7324 1.202745
14195 1.202344
15695 1.202344
7995 1.202344
15126 1.201894
13820 1.201820
2928 1.201820
14648 1.201648
16770 1.201563
9442 1.201563
15334 1.200810
7210 1.200810
8464 1.200186
18471 1.199041
10664 1.199041
15144 1.198928
6943 1.198610
22593 1.198610
22957 1.197866
20408 1.197625
19138 1.197292
27613 1.197107
27822 1.196803
28455 1.196504
2410 1.196405
4734 1.196326
19320 1.196326
4050 1.195797
21127 1.195797
22796 1.195409
3228 1.194536
20796 1.194536
2005 1.194185
26256 1.194115
8216 1.193705
25019 1.193172
11074 1.193078
10355 1.192529
18411 1.192529
14081 1.191788
92 1.190738
11442 1.190738
5857 1.190458
17697 1.189754
21856 1.189517
6112 1.189439
14423 1.189131
16201 1.188879
3396 1.188829
10286 1.188631
14238 1.188534
7606 1.188534
23306 1.188388
19133 1.188148
21937 1.187453
4256 1.187408
23173 1.187340
17563 1.187228
11215 1.187140
10594 1.186366
19871 1.185753
24134 1.185457
18533 1.185398
9681 1.183863
20309 1.183811
24597 1.183811
5770 1.183811
13907 1.183457
9019 1.183457
18283 1.183064
19058 1.182437
28950 1.181843
14745 1.181843
14881 1.181557
24925 1.181557
23399 1.181557
21201 1.180483
20466 1.179393
24015 1.178409
3624 1.178409
7111 1.178103
15536 1.177613
27682 1.177425
27487 1.177425
6617 1.177425
7045 1.177425
19926 1.175887
7631 1.175732
27309 1.175285
15267 1.175285
27373 1.174862
23810 1.174658
1228 1.174331
16345 1.174267
27177 1.174079
12008 1.173956
15314 1.173895
2074 1.173895
13631 1.173895
5561 1.173835
4306 1.173716
29228 1.173716
23937 1.173600
9801 1.173542
15408 1.173205
22557 1.173205
27174 1.173043
27318 1.172578
28934 1.172578
12332 1.172285
15346 1.171737
15802 1.171607
17648 1.171480
9109 1.171114
19999 1.171114
2461 1.170882
10025 1.170659
28300 1.170551
3905 1.169755
5422 1.169312
29753 1.169146
28386 1.169065
11377 1.168678
26204 1.167081
26304 1.166788
6483 1.166695
11730 1.166695
12582 1.166604
5408 1.165953
69 1.165880
17898 1.165603
18426 1.165537
2482 1.165473
28161 1.165473
422 1.165410
22764 1.165410
8157 1.165410
7438 1.165288
17043 1.165114
29116 1.164846
29698 1.164556
6932 1.164466
13084 1.164422
22271 1.164379
26768 1.159403
18111 1.159403
2240 1.159403
15034 1.159403
25783 1.159403
26484 1.159403
22942 1.159403
12129 1.159403
16529 1.159403
6122 1.159403
18953 1.159403
28197 1.159403
10276 1.159403
6540 1.159403
7290 1.159403
16743 1.159403
594 1.159403
6667 1.159403
2551 1.159403
21434 1.159403
7826 1.159403
16404 1.159403
23257 1.159403
12829 1.159403
13239 1.159403
6318 1.154469
29059 1.154469
9592 1.154427
9179 1.154427
7519 1.154427
22708 1.154157
22574 1.154010
20041 1.153908
3095 1.153802
16602 1.153747
28759 1.153747
4794 1.153691
27989 1.153691
3808 1.153635
22718 1.153333
20808 1.153333
16323 1.153268
7311 1.153203
1127 1.152997
17372 1.152778
5737 1.152701
8117 1.152623
19243 1.152460
21361 1.152460
8480 1.152460
6717 1.152376
7392 1.152290
22403 1.152202
8688 1.152111
25771 1.151923
20505 1.151725
27705 1.149821
23913 1.149821
17752 1.149577
9896 1.149577
22824 1.149493
17388 1.148958
20765 1.148863
9688 1.148668
26419 1.147924
18809 1.147809
8113 1.147692
29164 1.147692
5825 1.147692
23877 1.147450
7117 1.147450
28287 1.147450
7226 1.147450
16751 1.147326
28362 1.147199
26147 1.146936
25626 1.146376
17832 1.146076
7750 1.145921
7700 1.145921
3491 1.145763
9625 1.145264
8556 1.145206
12019 1.145089
9183 1.145089
26626 1.144850
15452 1.144727
14337 1.144727
689 1.144602
25482 1.144080
12785 1.143664
25943 1.143521
2613 1.143374
21992 1.143374
18772 1.143225
15030 1.142761
24193 1.142600
4959 1.142436
12672 1.142436
26163 1.142269
21638 1.142098
14169 1.141000
23976 1.140703
8938 1.140703
21634 1.140602
17399 1.140602
24744 1.140602
13416 1.140396
11337 1.140396
8712 1.140186
3982 1.140079
28330 1.139752
17866 1.139752
19361 1.139584
16833 1.139584
17666 1.139062
20980 1.139062
6560 1.138882
14812 1.138822
2985 1.138323
15441 1.138323
17324 1.138129
6401 1.137527
25173 1.137527
3741 1.137527
631 1.137249
10931 1.137249
20736 1.136669
12943 1.136669
1033 1.136669
20713 1.136669
3362 1.136368
18188 1.136122
15362 1.135742
17699 1.135742
5673 1.134943
11993 1.134735
26037 1.134735
25481 1.134198
10706 1.133407
21653 1.133172
8546 1.133053
28749 1.132750
8297 1.132440
10107 1.132440
6078 1.132440
18578 1.132440
23508 1.132187
16442 1.132187
17016 1.132123
16313 1.131666
4351 1.131577
23735 1.131465
13330 1.131398
6741 1.131398
17980 1.131398
1801 1.131125
28428 1.131125
9200 1.130776
13786 1.130776
21245 1.130562
27779 1.130418
18918 1.130174
29052 1.130174
3722 1.129926
13261 1.129675
5349 1.129675
26050 1.129052
727 1.128892
10616 1.128892
16891 1.128892
11127 1.128731
17038 1.128731
10648 1.128403
6989 1.128068
18139 1.127493
25658 1.127197
22461 1.127017
18640 1.126809
6288 1.126651
14040 1.126590
7583 1.126590
27428 1.126545
27584 1.126545
1187 1.125894
20288 1.125894
15011 1.125727
16480 1.125727
656 1.125101
28199 1.125101
4966 1.125101
16725 1.124867
7183 1.124571
28612 1.124269
29731 1.123838
2349 1.123838
9969 1.123171
18600 1.123171
26859 1.122944
19970 1.122790
9384 1.122401
19685 1.122344
21732 1.122344
19286 1.122344
7571 1.121699
8847 1.121655
4570 1.121514
977 1.121514
13922 1.121514
19502 1.120939
14523 1.120196
7506 1.119878
25892 1.119765
5132 1.119765
3662 1.118959
7898 1.118620
13391 1.118620
26355 1.118206
22672 1.117996
6080 1.117996
18196 1.117783
26659 1.117623
25378 1.117623
8328 1.117623
4205 1.117497
9117 1.117497
24401 1.117497
19302 1.116986
11498 1.116462
18468 1.116106
16449 1.115925
28429 1.115925
11665 1.115925
20689 1.115743
13498 1.115534
18045 1.115534
5936 1.115375
9398 1.115235
16644 1.115235
2934 1.115000
8732 1.114810
4123 1.114377
26314 1.114377
12458 1.113936
6953 1.113551
13317 1.113027
14287 1.113027
414 1.112653
6904 1.112653
9051 1.112611
9146 1.112558
3540 1.111942
27355 1.111886
6670 1.111756
29412 1.111592
21730 1.111380
23685 1.111380
1526 1.111094
7178 1.110276
6127 1.110276
17088 1.109950
3924 1.109950
498 1.109613
6970 1.108994
12688 1.108994
15651 1.108552
26732 1.108440
8153 1.108360
27780 1.108360
7688 1.107489
29461 1.107295
767 1.107177
20700 1.107177
14078 1.106920
21742 1.106703
15999 1.106435
10904 1.106358
16728 1.106358
11995 1.106219
8294 1.106097
19784 1.105892
26738 1.105225
26305 1.105225
11890 1.105133
1230 1.105133
5983 1.104843
7966 1.104843
10971 1.104714
15399 1.104667
5900 1.104667
14503 1.104193
21346 1.103711
11944 1.103603
21853 1.103303
8933 1.103121
25647 1.102999
6000 1.102847
4848 1.102847
28719 1.102721
17794 1.102569
2903 1.102383
22289 1.102148
5906 1.102007
12352 1.101695
338 1.101695
18776 1.101433
17342 1.101433
22673 1.100847
5166 1.100250
12980 1.099946
8840 1.099640
2114 1.099434
13941 1.099174
25316 1.099017
22125 1.098382
2308 1.098382
22211 1.098382
4978 1.098382
11306 1.098382
4358 1.098382
27390 1.097568
5471 1.097377
15197 1.097377
24474 1.097069
23029 1.096920
16231 1.096732
757 1.096732
24105 1.096578
5214 1.096339
21918 1.096163
13447 1.095807
4851 1.095699
23987 1.095387
24147 1.094992
5726 1.094715
23429 1.094591
20501 1.094476
21383 1.094476
19941 1.094476
29538 1.094268
24065 1.094268
14462 1.093776
21747 1.093585
14335 1.093528
7532 1.093421
13521 1.093323
27570 1.093005
23089 1.093005
4749 1.092940
17035 1.092880
3712 1.092880
13661 1.092631
27773 1.092631
25231 1.092083
4913 1.091203
25963 1.091203
1381 1.091203
10294 1.091203
20837 1.090580
19787 1.090391
3339 1.090037
8483 1.089839
22810 1.089839
23246 1.089559
23552 1.089559
13238 1.089559
1588 1.089559
8580 1.089559
21326 1.089439
345 1.089439
9363 1.089299
8484 1.088942
16741 1.088830
9439 1.088641
12850 1.088419
10214 1.088419
22823 1.088211
10273 1.088155
1855 1.087970
17878 1.087835
28303 1.087687
18977 1.087287
15552 1.087287
15834 1.087287
28261 1.086940
4786 1.086940
22491 1.086940
20468 1.086526
17131 1.086287
25628 1.086287
2722 1.086177
19543 1.085880
13772 1.085398
11501 1.085398
549 1.085398
9888 1.085398
29079 1.085398
20257 1.085201
27514 1.084821
6351 1.084821
1720 1.084763
22730 1.084603
15466 1.084417
17822 1.083995
12479 1.083554
22970 1.083376
22556 1.083126
8964 1.083035
2052 1.082894
12919 1.082748
26623 1.082109
27878 1.082109
14487 1.082109
26279 1.082109
28406 1.082109
16976 1.082109
17513 1.082109
3816 1.081460
9012 1.081308
29273 1.081308
16497 1.081161
8013 1.080710
17003 1.080608
12244 1.080189
20767 1.080189
10217 1.080127
20207 1.080127
22812 1.079656
24674 1.079606
14984 1.079444
2557 1.079444
16712 1.079193
14474 1.078292
25071 1.078171
14325 1.078171
18301 1.077931
27530 1.077755
2163 1.077563
7022 1.077425
16500 1.077321
10746 1.077123
6001 1.076588
29468 1.075926
13516 1.075842
27648 1.075200
24664 1.074811
11760 1.074568
25159 1.074309
21505 1.074309
5053 1.074079
15832 1.073521
8497 1.073521
17022 1.073521
19370 1.073276
5817 1.073166
26210 1.073166
29520 1.072880
718 1.072880
23171 1.072718
28723 1.072575
6198 1.072280
11389 1.072136
25753 1.071261
20518 1.070974
12704 1.070974
1984 1.070218
26036 1.070218
12800 1.069490
29072 1.069449
20698 1.069404
28535 1.069404
2591 1.069352
3474 1.069294
8817 1.069227
16255 1.068667
29747 1.068574
11043 1.068350
10942 1.068056
7917 1.067871
29077 1.067871
23241 1.067729
5544 1.067729
10927 1.067178
787 1.066403
27404 1.066403
14482 1.065714
18620 1.065664
236 1.065397
15532 1.065397
20687 1.065033
6924 1.064370
13393 1.064041
13881 1.063923
24112 1.063782
9459 1.063320
3271 1.063320
21049 1.063257
22051 1.063257
3563 1.063208
23191 1.063208
28202 1.062786
22930 1.062360
3183 1.062246
27837 1.062163
15497 1.061769
11990 1.061622
16744 1.061498
5627 1.061498
15903 1.061148
2248 1.060963
27589 1.060963
28239 1.060963
11733 1.060891
4926 1.060891
23778 1.060830
16989 1.060620
3482 1.060620
22055 1.060358
28743 1.059669
29664 1.059669
8861 1.059587
2861 1.059454
14888 1.059454
3761 1.059454
15092 1.059208
21580 1.059208
25384 1.058585
17723 1.058096
25987 1.057888
26919 1.057701
3818 1.057477
23074 1.057375
27244 1.057103
13894 1.056944
25243 1.056497
29054 1.056090
4331 1.055354
14017 1.055354
6151 1.055187
5035 1.055187
1770 1.055187
3791 1.055118
18896 1.055002
8718 1.054003
28765 1.054003
15818 1.053082
22530 1.053082
15907 1.052616
4837 1.052309
21757 1.052309
13841 1.052309
28186 1.052231
6498 1.051946
11779 1.051699
1826 1.051699
18764 1.051192
16307 1.051192
15061 1.050887
17904 1.050509
16154 1.050025
13201 1.050025
9730 1.050025
16701 1.049808
12103 1.049233
24308 1.048984
28228 1.048984
19207 1.048706
25660 1.048048
19316 1.048048
14502 1.047828
26621 1.047653
7437 1.047531
2017 1.047203
24338 1.047203
19766 1.047203
17350 1.047203
10977 1.046839
26136 1.046541
21512 1.046435
3219 1.046290
6273 1.046290
9983 1.046159
15507 1.044737
6088 1.044610
25526 1.044507
15991 1.044507
29547 1.044141
3934 1.044070
19254 1.043463
7380 1.043463
14168 1.042849
1409 1.042776
6946 1.042399
2786 1.042291
122 1.042160
2218 1.041782
24222 1.041603
17777 1.041497
943 1.041380
21704 1.040828
26510 1.040490
25612 1.040490
21996 1.039949
10359 1.039823
5431 1.039465
29025 1.039465
15824 1.039133
13826 1.038741
28854 1.038484
1458 1.037698
10318 1.037360
14663 1.036981
12199 1.036643
1134 1.036517
1016 1.036062
5384 1.035812
11166 1.035812
29083 1.035733
9069 1.035583
7235 1.034544
21390 1.034062
5163 1.033801
4480 1.033684
1731 1.032830
2386 1.032666
20315 1.031996
10788 1.031929
11688 1.031869
19607 1.030580
7900 1.030580
26661 1.030580
21012 1.030580
9956 1.030580
10281 1.030580
21895 1.029550
17670 1.029470
17337 1.029425
29334 1.029133
27162 1.029056
1455 1.028970
27820 1.028249
4607 1.028042
18591 1.027495
12774 1.027319
23105 1.027190
28668 1.026900
18912 1.024589
26307 1.024327
6713 1.024258
15605 1.024041
931 1.023888
28458 1.023888
10389 1.023323
6561 1.022167
13806 1.021652
26364 1.021652
3620 1.020779
82 1.020779
16303 1.020274
10914 1.020274
9289 1.020274
29680 1.020274
26813 1.020274
26525 1.020274
8991 1.019890
17713 1.019845
2784 1.019475
24087 1.018666
10507 1.017535
15810 1.017535
1100 1.017020
15539 1.017020
9393 1.016619
25785 1.015425
16642 1.015335
19978 1.015145
17282 1.015059
13389 1.014477
29559 1.013850
7448 1.013610
24428 1.013518
9656 1.012952
2355 1.012703
13620 1.012643
1566 1.012579
4346 1.012270
4195 1.012075
887 1.011842
11118 1.011495
3319 1.011043
21648 1.010999
4580 1.010761
4281 1.009802
4187 1.009362
20439 1.009362
24672 1.009221
6248 1.009110
23049 1.009020
9462 1.008586
7047 1.008176
25286 1.008176
20534 1.007649
630 1.007350
12729 1.007264
25440 1.007158
14024 1.007158
8552 1.007024
6387 1.006850
24027 1.006850
23515 1.006515
22052 1.006515
10207 1.006043
9275 1.005747
27240 1.005148
22100 1.004816
15363 1.004816
5981 1.004019
20671 1.003812
4771 1.003812
19591 1.002322
7275 1.002322
6254 1.002097
16494 1.001953
1377 1.001724
9268 1.001614
4491 1.001302
8758 1.000852
26602 1.000500
13060 1.000500
12361 0.999852
9881 0.999485
27808 0.999264
3227 0.999060
8460 0.998694
15502 0.997789
2143 0.997789
27977 0.997336
11541 0.996870
8099 0.996435
11078 0.993774
7521 0.993774
15230 0.992233
14037 0.992002
12185 0.991025
20996 0.991025
10910 0.990558
22263 0.989616
11696 0.989554
1136 0.989490
4799 0.989357
18770 0.988343
14289 0.987894
27032 0.987214
21844 0.986930
16639 0.986726
126 0.986453
9288 0.986453
28802 0.986159
10987 0.985114
7998 0.984521
6039 0.984309
26942 0.982972
16988 0.982972
6467 0.982868
13523 0.982351
19663 0.982202
4391 0.982202
11928 0.981837
23084 0.981403
19651 0.981033
23053 0.981033
3456 0.979051
28177 0.977107
21466 0.976339
20175 0.975735
707 0.975672
24945 0.974785
15349 0.974570
5547 0.973898
13222 0.973698
12981 0.973642
12595 0.973461
15962 0.973461
12313 0.971782
10609 0.970882
18288 0.970370
16793 0.969958
12814 0.969682
1463 0.969682
27696 0.968745
8016 0.968745
20457 0.968615
12045 0.967849
10933 0.967849
2583 0.967849
27827 0.965380
12040 0.965295
9427 0.965125
4265 0.964256
5840 0.963841
20113 0.963841
13081 0.963001
16991 0.962523
27764 0.961717
24418 0.961214
27108 0.961214
2913 0.961084
15909 0.961084
13626 0.961084
27980 0.960648
5362 0.960452
2735 0.960313
23144 0.960015
14382 0.958282
11414 0.958184
25587 0.958069
20961 0.958069
10628 0.957768
9843 0.956789
19295 0.955629
1216 0.955434
4617 0.954802
4105 0.954802
14977 0.954241
5876 0.953621
12588 0.953621
20297 0.952367
22142 0.952030
12801 0.951824
15376 0.951649
4389 0.949606
18959 0.948602
7680 0.948134
25422 0.947686
11494 0.945980
5653 0.945829
2283 0.945829
9558 0.945829
6669 0.944184
22549 0.944184
13991 0.942811
22140 0.942692
29811 0.942692
25672 0.942604
15017 0.942346
5066 0.942015
8274 0.941576
19662 0.940773
13621 0.940405
13298 0.938245
3104 0.937184
9610 0.932430
553 0.930573
10634 0.930299
9900 0.930219
29253 0.927522
14771 0.927522
24686 0.927522
19810 0.925614
7467 0.922790
13789 0.922398
24115 0.920702
29144 0.920012
11255 0.915318
22441 0.915318
24812 0.912317
9236 0.909135
14664 0.906911
10578 0.906860
25983 0.904900
23931 0.903572
19729 0.903256
8422 0.901758
19070 0.897157
649 0.894757
7905 0.890047
10619 0.879957
25189 0.879168
13082 0.878490
28242 0.875467
5495 0.871309
28304 0.869552
25353 0.618348
22797 0.618348
26327 0.618348
14216 0.618348
11534 0.618348
8091 0.618348
14115 0.615782
16631 0.615782
8653 0.615612
10387 0.615612
6936 0.615418
1942 0.615418
24006 0.615193
24176 0.615193
18784 0.615193
8661 0.614253
21075 0.612515
5278 0.610943
1489 0.610943
20531 0.610714
20478 0.610212
1953 0.610212
19197 0.610212
4338 0.609639
8844 0.609639
4064 0.608979
29894 0.608979
15161 0.608686
12889 0.608211
20718 0.607547
14765 0.607306
11997 0.607306
21268 0.607306
24046 0.607306
27688 0.607306
27976 0.606790
4602 0.606457
11201 0.606457
13602 0.606224
5978 0.606224
2889 0.606161
16147 0.606161
5232 0.605729
17606 0.604906
13778 0.604906
1641 0.604906
8650 0.604428
23264 0.604428
22647 0.603713
22191 0.603267
12397 0.603267
20310 0.603267
8989 0.602685
28910 0.602685
1431 0.602287
14653 0.602287
7788 0.602287
3288 0.602121
20123 0.601172
19355 0.600300
1347 0.600161
3687 0.600161
11955 0.600042
6508 0.598897
14407 0.598812
22134 0.598812
1527 0.598401
8874 0.598401
5319 0.597422
21767 0.597117
22334 0.596652
18321 0.596652
11147 0.596539
16955 0.596264
25477 0.595998
28789 0.595998
16686 0.595998
24343 0.595955
2153 0.595201
29926 0.595201
6241 0.594566
16664 0.594566
310 0.594566
19192 0.594267
963 0.594267
20465 0.594267
9453 0.594267
15971 0.593980
11415 0.593980
10759 0.593840
29473 0.593614
5659 0.593614
25262 0.593504
19794 0.593438
4024 0.593438
15592 0.593183
3853 0.593183
15774 0.593183
329 0.592937
10886 0.592937
23967 0.592937
17233 0.592584
17246 0.592584
7314 0.592304
8397 0.592304
22871 0.592249
10169 0.592035
19695 0.591629
713 0.591532
11905 0.591532
21393 0.591532
1544 0.591532
15112 0.591295
16014 0.590779
5975 0.590779
9376 0.590241
12277 0.590241
699 0.589872
23944 0.589872
16021 0.589527
20705 0.589363
27695 0.589310
14638 0.589310
22103 0.589310
12220 0.589102
12853 0.589102
15149 0.589051
4922 0.588903
12846 0.588903
25690 0.588903
19217 0.588903
25087 0.588354
16296 0.588185
6392 0.587866
7145 0.587571
11811 0.587431
14855 0.587431
3202 0.587039
17692 0.586918
11972 0.586800
4356 0.586686
24684 0.586686
13696 0.586686
17505 0.586686
18169 0.586521
14666 0.586365
1743 0.586072
10757 0.585804
8068 0.585557
944 0.585441
1154 0.585441
20556 0.585330
1521 0.585330
8956 0.585020
12138 0.584832
515 0.584832
8975 0.584742
24652 0.584656
23531 0.584573
1609 0.584414
12394 0.583540
17566 0.583540
16430 0.583540
19554 0.583441
13872 0.583441
28297 0.582869
14947 0.582801
19745 0.582736
5036 0.582674
492 0.582502
25948 0.582502
11659 0.582502
17051 0.582502
14507 0.582502
28581 0.582449
16153 0.582398
4923 0.582398
2863 0.582301
23932 0.582211
22227 0.582211
23836 0.582087
29031 0.582087
24929 0.579701
19377 0.579701
860 0.579701
27418 0.579701
16681 0.579701
1167 0.579701
13569 0.579701
20943 0.579701
1808 0.579701
6184 0.579701
17530 0.579701
15670 0.579701
2141 0.579701
24216 0.579701
23365 0.579701
16361 0.579701
2709 0.579701
12014 0.579701
8834 0.579701
17164 0.579701
14541 0.579701
12958 0.579701
479 0.579701
25191 0.579701
7968 0.579701
23414 0.579701
27879 0.579701
10769 0.577335
10110 0.577335
11823 0.577335
15883 0.577170
712 0.577078
2038 0.576980
6384 0.576928
15236 0.576874
19630 0.576874
5709 0.576874
248 0.576817
16244 0.576759
22586 0.576759
26295 0.576698
231 0.576634
19156 0.576634
25337 0.576499
7441 0.576499
25323 0.576426
7666 0.576426
19257 0.576426
15341 0.576351
24831 0.576351
29394 0.576188
27105 0.576101
870 0.576009
15769 0.576009
20801 0.575064
20650 0.574910
25487 0.574830
18737 0.574830
23695 0.574830
13422 0.574830
27513 0.574747
7192 0.574661
8404 0.574571
10720 0.574479
2409 0.574479
15689 0.574479
7326 0.574479
9997 0.574383
3766 0.574284
7895 0.574180
451 0.573962
8388 0.573725
13808 0.573725
14384 0.573725
11042 0.573468
1446 0.573468
29610 0.573188
17732 0.573188
7911 0.573188
178 0.573038
6969 0.573038
8774 0.572881
16768 0.572545
6996 0.572545
9335 0.572425
5494 0.572363
7479 0.572363
18097 0.572173
21271 0.572173
21319 0.572173
1114 0.572040
15223 0.571903
18901 0.571613
16375 0.571459
25357 0.571459
10558 0.571300
14359 0.571300
1692 0.571134
26763 0.571134
26841 0.571134
14889 0.571134
5058 0.570962
9303 0.570198
24362 0.569876
15301 0.569531
6910 0.569288
28274 0.568966
2077 0.568764
11286 0.568764
10178 0.568553
28530 0.568553
2007 0.568481
1510 0.568184
18835 0.568184
8019 0.567624
22276 0.567471
11335 0.567367
173 0.566819
28361 0.566819
21735 0.566819
8055 0.566819
21584 0.566819
20601 0.566526
19294 0.566344
4784 0.566093
14051 0.565789
21257 0.565562
25114 0.565562
25242 0.565562
18714 0.565562
8684 0.565562
23021 0.565562
11471 0.565281
26488 0.565209
3512 0.565209
17669 0.564837
12495 0.564837
2665 0.564683
19360 0.564683
5475 0.564579
2012 0.564579
19000 0.564579
23370 0.564446
9675 0.564446
24296 0.564446
19305 0.564446
23387 0.564365
27511 0.564311
17619 0.564034
8289 0.563688
14350 0.563326
5710 0.563139
13759 0.563002
26757 0.562947
28991 0.562947
24359 0.562817
29207 0.562135
12309 0.562135
2204 0.562135
20491 0.562135
23999 0.562135
10175 0.561825
29190 0.561772
17681 0.561698
10382 0.561698
4616 0.561172
22061 0.561001
9522 0.561001
12434 0.560757
6760 0.560590
26628 0.560470
9024 0.560161
27284 0.560161
10543 0.560098
4905 0.560098
2769 0.560098
20208 0.559712
18805 0.559712
24853 0.559712
14746 0.559712
27658 0.559310
12324 0.559241
25614 0.558998
8111 0.558748
25787 0.558748
10607 0.558748
26452 0.558621
9697 0.558456
3225 0.558406
29534 0.558231
8362 0.558231
8315 0.558053
14764 0.558053
13827 0.558001
395 0.557826
13116 0.557826
20519 0.557826
24247 0.557826
29796 0.557687
22273 0.557405
16583 0.557116
13961 0.556513
6891 0.556513
9166 0.556513
14601 0.556513
11796 0.556094
15540 0.556040
16241 0.556040
23070 0.556040
2018 0.555658
29529 0.555547
20126 0.555344
265 0.555207
15611 0.555033
9229 0.554928
26317 0.554806
311 0.554738
11619 0.554738
8947 0.554180
14402 0.554051
20224 0.553937
10405 0.553937
19432 0.553885
10108 0.553521
9032 0.553521
25101 0.553460
8873 0.553110
4449 0.552828
14047 0.552828
3744 0.552828
27631 0.552739
24056 0.552613
17406 0.552566
27395 0.552097
8830 0.552097
8271 0.552097
15074 0.552097
18331 0.551500
26881 0.551423
28337 0.551003
2834 0.550876
28308 0.550716
19426 0.550716
9948 0.550716
12456 0.550584
13076 0.550584
16423 0.550225
3855 0.550225
7039 0.550225
26430 0.550042
20841 0.550042
23418 0.549973
27129 0.549544
19100 0.549191
16825 0.549191
11296 0.548942
22983 0.548896
14437 0.548896
20571 0.548830
5847 0.548830
26048 0.548646
4995 0.548646
2754 0.548646
17893 0.548535
10690 0.548431
24726 0.548431
16466 0.548289
19297 0.548289
13051 0.548081
17548 0.548081
9343 0.547903
20039 0.547496
16807 0.547238
15137 0.547134
15900 0.547000
14357 0.546888
26700 0.546888
23493 0.546710
8236 0.546710
292 0.546710
15942 0.546385
28216 0.546385
23843 0.546385
14476 0.545601
19394 0.545601
15287 0.545601
4621 0.545601
12484 0.545601
3984 0.545018
12376 0.544919
24495 0.544856
20085 0.544497
8808 0.544497
11034 0.544321
29758 0.544209
1729 0.544077
25392 0.543917
22689 0.543917
7096 0.543917
7038 0.543917
19435 0.543791
7179 0.543643
19739 0.543263
18408 0.542940
18239 0.542940
28331 0.542940
16451 0.542699
28603 0.542699
20600 0.542699
21689 0.542699
29630 0.542473
19503 0.542411
14700 0.542411
694 0.542411
5593 0.542301
2968 0.542301
18962 0.542301
20211 0.542058
17872 0.541895
14327 0.541895
18605 0.541447
6325 0.541055
26331 0.541055
6666 0.541055
287 0.541055
11102 0.541055
29433 0.541055
11278 0.540654
7088 0.540654
24963 0.540580
15723 0.540580
11220 0.540400
2151 0.540176
1573 0.539996
6616 0.539596
17298 0.539596
9999 0.539524
14213 0.539477
16405 0.539257
3806 0.539257
28256 0.539021
15370 0.539021
25486 0.538966
25869 0.538561
13240 0.538561
11774 0.538561
3220 0.538490
19285 0.538294
15380 0.538294
5342 0.537867
2230 0.537472
3921 0.537472
4381 0.537124
7216 0.536761
17416 0.536667
23752 0.536667
25558 0.536583
25037 0.536224
25445 0.536140
20155 0.536140
6391 0.535950
2706 0.535902
4513 0.535109
20635 0.535109
25952 0.535109
15254 0.535109
29725 0.535109
17763 0.534375
16436 0.534375
12241 0.534235
27960 0.534175
16641 0.534107
27592 0.534107
9426 0.533936
18829 0.533936
1329 0.533936
10707 0.533936
18059 0.533936
26400 0.533616
22604 0.533434
29028 0.533325
4419 0.533325
7263 0.533201
4793 0.532893
22056 0.532379
15623 0.532379
9504 0.532379
11472 0.532379
16006 0.532185
22500 0.532185
19461 0.532185
20508 0.532185
19131 0.532020
5146 0.531961
6534 0.531836
13947 0.531836
16354 0.531701
14 0.531701
11297 0.531701
18660 0.531393
22174 0.531393
4291 0.531180
2516 0.530811
17886 0.530811
3780 0.530574
23991 0.530446
20723 0.530446
23578 0.530446
1179 0.530446
12300 0.530013
24567 0.530013
23037 0.529727
28727 0.529676
1615 0.529676
28784 0.529604
11778 0.529604
29210 0.529408
16224 0.529293
13388 0.529048
10138 0.529048
19858 0.528850
18814 0.528640
2323 0.528472
4954 0.528472
21495 0.528472
3593 0.528472
26509 0.528172
21802 0.528172
20585 0.528045
28462 0.528045
68 0.527942
25197 0.527942
6915 0.527632
6461 0.527632
18184 0.527559
7978 0.527501
24985 0.527501
20560 0.527454
24415 0.527454
27083 0.527454
19234 0.527001
19654 0.527001
13452 0.526541
28208 0.526432
888 0.526432
6554 0.525915
5747 0.525596
11459 0.525444
22122 0.525444
7683 0.525200
25645 0.525200
21061 0.525200
24218 0.525013
11274 0.525013
10849 0.524833
25466 0.524782
11514 0.524617
607 0.524353
15738 0.524353
4745 0.524252
4196 0.524252
3015 0.524024
3480 0.523601
21425 0.523601
4967 0.523601
28024 0.523601
18287 0.523601
19349 0.523601
14546 0.523270
798 0.522868
335 0.522682
4727 0.522548
3852 0.522115
24556 0.522115
18592 0.521982
21877 0.521982
4354 0.521982
14347 0.521731
29714 0.521731
27146 0.521731
19153 0.521731
3614 0.521498
9428 0.521454
21761 0.521454
15072 0.521199
29524 0.521080
21403 0.520965
11293 0.520749
20043 0.520548
10254 0.519912
26612 0.519732
25278 0.519514
16066 0.519316
24489 0.519136
12150 0.519136
20595 0.518971
27686 0.518820
26040 0.518820
2277 0.518680
1915 0.518551
7155 0.518491
18604 0.518432
7133 0.518432
25352 0.518169
28275 0.518169
18955 0.517906
21685 0.517906
3874 0.517591
21438 0.517502
9266 0.517419
1814 0.516931
22622 0.516931
1883 0.516842
17674 0.516842
19839 0.516762
23457 0.516762
2391 0.516690
11256 0.516690
4705 0.516625
7868 0.516566
2134 0.516566
6693 0.516415
3051 0.516373
2428 0.516333
16398 0.516333
24245 0.515290
10412 0.515290
23723 0.515290
25100 0.515290
28271 0.515290
20643 0.515290
27637 0.515290
7939 0.515290
21299 0.515290
10821 0.514212
21578 0.514021
16278 0.514021
6089 0.513826
13687 0.513826
16427 0.513826
26610 0.513747
12023 0.513747
8538 0.513747
905 0.513659
7879 0.513178
20835 0.513010
16986 0.513010
10912 0.512916
14205 0.512813
20976 0.512701
16111 0.512578
23546 0.512578
27963 0.512578
27824 0.512294
18034 0.512294
1384 0.511944
19067 0.511661
27629 0.511661
26404 0.511501
9618 0.511326
12359 0.511326
21179 0.511084
20762 0.510429
7637 0.510429
19168 0.510359
2215 0.510359
22704 0.510359
2846 0.509945
9862 0.509945
2622 0.509737
17135 0.509737
12047 0.509628
8640 0.509628
19175 0.509333
10682 0.509333
27588 0.509270
3941 0.509006
14857 0.509006
1088 0.508718
12636 0.508718
3181 0.508510
9457 0.508231
13258 0.507668
13485 0.507599
26328 0.507550
3987 0.507239
524 0.507239
28767 0.507239
12959 0.506945
26485 0.506945
28780 0.506902
22870 0.506843
1636 0.506759
7655 0.506406
17845 0.506135
28907 0.506135
3030 0.505921
23419 0.505697
8107 0.505522
23655 0.505381
16490 0.504901
10013 0.504611
5192 0.504611
26737 0.504510
13378 0.504088
11639 0.504088
14949 0.504088
18616 0.504088
22959 0.503675
19969 0.503579
22960 0.503579
14429 0.503512
19874 0.503425
28122 0.503137
19753 0.503021
10155 0.503021
10752 0.502408
8908 0.502408
9911 0.502230
1502 0.502230
24021 0.502009
4188 0.502009
27653 0.501906
1522 0.501665
9119 0.501665
18342 0.501363
28529 0.501098
19587 0.501098
14304 0.501048
26804 0.500775
25935 0.500651
4692 0.500651
17675 0.500535
14729 0.500135
27072 0.500135
11330 0.500135
1122 0.500135
15216 0.500135
4076 0.499926
9010 0.499862
9261 0.499632
18261 0.499435
8528 0.499435
2267 0.499435
3026 0.499264
12269 0.499264
13643 0.499264
21728 0.499115
7152 0.498813
1572 0.498813
20792 0.498668
21161 0.497903
16859 0.497695
25125 0.497695
14440 0.497643
26126 0.497598
14928 0.496887
24693 0.496887
23581 0.496887
9626 0.496887
7743 0.496887
6019 0.496887
14820 0.496205
29125 0.496164
11099 0.496117
10999 0.496063
6430 0.496001
26186 0.495930
13004 0.495845
15848 0.495845
9636 0.495551
2616 0.495471
20862 0.495279
139 0.495279
23518 0.495162
652 0.495162
6456 0.495026
20454 0.494867
4011 0.494808
17362 0.494808
9083 0.494679
18208 0.494679
1593 0.494679
29651 0.494679
15403 0.494532
316 0.494365
8030 0.494365
11289 0.494172
11140 0.494006
595 0.494006
2919 0.493681
4312 0.493607
19975 0.493607
28120 0.493607
354 0.493561
26363 0.493561
20141 0.493561
5685 0.493363
8143 0.493363
604 0.493363
7123 0.493363
8697 0.493140
7399 0.493079
14845 0.492886
20753 0.492746
20750 0.492746
22589 0.492746
26955 0.492746
15324 0.492746
20235 0.492596
4629 0.492490
24589 0.492490
18081 0.492260
8356 0.491868
16335 0.491868
8836 0.491272
21639 0.491272
17788 0.491176
19960 0.491176
22624 0.491176
26174 0.491041
11561 0.491041
8109 0.490918
7354 0.490702
17556 0.490702
11921 0.490517
3075 0.490517
29300 0.490320
6768 0.490320
17718 0.489889
18886 0.489889
19263 0.489686
21318 0.489526
20421 0.489526
27737 0.488768
2588 0.488717
27716 0.488674
15576 0.488170
6051 0.488170
4529 0.488170
18669 0.488170
4790 0.488170
27282 0.488170
8296 0.488170
24253 0.487646
2730 0.487544
18538 0.487392
22748 0.487392
5165 0.486821
18796 0.486663
21096 0.486663
27865 0.486384
28193 0.486201
5550 0.486201
4468 0.486201
10804 0.486038
28523 0.485977
3323 0.485614
26006 0.485562
18989 0.485562
10573 0.485562
18465 0.485106
16831 0.485056
16766 0.484979
6914 0.484527
12584 0.484373
10551 0.484373
24867 0.484146
24502 0.484146
19402 0.484023
23161 0.484023
17380 0.484023
25954 0.483677
9157 0.483677
5689 0.483542
7103 0.483085
9932 0.483085
25958 0.483085
27222 0.483085
9650 0.482690
17052 0.482594
29400 0.482594
22686 0.482526
18880 0.482526
11954 0.482526
6287 0.482312
7580 0.482312
7649 0.481830
28705 0.481830
17915 0.481684
10662 0.481501
20540 0.481447
18382 0.481447
13880 0.481447
2837 0.481447
9927 0.481080
8628 0.481080
14080 0.481080
23453 0.481080
3507 0.481029
7596 0.481029
16207 0.480858
14522 0.480728
5141 0.480728
19222 0.480728
14406 0.480473
22771 0.480473
27548 0.480473
17518 0.480105
28974 0.479753
19252 0.479753
4595 0.479416
21459 0.479368
13368 0.479306
12041 0.479220
27480 0.479092
13154 0.479002
2299 0.478884
19515 0.478884
16600 0.478721
1248 0.478484
6999 0.478319
6027 0.478254
2993 0.477999
8571 0.477814
2675 0.477814
13423 0.477401
28844 0.477401
14121 0.477401
12770 0.477401
29247 0.477401
8084 0.477401
29262 0.477075
29218 0.477011
9312 0.477011
11381 0.476764
16347 0.476643
19022 0.476643
18678 0.476643
7921 0.476295
20179 0.476046
19036 0.475965
5928 0.475652
4014 0.475652
11312 0.475652
11965 0.475652
27320 0.475652
13685 0.475404
12701 0.475355
1917 0.475355
10996 0.475283
12076 0.475165
24628 0.475165
277 0.474936
13944 0.474803
4319 0.474301
6580 0.474067
26180 0.474067
7602 0.474010
11705 0.474010
16242 0.474010
5382 0.474010
7365 0.473843
24001 0.473843
10000 0.473473
13811 0.473473
10480 0.473473
7977 0.473423
6800 0.473226
19736 0.473226
10255 0.473036
9676 0.472990
7136 0.472990
14094 0.472990
7983 0.472914
25439 0.472914
15548 0.472766
15656 0.472766
26557 0.472766
21455 0.472623
7186 0.472553
5306 0.472349
1395 0.472349
2226 0.472155
19096 0.472092
4547 0.471850
28771 0.471850
12475 0.471792
1512 0.471621
17065 0.471406
4427 0.471406
20171 0.471201
10356 0.471007
24199 0.470649
16980 0.470173
10439 0.469890
29426 0.469890
14867 0.469758
2949 0.469510
5511 0.469451
6269 0.469451
20223 0.469451
1290 0.469394
10152 0.469123
20221 0.469123
16530 0.468972
1951 0.468830
11651 0.468830
3194 0.468695
1158 0.468567
18013 0.468567
13701 0.468567
22341 0.468446
29118 0.468446
11238 0.468220
21143 0.468016
21650 0.468016
6403 0.468016
19757 0.468016
12128 0.467829
9829 0.467829
7912 0.467658
10394 0.467501
4476 0.467501
26828 0.466773
21733 0.466773
3776 0.466773
5591 0.466773
8549 0.466678
19996 0.466678
13691 0.466505
29865 0.466426
14243 0.466426
25711 0.466352
27151 0.466215
15659 0.466152
19266 0.466152
12140 0.466034
6451 0.465980
16459 0.465980
29745 0.465831
6265 0.465786
21365 0.465702
28669 0.465702
6126 0.465624
21411 0.465624
14921 0.465624
2844 0.463761
29778 0.463761
14132 0.463761
19158 0.463761
13868 0.463761
16288 0.463761
10006 0.463761
6653 0.463761
15627 0.463761
15697 0.463761
7180 0.463761
10790 0.463761
3537 0.463761
16302 0.463761
29368 0.463761
2870 0.463761
8061 0.463761
29008 0.463761
16893 0.463761
3756 0.463761
14895 0.463761
12527 0.463761
11005 0.461796
11693 0.461754
18122 0.461709
19259 0.461709
14242 0.461395
15874 0.461268
14133 0.461199
26788 0.461199
28135 0.461126
9298 0.461049
6603 0.460881
20521 0.460788
2611 0.460788
22681 0.460690
9856 0.460690
4137 0.460690
8987 0.460690
27979 0.459928
24286 0.459928
4431 0.459763
12783 0.459763
26783 0.459487
11276 0.459487
10990 0.459280
12083 0.459169
5220 0.459169
22688 0.459053
21463 0.459053
22313 0.459053
19584 0.459053
14044 0.459053
22378 0.458801
1207 0.458521
1846 0.458521
19306 0.458521
2653 0.458369
29455 0.458207
24280 0.458207
12031 0.458151
21280 0.458036
12054 0.458036
25176 0.457915
6121 0.457853
13264 0.457659
22155 0.457659
4980 0.457659
22083 0.457659
29020 0.457522
11958 0.457522
12015 0.457522
14720 0.457379
4820 0.457229
18004 0.457072
22698 0.456734
17662 0.456552
26861 0.456361
21642 0.456158
8437 0.456158
25789 0.456158
16782 0.456158
24104 0.455999
18038 0.455999
21846 0.455999
5070 0.455945
29800 0.455834
24110 0.455719
21589 0.455480
4750 0.455480
13793 0.455480
5692 0.455480
7545 0.455291
21983 0.455093
29513 0.455093
4538 0.454956
19408 0.454956
25750 0.454956
3185 0.454956
18117 0.454885
13608 0.454885
2637 0.454668
29672 0.454668
23905 0.454668
3071 0.454668
9287 0.454297
15925 0.454297
17540 0.454199
5649 0.453946
11946 0.453679
5252 0.453679
27703 0.453679
22852 0.453679
10392 0.453221
254 0.452450
12811 0.452450
26241 0.452450
17820 0.452450
24426 0.452215
15516 0.452215
28076 0.451971
2004 0.451715
16841 0.451557
16547 0.451557
7625 0.451557
24992 0.451449
1240 0.451227
627 0.451170
18220 0.451170
6992 0.450879
3915 0.450879
25947 0.450879
19948 0.450879
13108 0.450254
11858 0.450121
6188 0.450121
13874 0.449918
29459 0.449918
6425 0.449564
2376 0.449564
698 0.449460
17225 0.449269
18858 0.449269
24790 0.449269
10888 0.449193
22762 0.448801
575 0.448801
23513 0.448493
28779 0.448448
11068 0.448388
27337 0.448302
18345 0.447951
40 0.447838
24 0.447690
22170 0.447489
10548 0.447489
29677 0.447489
15356 0.447282
3331 0.447282
6192 0.447282
9406 0.447282
23044 0.446999
21354 0.446999
8269 0.446999
12793 0.446853
411 0.446742
6130 0.446401
16546 0.446401
16215 0.445924
18437 0.445924
13473 0.445924
16805 0.445924
17745 0.445420
22951 0.445334
14236 0.445334
13648 0.445128
3755 0.444887
27900 0.444887
10689 0.444832
11194 0.444702
7958 0.444322
20097 0.444257
5844 0.444027
7402 0.443791
19375 0.443722
3139 0.443598
483 0.443598
5295 0.443487
25341 0.443301
3291 0.443150
16413 0.443150
3813 0.443084
17349 0.442681
5935 0.442594
14150 0.442404
2792 0.442246
26899 0.442246
1533 0.442191
836 0.441677
2438 0.441677
2918 0.441139
3836 0.441077
3817 0.441077
8395 0.441000
21942 0.441000
15024 0.440678
7310 0.440678
23522 0.440573
16800 0.440573
23254 0.440444
11248 0.440280
17830 0.440280
20907 0.440280
17516 0.440144
1206 0.439979
19505 0.439979
11737 0.439773
21671 0.439512
26227 0.439353
20034 0.439245
29188 0.439245
14919 0.439064
14703 0.438997
8133 0.438951
9040 0.438693
1803 0.438381
11113 0.438311
4466 0.438311
10203 0.437886
14346 0.437734
5785 0.437734
18577 0.437686
11878 0.437510
1884 0.437510
25661 0.437510
5882 0.437319
8178 0.437319
7903 0.437260
14633 0.436876
22153 0.436876
4831 0.436658
23451 0.436334
3760 0.436106
13585 0.435935
13008 0.435654
6490 0.435654
17010 0.435577
7008 0.435409
25091 0.434776
28600 0.434776
13579 0.434776
10129 0.434776
2986 0.434776
23674 0.434776
14823 0.434776
12837 0.434776
21890 0.434159
24725 0.434062
20200 0.434001
24811 0.433841
19640 0.433516
19314 0.433422
21978 0.433422
25436 0.433312
18995 0.433312
6846 0.433183
17922 0.432972
2405 0.432844
29516 0.432844
2587 0.432523
22305 0.432523
97 0.432320
25394 0.432320
3556 0.432320
24911 0.432141
1001 0.432076
6116 0.431934
1946 0.431934
28347 0.431639
9098 0.431406
14571 0.431406
24318 0.431406
21725 0.431135
12066 0.430928
17737 0.430816
24463 0.430816
22594 0.430816
20112 0.430496
20868 0.430437
25288 0.430437
22944 0.430294
21202 0.430186
14993 0.430101
18983 0.430101
23505 0.430101
26662 0.429977
25914 0.429977
8012 0.429977
23069 0.429891
28200 0.429891
10084 0.428979
25884 0.428979
4057 0.428979
29419 0.428979
9447 0.428912
1992 0.428912
13791 0.428687
10449 0.428374
12741 0.428314
16695 0.428314
5476 0.428087
1229 0.427741
22324 0.427430
6779 0.427430
1644 0.427148
25062 0.427148
28872 0.427148
12247 0.426893
10840 0.426774
13965 0.426660
22487 0.426447
27233 0.426447
2390 0.426447
21976 0.426447
16141 0.425903
23216 0.425674
6399 0.425674
15394 0.425604
21159 0.425343
8462 0.425343
17248 0.425343
14759 0.425283
1201 0.425283
21241 0.425114
2026 0.425114
15501 0.425114
17875 0.424732
12328 0.424357
14176 0.424292
29012 0.424010
2917 0.423628
19050 0.423628
3930 0.423350
29122 0.423350
6528 0.422927
942 0.422927
28445 0.422927
20198 0.422927
24348 0.422927
8417 0.422841
15407 0.422841
25924 0.422699
24172 0.422699
24951 0.422639
1493 0.422639
29310 0.422586
15559 0.422586
29786 0.421601
20970 0.421601
21477 0.421601
15265 0.421601
29700 0.421601
24480 0.421601
24440 0.421601
6171 0.421601
2472 0.421601
11198 0.420621
21500 0.420621
18226 0.420568
27217 0.420568
1420 0.420284
15172 0.419866
15413 0.419593
21249 0.419358
29266 0.419219
28038 0.419219
20817 0.418881
10174 0.418516
5268 0.418145
2085 0.418145
9227 0.418145
21930 0.417982
21258 0.417803
7364 0.417673
25729 0.417673
12315 0.417605
1872 0.417385
19330 0.417385
17480 0.417385
20967 0.417385
6308 0.417140
6181 0.416864
22567 0.416552
12303 0.416485
9374 0.416439
9367 0.416439
26978 0.416439
24441 0.416196
12982 0.416196
27571 0.416196
15953 0.416196
2435 0.415929
517 0.415873
18557 0.415873
9530 0.415509
26506 0.415509
11497 0.415509
27578 0.415509
28028 0.414944
18967 0.414621
7536 0.414535
19809 0.414473
5339 0.414072
23318 0.414072
19536 0.414072
29165 0.413684
14961 0.413625
20295 0.413625
16727 0.413625
21103 0.413545
20237 0.413121
6550 0.413067
29636 0.412772
4950 0.412669
106 0.412548
16085 0.412548
25421 0.412480
12217 0.412232
14124 0.412232
14610 0.412019
28118 0.411971
20799 0.411893
4859 0.411893
21375 0.411401
22422 0.411401
16120 0.411401
25693 0.411217
4241 0.411061
27975 0.410928
27924 0.410928
25327 0.410928
23953 0.410928
26446 0.410760
2673 0.410324
11232 0.410324
19559 0.410033
4032 0.409955
2429 0.409835
5949 0.409835
4213 0.409835
18233 0.409835
18258 0.409789
3648 0.409749
906 0.409749
2144 0.409201
12916 0.409201
22362 0.409201
25274 0.409201
6457 0.408494
24897 0.408494
22880 0.408343
23150 0.408030
22054 0.407938
28087 0.407830
10348 0.407548
11605 0.407548
13801 0.407489
6612 0.407358
3859 0.407358
22426 0.407205
23785 0.407205
2740 0.407024
8997 0.407024
9413 0.406974
23115 0.406808
13449 0.406808
12988 0.406119
12642 0.406119
2900 0.406058
9899 0.405791
1795 0.405791
6249 0.405791
1464 0.405531
6517 0.405093
20329 0.405032
6935 0.404871
28372 0.404697
2189 0.404305
21408 0.404195
9871 0.403772
10885 0.403721
7800 0.403721
26415 0.403271
27907 0.403271
22469 0.403271
3858 0.403271
10468 0.403271
2838 0.403271
20262 0.403271
5348 0.402843
1528 0.402740
8182 0.402667
15319 0.402667
1056 0.402667
7806 0.402242
15821 0.401926
25109 0.401926
23427 0.401926
7854 0.401581
14451 0.401581
11747 0.401525
28881 0.401525
28941 0.401091
21497 0.401091
11722 0.400781
7313 0.400521
5562 0.399794
26267 0.399794
23471 0.399794
16647 0.399458
7563 0.399350
4772 0.399350
20506 0.399050
15169 0.398835
8860 0.398775
227 0.398775
23945 0.398709
3872 0.398545
10908 0.398322
19068 0.398179
20878 0.398179
22842 0.398179
5728 0.398179
16169 0.397902
13748 0.397902
11305 0.397834
20821 0.397787
1164 0.397510
3154 0.397510
8088 0.397203
10506 0.397144
22977 0.396913
9400 0.396638
5056 0.396480
17149 0.396377
29352 0.396377
17964 0.396252
4992 0.396178
2990 0.395894
17115 0.395894
28574 0.395372
2689 0.395372
14927 0.395133
10582 0.394961
17012 0.394486
23561 0.394436
8591 0.394197
8253 0.394045
20770 0.394045
1642 0.393972
17641 0.393972
29863 0.393759
10082 0.393759
14753 0.393494
6863 0.393248
8703 0.393248
18607 0.393018
12692 0.392803
15669 0.392803
4662 0.392701
25779 0.392602
4181 0.392236
12896 0.392236
7736 0.392069
11475 0.392069
14270 0.392069
24131 0.391911
16017 0.391487
4829 0.391487
609 0.391487
4893 0.391487
1491 0.391487
6716 0.391360
1957 0.391298
27806 0.391298
11391 0.391124
26445 0.390961
9898 0.390810
1410 0.390668
28232 0.390536
28473 0.390294
202 0.390294
56 0.390294
22287 0.389981
22373 0.389888
21458 0.389888
5874 0.389799
1838 0.389799
7014 0.389715
19800 0.389715
18225 0.389635
23319 0.389635
10949 0.389635
19223 0.388961
24454 0.388961
9317 0.388961
3367 0.388868
20390 0.388868
12728 0.388868
14162 0.388782
8346 0.388782
20139 0.388782
23194 0.388702
29572 0.388702
25733 0.388557
2252 0.388491
2816 0.388429
4138 0.388317
29066 0.388216
4730 0.388216
24097 0.388216
17479 0.388170
28728 0.386468
25938 0.386468
20445 0.386468
15935 0.386468
4058 0.386468
17258 0.386468
18433 0.386468
15445 0.386468
18134 0.386468
28415 0.386468
5266 0.386468
206 0.386468
25232 0.386468
15499 0.386468
11151 0.386468
2893 0.386468
29048 0.386468
7796 0.386468
21382 0.386468
22283 0.386468
4916 0.386468
13975 0.386468
26967 0.384903
24968 0.384735
22737 0.384687
23678 0.384465
7427 0.384332
13609 0.384259
17679 0.384259
23597 0.384181
5215 0.384181
17382 0.384097
12702 0.384006
29270 0.384006
3907 0.384006
24810 0.384006
22197 0.383107
5967 0.383017
8917 0.383017
26986 0.382922
10561 0.382715
16571 0.382483
17972 0.382356
1931 0.382356
16660 0.382221
11828 0.382076
22508 0.382076
21698 0.381921
11618 0.381921
27389 0.381811
19366 0.381576
6395 0.381576
21631 0.381576
24890 0.381576
6597 0.381576
1611 0.381449
4757 0.381383
16353 0.381174
25034 0.380867
6783 0.380333
13444 0.380333
17554 0.380284
23058 0.380132
17802 0.380132
23839 0.379972
15294 0.379972
27700 0.379917
27720 0.379917
14117 0.379627
24780 0.379627
2518 0.379441
19191 0.379441
24775 0.379441
7689 0.379441
3089 0.379244
27886 0.379244
29603 0.379036
1318 0.379036
26686 0.379036
7904 0.378581
21893 0.378174
2772 0.378066
4940 0.378066
25932 0.377955
15432 0.377724
26901 0.377724
9894 0.377480
17054 0.377222
29341 0.377222
6277 0.377222
1264 0.377155
22193 0.377042
16401 0.377042
19393 0.376949
16109 0.376806
721 0.376806
29076 0.376659
13863 0.376659
8627 0.376429
11857 0.376023
24376 0.376023
10926 0.375732
8054 0.375672
19193 0.375672
6817 0.375426
28305 0.375298
23076 0.375101
25325 0.375101
7020 0.374956
858 0.374336
10782 0.374336
28887 0.374001
5910 0.374001
8854 0.374001
24560 0.374001
2126 0.373692
27776 0.373646
21025 0.373646
21123 0.373585
17771 0.373271
19310 0.373271
26368 0.373025
8474 0.372665
20627 0.372665
5478 0.372665
7115 0.372499
23340 0.372451
8880 0.372154
7280 0.371459
18328 0.371009
24269 0.371009
7753 0.371009
5453 0.371009
19927 0.371009
28392 0.370585
29489 0.370531
1497 0.370460
19082 0.370229
29315 0.370138
25059 0.370022
6583 0.370022
29402 0.370022
4732 0.370022
9750 0.369871
12569 0.369871
26660 0.369871
27398 0.369480
23012 0.369367
26564 0.369367
11101 0.369237
16900 0.369237
14760 0.369237
29088 0.369237
16816 0.369163
7204 0.369163
22967 0.369116
2525 0.368901
23650 0.368631
17545 0.368281
12261 0.368281
22136 0.367887
10011 0.367740
10296 0.367616
25996 0.367461
20358 0.367461
25525 0.367461
21320 0.367232
14524 0.366817
29939 0.366695
3506 0.366649
20986 0.366649
12813 0.366649
17074 0.366127
13140 0.366127
441 0.366127
5338 0.366127
2698 0.366127
6225 0.366127
19585 0.366127
8040 0.366127
15387 0.366127
896 0.365577
11172 0.365526
17348 0.365526
23276 0.365526
17714 0.365464
27250 0.365388
15794 0.365388
1850 0.365388
9982 0.364997
23446 0.364651
15641 0.364592
23831 0.364592
14463 0.364528
912 0.364384
11020 0.364210
1123 0.364110
2097 0.363938
22569 0.363734
11980 0.363734
12928 0.363488
8162 0.363488
13315 0.363045
3405 0.363045
5888 0.363045
23002 0.363045
8455 0.362657
2950 0.362657
28618 0.362313
22459 0.362313
23465 0.362313
17490 0.362313
23312 0.362008
28309 0.362008
3681 0.362008
752 0.362008
11143 0.361960
13792 0.361895
29650 0.361895
3076 0.361649
18072 0.361534
13186 0.361372
14447 0.361372
500 0.361372
4296 0.361372
16301 0.361125
23497 0.361125
6207 0.360703
22819 0.360436
5090 0.360436
28143 0.360063
28049 0.360063
11793 0.360063
23832 0.359997
4540 0.359997
16365 0.359815
7539 0.359815
15274 0.359815
14527 0.359815
2888 0.359815
12601 0.359651
11303 0.359601
11343 0.359252
7211 0.359252
26885 0.359041
25227 0.359041
9765 0.358978
14642 0.358463
6902 0.358463
12118 0.358361
1099 0.358361
25 0.358361
1818 0.357840
26043 0.357840
4097 0.357759
4368 0.357759
18567 0.357688
10753 0.357688
20699 0.357627
5607 0.356739
6565 0.356739
27995 0.356739
9079 0.356739
29877 0.355957
18643 0.355910
9029 0.355856
14064 0.355856
11106 0.355796
11620 0.355796
10887 0.355726
20274 0.355726
13584 0.355301
1628 0.355221
13083 0.354641
10610 0.354528
1103 0.354403
29221 0.354262
25896 0.354103
6709 0.353923
2991 0.353923
16759 0.353716
18459 0.353540
9365 0.353540
16488 0.353476
1908 0.353342
18062 0.353118
25171 0.352862
2631 0.352862
17907 0.352862
14052 0.352567
5686 0.352458
11734 0.352368
16443 0.352368
27791 0.352224
5600 0.352224
28181 0.352070
9314 0.351962
10086 0.351962
19491 0.351622
3764 0.351334
5814 0.351334
5786 0.351334
12782 0.350954
10827 0.350872
4116 0.350744
28848 0.350649
3750 0.350236
25609 0.350236
26113 0.350187
1661 0.350008
19716 0.350008
7325 0.350008
18049 0.349820
21000 0.349764
9575 0.349409
7840 0.349276
600 0.349068
643 0.349068
4742 0.348847
28856 0.348847
23733 0.348763
15214 0.348579
26230 0.348491
15425 0.348491
5655 0.348422
3897 0.348365
8614 0.348318
1184 0.347821
22789 0.347821
28486 0.347821
26943 0.347821
8257 0.347821
28048 0.347261
2841 0.347127
15164 0.346830
716 0.346737
24173 0.346626
26966 0.346488
18895 0.346378
9518 0.346315
27043 0.346315
20805 0.345951
3610 0.345951
5009 0.345899
9435 0.345899
8309 0.345899
8792 0.345660
7196 0.345660
21488 0.345591
22772 0.345125
29826 0.345125
1909 0.345060
24236 0.345060
17079 0.344946
11908 0.344946
3960 0.344848
12368 0.344848
20657 0.344687
29154 0.344561
28160 0.344561
12895 0.344508
7244 0.344377
17550 0.343999
10608 0.343938
11625 0.343527
7335 0.343183
4361 0.343183
11557 0.343142
4268 0.343142
18787 0.343089
13726 0.342780
27842 0.342440
7316 0.341875
14851 0.341719
19788 0.341610
23776 0.341296
6257 0.341001
27861 0.341001
11896 0.341001
4018 0.341001
26781 0.341001
21803 0.340678
20743 0.340678
16065 0.340375
27013 0.340260
10 0.340091
13098 0.340091
8999 0.339930
3665 0.339698
11703 0.339623
4411 0.339574
1370 0.339574
21809 0.339337
29721 0.339337
17485 0.339337
9987 0.339071
18095 0.339007
27064 0.338821
309 0.338821
20890 0.338587
23125 0.338159
17617 0.337964
26670 0.337916
89 0.337916
12685 0.337916
29019 0.337548
10140 0.337548
17125 0.337548
25937 0.337281
24146 0.337281
25797 0.337036
8369 0.336810
1369 0.336756
3745 0.336756
16368 0.336407
25837 0.336407
2845 0.336227
8197 0.336059
4165 0.335755
7670 0.335617
24130 0.335617
17099 0.335487
27792 0.335249
14916 0.334939
25490 0.334801
22618 0.334801
8886 0.334673
6791 0.334443
12038 0.334339
11506 0.334151
19071 0.334151
13198 0.334151
9988 0.333984
17341 0.333984
9606 0.333984
17400 0.333908
20316 0.333423
17673 0.333328
4264 0.333328
13390 0.333328
20933 0.333328
23124 0.333162
22949 0.333020
2823 0.332957
4155 0.332898
23892 0.332898
8036 0.332898
370 0.332843
1749 0.332743
22676 0.332656
11725 0.332656
29148 0.332616
20060 0.332616
28018 0.331258
22377 0.331258
2965 0.331258
9607 0.331258
4399 0.331258
11435 0.331258
12525 0.331258
17009 0.331258
3891 0.331258
11548 0.331258
20965 0.331258
2562 0.331258
152 0.331258
8348 0.331258
19258 0.329911
6771 0.329872
26298 0.329786
16157 0.329738
4407 0.329738
3222 0.329514
666 0.329298
6752 0.329298
21333 0.329213
23671 0.328415
3538 0.328326
1625 0.328326
21690 0.328326
16539 0.328326
28764 0.328233
6312 0.328133
24836 0.327912
16123 0.327912
27171 0.327789
15383 0.327789
24380 0.327657
25512 0.327361
3532 0.327361
21276 0.327193
23982 0.327011
29298 0.326741
27113 0.326741
8078 0.326592
29860 0.326592
23068 0.326434
24026 0.326434
12858 0.326082
17544 0.326082
4956 0.325886
5618 0.325783
25504 0.325262
18246 0.325262
10168 0.325066
7134 0.324928
3935 0.324633
28528 0.324633
16682 0.324633
25057 0.324392
26968 0.324025
20761 0.323797
9873 0.323554
9620 0.323554
3083 0.323554
27738 0.323227
27517 0.323018
18866 0.322872
27012 0.322872
22783 0.322872
13550 0.322720
6446 0.322345
14215 0.321684
5551 0.321515
23971 0.321515
18902 0.321280
18507 0.321065
19517 0.320841
22612 0.320686
7212 0.320572
24479 0.320485
11877 0.320361
28883 0.320277
8754 0.319835
5054 0.319835
24980 0.319835
6354 0.319835
6691 0.319102
23567 0.318989
12810 0.318836
25356 0.318698
28359 0.318517
23563 0.318517
25077 0.318517
9148 0.318267
9500 0.318267
28198 0.318267
4681 0.318267
863 0.318267
16916 0.318066
15253 0.318066
29452 0.318066
29281 0.318008
4803 0.318008
7256 0.317901
9793 0.317806
25691 0.317645
29751 0.317456
9334 0.317456
28493 0.317456
25142 0.317456
14777 0.316855
7122 0.316715
20007 0.316665
7097 0.316201
22835 0.316201
11674 0.316201
15776 0.315752
29092 0.315706
20067 0.315649
28503 0.315577
20622 0.315577
29954 0.315276
8436 0.315177
26347 0.315055
9647 0.315055
372 0.314900
14813 0.314770
12161 0.314612
25158 0.314414
7641 0.314231
14581 0.313899
10179 0.313655
18551 0.313655
3344 0.313655
2214 0.313609
16673 0.312535
7936 0.312378
19419 0.312147
6604 0.312147
18904 0.311772
23897 0.311667
11279 0.311667
9344 0.311667
23063 0.311481
8365 0.311182
19040 0.311059
16896 0.311059
8841 0.310901
4723 0.310901
11913 0.310653
27929 0.310554
3110 0.310554
15572 0.310468
13250 0.310159
20142 0.310073
28394 0.310001
27500 0.309939
2244 0.309800
14897 0.309174
23718 0.309174
25222 0.309174
16802 0.309174
6938 0.308511
25474 0.308413
5885 0.308352
18230 0.308352
19825 0.307806
10222 0.307312
6641 0.307312
4902 0.307312
19292 0.307192
7927 0.307127
921 0.307127
20564 0.307056
14687 0.306720
16929 0.306509
15063 0.306509
15364 0.306082
5022 0.306035
13405 0.305661
18981 0.305661
6945 0.305661
21377 0.305357
21274 0.305106
18264 0.305106
13750 0.304589
7548 0.304589
25813 0.304589
198 0.304490
27290 0.304343
18581 0.304106
1595 0.303921
2923 0.303653
11443 0.303509
18949 0.303509
29 0.303509
10124 0.303395
28325 0.303304
17182 0.303112
15919 0.303112
12857 0.302907
8900 0.302907
14975 0.302453
10845 0.302453
13673 0.302453
12657 0.302453
29640 0.301928
27397 0.301856
6851 0.301445
4501 0.301314
3578 0.301144
20691 0.301144
24398 0.300818
2104 0.300586
131 0.300586
13538 0.300412
9467 0.300203
18657 0.300203
27826 0.300081
25515 0.299945
14565 0.299945
243 0.299945
5769 0.299846
8542 0.299846
3252 0.299621
12086 0.299512
101 0.299201
17430 0.299201
1598 0.299201
18048 0.299201
16331 0.299201
18769 0.298815
28235 0.298815
11757 0.298326
4073 0.298132
1888 0.297999
11374 0.297999
21511 0.297947
17827 0.297601
21926 0.297601
21778 0.297601
12658 0.297601
13905 0.297283
14338 0.297283
8809 0.297283
26530 0.297283
10297 0.297037
9938 0.297037
15073 0.296990
23858 0.296990
9244 0.296920
22614 0.296920
17873 0.296807
5606 0.296807
23849 0.296719
20959 0.296468
7074 0.296292
29869 0.296235
6786 0.295815
4266 0.295766
21710 0.295389
16726 0.295320
22457 0.294936
14939 0.294936
22875 0.294877
14681 0.294877
1105 0.294877
5529 0.294763
12745 0.294655
27687 0.294602
23011 0.294452
13962 0.294452
556 0.294452
7137 0.294092
29340 0.294092
632 0.294092
11464 0.293933
18207 0.293785
23696 0.293785
26171 0.293648
5730 0.293520
10550 0.293520
20507 0.293520
8667 0.293400
27089 0.293343
18633 0.292902
1092 0.292778
26554 0.292462
12937 0.292286
9621 0.292286
11562 0.292207
5041 0.292207
22041 0.291770
21197 0.291674
3261 0.291674
7783 0.291674
27786 0.291674
15369 0.291586
27102 0.291507
24301 0.291507
19785 0.291507
14253 0.291435
21467 0.291435
22576 0.291368
29267 0.291368
9318 0.291251
18644 0.291251
13292 0.291251
15747 0.291199
10316 0.291150
23894 0.291105
13035 0.291063
17799 0.291024
21204 0.289851
21048 0.289851
21888 0.289851
10434 0.289851
22611 0.289851
17367 0.289851
7425 0.289851
4380 0.289851
11455 0.289851
1853 0.289851
13669 0.289851
1906 0.288607
16982 0.288562
23551 0.288136
12901 0.288136
27590 0.288136
14122 0.288050
4638 0.288050
5020 0.287532
8331 0.287532
8284 0.287373
24259 0.287286
29681 0.287286
7247 0.287192
20111 0.287090
1208 0.286981
29570 0.286981
3359 0.286594
24111 0.286594
3221 0.286441
16656 0.286441
8401 0.286150
12855 0.286086
22826 0.286086
23078 0.285730
10855 0.285730
928 0.285730
12395 0.285730
13766 0.285567
6367 0.285567
6823 0.285391
23995 0.284581
8010 0.284581
12046 0.283935
17249 0.283935
112 0.283736
26505 0.283684
21175 0.283410
5813 0.283293
22831 0.283293
10373 0.283110
17154 0.282781
21028 0.282781
29443 0.282781
10644 0.282544
15535 0.282419
27967 0.282419
23490 0.282289
24767 0.282289
13551 0.282289
23502 0.282289
6489 0.282017
5077 0.282017
14217 0.281474
19885 0.281474
4274 0.281408
20231 0.281361
16041 0.281067
14992 0.281067
4845 0.280698
5552 0.280698
15585 0.280620
14770 0.280501
28257 0.280414
9471 0.280414
22297 0.280414
29870 0.280189
11420 0.279856
3044 0.279856
11893 0.279499
5508 0.279228
14717 0.279026
66 0.278844
2254 0.278844
4297 0.278764
21981 0.278257
23702 0.278257
21822 0.278257
8827 0.278257
2192 0.278257
1178 0.278257
1022 0.278257
6976 0.278257
6608 0.278257
17542 0.277873
13087 0.277774
17027 0.277701
2046 0.277701
16850 0.276676
24606 0.276414
1353 0.276334
19534 0.276283
22863 0.276048
2154 0.275805
24532 0.275596
23282 0.275358
29924 0.275358
25689 0.275358
15945 0.275292
9640 0.275292
17213 0.275292
1969 0.275113
10417 0.274910
589 0.274740
17937 0.274595
12766 0.274595
11953 0.274471
5586 0.274471
20474 0.274471
18700 0.274145
17251 0.274041
3341 0.273952
26374 0.273952
20925 0.273567
23866 0.273444
14513 0.273444
13645 0.273396
613 0.272801
27393 0.272801
6032 0.272801
22997 0.272801
27298 0.272248
11574 0.272160
26151 0.271959
27623 0.271659
4436 0.271659
19220 0.271572
21697 0.271470
14489 0.271470
17338 0.271470
5203 0.271350
12366 0.271350
25978 0.271350
9477 0.271205
8050 0.271205
19119 0.271029
2396 0.271029
7990 0.271029
10344 0.270889
15633 0.270889
15533 0.270889
15240 0.270527
1937 0.270354
24742 0.270354
3951 0.270354
2082 0.270290
18171 0.269861
7157 0.269405
10444 0.269356
29268 0.269281
19726 0.269281
26853 0.269147
29917 0.269147
3882 0.268847
20222 0.268642
11314 0.268493
23046 0.268070
26513 0.268003
23912 0.267554
21919 0.267554
16661 0.267144
952 0.267144
13370 0.267088
25788 0.267014
11093 0.267014
16124 0.266663
558 0.266529
10450 0.266529
17448 0.266416
755 0.266274
19398 0.266092
25994 0.266092
13777 0.265590
11520 0.265405
23230 0.265405
18506 0.265336
8171 0.265336
11470 0.265336
5545 0.265006
5010 0.264704
25483 0.264704
5812 0.264646
25485 0.264646
22228 0.264646
12885 0.264320
17019 0.264320
16847 0.264168
10785 0.264168
1102 0.263750
15717 0.263501
6913 0.263216
11241 0.262957
22248 0.262957
2211 0.262957
11317 0.262861
16749 0.262861
8862 0.262861
3595 0.262798
8317 0.262722
15828 0.262722
12471 0.262506
17693 0.262506
28371 0.262506
20163 0.262126
7329 0.262012
1658 0.262012
20265 0.261801
24788 0.261609
25266 0.261609
6270 0.261609
24654 0.261434
8390 0.261434
261 0.261274
2854 0.261127
2485 0.261058
22590 0.260866
28108 0.260540
18145 0.260540
18999 0.260159
3936 0.260159
27137 0.259340
12803 0.259340
10047 0.259161
14696 0.259161
21055 0.259161
20932 0.258843
27426 0.258843
28888 0.258795
27317 0.258751
25517 0.258710
5518 0.258710
12051 0.258710
22317 0.257645
23344 0.257645
7674 0.257645
16314 0.257645
13680 0.257645
27990 0.257645
6775 0.257645
11947 0.257645
3793 0.257645
3505 0.257645
17647 0.257645
1049 0.257645
17758 0.257645
20966 0.256589
17840 0.256589
16308 0.256458
28095 0.256406
8746 0.256350
23440 0.256289
3097 0.256289
25790 0.256222
10256 0.256147
15289 0.256147
21828 0.256064
15630 0.256064
16952 0.256064
4163 0.255542
26144 0.255281
3094 0.255281
13899 0.255180
5523 0.255180
3991 0.254814
23494 0.254814
1000 0.254667
12689 0.254503
9929 0.254384
24682 0.254384
15318 0.254321
17975 0.254321
17902 0.254255
5263 0.254255
21950 0.254255
10399 0.254116
19488 0.253964
7719 0.253800
85 0.253619
4993 0.253619
3102 0.253421
18713 0.253421
17096 0.253421
17730 0.253203
2818 0.253203
14875 0.253203
15090 0.253203
9665 0.253145
18068 0.252961
10630 0.252961
22550 0.252961
17215 0.252961
19943 0.252961
42 0.252690
11950 0.252690
29179 0.252690
2414 0.252690
29032 0.252543
14602 0.252451
28229 0.252451
14644 0.252305
7547 0.252255
14095 0.252255
22162 0.252255
3254 0.252255
6673 0.252044
18619 0.251816
15008 0.251756
6050 0.251756
9141 0.251756
27670 0.251437
14120 0.251437
4012 0.251437
23856 0.251437
10321 0.251299
13351 0.251005
11458 0.250682
1774 0.250682
14163 0.250387
6350 0.250387
1987 0.250067
24889 0.250067
18296 0.249931
13658 0.249871
9446 0.249718
7651 0.249718
25259 0.249558
22479 0.249558
25236 0.249558
29832 0.249492
17126 0.249492
3373 0.249334
6140 0.249334
11692 0.249334
24267 0.249128
8119 0.248911
2556 0.248443
26657 0.248443
24068 0.248443
4558 0.248058
7988 0.247639
11245 0.247639
18469 0.247182
23035 0.247086
9470 0.246973
27676 0.246973
20436 0.246910
17753 0.246910
12572 0.246373
5375 0.246373
1832 0.246245
24070 0.246077
15101 0.245701
27594 0.245636
28620 0.245258
17081 0.245160
18410 0.244843
22978 0.244843
13997 0.244763
6668 0.244763
12546 0.244698
4747 0.244698
11991 0.244645
21254 0.244600
9476 0.244085
14529 0.244085
26046 0.244085
3820 0.244085
11626 0.244085
24692 0.243528
7579 0.243475
14341 0.243411
8736 0.243411
7880 0.243331
11652 0.243331
20898 0.243101
19614 0.242807
19232 0.242666
17839 0.242666
15243 0.242489
8515 0.242489
27166 0.242421
12400 0.242124
19048 0.242073
10892 0.242073
11728 0.241839
19422 0.241839
22029 0.241839
29338 0.241771
18400 0.241542
17698 0.241542
14957 0.241324
25866 0.241324
6247 0.241263
27712 0.241263
21104 0.241156
25376 0.241064
2203 0.240915
10083 0.240915
1419 0.240915
8876 0.240631
3212 0.240364
19425 0.239876
13170 0.239876
17918 0.239501
22501 0.239501
23941 0.239501
14964 0.239442
14400 0.239442
3548 0.239442
2309 0.239361
23260 0.239361
20441 0.239361
22447 0.239361
10144 0.239361
27323 0.239159
3946 0.239159
29057 0.239052
14153 0.239052
3411 0.238907
16963 0.238701
17543 0.238560
175 0.238506
16481 0.238382
9364 0.238092
5843 0.237826
22881 0.237826
16182 0.237826
15657 0.237826
22474 0.237583
1030 0.237583
26795 0.237536
19699 0.237273
9872 0.236867
21246 0.236613
14134 0.236613
18944 0.236311
15647 0.236175
21568 0.236046
26928 0.235985
27189 0.235985
11617 0.235811
9209 0.235651
20186 0.235601
6805 0.235601
5896 0.235241
17059 0.235241
21915 0.235241
10671 0.234945
10204 0.234816
11971 0.234697
12715 0.234697
28853 0.234347
17790 0.234347
27616 0.234223
4623 0.234008
25939 0.234008
7797 0.233915
2247 0.233915
20806 0.233829
8179 0.233339
1861 0.233339
17442 0.233253
3260 0.233107
18585 0.233046
3582 0.232990
28096 0.232851
8073 0.232851
26871 0.232851
12110 0.232812
14395 0.232812
3511 0.232812
13479 0.231881
9775 0.231881
9788 0.231881
13710 0.231881
10058 0.231881
14976 0.231881
8673 0.231881
27574 0.231881
4376 0.231881
28958 0.231881
6163 0.231881
18498 0.231881
21442 0.231881
14009 0.230918
17424 0.230918
24903 0.230831
7415 0.230667
9465 0.230525
28111 0.230345
28742 0.229882
17784 0.229882
25685 0.229693
9387 0.229332
2489 0.229018
15003 0.229018
3673 0.229018
5957 0.228895
10342 0.228830
19274 0.228615
17677 0.228079
25287 0.228079
2659 0.228079
10676 0.228079
17905 0.227860
5966 0.227860
117 0.227740
4088 0.227740
14549 0.227546
22719 0.227334
25202 0.227334
1350 0.227334
5575 0.227334
19847 0.227100
25506 0.226947
11084 0.226550
157 0.226488
13401 0.226488
8551 0.226225
3393 0.226225
1259 0.225985
22539 0.225985
6658 0.225985
11002 0.225935
11640 0.225935
580 0.225935
13372 0.225724
12287 0.225614
20861 0.225309
2030 0.225255
12637 0.225127
63 0.224854
3200 0.224854
23495 0.224401
7786 0.224401
21109 0.224401
5029 0.223976
7454 0.223744
926 0.223744
28125 0.223499
1277 0.223371
26722 0.223201
6958 0.223201
26107 0.222962
26044 0.222962
14204 0.222710
24544 0.222351
10712 0.222351
23333 0.222219
16341 0.222161
18991 0.222161
25051 0.222161
10705 0.222013
24703 0.222013
6047 0.221895
14275 0.221799
9058 0.221542
25549 0.221459
14232 0.221297
20614 0.220839
27957 0.220839
10780 0.220839
29451 0.220839
16080 0.220839
13104 0.220287
26653 0.219887
17694 0.219792
11549 0.219676
14824 0.219676
22561 0.219475
10786 0.219346
29282 0.219191
15854 0.218755
26674 0.218755
21417 0.218755
11500 0.218755
10956 0.218576
29856 0.218363
6164 0.218105
16677 0.218105
17032 0.218105
29606 0.218007
9792 0.218007
24019 0.218007
3833 0.217728
7368 0.217388
16579 0.217031
25992 0.216964
6250 0.216711
7250 0.216592
23825 0.216592
19272 0.216422
29977 0.216262
1473 0.216262
18250 0.216160
12899 0.216160
2633 0.216038
18245 0.215967
4619 0.215967
21085 0.215921
22754 0.215408
4804 0.215147
24467 0.215147
13995 0.214989
26770 0.214914
10569 0.214914
28559 0.214914
686 0.214704
27563 0.214515
1549 0.214456
9168 0.214343
29593 0.214343
19555 0.213870
28944 0.213715
25803 0.213715
23289 0.213574
7853 0.213574
2499 0.213574
19984 0.213330
20002 0.213330
2526 0.212952
27931 0.212837
2803 0.212642
3255 0.212642
21029 0.212178
12541 0.211871
22346 0.211763
5582 0.211717
27366 0.211717
11159 0.210801
27652 0.210801
15709 0.210801
27229 0.210801
28173 0.210801
29875 0.210801
29829 0.210801
9285 0.210801
11367 0.209933
5271 0.209797
18497 0.209797
4359 0.209797
14539 0.209531
16092 0.209531
11616 0.209531
14878 0.209073
11966 0.208991
14007 0.208901
3326 0.208802
27197 0.208693
3973 0.208432
9072 0.208276
24007 0.208098
6213 0.208098
10317 0.208098
2326 0.207965
26152 0.207817
18862 0.207654
28577 0.207654
1305 0.207373
13967 0.207268
12065 0.206842
3767 0.206842
7059 0.206772
24716 0.206533
5522 0.206386
13588 0.206386
22010 0.206116
6743 0.205875
29575 0.205811
19018 0.205608
13109 0.205464
22786 0.205464
1281 0.205311
8529 0.205311
23165 0.205311
9804 0.204874
20 0.204874
21786 0.204874
6327 0.204874
18522 0.204874
27868 0.204600
4866 0.204600
26179 0.204600
2116 0.204600
20422 0.204247
6927 0.204247
24660 0.204247
523 0.204172
16521 0.203969
23383 0.203744
16336 0.203602
25239 0.203602
2688 0.203602
6162 0.203029
26079 0.202895
659 0.202895
11316 0.202737
23466 0.202737
9192 0.202614
12690 0.202221
12075 0.202152
18266 0.202098
28470 0.202054
15026 0.201635
4770 0.201635
1616 0.201635
22722 0.201635
24013 0.201175
13027 0.201121
22568 0.201121
26985 0.200963
11915 0.200963
4416 0.200963
23168 0.200545
22943 0.200391
8644 0.200391
22245 0.199897
7417 0.199706
28124 0.199467
4479 0.199354
26276 0.199089
8419 0.199039
7257 0.198755
26996 0.198755
4168 0.198755
9484 0.198456
801 0.198456
1391 0.198456
16016 0.198456
22428 0.198319
29737 0.198319
2318 0.198319
27833 0.198189
13348 0.198189
5827 0.198089
9422 0.198089
17483 0.197947
2692 0.197947
2084 0.197813
17180 0.197625
1182 0.197625
2799 0.197345
3036 0.197098
11590 0.197098
18945 0.196880
18172 0.196880
15471 0.196880
26177 0.196747
18494 0.196684
20880 0.196509
2083 0.196509
19791 0.196509
13798 0.196350
11920 0.196118
15475 0.196118
14457 0.195955
17604 0.195810
26558 0.195562
22387 0.195405
22069 0.195405
16264 0.195405
1190 0.195405
6107 0.195268
19544 0.195268
19288 0.195147
19428 0.195147
4065 0.195147
20460 0.195040
13740 0.194944
26427 0.194944
29422 0.194858
2547 0.194780
7522 0.194480
28698 0.194480
25505 0.194313
28151 0.194313
9859 0.194245
28755 0.194186
27121 0.193234
19280 0.193234
4911 0.193234
25653 0.193234
4451 0.193234
25411 0.193234
15674 0.193234
9702 0.193234
29240 0.192233
6272 0.192233
14381 0.192003
5332 0.192003
10711 0.192003
27251 0.191554
24501 0.191461
18358 0.191461
7647 0.191461
18247 0.191461
13153 0.191242
20710 0.191242
8996 0.190960
11676 0.190788
6341 0.190261
4876 0.190066
466 0.190066
18822 0.189844
2223 0.189844
26405 0.189588
17140 0.189518
23106 0.189290
26749 0.188862
1225 0.188740
24687 0.188279
17930 0.188011
28259 0.188011
10538 0.188011
2009 0.187713
20014 0.187713
8930 0.187649
3273 0.187649
19270 0.187478
26077 0.187378
27123 0.187168
18002 0.186823
18240 0.186684
9781 0.186684
12375 0.186684
20291 0.186249
14249 0.186249
11763 0.186077
4143 0.186000
13364 0.186000
20639 0.186000
1531 0.185896
1383 0.185896
18739 0.185504
26208 0.185504
806 0.185504
4379 0.185504
1918 0.185115
146 0.185115
14056 0.185069
385 0.185011
21215 0.184935
27153 0.184582
20936 0.184450
15095 0.184450
14380 0.184204
17801 0.183870
13554 0.183870
6230 0.183808
15428 0.183668
13942 0.183668
27211 0.183572
20118 0.183572
2855 0.183408
26960 0.183064
19405 0.183064
2471 0.183064
16053 0.182763
1243 0.182378
2458 0.182378
25730 0.181867
23071 0.181867
5330 0.181867
14940 0.181867
8246 0.181658
9121 0.181593
11152 0.181472
17742 0.181472
8041 0.181472
10687 0.181306
16619 0.180824
11732 0.180686
12141 0.180686
26721 0.180563
10874 0.180506
13850 0.180506
29972 0.180352
20054 0.180352
14871 0.180218
18093 0.180101
16863 0.180101
18838 0.180101
7025 0.179999
16245 0.179826
26224 0.179520
14821 0.179355
20187 0.179355
24641 0.179289
4977 0.179231
15422 0.179231
2701 0.179231
27150 0.179231
15968 0.179180
21664 0.179135
8122 0.179095
6340 0.178370
14926 0.178370
3093 0.178370
26316 0.178370
5646 0.178370
21355 0.178370
9113 0.178370
13106 0.178370
5175 0.178370
4971 0.178370
11523 0.178370
11479 0.178370
19933 0.177650
12848 0.177650
10730 0.177650
1686 0.177650
25522 0.177516
13144 0.177320
2509 0.177234
2057 0.177234
23818 0.176937
430 0.176770
22114 0.176671
8482 0.176671
7915 0.176559
2385 0.176559
9011 0.176559
939 0.176229
17044 0.176229
15272 0.176229
1471 0.176112
3615 0.176112
7813 0.176112
20437 0.176112
15247 0.175981
26229 0.175834
27221 0.175667
18907 0.175667
20435 0.175477
22167 0.175372
2256 0.175259
13220 0.175259
9375 0.175199
16286 0.175004
21192 0.175004
1457 0.174638
15105 0.174534
10738 0.174534
24809 0.174534
24312 0.174423
29094 0.174246
20784 0.173910
840 0.173910
5820 0.173910
19602 0.173655
16373 0.173655
12516 0.173244
12325 0.173244
16135 0.173189
17166 0.173189
4360 0.173045
11079 0.173045
26648 0.172830
5138 0.172830
10073 0.172677
12343 0.172677
5399 0.172254
267 0.172254
7970 0.172138
3057 0.171763
23186 0.171763
28874 0.171763
1653 0.171763
542 0.171763
11065 0.171390
27541 0.171340
13025 0.171275
4701 0.171275
4659 0.171275
3968 0.171059
12310 0.170859
2942 0.170500
4421 0.170308
29291 0.170188
24451 0.170046
9727 0.170046
10909 0.170046
4382 0.170046
13600 0.170046
5934 0.169965
6217 0.169669
19383 0.169669
7394 0.169669
3645 0.169410
204 0.169080
27634 0.168920
1272 0.168640
830 0.168640
608 0.168460
2563 0.168300
14442 0.168300
21017 0.168204
21845 0.168204
24940 0.168029
25454 0.167877
26604 0.167808
8387 0.167808
22525 0.167743
6855 0.167743
7284 0.167625
2194 0.167625
648 0.167625
17749 0.167336
174 0.167222
25415 0.167121
7066 0.166621
8094 0.166544
13703 0.166421
1261 0.165629
11428 0.165629
1623 0.165629
2757 0.165629
14060 0.165629
18649 0.165629
7574 0.164936
20851 0.164893
26159 0.164844
4267 0.164788
17772 0.164724
29752 0.164649
22818 0.164560
2380 0.164560
9909 0.164560
5487 0.164163
15442 0.164163
26262 0.164163
24117 0.163567
8340 0.163506
17116 0.163440
3064 0.163296
16580 0.163132
29679 0.162943
14815 0.162723
7120 0.162316
1319 0.162316
17879 0.162067
28284 0.162067
16155 0.162013
3533 0.161777
17969 0.161777
28222 0.161777
25166 0.161777
12422 0.160897
17696 0.160842
1989 0.160709
7043 0.160709
20588 0.160610
5320 0.160343
19830 0.160286
10218 0.160243
27376 0.159918
7459 0.159918
9796 0.159495
15187 0.159495
8639 0.159495
24677 0.159418
2608 0.159418
29670 0.159134
9964 0.159004
20948 0.158950
6687 0.158822
3247 0.158551
16438 0.158551
3444 0.158357
866 0.158357
23059 0.158312
14234 0.158312
6671 0.158100
8225 0.158100
14626 0.157824
13659 0.157824
6043 0.157450
18951 0.157385
19838 0.157207
23841 0.157207
20483 0.156827
4023 0.156676
5412 0.156324
17471 0.156189
13763 0.156189
184 0.156073
3999 0.155530
15579 0.155384
3657 0.155384
7188 0.155384
9631 0.155277
10429 0.155234
15711 0.154587
5333 0.154587
14231 0.154587
7621 0.154587
26491 0.154587
26310 0.154587
17319 0.154587
9050 0.154587
15150 0.153946
9907 0.153946
4220 0.153946
13218 0.153903
6438 0.153656
21985 0.153563
18123 0.153563
9316 0.153563
27498 0.153129
16251 0.153018
26309 0.153018
22674 0.153018
5917 0.152888
8195 0.152736
16706 0.152553
29522 0.152410
8535 0.152410
12894 0.152410
10357 0.152410
24258 0.152053
6316 0.152053
877 0.152053
25546 0.152053
20108 0.151887
2604 0.151827
24971 0.151827
11834 0.151226
797 0.150928
17859 0.150572
6960 0.150572
4055 0.150409
24300 0.150409
5652 0.150206
6778 0.149973
16020 0.149973
4853 0.149600
29957 0.149600
120 0.149600
7270 0.149163
11552 0.149000
14178 0.149000
25720 0.149000
2278 0.148641
27645 0.148641
3917 0.148495
17986 0.148404
8446 0.148404
29411 0.148296
10205 0.148296
26622 0.148234
6806 0.148234
5757 0.148009
11690 0.148009
5589 0.147767
16599 0.147767
7730 0.147439
27369 0.147439
5303 0.147226
16032 0.147226
3114 0.147046
28679 0.147046
21322 0.147046
27106 0.146893
23634 0.146760
11886 0.146760
8329 0.146760
22595 0.146760
21748 0.146760
3413 0.146591
3854 0.146591
18211 0.146451
20684 0.146451
10481 0.146231
25072 0.146231
24804 0.145837
21882 0.145837
8183 0.145684
24424 0.145684
6375 0.145575
7294 0.144925
13727 0.144925
11576 0.144925
11999 0.144925
18672 0.144925
10783 0.144925
6518 0.144324
5193 0.144281
20772 0.144107
29110 0.144107
9458 0.143728
17549 0.143643
1188 0.143545
20503 0.143431
28279 0.143136
25778 0.143136
17378 0.143136
19819 0.143010
16700 0.143010
17363 0.142865
22655 0.142696
18720 0.142550
26058 0.142550
14151 0.142550
2995 0.142496
16961 0.142383
26313 0.142258
28352 0.142191
4004 0.141968
24650 0.141761
6557 0.141761
10479 0.141705
28419 0.141523
15964 0.141523
5765 0.141391
22230 0.141247
103 0.140818
9968 0.140534
7691 0.140148
22117 0.140148
23511 0.139928
28144 0.139928
19956 0.139827
18520 0.139687
17968 0.139687
19723 0.139558
15741 0.139558
29655 0.139382
16439 0.139327
7474 0.139327
29314 0.139128
29608 0.139128
22757 0.139128
9489 0.139128
5312 0.139128
29726 0.138851
16093 0.138851
7798 0.138851
21954 0.138624
18742 0.138207
6971 0.138142
28636 0.137875
16573 0.137875
24774 0.137875
10564 0.137207
3226 0.137072
14684 0.137020
12108 0.136400
28280 0.136400
27334 0.136400
11487 0.135830
8112 0.135786
27255 0.135675
3970 0.135675
18009 0.135675
8145 0.135603
3382 0.135264
22784 0.135177
10225 0.135177
23137 0.135177
4481 0.135177
24137 0.135076
28383 0.135076
27100 0.134957
2025 0.134702
18582 0.134640
29895 0.134574
28757 0.134424
6215 0.134424
2685 0.134247
9472 0.134247
18222 0.134146
23337 0.134035
27491 0.133975
27164 0.133975
12493 0.133777
10320 0.133777
23908 0.133777
15827 0.133544
28421 0.133383
5083 0.133265
8527 0.133137
26543 0.132925
18555 0.132795
13951 0.132503
3829 0.132503
6610 0.132503
29760 0.132503
27873 0.132503
24471 0.132213
13425 0.132160
1592 0.132084
16039 0.132084
143 0.132084
5440 0.131750
13513 0.131750
27131 0.131430
21262 0.131430
29785 0.131430
14015 0.131430
25218 0.131253
16979 0.131006
28182 0.130804
20535 0.130804
6475 0.130637
20512 0.130496
5848 0.130270
4503 0.130137
19439 0.130137
25592 0.129933
6124 0.129853
27579 0.129623
2427 0.129542
4842 0.129542
20296 0.129476
10456 0.129422
14196 0.128823
5623 0.128823
29097 0.128229
29424 0.128175
29499 0.128111
26617 0.128032
11407 0.127731
25413 0.127731
18658 0.127641
11593 0.127641
8910 0.127407
16918 0.127407
18888 0.127252
23663 0.127252
24243 0.127252
27059 0.127058
2050 0.126900
16978 0.126657
3347 0.126657
20170 0.126657
14691 0.126480
8582 0.126480
20325 0.126480
1198 0.126480
4528 0.126272
13654 0.126128
22874 0.126128
14438 0.125908
10519 0.125718
7552 0.125718
27939 0.125650
28859 0.125341
2456 0.125341
10798 0.125341
22243 0.125081
21807 0.125081
10635 0.125081
14738 0.124966
10410 0.124667
8204 0.124564
23689 0.124424
25906 0.124222
13369 0.124222
16894 0.124222
17519 0.124051
6326 0.124051
17422 0.123820
5103 0.123670
7992 0.123341
7185 0.123222
18856 0.123222
21751 0.123222
182 0.123222
13102 0.123222
19014 0.123122
3266 0.123122
796 0.123039
14682 0.122851
28175 0.122851
18499 0.122760
22573 0.122760
21401 0.122760
26052 0.122688
12229 0.122539
22129 0.122539
21675 0.122042
20787 0.122042
23554 0.122042
11522 0.122042
23751 0.122042
9193 0.122042
14865 0.122042
18027 0.122042
1585 0.122042
7639 0.122042
22580 0.122042
2063 0.122042
6975 0.121509
6056 0.121509
26629 0.121461
17439 0.121461
24895 0.121245
6987 0.121062
14398 0.120981
18051 0.120886
8724 0.120771
8788 0.120771
8702 0.120771
19687 0.120771
12132 0.120632
21317 0.119938
22349 0.119751
21632 0.119751
24326 0.119680
16274 0.119680
22502 0.119680
4825 0.119253
26091 0.119191
19628 0.118913
23222 0.118913
16217 0.118913
20877 0.118637
29223 0.118637
11396 0.118637
26866 0.118306
23630 0.118306
24588 0.118156
7872 0.118156
25318 0.118087
29140 0.117905
14054 0.117706
16786 0.117408
16383 0.117243
10878 0.117004
15189 0.117004
14417 0.117004
3746 0.116669
7953 0.116470
24181 0.116425
11654 0.116425
12575 0.116425
10641 0.115940
19318 0.115940
19818 0.115940
8034 0.115940
24701 0.115940
16220 0.115459
7735 0.115416
8472 0.115363
24524 0.115363
29523 0.115300
23336 0.115300
24031 0.115220
9849 0.114896
7446 0.114792
18950 0.114509
2992 0.114509
24600 0.114509
9634 0.114381
28670 0.114381
18508 0.114381
6844 0.114040
8819 0.114040
24990 0.113806
21657 0.113806
21402 0.113806
19542 0.113667
9122 0.113420
10972 0.113420
17379 0.113364
17392 0.113112
3421 0.113112
13066 0.112563
19947 0.112563
19395 0.112365
11462 0.112365
29626 0.112200
10290 0.112200
18476 0.112020
28425 0.112020
18750 0.111872
11400 0.111750
3174 0.111750
24252 0.111750
13277 0.111481
6918 0.111481
15 0.111303
29011 0.111081
12201 0.111007
3082 0.111007
1648 0.111007
12990 0.110419
8986 0.109943
5579 0.109838
26809 0.109766
19928 0.109766
5235 0.109766
29098 0.109766
6330 0.109378
23160 0.109263
9222 0.109004
1063 0.108694
18407 0.108694
18435 0.108482
28937 0.108355
17283 0.108131
13889 0.108131
19857 0.107851
23773 0.107573
25011 0.107573
27145 0.107494
2342 0.107494
29761 0.107494
15494 0.107352
18815 0.107352
19843 0.107228
5122 0.107172
25565 0.106787
26591 0.106367
15526 0.106089
18132 0.106089
2828 0.106089
26988 0.106003
20631 0.105882
1596 0.105882
12184 0.105400
14373 0.105400
22109 0.105400
29783 0.105400
4483 0.104720
19129 0.104720
6083 0.104536
17048 0.104451
4128 0.104451
2555 0.104346
18698 0.104346
24576 0.104049
1930 0.103686
2951 0.103686
119 0.103634
14688 0.103634
28237 0.103634
22194 0.103518
18586 0.103518
17949 0.103518
774 0.103386
3481 0.103313
15350 0.103058
28086 0.102804
21432 0.102732
5836 0.102732
1672 0.102602
26884 0.102602
17555 0.102437
12169 0.102150
23726 0.102150
19437 0.102086
18363 0.101926
16403 0.101801
13692 0.101702
19150 0.101702
9420 0.101369
10075 0.101369
1935 0.101307
26392 0.101258
17229 0.100818
11397 0.100818
29919 0.100818
5648 0.100818
24090 0.100818
8214 0.100818
21964 0.100818
14825 0.100818
10973 0.100381
18529 0.100381
18505 0.100381
3115 0.100195
11351 0.099949
4633 0.099853
9966 0.099734
14425 0.099734
21660 0.099520
3543 0.099200
5791 0.099094
24756 0.098374
4192 0.098374
13771 0.098254
22850 0.098151
24191 0.097978
7766 0.097840
21138 0.097840
8707 0.097840
5854 0.097840
21552 0.097634
21630 0.097634
12776 0.097429
23966 0.097066
6142 0.096617
4942 0.096172
1224 0.096116
14142 0.096045
18781 0.095480
20093 0.095130
24371 0.094860
3705 0.094431
17965 0.094370
26453 0.094165
24406 0.093689
9967 0.093689
16545 0.093500
1078 0.093285
22320 0.093285
27994 0.093285
6746 0.092752
24496 0.092752
10482 0.092752
19128 0.092752
6862 0.092752
21152 0.092752
24203 0.092752
18564 0.092752
7101 0.092752
1706 0.092752
11588 0.092752
29381 0.092752
29047 0.092752
8121 0.092752
21332 0.092291
3053 0.092225
7195 0.091935
9941 0.091704
29644 0.091704
16714 0.091532
6067 0.091532
15948 0.091189
12903 0.091189
16226 0.091132
12259 0.091132
7896 0.090934
15070 0.090934
12755 0.090736
1663 0.090490
9972 0.090490
26719 0.090343
14714 0.090343
361 0.090343
8069 0.090176
4919 0.090176
18661 0.089954
849 0.089954
25371 0.089760
4488 0.089678
1079 0.089616
4086 0.089616
16919 0.089185
7955 0.089185
25608 0.089185
25064 0.089185
8678 0.089185
29946 0.088758
22333 0.088758
23341 0.088697
23565 0.088617
17387 0.088429
9569 0.088429
5124 0.088335
9087 0.088215
19778 0.087739
20009 0.087502
19256 0.087319
22985 0.087319
13225 0.087267
10209 0.087267
11320 0.087091
15891 0.087091
24062 0.086955
18341 0.086800
26351 0.086684
2135 0.086415
23701 0.086415
14692 0.086339
25342 0.086237
21612 0.085882
3205 0.085882
5661 0.085882
19250 0.085882
15528 0.085530
11704 0.085486
9175 0.085486
20645 0.085094
14864 0.085094
18210 0.084834
2872 0.084834
658 0.084834
3348 0.084834
15803 0.084540
11231 0.084491
18820 0.084320
9616 0.084320
2723 0.084150
24847 0.083939
28140 0.083939
18853 0.083939
24098 0.083812
26539 0.083812
15002 0.083668
5821 0.083668
28905 0.083668
22003 0.083561
16015 0.083477
15300 0.083477
21006 0.083477
17659 0.083310
17121 0.083310
11606 0.083186
16268 0.082814
5343 0.082394
19600 0.081978
1738 0.081978
20789 0.081840
22625 0.081840
5015 0.081720
24305 0.081362
27178 0.081158
12957 0.080889
4495 0.080889
4502 0.080754
23291 0.080421
11004 0.080421
26301 0.080421
2663 0.080305
29372 0.080305
5398 0.079959
22464 0.079959
22402 0.079567
4800 0.079179
24353 0.078938
26992 0.078938
29819 0.078604
25140 0.078272
13494 0.078037
11720 0.077943
4397 0.077943
28902 0.077725
11746 0.077663
2265 0.077294
7488 0.077294
855 0.077294
16210 0.077294
14230 0.077294
25913 0.076973
8475 0.076973
6146 0.076927
2801 0.076927
27109 0.076866
12565 0.076655
27595 0.076564
8450 0.076444
6903 0.076444
10304 0.076339
1601 0.076277
14659 0.076205
15667 0.076026
808 0.075849
13128 0.075849
4600 0.075778
17060 0.075613
12372 0.075613
12989 0.075408
17469 0.075408
9410 0.075205
25200 0.074800
25675 0.074800
18046 0.074800
28265 0.074800
5011 0.074800
11632 0.074500
22235 0.074321
640 0.074321
1904 0.074004
4464 0.073847
7626 0.073613
28402 0.073446
10079 0.073380
13508 0.073225
17371 0.073225
19516 0.073115
20781 0.072788
21682 0.072463
7118 0.072463
164 0.072141
28519 0.072013
16734 0.072013
35 0.071821
29106 0.071716
16522 0.071568
5724 0.070984
15297 0.070695
25108 0.070624
28987 0.070624
19002 0.070267
10673 0.070267
5940 0.070267
12044 0.070267
18789 0.069914
28732 0.069914
10028 0.069425
25826 0.069425
14061 0.069366
3027 0.069366
10015 0.069071
10080 0.068875
18270 0.068778
23359 0.068604
11544 0.068604
29360 0.068604
10824 0.068536
17222 0.068536
22520 0.068536
25885 0.068488
18162 0.068488
11804 0.068488
23666 0.068200
8523 0.068200
26095 0.067867
23420 0.067801
8682 0.067632
1520 0.067538
13465 0.067538
4412 0.067538
23283 0.067351
11449 0.067212
20177 0.066889
6956 0.066797
6193 0.066632
14143 0.066569
27279 0.066569
15934 0.066523
26238 0.066252
21560 0.065938
28560 0.065875
22208 0.065450
25033 0.065318
29962 0.065187
18489 0.064411
27030 0.064411
2253 0.064055
9827 0.063703
14936 0.063703
14288 0.063529
26138 0.062670
3809 0.062670
10259 0.062670
26574 0.062333
24636 0.062000
1203 0.061835
22355 0.061835
26720 0.061835
11884 0.061670
13284 0.061670
22844 0.061290
28506 0.061021
14267 0.061021
11489 0.060755
15880 0.060755
24017 0.060702
12946 0.060702
12240 0.060622
19945 0.060622
2463 0.060491
28142 0.060386
13302 0.060386
17586 0.060386
27870 0.060229
6627 0.059840
4484 0.059457
21368 0.059457
11830 0.059204
7094 0.059153
6428 0.059153
7086 0.059078
14135 0.059078
5051 0.059078
11546 0.058953
9419 0.058853
4652 0.058704
14882 0.058556
27058 0.058556
22638 0.058457
6167 0.058335
22004 0.058261
10995 0.058261
14156 0.058213
22070 0.057970
19290 0.057970
16151 0.057970
26173 0.057682
5676 0.057682
24011 0.057610
25889 0.057610
7612 0.057491
1842 0.057396
23421 0.057254
17523 0.057254
17934 0.057113
12034 0.057020
24114 0.056833
331 0.056833
13056 0.056556
13938 0.056556
11864 0.056327
11136 0.056213
11138 0.056213
25185 0.056100
21672 0.056010
12179 0.056010
12363 0.055875
5971 0.055741
6158 0.055741
192 0.055540
11699 0.055474
5437 0.055210
9646 0.055210
24487 0.055210
12222 0.055210
16998 0.055210
14705 0.055210
7546 0.054948
10708 0.054948
14632 0.054948
7950 0.054689
16566 0.054689
21858 0.054178
9920 0.053926
28393 0.053926
29789 0.053676
15366 0.053306
29037 0.053184
9858 0.053001
19641 0.053001
2363 0.052700
6966 0.052700
2136 0.052700
12016 0.052700
9887 0.052225
560 0.052225
29007 0.051991
10728 0.051529
21084 0.051244
14464 0.050684
18146 0.050409
12780 0.050409
21952 0.050409
22817 0.050409
11681 0.050409
21577 0.050191
25255 0.050191
29974 0.049974
17183 0.049974
16877 0.049760
4773 0.049336
8658 0.049336
24030 0.049336
23923 0.049127
21841 0.049075
18302 0.048920
17656 0.048561
21834 0.048511
25315 0.048308
18624 0.048308
16131 0.048308
14923 0.048108
9587 0.048058
10103 0.048058
11187 0.048058
3164 0.047810
11952 0.047565
25698 0.047565
23327 0.047323
25144 0.047323
10584 0.047082
6542 0.046750
3477 0.046609
10536 0.046609
8418 0.046609
8298 0.046562
21399 0.046376
23734 0.046376
3890 0.046376
18807 0.046145
10301 0.046069
19087 0.045917
7697 0.045766
25094 0.045691
27560 0.045691
24032 0.045691
2288 0.045467
26372 0.045467
26684 0.045172
5154 0.045025
11815 0.044880
14291 0.044880
17219 0.044808
16150 0.044808
20218 0.044808
18495 0.044592
21576 0.044592
27839 0.044592
13890 0.044592
10868 0.044308
17101 0.043958
17817 0.043751
10611 0.043546
27805 0.043478
18181 0.043208
24414 0.043141
25174 0.043141
24508 0.043141
20430 0.042941
18780 0.042677
11560 0.042547
8629 0.042547
17468 0.042160
16643 0.042160
14160 0.042160
23787 0.042160
4716 0.041969
5741 0.041906
6552 0.041906
1146 0.041780
6464 0.041655
9184 0.041655
21582 0.041593
2180 0.041407
1640 0.041407
17420 0.041407
1840 0.041162
27675 0.041041
12001 0.040920
23774 0.040920
8352 0.040681
25005 0.040681
17508 0.040681
18630 0.040503
1580 0.040211
2597 0.040152
4669 0.039979
253 0.039808
1765 0.039638
17814 0.039525
29866 0.039469
17747 0.039469
8721 0.039302
19281 0.039302
1974 0.039302
23713 0.038972
16854 0.038808
4779 0.038808
23700 0.038647
4816 0.038647
3714 0.038486
24722 0.038486
20006 0.038433
4997 0.038222
11288 0.038170
15449 0.038013
22019 0.037807
21009 0.037807
27313 0.037602
25984 0.037552
15111 0.037552
6285 0.037552
195 0.037400
18963 0.037200
4777 0.036806
325 0.036613
9826 0.036613
27949 0.036421
9729 0.036421
3454 0.036231
9111 0.036044
6640 0.035858
776 0.035133
27365 0.034782
21792 0.034782
19792 0.034609
25354 0.034438
20050 0.034438
27651 0.034438
4446 0.033934
26937 0.033606
16174 0.033284
11446 0.032969
19163 0.032813
19006 0.032659
24536 0.032057
23910 0.032057
18558 0.031910
5253 0.031764
11024 0.031620
1285 0.031477
14779 0.031477
5714 0.031335
10164 0.031335
15086 0.031195
1794 0.031195
28230 0.031195
11812 0.031055
19623 0.030917
13433 0.030917
17703 0.030917
1586 0.030917
27810 0.030713
27169 0.030511
1430 0.030377
16062 0.030311
20866 0.030245
58 0.030114
5864 0.029920
9172 0.029920
5107 0.029728
8488 0.029539
5822 0.029476
3067 0.029352
15504 0.029352
14000 0.029352
22504 0.029352
20232 0.029229
19896 0.029167
26664 0.028985
28984 0.028985
28946 0.028985
3528 0.028805
27527 0.028805
4114 0.028805
29185 0.028746
20842 0.028746
513 0.028746
29715 0.028627
17572 0.028627
28631 0.028627
7492 0.028510
15691 0.028452
9545 0.028452
8096 0.028452
26938 0.028394
10763 0.028164
17954 0.028050
10721 0.028050
4367 0.027937
12441 0.027937
22225 0.027937
792 0.027937
4019 0.027441
7119 0.027280
22446 0.027121
3179 0.027121
23938 0.027121
29728 0.026963
16489 0.026963
17053 0.026350
27813 0.026350
19035 0.026201
12116 0.026201
28721 0.025765
20492 0.025765
10372 0.025765
4063 0.025622
23119 0.025622
28278 0.025481
18194 0.025481
1401 0.025481
28936 0.025481
25312 0.025204
4432 0.025204
18443 0.024800
280 0.024538
16001 0.024154
17751 0.024029
22528 0.023905
19595 0.023905
5168 0.023783
21695 0.023661
27342 0.023661
108 0.023541
29872 0.023541
16370 0.023541
10089 0.023422
3787 0.023305
4068 0.023073
10923 0.022958
16029 0.022733
4561 0.022733
24251 0.022404
13757 0.022296
14284 0.022190
26742 0.022190
7590 0.021979
20318 0.021876
5964 0.021773
18731 0.021773
11706 0.021080
18474 0.021080
5774 0.021080
16836 0.020985
7087 0.020796
23141 0.020796
10663 0.020704
29248 0.020520
24109 0.020340
13605 0.020252
29807 0.019990
4104 0.019990
11687 0.019904
25848 0.019904
2014 0.019904
8432 0.019819
29706 0.019819
28323 0.019819
8447 0.019651
18637 0.019651
2655 0.019486
15355 0.019323
24699 0.019323
7233 0.019164
28928 0.019164
25038 0.019164
650 0.019007
8232 0.019007
29620 0.018929
14295 0.018700
17521 0.018550
10054 0.018550
26571 0.018550
19162 0.015356
18833 0.015356
5296 0.015255
28781 0.015255
14675 0.014864
24289 0.014864
18096 0.014864
8003 0.014676
26031 0.014676
10069 0.014584
16203 0.014403
5102 0.014226
8407 0.014226
14483 0.014139
1606 0.014139
29537 0.014139
25138 0.014053
28481 0.014053
2166 0.013721
7620 0.013721
15010 0.013560
5367 0.013481
29139 0.013404
6712 0.013326
377 0.013326
7775 0.013101
16654 0.013027
3389 0.012811
8848 0.012811
22300 0.012811
15590 0.012741
6798 0.012741
9124 0.012467
15492 0.012269
21912 0.012077
11088 0.012015
15718 0.012015
17628 0.011953
28497 0.011831
20333 0.011711
25156 0.011652
17736 0.011594
25082 0.011594
5201 0.011536
22432 0.011536
15469 0.011423
15412 0.011423
8200 0.011202
11586 0.011148
14199 0.011095
13426 0.011042
11212 0.010990
16774 0.010990
8763 0.010938
24877 0.010836
7833 0.010785
4533 0.010785
5136 0.010686
8800 0.010637
28254 0.010588
6307 0.010540
3861 0.010398
10722 0.010398
1802 0.010170
4030 0.010126
24978 0.010082
1845 0.010038
25847 0.009952
16385 0.009867
13155 0.009867
3011 0.009867
19833 0.009743
1296 0.009743
3390 0.009743
25117 0.009702
29720 0.009662
20993 0.009622
24915 0.009426
10113 0.009388
29906 0.009275
