6013
23171 81
2706 509
17298 2415
12495 3555
26091 3859
1743 4483
19048 6145
18027 7315
13868 8095
227 11462
13240 12797
14857 13605
17099 14552
15539 15759
28222 16344
19502 17951
14440 18803
24380 19595
2278 20364
18962 22312
5175 25231
15469 26551
26626 28802
26804 29390
21495 29647
15187 29708
19040 32507
23818 32737
17905 32970
5215 35149
24929 35605
14017 35896
15008 36360
22003 45898
21992 46472
26238 47727
26204 49589
17918 49677
8886 54787
2030 55790
1489 56086
1103 58225
23399 62077
14359 67760
4381 68303
27720 72114
13827 72340
18776 75786
5910 76677
1751 78921
29559 80358
18321 81178
18853 81751
23453 81996
17009 82588
23671 84040
20996 86128
27857 87241
14770 88868
1526 89051
10558 90060
19193 91232
9287 91671
21802 91731
23832 91843
18772 92672
19791 92866
28764 95271
17131 95914
9229 96414
5888 96521
2823 102095
5765 103870
24804 106211
8117 109066
21402 111317
2472 114559
14964 114841
7402 119264
11878 120720
12328 121974
13863 123098
6490 124125
14717 125314
22170 125803
6528 127495
11793 128621
23194 129448
14541 130015
7637 132863
26960 134923
20274 136289
5957 136676
11306 136983
5201 137695
21954 138625
20534 139949
17802 145330
6446 145960
8678 145974
12901 146431
25440 147917
15803 148699
12361 150227
2277 150403
5375 151472
23420 153172
29144 155141
7670 155909
23414 159723
25693 162407
16643 163079
17380 163444
14304 163729
4595 164257
5655 165065
6932 166332
3853 166585
3481 168107
4803 170529
20762 171020
18581 171547
21274 173343
808 175582
1686 175675
22823 176223
17513 176252
8109 177084
10387 177525
3082 180754
13025 184541
23869 187089
18731 187182
25658 189905
3474 190792
26147 191798
21500 195112
19286 195695
17485 195900
7096 198856
22197 198965
1888 198979
595 199649
21792 200908
20222 202467
12016 203700
6800 205292
20948 206173
18815 206423
92 209121
19943 211532
24686 216063
13081 217272
13631 221613
12814 222777
28284 228532
12014 235351
4064 235443
4331 237569
27320 238099
5330 240197
12584 241894
7806 242574
25526 243536
7394 244397
1706 246516
15709 250280
29698 250871
25439 253007
12988 255213
10885 257268
8542 263364
4419 265448
22818 267527
18820 268460
18034 270287
5083 280804
27651 283894
16001 285336
12247 285386
28393 285596
14094 286755
13727 287932
23312 288502
15073 294721
17968 300099
25176 301904
2461 306386
16980 308984
18002 309501
24199 310117
24289 313105
22593 313388
10712 314288
22618 315055
26610 315882
12946 317263
13250 319111
10084 319601
16490 321710
21983 324304
16497 324467
2673 325577
10434 326441
16530 328740
5940 329057
27108 332555
23700 333902
15834 334415
25077 334729
26058 340539
3036 346286
14777 348468
14703 349195
12229 350572
11487 352543
22748 354386
3563 355692
26986 357795
17319 359324
24428 359613
25787 361035
25660 362330
14820 365973
6083 367747
2288 367755
26841 369495
10687 371566
28523 377131
8763 377958
17101 379005
29714 383883
17116 384655
8390 384780
5827 385067
4391 385096
22070 385732
19585 386122
16353 388425
21399 389440
18787 390578
14759 391031
1056 391888
16014 392925
13422 393020
15003 393093
27491 393428
8111 396168
5659 396526
7912 400046
15408 401506
25720 403431
4116 406071
8908 407494
22054 408532
29606 411803
24495 412066
27623 412943
11674 413914
24203 414496
25342 415556
9634 416155
8774 417031
7788 418229
19885 418639
19640 418848
12601 423109
14897 424008
1663 424915
14163 429183
2463 429598
19792 433129
15137 433796
22355 436524
10069 437982
7294 438254
19809 439206
18171 442309
27365 442977
4790 448380
9179 448775
4495 450725
27907 453893
3057 454010
16169 454270
18649 455207
19753 455721
23505 455853
21926 456461
24253 456568
29919 458730
21689 460793
12138 461271
10973 463502
19833 463814
3858 468299
9146 468909
5296 469318
14295 470645
14682 472554
6903 475084
11915 476446
280 476959
24318 479078
14081 480117
21918 483193
29489 483460
10175 486730
21408 488187
4019 489520
12008 490706
3114 495789
11415 497133
27613 498761
28844 499149
19757 499172
7103 504766
19294 505536
6451 506044
6693 508993
2267 511189
9729 512684
21280 513317
19252 515184
887 520161
11289 521041
3872 523796
5163 527183
7094 527963
15670 528673
4903 531086
27839 532196
4268 536226
451 537386
15919 538961
6904 539204
631 543855
2082 545293
9618 547353
19285 547690
20437 549390
13076 549913
19819 549923
806 553307
18522 554160
29811 554203
7122 554630
28429 554747
14705 556778
18737 556841
6557 557248
19131 557365
21671 558285
2005 558501
12376 559772
2816 560916
28618 561387
926 562067
17019 562750
8854 563735
24479 564054
28230 564626
15526 566215
15090 571668
20699 573066
17479 574486
18600 575359
21976 578267
13198 578581
17696 581223
11464 582826
11804 583204
20009 585936
17669 587103
25421 590085
29032 591145
14539 591642
11588 592152
16268 592160
3505 593049
19651 595747
7415 596480
19818 599777
12981 599914
6580 600352
3791 600660
13777 602130
8143 602341
23678 602939
22783 602988
231 604427
18498 605128
13608 605446
4274 605517
10058 606087
1720 607209
20784 607220
27967 608818
23465 608852
7936 609648
25236 611131
17233 611435
5661 611520
10 611827
18999 612760
18382 614308
11541 617343
1187 617650
21355 618527
15874 621818
7196 627212
26749 629949
22689 633921
2046 638815
18822 640140
10706 641925
24742 643111
7256 643519
6713 647600
17530 649293
16368 651938
10868 653742
28529 655738
24090 657077
17422 657352
4851 658414
18220 659800
29012 661893
12128 662759
175 664886
12895 665808
24191 667344
25011 667457
24326 667827
24032 667863
24556 670057
8653 670859
20315 671585
26079 671699
22718 672459
29513 674724
25057 674874
21937 675331
26967 675532
12046 675641
11198 677349
1190 678089
10321 678152
15350 679073
18862 679321
17954 682540
27123 683010
6640 683227
5487 683727
19175 685009
24687 685474
12277 687080
23289 687799
21580 691512
4014 691643
108 692459
4376 693082
10908 695542
4662 697364
22812 697781
9029 697790
27616 697795
16135 699538
17617 700078
13485 700581
17817 701488
29680 701617
20466 706950
2438 710439
25138 711983
11696 712993
3227 714193
2633 714433
23685 715354
8702 715796
10297 722382
26574 722713
18833 725263
13128 725586
18620 730956
21055 736099
15630 737279
24216 738002
16151 738411
16982 738536
22880 740205
15909 740329
24968 740848
4621 741062
977 743714
22638 744800
4804 746351
28530 746360
14524 746466
22568 749227
15362 749539
4547 751035
22539 752885
16451 754540
8352 758804
12116 758968
20868 760995
5495 761160
5689 762043
21365 763365
8437 763889
3665 767985
4397 768119
11201 768550
1832 768559
26307 770197
21831 772225
24487 774602
10788 775951
12800 777388
6247 777636
23839 780328
5437 780640
8112 784949
4837 785422
13084 786578
18780 788608
15590 790148
13027 791907
21578 792019
11428 794740
16053 798035
14882 803934
15504 804961
2435 805734
24890 807623
23581 808460
8043 809502
24173 809820
10301 809894
13116 810699
14230 813603
19223 814421
12853 816775
10845 817923
8296 818428
28670 819241
29520 819400
27393 823582
20179 826947
12220 830085
16660 830325
10634 831378
22004 831499
27652 832295
22333 832444
19536 834235
10987 834375
29877 834428
6130 834440
5747 837786
15272 839516
20767 842380
26919 846170
12957 848288
19254 850126
15319 850438
6935 851125
5054 851567
4793 854727
22985 860065
9227 864695
22983 867086
17677 867624
28455 867791
14738 869132
23144 871171
22520 872103
24070 872609
361 873650
7574 873867
21215 874456
17215 874764
18068 875834
16986 878620
10551 878743
14502 880394
11127 882244
18829 884592
3382 884902
10480 885028
2525 885054
7134 887500
6653 889169
9024 889261
19426 889576
17751 891549
18097 893360
28177 897642
15499 898136
28577 898555
483 900591
5981 901289
5774 905186
4356 906258
19163 910034
19595 910297
5966 911795
8162 912277
27222 912296
553 914482
10507 916496
6308 917752
27313 918381
10222 918823
2655 921086
8682 924668
18592 926177
28784 927141
10178 928060
24000 930248
11194 930925
18944 933164
9898 934190
20211 934672
23515 939865
1802 942912
12690 943405
20519 944480
21745 944700
27700 947130
3097 947298
3071 947927
8328 947950
19050 948238
6207 948399
24451 949594
10456 949922
7522 950656
2985 957501
20454 959183
14442 960060
9856 960581
24338 960955
19947 962939
13726 964732
28175 964876
12179 964888
9500 965358
6746 965371
4446 966891
29572 968880
28486 968910
2409 972170
16759 973546
26853 974088
120 974984
16217 976078
6603 977865
14178 978368
4050 980199
8010 981101
1953 981476
6080 982942
21747 985448
1100 985775
12041 986106
2134 987165
17692 987501
12076 990890
4980 991685
18720 992841
25730 997310
17382 997929
10543 998521
11506 999172
27808 999417
14753 1000775
27150 1002921
16654 1003881
3110 1004123
6617 1005345
6956 1007082
21672 1007574
4701 1009041
13975 1010638
10708 1010855
4638 1012380
23923 1016973
27822 1017784
28308 1020485
24980 1023518
4338 1023661
22142 1024823
23466 1025104
28881 1032612
1228 1032849
16681 1033119
11274 1036835
15925 1039605
19274 1042219
17839 1043394
21463 1048587
29072 1049757
12054 1050417
19584 1052743
14015 1053694
21333 1053791
15370 1054379
19290 1056147
20186 1056392
2376 1058235
3897 1059715
11632 1059846
15407 1060797
27995 1060815
11400 1060904
27658 1061506
10548 1065371
12595 1067866
17544 1068159
13277 1071059
14815 1074134
1770 1074621
6489 1076785
16436 1080245
18904 1082872
9477 1083527
3254 1084349
22504 1084498
24544 1087403
253 1087559
18578 1088703
21695 1090003
28151 1090020
26052 1090773
1391 1092783
4361 1092959
16403 1093001
18536 1097075
23877 1099567
15243 1099765
22686 1100355
17248 1100791
28723 1106123
21390 1106677
17875 1110038
15674 1113990
26768 1115915
4923 1125462
28162 1127705
7123 1129296
22083 1129413
24536 1130624
13740 1132505
26557 1133422
23966 1134837
11034 1136632
4659 1136656
8016 1137290
27737 1137753
11576 1139178
4750 1141240
16741 1143294
14901 1146056
8422 1149801
13155 1150737
10849 1151403
5900 1152810
8549 1158361
25592 1158469
11497 1158522
20097 1158635
17341 1162265
29028 1162307
17154 1163053
29037 1163377
16480 1170439
12309 1174126
29866 1174198
1625 1177627
24104 1179087
866 1182013
24693 1182049
11245 1183931
23089 1185447
22320 1186983
18807 1188164
11498 1190838
16896 1191803
20787 1192346
10344 1193666
22044 1193844
14204 1194189
28038 1197711
15070 1198088
11703 1199120
23306 1200871
26657 1202421
2429 1204388
2551 1204613
2861 1204883
19234 1206729
12471 1207992
10218 1210366
18245 1210679
20936 1211013
15366 1211479
17183 1213172
9420 1213442
7898 1213647
8119 1214026
16918 1224591
8732 1224772
3225 1226604
12850 1227726
7680 1229003
4533 1232158
6542 1233646
14052 1234414
25778 1234923
9288 1235544
21455 1239709
13905 1243671
9111 1243940
25647 1245819
16093 1246886
3648 1247462
3934 1247862
29048 1250762
29974 1252417
23695 1254385
12397 1256097
9364 1260378
22191 1261102
25071 1265508
13401 1268754
14666 1268876
18095 1272354
8387 1272964
14151 1276907
18194 1278450
10886 1278515
11489 1280049
4183 1283055
11232 1286703
6927 1287142
22826 1288680
19778 1290213
29240 1290652
6717 1291112
19825 1292911
17758 1296026
1801 1297077
5726 1297219
3921 1297337
11389 1298928
17554 1299566
2616 1299583
22561 1299923
18288 1300854
11972 1302061
29098 1304423
8084 1304449
7479 1305795
11138 1309989
20781 1311289
3809 1311866
18750 1312171
23058 1314073
4105 1314266
26400 1321004
28679 1325782
28727 1326429
11746 1328548
1658 1329484
16032 1330942
4114 1331649
29610 1333306
3746 1334008
10506 1334220
8873 1336207
17096 1336211
27592 1338023
377 1338714
29715 1338800
9621 1339266
23119 1340848
13645 1341367
13369 1341810
11590 1341875
9427 1345176
8880 1345967
9040 1346500
13673 1346963
27648 1347716
7492 1348479
24767 1351035
5545 1354420
6399 1355117
6554 1355352
7796 1355989
16226 1359146
7448 1363694
11858 1363915
21996 1367552
10783 1367683
8627 1369059
14903 1370425
17362 1373282
7833 1377080
97 1377123
4513 1377924
17777 1378818
18888 1383205
15105 1384095
12352 1384749
16800 1386480
2900 1386813
25353 1386878
15651 1388797
27137 1388855
18835 1390725
28371 1391092
17922 1391140
8930 1391670
21411 1391849
3261 1392375
27012 1392895
575 1393741
15247 1395312
3200 1397380
17723 1399336
25288 1401349
24877 1403788
15412 1403975
23490 1412151
15144 1415166
22479 1415319
8933 1415759
19366 1416132
13498 1418344
10707 1418915
2665 1420155
16015 1420416
24418 1420590
22977 1421616
4427 1425224
6779 1430300
21888 1430710
28950 1431456
22525 1433045
18062 1433634
11732 1434262
29400 1434801
8792 1435974
7039 1436185
23735 1437512
20200 1438148
27355 1438189
8614 1438446
7992 1438854
4354 1442055
13220 1444348
15747 1446019
17059 1447531
1907 1447644
20224 1449040
20761 1451509
4893 1453762
23836 1455540
23987 1457766
13465 1458016
18524 1458659
3681 1460286
27221 1463434
1243 1464419
13261 1464819
6786 1468613
11944 1469019
1102 1469305
12528 1469583
25963 1469869
7800 1471754
14232 1474571
4831 1476154
11297 1477129
26670 1478714
27695 1480470
16231 1480939
25587 1481037
2223 1481283
22611 1481592
26721 1487912
28193 1489754
2097 1490038
13523 1490164
6608 1490958
27653 1492113
28330 1492578
27574 1492786
18507 1497524
17745 1497820
20527 1498614
27548 1500945
23666 1504383
29819 1507230
6971 1509603
9472 1513635
943 1514782
2489 1515962
21978 1519160
26043 1520427
29007 1520774
23565 1522809
29248 1525224
23344 1528056
5843 1530568
16459 1532828
16085 1533455
10564 1534705
16547 1534948
17027 1540860
10086 1542225
10610 1545947
9375 1546054
17088 1546507
5122 1546866
23440 1547211
1573 1550542
658 1551239
1493 1552616
27716 1559767
6000 1560917
25826 1563250
19158 1563481
3987 1566131
2834 1567268
3076 1570190
28506 1571009
10054 1572027
17053 1573764
3532 1574076
27949 1574603
16255 1574626
27879 1576173
19150 1577865
23734 1581261
2828 1582462
28425 1582634
19067 1587134
6241 1587844
15030 1591767
23655 1592705
7311 1595664
19729 1598481
11920 1599784
944 1600286
18411 1603791
16296 1603937
6456 1604076
27102 1605100
24654 1605989
8527 1609206
12658 1610335
29640 1611644
15346 1612944
21582 1614751
5737 1615351
16336 1616805
8830 1617381
9829 1617727
5822 1618158
18781 1618245
26276 1620613
17521 1624704
23945 1624877
4213 1626254
5070 1628202
2428 1629182
4817 1629624
5090 1630390
4088 1631125
13792 1631305
3806 1634603
5623 1637608
815 1639646
6254 1641588
27833 1641891
542 1642071
19723 1642758
23858 1643218
27373 1643906
13098 1644467
16147 1645881
15818 1646762
13648 1650939
797 1651247
26664 1653031
607 1655291
20002 1657418
1598 1657460
310 1657768
29218 1658387
16749 1659297
15236 1659914
29190 1660320
2872 1662120
27032 1662397
21368 1662810
23892 1662857
5252 1664378
18049 1664394
22461 1664822
6958 1665891
29747 1666144
4451 1667646
11763 1668163
4076 1670596
12240 1671041
6464 1672673
18345 1677794
12959 1679633
9316 1680701
17619 1683531
8472 1687658
18567 1689650
16979 1691591
20982 1692014
29047 1694581
1455 1701431
9843 1707131
27705 1707548
27100 1708872
17135 1709498
17730 1711007
12527 1711009
17980 1712113
28854 1712224
15494 1713431
25091 1714321
29778 1715388
8582 1715568
20835 1716737
7955 1717552
13550 1717687
9051 1717753
9393 1719072
27342 1721234
27631 1723590
3817 1724590
26604 1724862
3890 1725103
27791 1728566
26617 1729543
4241 1730521
10573 1737893
7212 1739032
17814 1740973
1122 1742162
6171 1743004
3139 1743402
16109 1744644
20898 1752268
21690 1753315
23905 1753589
21552 1758679
16529 1758870
17886 1760169
21560 1761125
16602 1761164
19002 1763842
1473 1764329
10392 1768247
18222 1771718
15507 1772534
9625 1773042
28668 1773692
8232 1774495
24362 1776046
10798 1776765
13748 1776935
24895 1777474
13372 1778208
27109 1782173
3506 1782914
27686 1786131
2349 1787377
24259 1796324
2801 1799705
9465 1801978
28304 1802237
29726 1803453
27688 1806226
1595 1807560
24780 1810948
8628 1811235
117 1811598
7853 1812049
8810 1814198
24269 1815610
21834 1817828
11472 1819409
3341 1820669
4389 1821249
11991 1821258
1855 1822509
27820 1822802
15627 1822838
14764 1822979
2918 1823093
4745 1827223
11343 1828160
6050 1828830
20492 1829936
20291 1830816
10203 1832103
15349 1832265
26564 1832698
5812 1833702
18184 1835472
27337 1837033
608 1838024
23563 1839201
26227 1839482
5857 1839896
11288 1841980
422 1846026
13621 1846723
11946 1850101
16847 1850422
10439 1851586
2516 1851689
7988 1852494
7310 1853043
6184 1853438
17698 1855122
8989 1861141
28728 1862067
13154 1862350
1951 1864999
13609 1866336
3174 1866509
29368 1866651
1216 1866663
9827 1867907
21161 1869367
4143 1869459
23513 1870116
16449 1872695
13569 1872800
11877 1872800
2949 1872912
7519 1876258
17934 1877577
21438 1880984
86 1881543
26314 1881887
721 1881920
29745 1881936
9927 1882162
27323 1887517
23365 1889861
25614 1889988
10225 1890756
15363 1894101
4483 1895474
7655 1895631
8981 1895970
2014 1896928
16404 1898726
24940 1898877
18661 1900439
27480 1904620
9457 1905810
4786 1906477
3818 1906927
21828 1908243
20595 1908324
5917 1908977
16215 1909075
15314 1909788
4829 1911856
29267 1912864
66 1914636
22704 1921948
12811 1923307
13661 1923346
18624 1924488
22970 1925478
1521 1926058
28612 1926157
15971 1926372
22959 1928638
21735 1929496
4399 1931498
2723 1933977
22810 1935583
16361 1936085
19970 1937211
26485 1938045
27687 1940259
20503 1942535
5384 1942836
20753 1943205
20540 1944665
16307 1944745
1134 1946470
20041 1950702
29314 1952358
17012 1955670
24489 1955747
10728 1960869
19006 1963336
28256 1963540
12937 1964788
25286 1969245
2226 1969468
9872 1970266
5686 1970416
29906 1970652
10912 1972009
20465 1973076
12919 1974537
16639 1974740
26267 1975066
15828 1978891
17490 1980152
8736 1984605
11166 1985903
21807 1986425
860 1988335
20325 1990808
15832 1991264
16955 1991704
29636 1992719
870 1993502
10342 1997054
27334 1998410
11377 2002539
9988 2003890
3194 2003926
10168 2004012
19874 2004101
13201 2006714
26113 2009142
11374 2010275
21192 2014939
14417 2015615
7324 2016229
29424 2016269
19941 2018362
29140 2019446
24788 2022189
942 2022605
14587 2023770
5077 2024426
15334 2029258
14398 2030277
22153 2031157
15189 2035222
19316 2038905
19927 2041295
15883 2041397
8214 2041568
20505 2041791
15572 2042856
1969 2042905
6806 2043721
18489 2045407
14977 2045916
3319 2046706
19945 2048454
16893 2048860
164 2050694
11728 2054332
26174 2054651
17832 2054699
14270 2055582
27530 2055906
14381 2056599
13060 2057606
23976 2062202
13791 2062451
11330 2063063
63 2063437
16066 2069380
13222 2071945
13658 2072017
26943 2072145
1290 2073252
26509 2075008
27979 2080527
20614 2081270
1527 2083073
18210 2083459
7364 2083704
16494 2083896
3205 2084980
2380 2086091
9676 2086863
22528 2091451
11921 2092109
22500 2092381
9792 2092859
21969 2094603
11381 2096550
22737 2099166
24021 2099932
11778 2101200
11552 2101369
11449 2101431
8464 2102507
17694 2103026
24674 2107186
11187 2107782
15475 2108743
1930 2109087
23511 2110470
549 2110502
3362 2110976
11151 2110994
3543 2111668
27217 2111894
11520 2112941
19256 2114460
7950 2117592
9650 2123134
26050 2125957
19393 2125968
4967 2125981
28574 2127436
22614 2127679
14236 2128416
14176 2129105
20808 2129209
8309 2129797
29223 2131484
16347 2134707
15592 2135336
3482 2136034
15161 2140511
19784 2140990
3491 2141939
12422 2142527
19614 2142544
9956 2144248
24454 2146443
20718 2148250
2026 2149235
9011 2150558
11099 2150876
1906 2151151
24628 2151870
10753 2152215
14503 2153274
8171 2155312
22757 2155860
11004 2156844
9518 2156959
13701 2157001
22586 2160666
6140 2161958
11106 2162249
5848 2165183
5141 2165670
26732 2165848
15535 2168176
4942 2169112
11241 2169475
14291 2172046
5710 2172774
7826 2173136
7631 2175842
7896 2176776
27886 2176979
6987 2178859
28848 2180374
19975 2181308
580 2182431
14243 2183384
23937 2183713
13995 2184132
17771 2186343
16566 2189735
12637 2189912
12780 2193397
5107 2194354
3793 2194942
16545 2197327
22875 2199985
11317 2201744
13750 2204900
25185 2205678
12047 2208579
16365 2210849
5339 2210874
22289 2216725
17548 2217795
1114 2219097
29946 2222514
8556 2227869
12770 2229432
28237 2232148
13405 2238599
4379 2240650
13444 2242124
10904 2244742
28519 2245569
7210 2246259
21822 2246426
16080 2246832
19928 2247855
29538 2248320
24415 2248582
26364 2252208
17219 2252814
17246 2253955
26405 2255543
29523 2255614
14315 2257242
23551 2258755
7474 2258910
40 2259487
8707 2260407
9909 2260576
26180 2262631
22362 2263096
9184 2264912
4529 2265235
11414 2267985
9079 2271632
15274 2272546
23630 2276972
2244 2277326
8673 2279781
14438 2280003
19217 2281870
1179 2282482
6976 2283074
22474 2287425
14681 2287793
18805 2288857
26659 2290923
16891 2291677
24874 2292866
27865 2293142
18529 2295064
16220 2297549
3528 2297802
29188 2298455
27792 2298672
2692 2298945
7454 2299321
13884 2300138
7183 2302269
25156 2304328
22772 2305339
8460 2305555
11606 2306060
6641 2307489
22574 2307789
12582 2308003
11074 2308336
28402 2309996
16210 2312028
7047 2313755
1585 2313925
6121 2314164
3714 2317981
27805 2319013
17540 2324062
16850 2324321
21254 2324517
9470 2324735
9826 2325121
15297 2329722
13368 2330533
25019 2337096
5338 2337520
26144 2337931
11676 2338049
20925 2338373
26809 2339571
20535 2346353
22863 2349414
29728 2349775
29281 2350129
5476 2356136
28910 2356505
1628 2357216
18246 2360451
5934 2363151
5056 2363541
5906 2365007
7539 2367055
26328 2368921
5412 2371590
16489 2372764
16807 2375146
18921 2377071
28493 2378941
689 2383202
7211 2385921
952 2386581
14044 2386889
19787 2388406
3968 2389740
18669 2390028
3767 2390104
24990 2390318
24011 2393482
16383 2395461
25932 2400863
14234 2402894
26942 2404985
26484 2407081
20295 2408928
28279 2410587
22622 2414246
22719 2414858
6671 2415263
7563 2415389
15935 2421181
18081 2424911
939 2426703
21845 2426721
15641 2427287
4464 2428414
7179 2429238
20635 2431702
29618 2432512
18494 2437223
28395 2438803
24146 2441410
15516 2441654
8938 2444273
9087 2449412
29786 2449696
594 2450741
14487 2451393
18880 2453466
25232 2456198
12184 2457468
17283 2459237
22501 2460116
8096 2460665
1158 2460761
7753 2462610
12766 2464742
16438 2466181
10584 2466393
1522 2467473
24762 2467620
10479 2470088
20878 2475445
5821 2475553
7133 2476664
12484 2477140
7596 2479299
10786 2480003
26525 2480157
15942 2480398
7915 2480463
9606 2481463
10481 2481561
7335 2483917
26558 2486386
5864 2489278
5348 2489719
28087 2491903
28323 2494308
6164 2494517
12774 2496980
9558 2497395
22530 2498651
24301 2499244
21459 2500135
18287 2500260
755 2500283
4267 2500540
26046 2502114
11999 2502629
16017 2502643
8297 2505180
3533 2505609
8121 2506322
1347 2509172
14571 2509180
18342 2509811
6461 2510669
4312 2511141
6384 2517364
18437 2522365
14153 2523082
5332 2524681
26828 2526782
14423 2527114
3115 2528547
29737 2532762
4306 2534795
523 2536445
17747 2537752
14425 2539195
28216 2539904
29298 2544637
19602 2547066
6518 2548921
17349 2550516
9019 2554164
27826 2554244
3936 2556001
25793 2557416
14249 2560429
4205 2560724
26602 2561255
11238 2569389
16826 2572041
20501 2573437
17519 2574222
29268 2576393
7316 2581025
11971 2582592
23493 2582878
5593 2583232
15900 2583410
14288 2583789
8068 2585756
7895 2586723
1520 2589726
27722 2591040
9334 2591403
17282 2591784
11215 2595242
9384 2596732
11435 2597761
5166 2597912
2166 2597984
12169 2598877
9862 2598893
11616 2599027
18497 2600528
16153 2600562
311 2603012
26520 2603201
4123 2603641
26186 2608404
2427 2608406
29761 2609524
4876 2610056
9406 2610312
8446 2611165
5263 2612161
8216 2612340
14483 2614678
29731 2617340
23552 2617605
13108 2618076
22930 2620480
1471 2623203
19222 2627695
19843 2628251
20588 2628613
18169 2632929
16816 2634711
27487 2637804
2639 2639210
16988 2639394
1296 2641718
20507 2642031
1431 2643070
13388 2643071
7606 2644216
24258 2648575
19726 2650451
22943 2650696
5053 2651011
24567 2652308
9226 2653659
5020 2654188
8758 2656741
11397 2658615
26783 2661231
21632 2662548
25608 2662835
26298 2664200
2597 2665254
6001 2666161
18240 2667732
6483 2668183
14692 2669731
9459 2670884
236 2672812
12575 2673403
4407 2676185
14384 2678099
18852 2679799
20970 2680930
13389 2681559
3095 2682545
15536 2683410
19969 2689501
15697 2689620
23910 2690828
14168 2692874
5035 2693848
8269 2695046
4540 2695735
14373 2696342
18953 2697854
632 2699179
6823 2699999
20600 2702125
21049 2707530
3347 2707910
9636 2708986
9966 2709550
18644 2711681
11088 2712916
14337 2713503
11720 2715559
14812 2716174
28359 2718683
22228 2723571
7879 2724228
4866 2726257
11279 2726877
11462 2728341
19272 2728617
22722 2732628
17555 2733615
16894 2734665
12141 2735288
152 2735728
8189 2737186
4902 2738006
27990 2739514
12023 2743991
22997 2744304
174 2748833
8847 2749822
11005 2751820
14736 2753824
25200 2757191
22069 2757295
21152 2759699
27166 2763390
16264 2763716
18459 2765632
12546 2767492
21025 2767670
18657 2768263
14878 2769859
27250 2773477
2180 2774332
29789 2774353
17125 2774628
28111 2774888
9999 2778241
14080 2778544
10628 2779860
11022 2780475
2928 2781646
11562 2781886
7392 2783016
29622 2786873
6192 2787255
3477 2787948
7488 2791322
29614 2796097
15169 2796878
24501 2797075
20691 2797146
21159 2798820
8404 2801618
22122 2802081
1201 2803124
23021 2803227
10169 2805061
261 2806337
20976 2807613
1842 2809453
2990 2809995
1883 2811120
7467 2812743
6902 2813331
15854 2813566
6752 2815343
20585 2816372
277 2817851
16833 2817929
11012 2822023
8030 2825376
2730 2832634
10355 2833688
4742 2834860
27309 2840079
14380 2841580
16989 2842772
6475 2844920
20231 2845069
13820 2849324
23002 2853810
4723 2855354
21653 2860024
16539 2861215
18995 2862255
10025 2862663
5844 2865617
29282 2867381
11471 2872083
10011 2872285
11692 2874111
4922 2875483
15723 2881737
11407 2882018
10609 2885679
9192 2887353
3255 2888296
28698 2890124
2583 2890817
3252 2891763
12565 2892207
20491 2893584
4561 2895107
4416 2897335
13239 2897737
23982 2899339
8204 2901959
24853 2902658
9376 2908986
11651 2912718
28352 2912783
19266 2913001
19607 2914199
13140 2916517
25952 2917772
23726 2919382
29338 2920142
10746 2926658
29360 2934675
13102 2936454
589 2936455
12793 2936477
11905 2937483
3221 2938879
18225 2939364
8122 2939861
18465 2940054
26686 2940388
23359 2941503
12855 2941865
10174 2946153
11864 2946582
13602 2947435
21612 2947612
20237 2947953
22874 2952657
17038 2953613
4484 2953736
3179 2953985
11828 2955575
12199 2957037
11337 2957540
28415 2959070
10676 2959499
16430 2962785
1765 2963315
26136 2963588
20006 2964149
16041 2964650
1623 2965411
11147 2965593
5193 2967500
9626 2968648
5362 2968860
28239 2974106
18139 2975920
29603 2976012
25033 2976543
3854 2976598
23518 2978538
21204 2980210
26763 2980213
23913 2980342
8078 2981130
23387 2981695
11747 2981948
24030 2982676
17801 2983611
3736 2984555
10204 2985969
921 2986631
6517 2987785
29826 2988060
29327 2989825
5935 2990528
5874 2992741
10320 2994450
2077 2999205
21382 3000171
7868 3003604
4382 3005704
10006 3006440
8450 3007886
265 3011208
6290 3011927
4360 3013119
8107 3013811
28743 3015868
10075 3017567
5586 3018819
4959 3019624
18955 3020156
4024 3021975
10296 3024337
27594 3026181
7674 3028455
20622 3029437
10782 3031311
18640 3031612
27431 3031650
18814 3032931
13941 3035361
5494 3036648
26368 3037191
3816 3038662
12493 3041250
27813 3041910
19405 3046141
22764 3049419
29677 3050498
17516 3051697
27696 3052895
18896 3053851
11774 3054032
22029 3055523
20390 3055607
25790 3060456
19306 3060568
4799 3063254
1774 3063352
13516 3068120
8850 3068600
517 3070238
29207 3075673
6863 3077204
12150 3077645
9781 3079685
131 3080578
9426 3080748
12741 3082535
18266 3083692
22287 3083734
18959 3083811
16411 3088712
16571 3089960
14287 3090313
27233 3093572
5673 3097774
3454 3099691
6791 3100121
28902 3100871
14522 3101794
7571 3106480
1611 3106574
2992 3106862
12928 3107589
6032 3108421
23843 3110560
17742 3112839
17818 3114714
19956 3116591
2837 3119137
17182 3120184
9607 3122927
16303 3123120
345 3123425
14000 3124934
8178 3125577
11455 3126479
14659 3127606
10129 3128412
21837 3130340
2471 3131220
22235 3131387
22951 3132483
27578 3134690
17873 3138236
23995 3142893
24114 3143984
2951 3144151
2631 3146798
14581 3148891
27211 3151298
1984 3152331
12140 3152699
26899 3152856
13643 3154735
7368 3160222
254 3161862
9398 3161957
25477 3168086
11995 3168194
27560 3170223
23849 3171418
1840 3172626
9442 3174731
26662 3175155
14327 3177721
7180 3178362
17898 3178421
17337 3179796
24441 3181111
6658 3182053
9545 3182385
15695 3182812
8073 3183186
9620 3186223
22109 3188791
4480 3190359
7927 3190940
17681 3192185
11501 3194145
7666 3195378
8362 3196640
27059 3200119
16124 3200249
18111 3200286
4297 3200364
16405 3202224
16314 3202564
26966 3206896
35 3207824
6946 3208991
28274 3211368
20139 3212351
20007 3215196
16308 3216104
22589 3216219
23333 3216377
28892 3216436
8157 3217740
11830 3218385
1136 3219246
13605 3221265
24007 3225497
18123 3226053
10914 3226140
1531 3226254
28086 3227920
1049 3228814
29800 3230467
1636 3231610
6798 3232003
29860 3233144
28721 3235345
26159 3235693
27957 3238605
4749 3239922
10644 3240278
7880 3242641
11335 3243470
18443 3244008
29758 3244426
16203 3246215
29529 3247160
9968 3248332
4319 3251534
16123 3252320
29057 3254729
26684 3256755
19192 3258018
22595 3259135
29253 3261162
6269 3262633
17081 3262972
5730 3269010
27670 3270894
15953 3271553
1931 3271829
10468 3272344
928 3273744
19133 3273768
14463 3274420
19766 3275206
21249 3275244
29534 3276385
27980 3276746
12222 3277494
10372 3278781
5146 3278942
24117 3280302
10909 3282052
12324 3282726
2163 3282859
4732 3284381
26937 3284719
25984 3284839
25914 3286149
11733 3286451
19220 3287969
18283 3290268
8834 3290813
29760 3290959
16131 3291392
19542 3292035
10910 3292777
3537 3293820
15294 3294478
23124 3295716
25384 3297429
3712 3301000
18048 3301024
24001 3306898
4770 3308095
4466 3308175
17140 3312913
8298 3315210
2256 3315255
29700 3317500
10410 3317794
21919 3324350
4367 3324508
16631 3327386
25227 3327425
29139 3328384
21895 3328849
8844 3329167
22657 3329190
10730 3329627
18983 3330773
10348 3330774
24496 3331814
22817 3332353
1909 3336813
6112 3337126
16466 3339617
15540 3340817
23327 3343383
22402 3348608
21732 3351007
28755 3351606
22771 3353949
20223 3356475
29499 3357035
4926 3358860
22230 3362727
28928 3362764
25711 3363375
10028 3364053
5010 3365173
19628 3367762
1230 3367872
22647 3378278
27824 3378565
6273 3381405
9439 3382139
7700 3385885
6467 3386488
15383 3387609
2114 3387703
14875 3388187
10015 3393672
13416 3395794
29019 3396915
2248 3398070
5676 3398597
26992 3400625
6851 3403209
26404 3403343
25753 3406632
9476 3408716
16427 3409866
6078 3411204
8528 3411717
2012 3414005
19360 3416799
17471 3418251
2675 3419704
28198 3419743
27579 3419892
1154 3419895
21175 3420906
18796 3424249
6162 3432848
28028 3434147
3247 3434316
19100 3435613
5617 3435646
13292 3435998
12973 3437477
27589 3437484
18633 3438734
1861 3439814
7970 3443329
26788 3446031
27369 3447508
29247 3453149
24660 3460123
21143 3464412
28143 3464963
29054 3467660
1000 3469002
17225 3469385
20556 3470754
4264 3474413
11757 3476505
17648 3477260
29210 3477981
8529 3478203
1401 3479464
16661 3479615
195 3479853
29422 3483849
3556 3485845
25318 3486905
3907 3491203
26660 3492816
5253 3497299
19857 3498227
8546 3498798
25159 3500125
10209 3501780
27240 3501805
22708 3508238
18134 3508653
182 3508747
8800 3510178
28636 3510201
2396 3510447
12857 3511457
28958 3516444
20085 3517134
10682 3518334
17016 3518808
5136 3522082
14482 3524634
9849 3527992
16313 3528176
22346 3530049
5896 3531210
14610 3532178
12689 3534615
23059 3534855
16354 3540935
11534 3541381
28944 3541462
11779 3541872
14916 3542597
16442 3543996
26171 3546301
13585 3546458
27397 3546606
27977 3547643
11947 3549067
3776 3551027
8667 3551178
17674 3554228
6391 3555367
16978 3556450
10449 3557365
27786 3558253
19191 3560496
5820 3560841
17126 3561455
25082 3562406
24222 3567550
29655 3568728
14150 3569567
11220 3569824
513 3569850
1566 3571771
7120 3574321
29092 3576450
17697 3578340
3512 3582068
28887 3584067
10110 3584315
5561 3584962
12315 3586284
6778 3588632
12066 3588901
12075 3590744
24600 3590852
19288 3591271
143 3592343
7521 3593547
11152 3593654
3118 3598374
15214 3602292
27975 3602490
10164 3604850
12813 3606165
21258 3609202
10892 3609397
787 3609780
16488 3610727
28096 3612842
1580 3617025
25788 3618113
21375 3618227
20474 3618715
14823 3619171
28780 3620290
21942 3621427
12132 3622481
19330 3624310
9175 3624971
21320 3625845
16945 3625847
14255 3627352
18967 3627654
11367 3627845
23932 3629359
11522 3629761
4073 3630890
9948 3632266
19662 3633055
20142 3635841
2405 3635863
6158 3635989
17965 3637510
12108 3638823
7186 3639895
13789 3641223
13238 3642498
23069 3642551
2151 3643317
2144 3644212
22052 3644598
27513 3646621
24699 3649300
3102 3651817
20430 3652493
22019 3654445
6550 3655841
10124 3658615
22942 3658770
600 3659760
12363 3659784
25884 3659876
29077 3662336
18426 3664777
11093 3667858
6891 3668733
13808 3673073
14926 3673263
329 3674078
28406 3674647
23634 3674648
11993 3675300
20508 3676570
14 3677834
8754 3677930
18474 3678033
11351 3680445
9285 3680746
12982 3680833
15341 3681510
14865 3682241
10214 3684971
3396 3685680
17820 3686298
22796 3690865
11248 3692898
28208 3693641
25454 3693888
23044 3695782
1430 3696289
411 3697510
3657 3698197
19419 3698637
18607 3700508
7365 3701671
15287 3702070
15240 3704818
17788 3704924
25789 3705532
8515 3706075
7621 3709625
14462 3710138
5124 3710358
20986 3711423
11078 3714110
18764 3716345
25490 3718499
12375 3720430
21257 3721281
5435 3721939
24915 3722035
17379 3722160
9266 3723055
17348 3725835
22681 3726887
6666 3728110
3291 3728178
6673 3728876
18689 3729572
16573 3729699
9446 3729743
19250 3733615
14927 3735786
1512 3735840
27939 3735997
15445 3736444
6340 3736465
20175 3736693
24353 3741590
16120 3742901
13056 3742975
16831 3745935
14024 3746463
28254 3750763
15576 3751195
28394 3752898
17799 3754474
9873 3755365
23866 3756707
4913 3756911
27934 3758117
17732 3758697
10294 3760470
23165 3761721
25546 3762929
1918 3765587
4669 3767241
7247 3768031
29832 3771332
5724 3772547
16156 3772599
20235 3774418
24247 3774953
23897 3776486
8488 3776788
20310 3776980
4777 3777896
24019 3778344
8964 3779931
27318 3780585
17736 3784336
21442 3786349
24812 3787505
21912 3789802
656 3789879
8841 3790045
22604 3791268
20483 3792550
18239 3793991
22134 3794292
15810 3794704
9069 3794706
24305 3795951
20943 3797144
16961 3797268
10608 3798071
20208 3801105
26738 3801415
20743 3802618
20698 3803927
6067 3804033
21803 3806763
21103 3807039
2950 3808811
1001 3809016
15061 3809430
16154 3809849
22850 3810434
2919 3812086
3874 3814736
9900 3816002
28974 3822222
8910 3823596
27131 3824659
9183 3825070
16301 3825245
10273 3825411
29626 3828037
6670 3828199
26621 3834449
11312 3835725
18698 3838020
5562 3838359
5975 3838629
4692 3840394
24672 3840907
18789 3844336
604 3844674
7978 3845226
15369 3847668
12284 3850710
19830 3851126
1497 3852431
20750 3857534
13669 3858533
22870 3860180
6716 3860345
11954 3861096
18713 3863304
10482 3864287
19270 3864331
2604 3865266
21346 3871125
15962 3871394
18435 3872725
103 3872748
25672 3873688
17661 3876695
25255 3878544
9141 3880668
26513 3881189
6330 3881639
10690 3883464
6771 3884220
5882 3884386
14464 3884909
16021 3886318
7872 3891161
12541 3899219
7647 3901956
4165 3903810
8788 3904525
14078 3905638
6213 3906118
23012 3907025
5685 3907157
15387 3908454
2698 3910151
5854 3911362
25847 3913986
15230 3919017
10290 3919715
8639 3920815
25924 3921186
17324 3921858
15605 3923248
9428 3926882
29372 3927209
23011 3928048
20232 3929544
13351 3931425
14196 3933959
68 3934208
3220 3934335
17673 3934570
19554 3935348
22672 3936603
11458 3937522
12310 3938004
1937 3938280
10752 3938474
15432 3938844
9530 3939543
14984 3939768
19281 3940056
14688 3941585
4137 3942311
11475 3944031
4950 3945040
12217 3951197
23597 3953592
17845 3954561
1838 3955003
18471 3957015
14142 3957843
11101 3958619
14601 3958683
10152 3959570
13710 3962880
18145 3964191
27251 3967733
15741 3967997
10759 3969060
22949 3970191
21505 3976425
18408 3976672
25 3977414
13433 3979689
8591 3982112
10824 3983438
7766 3984065
12366 3984077
29796 3984208
9275 3984478
28120 3986941
5544 3988477
25140 3988546
6091 3989917
17044 3991563
5154 3991688
25504 3995840
28362 3996269
18301 3997135
15659 3997137
29751 3997537
6616 3998902
9244 4003129
23689 4005228
14122 4007662
25327 4008402
7313 4010178
25316 4012233
3164 4014011
20155 4016036
18678 4016689
9727 4016758
8317 4019335
19739 4021241
7536 4023412
22824 4023546
13449 4025773
6257 4029555
28859 4030701
23161 4032657
24576 4033932
7446 4035553
29522 4037901
27595 4038611
19687 4041629
14684 4042288
18643 4045472
7088 4045765
27764 4047890
5511 4048744
7111 4049502
8401 4052568
20198 4057111
13004 4057159
5295 4059239
12896 4060546
19847 4063453
17930 4065463
27870 4066341
29310 4066878
22377 4068587
14940 4069082
18469 4070000
4030 4071862
2499 4072260
16877 4073484
25943 4074746
28024 4077265
27929 4078611
14919 4079384
18270 4081392
20218 4082264
22403 4091306
12889 4092593
15376 4095056
2659 4097883
26107 4101003
4971 4103032
7743 4103714
28874 4104917
13035 4106573
23150 4107791
29575 4110442
26372 4115099
19788 4115177
20980 4115331
2326 4115367
5692 4115608
11494 4116170
2153 4116228
29443 4116586
7620 4117088
21425 4117619
19630 4117833
2995 4120367
11705 4120744
10780 4121511
3745 4121926
5529 4122584
12545 4124900
2017 4124901
29644 4126670
24775 4127467
2007 4129624
28347 4132296
23702 4133646
10316 4134478
8987 4135544
5041 4135589
19168 4136395
29451 4136405
19138 4137632
27703 4139544
10082 4140957
28669 4142829
18901 4143644
931 4145771
10648 4147479
12894 4149271
15399 4150734
27735 4151333
22117 4154167
23383 4155344
14771 4159764
22819 4160182
9344 4161228
14476 4161369
23457 4163891
13551 4163895
3935 4164613
6425 4165843
4730 4166323
18146 4166631
13786 4168607
21685 4168878
15497 4175613
25486 4179858
28018 4180055
26505 4180409
28937 4180714
12161 4181416
8862 4183336
20631 4184259
7683 4184838
27284 4185297
16656 4188007
26031 4188060
4800 4188650
1395 4192516
23078 4195084
24471 4195903
21061 4198401
17424 4198567
15579 4201476
3044 4205193
7043 4206414
10256 4207318
9969 4209848
1203 4212311
15 4213500
28535 4215690
21096 4216973
4956 4217081
21383 4220670
26316 4222414
11618 4223629
19736 4223974
1207 4224585
3359 4227967
7257 4228509
4351 4228793
21751 4230211
27177 4238682
25259 4240036
22387 4240868
26938 4241129
9801 4241982
5652 4243899
5967 4244241
20959 4244390
11639 4245075
10942 4246065
28795 4247238
29807 4248524
25885 4248644
4784 4250610
8861 4251743
3226 4252045
16092 4256368
12325 4257232
3673 4258592
10079 4260981
28386 4261316
22422 4262841
9422 4264689
18918 4265072
2189 4267535
24359 4267537
18468 4269499
29939 4271445
14821 4272345
716 4274000
14382 4274000
22502 4275242
1615 4276059
11690 4277685
11065 4277749
15774 4279510
10357 4281397
2786 4282081
21434 4284717
19505 4286115
24963 4286902
9504 4287723
17518 4294014
28048 4295156
2701 4295252
19745 4299781
21638 4301009
18963 4302873
22193 4303388
21589 4305872
26363 4306119
20316 4308182
24889 4309634
23173 4315907
17388 4316334
4825 4317514
18331 4321874
1229 4322560
18742 4326491
24831 4327090
15976 4329918
20296 4331000
28779 4331279
26262 4331840
8155 4332005
2769 4334266
20265 4336650
22676 4337226
3507 4337788
22300 4339203
29352 4340059
23650 4340548
20806 4343405
12525 4345837
15394 4348266
29411 4349286
11693 4351207
11574 4351462
18951 4352369
23340 4352571
12810 4352725
16302 4353965
11118 4354015
3083 4357290
17904 4357886
5058 4358406
23696 4358838
19014 4366884
26446 4367640
22881 4368012
25565 4371000
8718 4371222
18038 4372749
15101 4375716
6387 4376637
7145 4380670
16712 4383466
15289 4383903
29459 4387100
29340 4387349
26612 4390015
5523 4390575
19926 4392366
13826 4393110
23894 4396427
26884 4398026
12475 4401604
6712 4403503
3411 4403554
16245 4403562
10790 4404021
1224 4404968
10999 4405578
10519 4406070
23137 4406439
8271 4410305
16572 4410906
17048 4411467
6089 4413327
27563 4414013
12031 4414543
524 4415860
6438 4416760
9200 4416951
3855 4421217
20821 4422855
10550 4423327
13104 4424068
25481 4424842
11640 4429319
18230 4432320
9775 4434056
1491 4438790
9804 4439242
14700 4439704
28941 4442426
19361 4442922
2074 4443938
18604 4446054
26210 4446297
6307 4448262
25522 4451434
2203 4454091
17213 4454340
2135 4454557
23341 4456503
11682 4459787
14051 4460741
20408 4460950
6285 4461684
7136 4469010
10990 4469938
24105 4470573
8601 4471098
25913 4473488
11043 4475838
7691 4476816
1329 4476884
9887 4480532
14889 4483001
16743 4483690
4421 4486858
648 4487653
26309 4489739
10887 4491417
2342 4492447
18739 4493895
338 4494563
3705 4497649
23125 4498698
22549 4502499
15501 4502841
19197 4503664
14947 4505454
16242 4505909
6844 4509112
5382 4509901
1182 4510033
15907 4511486
25935 4512162
14975 4512901
24013 4513872
3228 4514298
11231 4515707
22378 4516539
3624 4520975
20966 4521100
1533 4521293
12332 4526438
17054 4527580
6395 4530456
19437 4530540
20684 4532324
21568 4533162
29179 4533498
2390 4533549
13620 4534265
3331 4536214
14217 4536392
14169 4538213
29706 4541650
10722 4541998
26036 4546674
5579 4548923
13942 4549509
17392 4554786
25978 4556695
15441 4559017
14687 4560772
21299 4562340
11665 4565931
21361 4566163
178 4567759
14633 4569255
29785 4571321
12990 4572314
25892 4573493
11140 4581078
19355 4581811
19555 4581898
13793 4587909
18867 4591258
23035 4592558
28372 4594087
24147 4596138
202 4596299
28337 4596997
8003 4597660
12441 4597825
8523 4597911
4848 4599683
23944 4600449
15611 4602293
22491 4603348
13772 4604912
8551 4604992
28719 4606414
20 4607821
26179 4608187
4616 4611049
7532 4614223
7626 4614743
12785 4615720
8331 4616422
28936 4617037
11950 4618226
14489 4618227
25352 4625462
12129 4628706
10821 4634928
9117 4635318
11654 4636508
22155 4636970
11320 4638270
28199 4639764
13473 4640450
7284 4641253
27282 4644951
9879 4645101
3744 4646145
26648 4648937
2934 4649607
29122 4650318
25987 4654082
17822 4655002
11593 4657082
5971 4658708
9688 4659996
6167 4660245
26722 4664508
10207 4668680
28596 4668749
7008 4672807
29468 4678209
13538 4678292
5408 4688185
849 4688840
22426 4690198
8999 4692215
18637 4692540
18499 4692710
11823 4693880
2709 4695229
14338 4695501
22619 4695672
25109 4697895
8474 4698951
21761 4701086
20765 4701582
13588 4701618
18605 4702833
13801 4704432
2991 4704786
28934 4704886
22447 4711630
5029 4718681
17372 4720960
15254 4723848
24111 4724468
2870 4724495
8447 4725108
11084 4725866
6146 4728233
25675 4728786
11857 4731542
2663 4732558
17430 4735864
11396 4736674
6969 4738640
9458 4740481
9268 4740856
26629 4744142
16065 4745800
24172 4747983
19071 4751554
4845 4752505
16201 4752646
6039 4753226
27162 4753238
24589 4753626
16244 4754136
17794 4757910
20111 4763878
20262 4766974
6318 4767139
18258 4769404
24811 4769618
5983 4770822
25992 4773926
27064 4774527
18555 4774761
23191 4775147
21725 4777715
23941 4779226
3891 4779619
2563 4780927
17003 4783709
16345 4784759
15092 4786021
14061 4787306
14451 4790131
15356 4790310
17508 4793324
26770 4796142
2318 4798249
1872 4798382
2888 4798860
27960 4799115
26419 4801973
16768 4802451
20171 4803766
25517 4804945
5840 4805411
14231 4807999
24031 4808193
14213 4808835
17022 4808890
26813 4812835
1915 4813698
6975 4817599
25218 4819165
6960 4819689
5728 4820367
1731 4821927
23418 4822717
17790 4824193
22432 4824345
18770 4826778
6230 4827041
21856 4827563
5949 4827773
26545 4830770
18162 4831239
15164 4832279
20564 4833007
6945 4833693
1383 4833700
27588 4834112
25465 4834610
19623 4838384
16375 4840029
8407 4842380
6855 4842801
10785 4843649
16714 4846440
22730 4847509
16341 4848197
24426 4849217
8113 4851395
18506 4852605
22957 4858472
20877 4860723
25376 4865154
3212 4866211
25354 4866836
12103 4868258
28271 4869107
28946 4872647
10252 4872760
15253 4873944
7939 4874042
3766 4874385
13778 4874664
5015 4875962
16613 4877521
16039 4887189
29066 4887445
29419 4888218
26453 4891362
26861 4893282
4558 4894346
12040 4894452
17972 4896820
14957 4898263
888 4901288
28789 4905593
23752 4906185
11102 4906622
28732 4908550
14845 4908995
24502 4910171
10874 4910616
6783 4912437
9665 4912943
16744 4913319
4607 4913411
13170 4914023
16241 4914129
1593 4915417
8975 4920524
23663 4921223
23773 4922750
4503 4926375
11172 4930182
16617 4930806
14115 4932011
699 4936791
21401 4938502
12916 4941122
8697 4941613
28888 4943018
2308 4944082
21477 4947655
26901 4948345
17878 4948672
23115 4949828
24650 4951068
16782 4953714
20713 4956476
9938 4959367
16686 4959658
2913 4961076
11212 4963266
13554 4964227
6668 4966110
24308 4966693
9209 4966762
25231 4968769
16770 4969938
10827 4970545
22624 4971551
23494 4973186
20932 4975088
22056 4976941
2218 4978390
3469 4979794
3614 4980865
18172 4981576
17180 4984941
7290 4985087
3094 4985736
14939 4987885
5138 4989915
27398 4990542
25415 4992869
8183 4993388
4097 4997540
19280 4997864
25813 4999909
19996 5006943
25278 5011028
16700 5011274
17647 5012650
14124 5013000
17937 5013578
19654 5020174
13951 5020261
10641 5024353
139 5024826
7612 5026392
727 5027090
9881 5028290
24903 5029404
1646 5033917
6351 5037911
17964 5038564
21393 5039539
707 5039653
16521 5041253
16774 5041434
15449 5047375
8225 5048112
14691 5048619
4220 5049302
2410 5049905
13881 5052019
12313 5059988
500 5060289
29291 5061039
24971 5061168
21882 5062065
10276 5065373
17363 5066554
19871 5074732
20770 5080190
17448 5083564
19515 5084286
27058 5085929
5319 5086006
14120 5086880
613 5087423
29547 5088544
24137 5093704
26392 5093705
9148 5096114
13341 5098472
16020 5106435
29620 5106677
8294 5107354
23070 5113678
29524 5113940
5440 5113993
25954 5114448
14501 5116488
2722 5117504
1259 5121533
6127 5125810
27878 5126266
13947 5131166
863 5133448
10450 5134158
2482 5134617
10536 5135818
6188 5137727
20468 5138300
15380 5138859
20671 5141160
9121 5144214
22698 5147229
774 5150119
17074 5151682
26152 5152496
17986 5155567
7074 5155725
13479 5156681
20421 5158063
24925 5160011
1202 5160693
14133 5161348
28287 5161382
21728 5164424
26510 5168996
14765 5169605
20170 5171595
15964 5173474
21354 5174130
22459 5178166
14238 5178566
16157 5182381
7940 5184230
5836 5185893
8236 5186773
27989 5188001
28325 5188605
1403 5190647
12034 5190768
8246 5190836
4081 5191689
22100 5191943
11443 5191969
23825 5193597
19516 5194130
20014 5194171
14121 5194261
5271 5201925
2458 5202974
3960 5205038
19377 5205063
7958 5212224
23446 5213370
27712 5217932
28173 5218781
19800 5219284
21631 5219471
27255 5219690
14402 5219845
22208 5220633
8808 5221008
16836 5222906
29099 5224046
26313 5224749
11890 5225754
26374 5228308
27900 5229628
17439 5234895
23561 5235120
2653 5236240
9750 6293407
13447 6295691
18981 6296808
28560 6297909
15318 6299112
4168 6301146
14696 6301329
23497 6301968
372 6302258
16766 6307188
21201 6310162
5475 6310549
27570 6313608
4528 6315316
6193 6316950
12776 6322098
4716 6325406
13692 6327579
14040 6328142
7417 6331175
8991 6332031
3067 6332125
21577 6333414
24312 6340210
19591 6342130
7750 6342739
29189 6345028
22248 6347137
26955 6361644
12458 6362079
17367 6362966
17666 6363014
14395 6367512
27174 6370873
22688 6372497
25005 6374424
17893 6379283
10949 6379924
4997 6381261
4633 6382798
24236 6382829
22349 6383729
21844 6385678
28181 6386481
11586 6386891
22324 6387171
24267 6388152
2689 6388419
11730 6388794
7735 6390205
18907 6393349
2485 6394240
3999 6396511
6817 6397592
25315 6401023
9012 6402267
25371 6403515
24015 6403790
1640 6406324
7425 6407509
29052 6418163
28853 6418568
27682 6421661
10888 6432603
8900 6433602
20627 6434040
19544 6437184
20333 6438288
5646 6439675
1528 6441365
2735 6441508
5575 6441885
7038 6442827
24109 6443418
25515 6445023
24744 6445663
18211 6446210
25262 6446526
23471 6447397
26720 6449005
8356 6449415
14992 6450644
2942 6451490
7192 6452225
4063 6456110
16929 6463641
8475 6465065
19349 6467470
6846 6467703
21877 6470271
27290 6471574
9945 6472036
17763 6472187
20705 6473878
13426 6474897
13264 6474955
20862 6476134
4449 6479193
22227 6479709
21675 6482721
20880 6483348
5220 6484331
25197 6484595
20723 6486736
20736 6489833
9796 6491218
9166 6495800
6126 6497727
13600 6497922
17749 6500587
25100 6503058
9587 6504942
10956 6505052
25994 6505956
13425 6506054
19422 6508262
1738 6509361
17285 6510077
12086 6510712
15667 6511439
2688 6511541
5303 6513617
7548 6514872
18207 6515349
15216 6516732
14357 6517081
9646 6518901
29895 6519286
2355 6525837
11042 6525937
20163 6531665
22567 6531749
25174 6532999
4018 6533402
24440 6534136
19491 6537269
3011 6543258
27676 6545863
28503 6547067
28049 6548348
21511 6548527
29315 6551681
11952 6553998
20866 6556433
25820 6558682
26781 6561015
5103 6562775
6992 6566398
4266 6567384
2385 6569191
22673 6569862
17164 6571304
25117 6575992
21664 6578157
13513 6579556
12837 6581740
15848 6582151
12287 6582308
18122 6583882
5192 6583997
16619 6586412
10356 6587296
14135 6598349
4346 6598439
3951 6599373
7580 6599657
17524 6599861
7380 6601202
20034 6601638
10412 6607042
15301 6607688
686 6610186
28361 6611345
12715 6613733
28705 6613975
5343 6614168
1644 6616426
21084 6618953
27827 6620490
2214 6621589
8644 6621930
5600 6623136
21467 6623511
20309 6624779
1606 6625688
29894 6627287
13899 6631338
29266 6634517
24286 6635460
6287 6636063
10594 6636099
26301 6636194
27426 6637075
20297 6644507
2993 6644612
21458 6644649
17718 6646440
19641 6647174
24406 6651942
15112 6653385
27810 6653944
2844 6654597
29025 6654750
15010 6657470
2562 6659013
14638 6659017
3202 6661792
3905 6662439
28749 6663577
28497 6664494
10689 6665009
17542 6665120
25445 6665590
1079 6666235
19314 6666899
6249 6666944
12001 6667142
26230 6668699
21029 6669973
8746 6670063
11928 6671116
23723 6671192
1264 6672115
20571 6676641
29670 6677344
694 6677810
29630 6679215
8365 6685333
25474 6685577
20687 6686256
14867 6691271
23419 6696164
2526 6696634
28303 6701591
21841 6703964
3339 6707137
4623 6708280
12692 6708495
25937 6710311
10995 6712280
29452 6712701
2986 6712895
19461 6713772
14199 6714953
8257 6716602
26229 6719588
20112 6719599
28984 6720046
27837 6721525
18902 6727079
22469 6727361
15452 6730467
1384 6733002
10179 6733046
2772 6734556
14215 6735600
10738 6736676
10635 6737563
25487 6742075
12782 6742364
18363 6743503
19534 6746643
14447 6748011
13508 6750110
8947 6750198
1248 6750402
24134 6751543
5769 6752235
27153 6756211
18945 6757167
20108 6757549
8179 6757919
20118 6759400
12685 6761962
1616 6764146
13626 6766320
24390 6775833
29088 6777988
20518 6783269
20441 6785675
2252 6787180
12642 6787264
11276 6787966
12745 6788769
17222 6790384
10111 6791853
28124 6793086
19695 6797504
13579 6798548
11293 6799106
13932 6802746
19000 6807619
7137 6816004
27517 6816458
25325 6817395
17350 6819217
25413 6822655
792 6823908
6142 6825513
19933 6829175
10255 6829586
2299 6830319
23336 6830587
17556 6830648
29869 6834899
20257 6835330
14253 6835603
25114 6835990
1457 6837400
29 6838527
29924 6838596
13771 6839606
27675 6841812
23105 6841825
7354 6842080
11143 6842273
26305 6843260
7329 6844287
17505 6846441
22464 6847351
18247 6848838
11523 6851802
1167 6853536
4681 6854898
28458 6855008
16224 6857575
29783 6857893
3620 6859304
13659 6861061
21985 6861593
23522 6861745
15752 6862912
6667 6864421
22569 6865168
11760 6865702
9987 6867090
19398 6868832
10080 6869451
14347 6869546
24463 6871023
4476 6871663
21767 6874315
6043 6875043
4436 6875274
21319 6876375
6687 6877963
25628 6878582
173 6880048
21017 6888142
12572 6893108
20700 6893233
5876 6893638
3323 6894369
10561 6895165
12019 6896752
16401 6897595
6375 6899613
757 6906305
6163 6906619
22334 6908711
1381 6909988
5478 6910902
9941 6911100
1420 6911144
17480 6911156
20817 6911952
8099 6914444
4055 6915421
2104 6916637
26177 6916876
13317 6917693
14881 6917817
20842 6919868
25108 6920546
8535 6922949
24087 6923464
1305 6923907
27390 6928069
8145 6928896
4993 6933557
7977 6933937
10578 6933953
22446 6937124
7427 6939267
7995 6941040
28907 6942332
16878 6943103
25173 6945300
7917 6950939
18410 6951872
18866 6951883
25505 6952824
9575 6953373
26795 6954342
25356 6956134
157 6958714
8013 6959081
11688 6959841
7326 6960731
18557 6961976
650 6963711
27514 6964756
17371 6965361
8418 6966040
19036 6966503
1596 6966862
23912 6967448
10663 6968981
17679 6974984
23776 6975739
14242 6977400
28309 6979203
10399 6982080
1987 6982940
20657 6987746
26256 6988002
17753 6988971
9010 6991209
23967 6991855
16443 6991921
20050 6992241
325 6992571
4359 6993856
7798 6998092
29537 7000865
6741 7002033
3511 7003665
6051 7004004
24068 7005377
9702 7006220
26871 7007154
17606 7009938
28462 7010509
7244 7010745
4940 7012074
7903 7012942
2254 7014510
1277 7015179
16751 7018679
28883 7018990
9888 7019287
13348 7021801
4431 7022192
18660 7024195
17342 7025949
14663 7028267
1033 7028633
4057 7031125
22967 7033384
1588 7036509
14720 7036865
6924 7037389
28235 7039074
28265 7040862
26968 7041892
752 7043031
25782 7044188
1123 7045459
16583 7045938
23971 7046268
4291 7046350
836 7046919
5648 7047653
28646 7047814
12657 7048224
1803 7048331
4602 7052356
13811 7053353
16793 7054800
2509 7054860
12359 7056249
18407 7056706
28428 7057283
23246 7057338
2841 7058981
8462 7059742
17549 7062059
10113 7064006
6966 7064177
9907 7068188
6669 7069197
19156 7070737
16182 7072404
11625 7075022
23931 7075680
10926 7076159
16370 7077476
29962 7078435
26044 7081475
23508 7083888
25037 7085268
18132 7085618
7438 7091859
1350 7092791
21377 7095405
25034 7096165
10705 7096185
13874 7097234
26622 7098944
5813 7099057
17572 7099513
2518 7100285
24131 7101864
22140 7102222
9343 7103001
15689 7104091
19663 7104536
9484 7104939
24300 7105462
22960 7106969
5817 7110079
8482 7110353
2283 7113130
19517 7113856
5268 7114009
18358 7114971
7983 7117524
16859 7120602
267 7121353
9982 7124444
21639 7127535
26530 7128064
19685 7130724
22211 7132336
21642 7133211
17399 7135460
24725 7135945
22317 7136053
33 7138288
11459 7138810
12829 7141683
22428 7142558
23421 7143683
29402 7145791
1225 7145876
8497 7147014
18196 7147559
643 7147917
17249 7148128
11796 7149912
3662 7151087
27500 7152251
4705 7153867
7911 7154616
13138 7154697
16286 7156078
21786 7158644
29954 7159152
17907 7159718
23713 7160003
8012 7160231
556 7160470
22305 7160731
28581 7170617
13423 7170758
24774 7179975
8069 7180959
22674 7183691
25485 7183718
10444 7185304
2611 7186814
16726 7187283
7649 7187796
24376 7189265
15633 7189429
20643 7190877
11734 7191310
25609 7191772
24176 7192726
24684 7193794
22797 7195302
26048 7201565
4773 7203335
14513 7204404
14961 7212907
26988 7216631
6560 7217780
16141 7218083
29079 7218975
22754 7224847
10155 7224873
15717 7225243
20113 7231187
25062 7231193
20965 7232653
26591 7235463
23254 7236089
23999 7236979
2555 7240208
5627 7241483
28118 7243013
25378 7246651
8726 7248151
441 7250890
9462 7252738
19129 7254526
4058 7256166
13087 7256196
27030 7257156
24280 7257952
25466 7258985
11442 7260977
4491 7262100
11159 7262730
17563 7264170
14653 7265668
712 7265735
2917 7266711
4734 7268532
5741 7269053
28182 7269825
2846 7272449
8997 7273074
25733 7275320
19153 7275928
4538 7277501
29753 7278677
1818 7279209
6412 7280478
13944 7280497
18619 7285457
26427 7286703
16725 7287262
19096 7287286
14346 7287984
855 7288698
23953 7289279
29394 7289631
29433 7290217
21009 7290475
29273 7299159
17121 7299867
3219 7300484
20318 7301537
4281 7307384
27418 7308434
17656 7310185
23106 7311008
20422 7311033
29608 7311069
14335 7311666
27527 7311677
24181 7313871
5582 7317549
21634 7319778
23908 7321347
10373 7323736
19295 7324503
6027 7325097
4772 7325713
8041 7326396
492 7332099
22167 7332217
10000 7333270
6627 7335714
5232 8391161
25243 8391881
15267 8396099
1318 8396204
609 8396251
4794 8397694
11054 8398108
23241 8399818
16331 8401543
2018 8402161
25191 8403243
25779 8405394
14565 8406725
17545 8407575
8329 8413770
24252 8420143
4023 8422159
25750 8425440
25689 8425962
3064 8428234
5398 8435247
13218 8436751
22508 8439276
9113 8439370
15300 8440537
5422 8443892
24978 8444802
17406 8445081
6325 8447036
27404 8447362
15126 8449890
19425 8450189
10933 8451501
9312 8453797
2854 8454865
640 8454886
17420 8455980
21000 8456824
15802 8456940
3930 8458312
27773 8464514
2009 8464841
8571 8465107
19439 8467076
3984 8468616
4032 8469341
949 8470387
21488 8472398
11617 8473379
14813 8474058
28481 8474879
204 8475310
18858 8475917
2052 8479014
2557 8479567
23531 8479842
15968 8482539
6508 8483220
28242 8484457
17032 8484772
28229 8485373
24243 8487968
8483 8488684
23037 8489852
28076 8492709
10763 8493540
18261 8494920
28781 8499258
15002 8501420
20789 8502298
20799 8503798
13186 8504266
11278 8507611
13841 8509273
23733 8509664
17378 8511800
28771 8512615
11024 8513199
22174 8514077
9122 8514508
26347 8514789
25869 8515746
22297 8523136
58 8523689
17628 8524038
5757 8526944
1446 8528558
16398 8529653
10013 8530256
24 8532528
9997 8533888
25691 8537594
29221 8538019
25266 8539506
10359 8541295
7639 8541417
17550 8544471
2363 8544613
18989 8545959
26095 8546826
8817 8546871
11544 8548498
5102 8549827
10140 8551269
17737 8551567
17902 8552286
7020 8553956
25983 8556582
16677 8559706
16006 8560013
23554 8560105
25312 8560184
9894 8561131
13890 8565510
21326 8566906
19035 8566939
14507 8568822
20933 8571807
8436 8573939
8840 8574067
14195 8575327
26037 8576180
3833 8576967
9896 8578148
18658 8580467
16682 8580573
21432 8581991
23674 8583779
649 8586179
4771 8587217
2194 8587857
12400 8588571
14864 8588942
11953 8590856
4187 8592231
23074 8592349
12729 8593017
17251 8593793
22594 8594866
20993 8595621
15111 8595813
17949 8596065
1974 8596792
8836 8597116
7235 8597222
29679 8597436
16900 8600683
206 8602096
18046 8602596
5589 8604104
15403 8605469
17699 8607378
17988 8609285
23774 8611699
9610 8613987
4842 8617106
27963 8617968
25341 8620375
3946 8620905
896 8621400
1942 8627538
29412 8627953
14936 8628873
18991 8631450
3348 8633155
22271 8633277
15086 8633528
17035 8635029
23053 8635349
11913 8635743
198 8638699
11470 8643881
18476 8645992
13494 8647104
7178 8647116
10317 8648910
7280 8649052
5825 8650180
11965 8653260
7059 8654947
9616 8655186
2309 8655274
8809 8655686
184 8656787
560 8657272
9730 8659318
24149 8662836
17455 8664928
27146 8666068
1729 8668480
25125 8668819
29926 8669562
12728 8671089
20650 8672176
29570 8673037
7101 8676235
14267 8676790
292 8677052
7087 8680275
13051 8682517
5814 8683760
7250 8683984
23495 8687897
15891 8688250
26351 8688283
20796 8690075
15024 8691803
23049 8696588
7441 8697092
23141 8697193
15492 8697961
7783 8701779
5132 8702812
14437 8702822
26279 8704888
8289 8706508
9298 8708774
26163 8710357
1099 8712241
24790 8712762
19119 8712793
6326 8714484
14895 8720557
1572 8722294
29752 8723089
3722 8724589
7775 8730011
466 8731428
14825 8732167
22061 8733612
14060 8734389
21262 8734544
16335 8736777
27643 8736849
14037 8739854
5022 8740149
15034 8741858
15532 8742626
16706 8743696
15738 8748167
9631 8748200
19978 8750088
8480 8750322
29473 8751476
14529 8753099
7119 8753753
23938 8754529
24992 8755303
5786 8757504
7730 8758599
24414 8760915
11620 8761442
6288 8761557
29721 8761742
2215 8762428
22831 8765192
24371 8766703
10711 8766807
18977 8767119
28186 8771385
5036 8773192
1661 8773349
18700 8777000
3540 8778632
25357 8779220
28160 8780541
3413 8782158
7506 8782217
6225 8782395
25996 8783458
18433 8785495
7813 8785774
3365 8788103
11561 8788741
25939 8788987
15265 8789770
21742 8790360
10383 8792010
798 8792155
28218 8792742
5978 8794578
11256 8797827
25690 8798157
9058 8799138
2637 8803072
24701 8803175
27013 8804879
3859 8804986
22944 8805142
12846 8806604
22243 8808349
19503 8808568
1904 8809036
13298 8809605
42 8811962
27083 8812344
10281 8813033
4196 8817387
9303 8817405
15172 8818315
1063 8820924
19082 8821609
11725 8822451
5203 8829959
26571 8830500
6918 8832023
5431 8832614
3917 8832861
6862 8837394
3026 8838633
22276 8839053
22313 8840825
29720 8847164
4138 8850185
2136 8850479
10083 8851391
25506 8852146
14602 8853002
25087 8856000
19699 8859460
3687 8860625
23222 8861978
14644 8863873
17659 8864455
8182 8864912
11699 8868764
16150 8870779
21075 8871552
15063 8878016
22655 8878303
5547 8878509
21318 8879165
10664 8884921
17879 8885061
9222 8888015
29455 8888529
24726 8890765
28095 8891830
18616 8891841
3288 8894858
18013 8896092
26327 8896632
21202 8898325
24756 8903238
11955 8904039
23216 8906924
13680 8907097
9157 8911507
6953 8914588
4911 8919513
21698 8919539
19587 8921188
26859 8923830
6597 8925198
27164 8928929
17400 8928933
26661 8930228
16413 8931002
11704 8932878
15355 8933599
4966 8937980
23264 8938598
13696 8939201
796 8940497
28280 8941457
27129 8942585
8315 8943042
28767 8943534
29593 8945950
24652 8946267
29020 8947955
15072 8948013
18208 8948252
7086 8948474
6805 8949009
19022 8949680
22194 8951732
26653 8953172
12989 8954244
13798 8956222
10417 8956958
29185 8957697
21730 8958034
17714 8959082
22162 8959111
22844 8960571
1409 8962095
28987 8962120
22784 8962166
9647 8963406
16727 8963931
9032 8967275
11296 8971036
26224 8975235
24056 8975955
9435 8976152
1641 8977480
9899 8977897
12110 8978084
29870 8980236
28470 8980395
9788 8980845
2587 8982235
6498 8982869
20221 8989105
17784 8989608
15559 8997366
27994 8999235
2204 8999777
10394 9006014
9318 9008479
15150 9008730
22263 9011807
18373 9014235
6250 9016400
18759 9021889
20060 9022474
248 9022587
14325 9022616
13872 9023572
18117 9027216
27113 9027417
12672 9028646
27106 9029038
10878 9031452
20141 9032175
9929 9032702
24251 9035033
26881 9040388
18264 9041296
21748 9042778
7117 9046905
1127 9047293
28884 9049373
26452 9050897
3456 9050943
106 9051393
9489 9052832
8133 9054409
15691 9056355
18181 9056809
7840 9057260
28297 9061695
23076 9061885
27931 9063599
17115 9063841
12395 9063923
13370 9065167
25144 9066199
906 9069249
25698 9070263
3266 9073742
1592 9075202
15934 9075678
29031 9078317
15999 9078511
8253 9081300
6270 9081917
22283 9098281
20805 9098598
27511 9099603
19858 9110277
20801 9111091
24911 9113334
12943 9114718
7697 9115747
19018 9116504
19087 9120983
630 9123180
20177 9123243
25938 9124756
4600 9128571
4978 9129361
11255 9129884
21950 9130191
5606 9130437
29725 9132092
18769 9132132
25785 9132203
10089 9132374
9871 9132779
3183 9133276
4181 9133813
5714 9135093
24474 9138778
3273 9141938
19810 9142068
21028 9144639
22051 9147857
2004 9150299
8432 9159732
12201 9162221
4479 9162355
14457 9163256
27089 9164196
9098 9175153
23810 9178460
2863 9179608
24017 9180365
25889 9180813
5649 9181301
5551 9184913
122 9185362
7905 9185621
395 9185643
6277 9188484
12083 9188508
13521 9190328
12783 9192513
82 9193403
7188 9195343
26415 9196073
14054 9197956
24945 9198016
15656 9200279
8538 9200962
9522 9203938
6814 9206138
5785 9207040
25436 9207857
17840 9208294
20457 9208522
8848 9210152
8034 9211699
2803 9217762
28261 9219598
1369 9220209
11548 9221998
24560 9223730
7275 9225016
20288 9226170
26173 9228687
8369 9229409
23029 9229508
24245 9231030
7602 9231556
5312 9232196
15017 9232314
22457 9234956
25072 9238186
19543 9239625
11136 9242216
26866 9243994
17969 9247087
20067 9249989
16728 9250007
2240 9251897
17483 9252688
20608 9254024
10927 9256826
4296 9257709
10186 9258405
1030 9259485
29008 9262257
25142 9263393
5367 9263573
24480 9264175
29341 9264490
1846 9265273
12269 9266201
13962 9266784
25626 9268205
14160 9270263
22136 9270582
28528 9272406
56 9273476
29923 9274576
7325 9275199
27976 9277992
16500 9278058
15827 9278694
20436 9282716
28759 9282970
10671 9283441
12300 9284582
9410 9287774
16580 9288016
9083 9289206
29059 9289380
12980 9294034
16802 9295982
6151 9298058
15011 9298086
7022 9302036
26543 9302395
14746 9302848
14546 9303761
5009 9304005
25549 9304768
1164 9306438
8088 9308274
24065 9308811
19207 9311480
3861 9311528
15533 9312544
20043 9312802
16155 9319267
23199 9319483
15647 9319879
1377 9323960
17387 9325849
29262 9331152
7904 9335403
27389 9340293
29300 9340583
10382 9341256
10673 9342148
23701 9355912
6122 9356223
10405 9356764
23751 9357256
25274 9358657
8054 9359789
25038 9359806
16579 9361816
7152 9362441
25158 9362495
17670 9376068
1022 9377234
28802 9378396
16664 9379973
3015 9382414
11020 9382991
21403 9383147
27072 9385786
25422 9387148
8688 9387307
666 9389203
2838 9389218
4065 9389300
13938 9391181
3181 9391460
1692 9391864
28125 9392578
2740 9398753
6691 9399405
11990 9404514
28142 9404515
20207 9404732
16062 9406700
6107 9407818
4358 9410016
2323 9422073
15948 9437850
26310 9438006
2126 9438499
29516 9446680
17149 9448723
12065 9450073
22273 9451513
23567 9451577
10144 9452018
22590 9452461
3373 9453363
12038 9453869
19794 9454580
1609 9455227
29650 9456806
8917 9457510
9236 9457866
25222 9458573
8552 9459457
17693 9461825
20445 9463544
15466 9463772
26491 9463935
15026 9464759
21893 9467767
20478 9470998
27634 9472696
23282 9473017
3595 9473366
2889 9474159
13965 9475269
21317 9480028
26304 9482613
23778 9483264
1884 9484236
19839 9485905
25242 9488769
14976 9489188
4004 9489674
6910 9490425
17866 9492030
16600 9494231
14117 9494581
5591 9497212
6760 9497982
26126 9498084
2855 9500674
22557 9501356
7900 9504144
18538 9507032
26757 9507148
14928 9508403
29461 9508674
14064 9509822
27121 9510127
858 9512189
25612 9512287
27780 9513942
21657 9517564
17051 9520172
7651 9523710
11815 9523773
3780 9524228
23907 9525596
13082 9525651
14871 9533175
9072 9535080
17416 9535740
331 9536060
17703 9536211
15324 9537000
8658 9537204
29116 9538389
27779 9538499
2253 9539178
6116 9539732
905 9541405
4380 9546618
8050 9547301
14626 9547431
1544 9549679
17859 9550346
20645 9552967
20460 9553790
13225 9556433
830 9558830
27317 9562035
7998 9563513
2025 9565111
1240 9567133
24112 9567936
10108 9569887
12081 9570191
17258 9571559
15548 9572197
8996 9573548
2141 9578228
15528 9578681
17523 9578723
24097 9581734
15880 9582601
5287 9583429
28300 9585727
4919 9587174
10607 9587563
8195 9588772
8346 9590666
2968 9590938
18004 9592731
18949 9595350
29118 9597319
3030 9598451
1319 9598642
28419 9601755
20123 9603995
13763 9604474
29148 9606375
7546 9608072
19999 9609405
24401 9609954
14642 9614160
2799 9616119
24682 9617002
1601 9619660
14216 9619760
4501 9620109
7719 9621046
4163 9626049
23337 9626262
13109 9627096
9920 9627793
15794 9628819
20601 9628856
20560 9629819
2050 9630005
27171 9630747
24606 9632295
16251 9632671
23787 9632899
659 9633557
22835 9634411
9387 9636130
23260 9636913
16481 9638506
27043 9639634
3027 9642128
9656 9643085
26700 9644751
25958 9647468
27541 9647710
6181 9647903
12118 9648994
3610 9649730
8284 9653760
24703 9654539
10103 9655283
7459 9655641
2547 9656807
112 9668404
6403 9670998
6604 9672400
4104 9673266
11068 9674945
8267 9676716
23230 9677070
3480 9678741
27298 9679366
12479 9681183
11659 9681844
12516 9683555
26151 9683959
5165 9684431
16647 9686426
9453 9688934
22852 9690032
23856 9690665
17713 9690828
10429 9694254
4580 9696708
23068 9696813
3645 9700640
25947 9701710
1184 9702280
2211 9704002
5847 9704958
3390 9705105
1261 9705478
14664 9705889
16673 9712656
1642 9713746
14527 9714587
18009 9715034
21778 9716752
24636 9717412
24524 9717892
22002 9718385
4816 9719883
22055 9722217
2085 9723032
7118 9723794
7966 9724172
12185 9726561
11286 9726650
18582 9732635
15769 9733100
8703 9733384
11391 9736959
21332 9738748
6248 9739549
5342 9739632
316 9743457
11420 9745903
3389 9748070
24847 9748328
16963 9750035
18558 9750417
19263 9755142
10931 9756107
28620 9756570
9413 9757000
21648 9759357
15552 9760055
1586 9760150
26077 9765891
1188 9766458
26506 9768421
15824 9768649
20837 9770309
2893 9778739
18912 9779324
26628 9779840
20435 9780953
17010 9781532
6561 9785840
1648 9786043
21704 9786064
1957 9786749
8629 9787754
5964 9788499
14143 9789830
5522 9790133
7786 9791784
3405 9792275
27571 9795416
25645 9796988
18551 9798059
3756 9799306
5709 9800189
26978 9801392
23084 9801487
11997 9801910
6217 9802471
11687 9803346
6430 9804853
4468 9806501
8153 9808443
18302 9811785
16919 9812469
18856 9812577
25483 9812908
21268 9813346
3444 9813384
25392 9815373
1178 9816479
8019 9817525
27629 9818853
16701 9819402
24348 9819720
25239 9819801
14993 9823571
14162 9825637
8860 9826020
10923 9826181
19058 9826652
2608 9831240
9697 9834427
1989 9835198
6047 9835514
698 9836817
12636 9839383
6354 9839610
21809 9839985
29228 9842449
21497 9843400
16522 9845331
25906 9845970
9765 9847170
6215 9847279
11479 9849247
19896 9849315
11316 9850327
18495 9853381
20841 9854519
354 9854606
8956 9855379
4954 9855660
22556 9860427
14851 9861536
10205 9863427
11305 9865170
11002 9867080
1285 9868966
5333 9869036
14824 9869932
16207 9870063
9367 9870539
9172 9872742
12343 9872873
13153 9874125
14341 9874828
119 9875207
4432 9876649
19375 9877475
5306 9877866
22129 9879602
23546 9880078
13284 9880577
7195 9881657
22373 9882474
13889 9883346
21650 9884652
13258 9885094
23785 9887374
15945 9887664
10996 9890289
28144 9890461
28122 9890703
2456 9891341
11980 9893355
24218 9894258
24098 9894921
26006 9896987
16805 9901870
12434 9902608
13967 9905464
15585 9908620
26317 9909261
8348 9910305
21697 9911467
20439 9911700
5653 9912809
5936 9913332
17229 9914032
10001 9914341
243 9914791
26985 9915179
3813 9916202
13850 9916292
22762 9920671
11834 9922261
26488 9925039
2057 9925285
9972 9926260
9640 9931244
6915 9933897
20506 9936702
25866 9937427
24062 9937998
19305 9938168
4916 9940162
652 9942897
13302 9943811
19838 9946265
20772 9947046
4502 9948089
7854 9952522
1410 9952742
17662 9954137
4195 9954170
6312 9956229
3760 9958380
28600 9958699
18886 9959613
5471 9961425
13008 9961441
12015 9961652
18809 9966619
28228 9969086
26996 9971778
3829 9973121
10259 9974585
6540 9975343
19394 9976730
13378 9976912
21584 9976927
4128 9976975
28305 9977549
9964 9987443
1419 9988704
15422 9990437
7226 9991561
17052 9991577
18250 9991857
4155 9991861
21757 9992801
5066 9997600
6316 10001776
22842 10003323
24588 10003636
21981 10005796
14523 10006769
7579 10006773
18520 10009590
16599 10014688
16111 10015380
27151 10016378
5011 10016646
24641 10017817
12803 10018650
1208 10019466
21138 10019992
18714 10020829
24692 10020886
28856 10021517
28890 10021802
13584 10022432
4368 10025901
12044 10026441
24193 10026619
4747 10026984
11165 10031922
21241 10032108
17752 10035504
9335 10037091
18505 10037204
13144 10038139
10630 10039450
11652 10040222
27178 10041451
10619 10042346
19258 10046252
23186 10046742
9419 10048665
14429 10051983
21576 10052050
24532 10053160
9365 10053484
18296 10055956
7921 10056513
13347 10056886
14284 10057334
14745 10063174
24046 10064660
16439 10064779
19432 10070198
26885 10070838
23160 10072723
17975 10073493
2391 10074045
23718 10074296
17079 10074744
3882 10076187
3271 10076761
28765 10080381
18591 10081009
3924 10081551
21466 10082528
7399 10083726
7968 10087179
28197 10087596
3973 10092213
4488 10092661
8640 10094579
21271 10096917
14007 10097611
287 10097727
7216 10098977
28257 10100898
10840 10100988
2414 10103897
20851 10104865
20358 10105736
3582 10106374
29875 10106530
27868 10107243
7736 10108576
9793 10110867
6775 10111163
3185 10114067
7263 10114744
22341 10115136
28445 10116390
12368 10116514
28757 10117538
9932 10118158
18585 10123713
29011 10124444
27924 10126721
767 10128161
18072 10129747
20961 10130541
25783 10130946
2754 10132317
16991 10132587
6401 10132747
11737 10148245
1917 10160030
27279 10160554
4192 10162739
19984 10165733
25051 10165912
5508 10167736
28331 10168960
14921 10169794
11446 10170304
12848 10174273
9467 10174758
9124 10175368
10389 10175857
22871 10177041
22580 10178071
3836 10179449
8419 10180238
2116 10183981
24597 10185026
29381 10185127
15428 10186713
6124 10186747
8827 10187622
24722 10187759
11303 10187938
28473 10188367
8274 10188718
718 10188762
4859 10191145
1092 10191532
11886 10193948
18672 10195384
25653 10195770
14350 10198192
26514 10208102
2792 10209281
7155 10209424
10662 10213228
23071 10224223
21179 10224360
21085 10225405
11549 10226205
23319 10234384
6428 10239079
22786 10239762
19070 10240015
8397 10240215
6996 10242669
29829 10244981
27169 10246116
10977 10248917
14888 10252565
4188 10253852
13654 10255019
8200 10255759
16373 10256396
9400 10258172
18188 10258208
27776 10259982
16863 10261003
3222 10261268
8197 10264720
14949 10265420
8417 10265511
7552 10267169
25512 10267451
23063 10269154
21322 10270880
24343 10273135
7641 10274585
12051 10276549
2965 10277377
25685 10279250
8876 10281354
15718 10282671
7204 10283178
1653 10285342
3260 10286511
10318 10289197
19068 10289567
13894 10290509
1463 10290877
23370 10292051
17060 10292238
11626 10292884
14632 10296147
22576 10298764
27395 10300500
1537 10301395
4853 10301412
25171 10308876
12899 10319659
912 10320194
7157 10320337
16786 10322957
24130 10323763
29672 10323933
13961 10324272
10721 10324900
515 10325483
21276 10327659
23168 10328377
8055 10328988
1370 10331033
2084 10331488
14132 10333311
1672 10333356
3852 10333866
17675 10334897
1078 10336318
21846 10336330
6970 10337684
4977 10339710
4874 10340609
12569 10342280
11500 10342426
10538 10344283
9858 10347293
19559 10349649
28742 10351506
5618 10352182
16998 10352833
18093 10353684
3093 10353970
6612 10354123
21890 10354931
6198 10356404
29977 10357298
9317 10358209
20710 10358391
3755 10358892
16642 10358944
18045 10359366
1549 10360319
13759 10361018
23841 10364322
26241 10364987
192 10366144
25337 10367612
25948 10370452
2083 10370665
13997 10372035
23318 10372289
23578 10373255
16695 10375377
6056 10377416
29125 10377917
5214 10377934
7688 10378665
1105 10378818
7270 10378846
22225 10380059
11884 10380640
4265 10381606
10952 10382086
16734 10384774
26208 10386213
6367 10389355
16278 10391758
14760 10393672
24467 10394805
1992 10394833
5051 10404000
3053 10406124
24006 10406160
26674 10408229
25835 10408812
2230 10409754
24424 10422161
22245 10432667
8874 10433206
19257 10433664
3970 10434245
14275 10434400
29097 10435117
25771 10435135
6743 10435385
12688 10436579
3764 10437055
3051 10437401
2685 10438027
8094 10440779
23831 10441943
22041 10442287
17830 10446248
26503 10446683
21512 10446901
28278 10448682
29334 10451270
8091 10451870
29270 10452168
16323 10452455
5235 10454962
3750 10455535
15413 10459255
11314 10459576
21630 10460601
13330 10471024
10971 10472817
11113 10475712
21048 10476968
9109 12585539
20117 12585542
7797 12588704
28421 12590510
19259 12592548
9168 12592743
5399 12596336
28259 12598292
12394 12600287
29957 12603617
309 12604557
23429 12605050
10855 12607056
19716 12608132
16976 12608266
3075 12609435
10972 12613985
17543 12615115
1845 12616823
6088 12619429
3548 12619446
7437 12619689
6768 12620257
18051 12626850
5550 12626993
16174 12627784
20329 12628771
21682 12629231
29863 12629698
13907 12630336
4995 12631291
4727 12633997
15197 12634927
14474 12637849
25189 12639190
3538 12639870
28202 12640299
11546 12643102
89 12644475
17469 12647104
25661 12649750
28232 12649917
19232 12651757
14855 12655138
3104 12655308
6019 12656187
10488 12656890
12045 12657354
21915 12660034
8661 12660794
19402 12662805
16274 12667185
26719 12670880
21930 12671374
25166 12671903
3089 12671923
6552 12672155
14205 12674793
10569 12675034
1510 12675386
26355 12681241
15471 12681781
26623 12683026
7233 12685162
26430 12688594
11722 12689008
22441 12690505
29917 12690999
8061 12692492
21197 12692512
16641 12692905
1794 12695152
9675 12698507
2712 12698627
29426 12699099
15623 12699423
26742 12699434
10047 12699508
23046 12700669
10720 12700920
11681 12702625
498 12703274
2154 12707368
16029 12712390
2143 12713754
29865 12717931
4953 12718294
3991 12720871
22550 12723896
20187 12724125
27873 12724216
6936 12726618
28991 12727835
17641 12729251
19318 12730749
20967 12732080
4992 12734831
19162 12737496
4068 12738308
14714 12739692
12755 12742381
12958 12742877
69 12743000
6989 12743522
23427 12744315
24027 12749312
28161 12754888
27806 12756121
26295 12756863
25896 12757544
15149 12761628
13922 12763799
1146 12764266
15711 12765293
14648 12765861
24115 12768329
18328 12768437
2784 12771849
479 12773346
21733 12774269
25287 12775031
1088 12775372
7097 12775473
12244 12776568
12259 12776694
13393 12779756
19383 12780084
29972 12780282
12704 12783162
8395 12783592
18400 12786938
13766 12789104
5168 12793245
15074 12793836
19600 12795047
126 12796067
4412 12796968
9983 12797488
1749 12798177
1206 12802551
20039 12804998
18586 12805590
23991 12806590
14729 12806764
28140 12806886
26445 12807296
22612 12807447
9859 12809160
29651 12810093
10582 12814238
25482 12818801
6999 12819850
385 12820078
2247 12822620
2818 12825550
25323 12826133
1808 12826275
12241 12827076
15364 12827397
6534 12827718
7115 12827920
14289 12827926
9967 12830367
7953 12831898
12611 12834869
20639 12836213
29076 12841847
25411 12843543
27366 12843850
5278 12848735
14407 12848800
13452 12850268
3421 12851509
13685 12852692
29664 12855567
15991 12856019
27738 12858762
19320 12859104
4652 12859108
26928 12860199
19948 12861489
17915 12867088
11958 12868514
2588 12869206
2556 12871376
29154 12871492
16825 12872120
18577 12872263
18508 12872769
29872 12873255
3578 12880691
27244 12881351
627 12881454
23257 12883148
27229 12883512
7990 12887981
16288 12889795
5552 12892273
11908 12892634
6350 12892766
10616 12898720
24110 12898978
4012 12901088
29164 12902281
27105 12902487
17827 12904224
17586 12904440
21109 12904798
4011 12912111
9261 12912465
3915 12912967
11619 12913957
2757 12915320
20689 12916083
28135 12918282
3787 12919398
26331 12920555
27376 12921661
8721 12925083
2896 12927127
3982 12930190
5770 12935196
28383 12936825
26554 12938406
27145 12946766
21246 12949355
5453 12949760
24951 12949966
23283 12952073
7583 12954343
16016 12955225
21127 12955824
6943 12956425
25803 12957246
6583 12963759
16385 12968208
15821 12970567
17468 12971041
8684 12976178
17566 12977481
14156 12982771
2903 12982899
3593 12985614
27861 12987729
16952 12987973
18096 12988754
29106 12989599
12903 12994391
8712 12996125
21245 12998841
18895 12999313
20890 12999807
19488 13000892
13880 13000914
8986 13002303
17065 13003365
21710 13003794
8580 13004590
5791 13011610
24508 13012305
1272 13015471
24398 13016435
18226 13017615
25059 13019286
7590 13020805
4905 13023115
19292 13023143
7547 13024299
8416 13026185
21853 13026400
9289 13028239
24296 13029575
9193 13031651
6457 13031905
2622 13034576
1935 13035027
2613 13036265
25729 13036281
17166 13036621
12456 13036928
25797 13038580
28108 13039029
8819 13041062
15903 13041536
3367 13041776
2591 13042790
4779 13047710
20521 13049346
21964 13050354
27584 13051320
11893 13052942
25558 13054262
370 13075619
14095 13076273
5320 13077133
8340 13077700
19428 13079964
27637 13084229
21660 13086484
6938 13087896
29110 13088012
11079 13092088
1826 13094302
12701 13099863
10804 13099928
8036 13100737
19297 13101062
7480 13107202
28392 13107428
19960 13107682
14675 13107698
1908 13109891
1853 13109913
6341 13111865
25525 13112270
14923 13113978
6914 13117546
14400 13118876
6327 13120852
24026 13121057
27645 13121849
801 13123804
3820 13125706
25202 13126065
20054 13127815
13757 13130755
15223 13131162
10254 13131296
28603 13131347
17604 13132575
15095 13133233
26539 13133928
558 13134937
12588 13138181
22114 13138713
18630 13138899
10757 13139215
8484 13139691
1464 13139739
5885 13141068
22487 13143988
14779 13146686
22978 13147024
19310 13148713
12801 13148905
4617 13151243
4629 13151899
3154 13152814
8040 13154707
13106 13157550
14549 13158552
1281 13158949
3326 13159240
10769 13159276
2192 13160298
24867 13160483
19128 13161684
963 13164573
15425 13170657
24677 13170713
15657 13171032
5266 13174352
840 13175209
1795 13175897
11811 13180969
146 13181530
28559 13181537
15669 13181858
11966 13183404
24985 13183801
14056 13185077
9119 13185226
12885 13189170
713 13192654
1850 13195178
29681 13198800
25394 13200430
28905 13200700
25094 13200888
11557 13201447
11560 13201572
12261 13204568
10286 13205152
26737 13206449
21012 13208426
21952 13209580
20126 13212950
29856 13213191
16423 13215546
14134 13217701
414 13217976
17442 13223276
28200 13223874
19408 13230081
27197 13230166
20792 13230634
4086 13231884
9471 13232283
4570 13232525
29165 13234262
25848 13237324
22537 13238489
12372 13239803
11812 13243727
27842 13244277
20861 13245044
7689 13246535
26138 13247253
21006 13247936
24716 13249053
10304 13249469
3941 13249503
22010 13250194
16841 13250683
6913 13252105
2265 13253574
5928 13255355
11514 13257752
23451 13258583
28275 13259495
12858 13259501
13390 13262702
19243 13263465
15776 13263685
21123 13267293
6709 13268061
430 13270318
9363 13270593
4411 13270625
1198 13271111
776 13274152
18059 13274600
10073 13274688
22573 13277052
24897 13290592
20531 13291749
1814 13294417
9569 13294683
10138 13304289
8388 13306676
19395 13306755
101 13308289
5349 13312535
13083 13313198
10107 13316711
3344 13317512
18784 13319886
5518 13323163
24664 13328860
7045 13329595
28631 13330691
8650 13333031
9447 13336182
15442 13336487
18341 13337904
10217 13338271
22103 13343912
6565 13353332
4757 13354299
17043 13359209
14009 13360201
6392 13371386
5607 13371514
18483 13373754
21858 13380009
22789 13380721
18533 13381093
8724 13383047
7314 13384670
9314 13389981
12702 13390393
21104 13396285
25837 13396369
4256 13397553
7066 13399652
13315 13401877
877 13402999
2923 13403940
1458 13406582
13991 13406730
19302 13407683
7545 13409565
9911 13411360
9681 13417720
1353 13418247
13703 13418604
7014 13421837
10611 13425935
20512 13426953
16854 13427483
23291 13427737
7185 13428402
22625 13428888
18950 13429386
17872 13431686
15502 13435511
9592 13438356
4619 13442285
27590 13443700
19785 13444093
3808 13446131
14406 13449897
6272 13450382
2063 13453011
16916 13453206
6610 13454478
13391 13459798
3761 13460122
14047 13462029
20907 13471394
29083 13480857
28872 13481969
13687 13484268
17338 13486709
335 13493819
16546 13500566
23276 13501856
20093 13501893
26040 13503132
3393 13512277
27428 13516750
16644 13516819
27476 13517598
4481 13518007
11706 13518621
2038 13519119
2386 13521792
13691 13527945
7625 13529730
12303 13530142
9050 13530563
3615 13531430
1946 13532111
18838 13533069
23502 13533257
11605 13534103
1502 13534657
19435 13534846
19370 13535314
13806 13540426
27498 13540712
17772 13567767
2845 13568156
25064 13568937
21417 13572362
24836 13573212
1016 13573775
85 13575272
18233 13575751
13066 13576051
25101 13578434
11896 13581970
7025 13583045
9374 13583747
4820 13590844
22125 13593853
3741 13594036
24809 13594264
18564 13599200
6265 13599264
13364 13599773
8455 13604223
24810 13616774
27189 13617369
29094 13618710
