5941
4840 1.354711
16735 1.352528
15227 1.333077
21088 1.331942
5241 1.330006
26004 1.319512
18488 1.314104
14782 1.314104
12271 1.313431
25641 1.312301
27127 1.312301
26723 1.312301
744 1.310543
13719 1.305942
5773 1.305515
20132 1.304250
6332 1.303451
4413 1.300053
22 1.297880
3788 1.288514
1378 1.286380
4960 1.283745
8076 1.283460
19462 1.281452
12031 1.281134
25396 1.280282
17400 1.280229
15157 1.279029
20187 1.277803
21056 1.277601
5985 1.276472
16027 1.274283
26607 1.274283
26235 1.273011
11021 1.269434
25598 1.268215
16578 1.267404
4501 1.267083
4045 1.265433
10591 1.265008
4625 1.264813
6788 1.264540
17279 1.264169
15250 1.264169
13405 1.263664
16381 1.262293
20106 1.261790
5854 1.261737
27169 1.260310
9429 1.259827
4619 1.259707
14965 1.258679
18390 1.257946
11409 1.256969
11189 1.254807
28660 1.254618
1053 1.254405
8807 1.254405
3079 1.253563
19680 1.251880
27417 1.250064
7969 1.246714
6856 1.246664
23039 1.246664
13410 1.246620
3484 1.245322
25826 1.245033
17360 1.244066
4423 1.243233
19888 1.243233
22206 1.242850
23745 1.242651
9337 1.242022
22786 1.242022
13285 1.241756
29258 1.241515
13534 1.241451
14256 1.241404
6020 1.241098
21456 1.240452
7772 1.239875
27208 1.238459
21811 1.238070
27292 1.237978
29761 1.237714
9196 1.237484
18270 1.237386
2930 1.236804
11018 1.236187
1209 1.236187
23068 1.236137
19365 1.236137
17903 1.235482
14048 1.235224
26244 1.235114
19741 1.235053
26405 1.234211
27642 1.233716
22543 1.231102
8561 1.229571
1711 1.229571
24255 1.228773
19873 1.228511
6664 1.228416
29860 1.228416
21884 1.228303
18030 1.227995
27188 1.227087
21016 1.226233
6799 1.226014
29114 1.225776
27968 1.225711
4932 1.225540
13866 1.225540
15338 1.224311
28082 1.224251
26392 1.224202
11356 1.223716
24384 1.223716
18985 1.223238
18501 1.223133
9294 1.223061
24773 1.222308
16098 1.222242
14165 1.222171
26399 1.222171
14720 1.221675
21871 1.220845
13807 1.220591
14606 1.218879
26535 1.218879
22277 1.218879
9883 1.218879
27138 1.218441
24990 1.218256
27399 1.218011
2780 1.217798
5007 1.217275
18425 1.217054
11957 1.216763
13437 1.216763
12335 1.215909
10374 1.215235
29426 1.214404
12140 1.213900
16298 1.212774
9190 1.212079
27572 1.212079
17598 1.211759
11466 1.210568
10760 1.210313
10709 1.210313
27141 1.210024
19496 1.209598
7915 1.209598
8352 1.209078
29225 1.208840
12534 1.207914
4587 1.207466
29148 1.206391
14041 1.206265
26347 1.206182
16218 1.206079
28052 1.205773
1741 1.205773
3705 1.205091
27963 1.204980
15926 1.204595
25183 1.204369
22668 1.204219
21454 1.203489
25107 1.202887
2307 1.202788
21962 1.202115
1758 1.201466
2641 1.201196
16467 1.200843
29437 1.199662
5133 1.199325
16137 1.198354
15191 1.198354
26175 1.198043
26823 1.197790
13396 1.197790
29577 1.197739
3275 1.197540
27800 1.197441
27600 1.197441
23915 1.197295
1091 1.196582
29598 1.196239
23950 1.196127
17708 1.195257
12635 1.195007
19459 1.194761
158 1.194050
2791 1.193159
5246 1.192945
27727 1.192945
15611 1.192945
22933 1.192529
11296 1.191931
14756 1.191738
8545 1.190996
11980 1.190996
5442 1.190774
23657 1.190132
28477 1.190132
25401 1.189926
29447 1.189591
16619 1.189525
13495 1.189330
8489 1.189076
4651 1.188951
9627 1.188828
9539 1.188828
2162 1.188828
13800 1.188767
5322 1.188232
29629 1.187669
15355 1.187561
28194 1.187400
11234 1.187241
4317 1.187241
11106 1.186634
4443 1.186439
10051 1.186249
4977 1.185021
4758 1.185021
13840 1.184859
11396 1.184391
15606 1.184241
9753 1.183262
16758 1.183262
7269 1.183068
5826 1.183004
21188 1.182755
25246 1.182694
26363 1.182166
10867 1.181675
13675 1.181675
8498 1.181519
1255 1.181217
24514 1.180929
28461 1.180519
26417 1.180388
597 1.180260
2060 1.180135
17151 1.180135
1520 1.179433
8501 1.179433
21291 1.179112
13518 1.179112
13743 1.179009
24877 1.179009
8803 1.178908
28098 1.178616
17742 1.178250
29100 1.178250
10813 1.177908
25405 1.177513
5686 1.177437
24895 1.175727
4608 1.175628
20599 1.175628
6172 1.174767
2088 1.174767
12784 1.174618
7694 1.174339
59 1.174083
6744 1.173904
19351 1.173847
14102 1.173681
18643 1.173525
10068 1.173378
21422 1.173378
11137 1.173238
5227 1.173193
14280 1.173193
27672 1.173021
21144 1.172939
11889 1.172784
1875 1.172784
14656 1.168092
1722 1.168092
17926 1.168092
4319 1.168092
18094 1.168092
7339 1.168092
24843 1.168092
6576 1.168092
17557 1.168092
6637 1.168092
3384 1.168092
14953 1.168092
16958 1.168092
22073 1.168092
29904 1.168092
9448 1.168092
10035 1.168092
10029 1.168092
17572 1.168092
7004 1.168092
14411 1.168092
1922 1.168092
16234 1.168092
24600 1.168092
13133 1.168092
23797 1.168092
13252 1.168092
16428 1.168092
1266 1.168092
1151 1.168092
13185 1.168092
4614 1.168092
19050 1.168092
29180 1.168092
9087 1.168092
26608 1.163246
21222 1.163164
16980 1.162709
27308 1.162608
11277 1.162556
7402 1.162503
349 1.162102
25760 1.162102
6831 1.161977
16951 1.161493
8612 1.161340
11030 1.161261
25912 1.161261
22729 1.161181
22630 1.161098
14544 1.160837
11646 1.160837
20053 1.160652
6494 1.160357
25675 1.158672
16376 1.157935
25359 1.157663
1735 1.157569
18629 1.157376
26493 1.157376
7745 1.157277
647 1.156861
23398 1.156861
27871 1.156861
5682 1.156411
10893 1.156293
11209 1.155532
29470 1.155532
24436 1.155396
3280 1.155256
12665 1.154968
11943 1.154819
28437 1.154666
2989 1.154510
28754 1.154350
8098 1.154019
6500 1.153306
26598 1.153117
29102 1.153117
21877 1.152922
4805 1.152922
12157 1.152922
4282 1.152922
23861 1.152723
15024 1.152236
14098 1.152091
3593 1.151793
2378 1.151326
8062 1.151164
6734 1.150483
18261 1.150122
24984 1.149745
26271 1.149745
14635 1.149551
185 1.149353
7687 1.149099
28432 1.149099
11583 1.149099
11565 1.149099
27945 1.148943
28448 1.148732
12810 1.148624
11386 1.148624
8908 1.148624
11280 1.147836
19253 1.147836
22742 1.147600
9273 1.147600
3646 1.147357
26382 1.147234
2623 1.146854
22768 1.146854
22563 1.146660
15698 1.146594
27725 1.146461
4049 1.145772
10385 1.145484
4244 1.145189
1466 1.144885
27145 1.144885
12441 1.144637
5869 1.144637
1880 1.144637
1806 1.144495
9283 1.144447
16063 1.144254
3932 1.143655
29638 1.143501
21631 1.143449
2121 1.143449
24682 1.143449
4316 1.143239
10973 1.142809
22228 1.142699
23647 1.142420
28720 1.142135
2140 1.141902
25074 1.141902
28200 1.141843
13747 1.141545
4715 1.141240
27824 1.140927
1101 1.140927
10244 1.140608
9721 1.140412
12967 1.140281
7271 1.140281
8473 1.140148
14175 1.139946
20167 1.139946
8772 1.139602
23147 1.139602
23431 1.139322
17939 1.138890
2870 1.138890
24386 1.138520
14912 1.138520
14931 1.138445
4881 1.138445
23491 1.138445
11802 1.138395
2201 1.137883
29332 1.137883
27986 1.136943
821 1.136860
26076 1.136804
26365 1.136522
4469 1.135825
20707 1.135645
27542 1.135254
23000 1.135095
4235 1.134397
18727 1.134164
14232 1.134164
29823 1.134070
11723 1.133938
10464 1.133880
17846 1.133737
21266 1.133533
6407 1.133533
17248 1.133533
17760 1.133397
27647 1.132999
11360 1.132999
8613 1.132696
5744 1.132696
6895 1.132696
21832 1.132696
17591 1.132387
17100 1.132387
13151 1.132387
23295 1.132334
27883 1.132261
28268 1.132072
20390 1.131816
14004 1.131590
5352 1.131590
15739 1.131360
12191 1.131360
14605 1.130892
18498 1.130713
16502 1.130713
17893 1.130412
24204 1.130412
9671 1.130412
29472 1.130002
10883 1.130002
23922 1.129919
8636 1.129794
20578 1.129704
14333 1.129584
26857 1.129478
19335 1.128970
12809 1.128970
21770 1.128271
6354 1.127813
10146 1.127413
13734 1.127345
11349 1.126866
2632 1.125616
13090 1.125183
5661 1.124830
1253 1.124425
27445 1.124106
18397 1.123734
7760 1.123734
16188 1.123594
15690 1.123594
5919 1.123357
25447 1.123166
8140 1.122973
10506 1.122918
29051 1.122582
26719 1.122582
9126 1.122582
10350 1.122582
2258 1.122413
24889 1.122285
1601 1.121983
25565 1.121983
7567 1.121780
15749 1.121369
7815 1.121369
16518 1.121369
5193 1.121369
11359 1.121369
4657 1.120992
29463 1.120950
17510 1.120897
15560 1.120415
29190 1.119924
8719 1.119646
24536 1.119646
3886 1.119422
27241 1.119196
25284 1.118736
2236 1.118386
4658 1.118386
18802 1.117792
10343 1.117792
8333 1.117306
25190 1.116810
14873 1.116177
10761 1.116177
28832 1.115790
10478 1.115647
1243 1.115594
11090 1.115476
1391 1.115476
775 1.115476
18113 1.115340
28084 1.115264
7169 1.114997
24638 1.114997
12339 1.114997
16244 1.114728
9746 1.114650
15090 1.114387
22238 1.114014
2577 1.113942
5310 1.113763
23645 1.113509
5069 1.113416
5183 1.113051
25703 1.113051
7494 1.112469
2180 1.112469
6422 1.112024
29851 1.111983
25366 1.111799
19395 1.111489
23807 1.111389
28766 1.110833
13948 1.110645
15490 1.110645
16107 1.110266
27429 1.110266
14915 1.110170
28215 1.109688
11053 1.109421
21772 1.109362
19198 1.108948
15933 1.108880
2241 1.108698
13448 1.108496
2429 1.108330
7610 1.108190
4706 1.108190
20332 1.108190
10474 1.108019
1725 1.107768
13016 1.107674
11366 1.107325
20735 1.107325
2049 1.107197
26391 1.107148
24698 1.106614
7835 1.106614
17231 1.106614
14709 1.106614
3225 1.106112
14633 1.106020
11625 1.105602
26644 1.105414
18679 1.105292
2607 1.105141
18913 1.104609
25007 1.104556
19002 1.104378
29471 1.104378
13694 1.104167
602 1.104167
1429 1.104020
15960 1.103912
13164 1.103912
25518 1.103524
14598 1.103524
3891 1.102795
29566 1.102679
17521 1.102679
5880 1.102469
5036 1.102200
7970 1.101781
17263 1.101724
25610 1.101197
25067 1.100961
6519 1.100961
8115 1.100702
21528 1.100603
994 1.100268
20147 1.100180
28353 1.100180
19196 1.100180
9800 1.100108
17353 1.099381
10408 1.099381
29795 1.099381
12915 1.099381
15822 1.098799
5602 1.098638
25961 1.098638
3439 1.098207
17615 1.097879
29147 1.097725
18039 1.097725
2073 1.097156
5557 1.097156
6595 1.097103
20127 1.096800
20213 1.096367
22490 1.096125
26427 1.095733
18681 1.095087
5308 1.095087
9328 1.094734
22878 1.094163
25670 1.094018
20649 1.093759
18567 1.093533
28605 1.093533
26926 1.093288
23627 1.093288
28001 1.092952
6223 1.092952
11087 1.092893
8060 1.092242
6591 1.092242
10261 1.092242
23609 1.092242
10997 1.092063
20576 1.091785
17840 1.091496
15023 1.091152
20756 1.091152
27326 1.091152
12577 1.091075
15854 1.090954
7828 1.090220
3325 1.090220
11915 1.090220
12776 1.089565
15093 1.089521
12772 1.089413
6269 1.089264
9203 1.088707
1654 1.088589
512 1.088450
15310 1.088450
29963 1.088223
18490 1.087929
27425 1.087747
13478 1.087697
12084 1.087534
19114 1.087136
6360 1.086888
8971 1.086598
9361 1.086374
25486 1.086010
24898 1.085832
23628 1.085113
20143 1.085113
2491 1.085006
23190 1.084657
21265 1.084112
19378 1.084112
26408 1.083592
10120 1.083592
3305 1.083448
1961 1.083140
22369 1.083140
15717 1.083140
8411 1.083140
1510 1.083000
23851 1.082919
14733 1.082919
18154 1.082867
10756 1.082622
21257 1.082622
13269 1.082622
18358 1.082361
14204 1.082300
27996 1.081780
14336 1.081780
27115 1.081567
6837 1.081567
8903 1.081320
19922 1.081107
6393 1.080921
29617 1.079934
29796 1.079377
18321 1.079290
9419 1.079151
19681 1.079045
1743 1.078239
16138 1.078239
15921 1.077419
9192 1.077367
2665 1.077308
9281 1.077163
10233 1.077163
17807 1.077072
11434 1.077072
1859 1.076760
3673 1.076760
15445 1.076477
10231 1.076220
14267 1.075875
17509 1.075875
16032 1.075387
18345 1.075176
14363 1.074864
22773 1.074645
11832 1.074645
23367 1.074395
23214 1.074228
16070 1.074108
16545 1.073891
6952 1.073891
27058 1.073701
4508 1.073651
28690 1.072840
10200 1.072588
19979 1.072521
17618 1.072521
18505 1.072016
3768 1.071897
2687 1.071897
12945 1.071897
4332 1.071755
17833 1.071556
28624 1.071371
7558 1.071371
15285 1.070751
9075 1.070272
11172 1.070272
9351 1.070272
28583 1.070272
13247 1.069727
19621 1.069579
16824 1.069579
906 1.069579
10222 1.069579
6682 1.069579
20668 1.069299
29266 1.069102
6934 1.069102
2978 1.068843
27034 1.068843
11971 1.068781
10818 1.068680
24622 1.068680
28134 1.068255
20191 1.068255
2069 1.068255
3063 1.067970
26120 1.067528
6497 1.067395
15001 1.067146
11898 1.067007
25584 1.066813
7362 1.066519
24613 1.066519
15474 1.066519
8315 1.066308
16152 1.066026
12797 1.066026
12311 1.065884
24590 1.065884
20231 1.065457
23762 1.065300
14743 1.064866
67 1.064721
29167 1.064416
8078 1.063896
762 1.063710
3348 1.063629
4513 1.063264
2269 1.063174
3935 1.062964
26554 1.062859
19616 1.062773
16374 1.061902
24885 1.061902
20786 1.061902
4628 1.061902
10552 1.061017
14441 1.060975
2937 1.060876
7921 1.060754
25680 1.060505
2431 1.060196
3525 1.059936
16749 1.059323
2284 1.059264
378 1.058764
21157 1.058764
7079 1.058435
9186 1.058272
28023 1.057895
3468 1.057676
7293 1.057156
10229 1.056846
1750 1.056566
4955 1.056566
4196 1.056362
26920 1.056084
17873 1.055956
159 1.055956
4505 1.055903
1274 1.055903
4271 1.055434
27090 1.055382
2514 1.055051
24434 1.055051
23897 1.055051
22571 1.054278
17606 1.053822
15992 1.053574
16877 1.052787
9487 1.052567
929 1.052567
1222 1.052249
19580 1.052249
24606 1.052057
22735 1.052057
6249 1.051283
8026 1.051283
27071 1.051283
17208 1.051283
8320 1.051283
11871 1.050773
25244 1.050592
14748 1.049805
26806 1.049805
21915 1.049590
16873 1.049303
17184 1.049120
18174 1.049120
7216 1.049120
14206 1.048899
21847 1.048288
18096 1.048288
28556 1.048126
4938 1.048126
5002 1.047255
6232 1.047255
22301 1.046815
23016 1.046815
15393 1.046267
29773 1.046205
24554 1.045135
28283 1.044876
1096 1.044412
21890 1.043827
26379 1.043496
11794 1.043496
60 1.043202
253 1.042761
2755 1.042761
21005 1.042761
29418 1.042704
9329 1.042491
15664 1.041960
23472 1.041960
19027 1.041960
26663 1.041549
29736 1.041549
20712 1.041432
1888 1.041432
14986 1.041432
18089 1.041271
19530 1.040994
24671 1.040994
5056 1.040994
726 1.040571
21141 1.039887
27460 1.039805
19668 1.039805
28006 1.039663
3826 1.038304
1518 1.037140
22499 1.037091
5110 1.037038
9286 1.036768
11140 1.036047
24767 1.036047
888 1.035498
10810 1.035498
12551 1.034889
8196 1.034749
4641 1.034430
13656 1.034248
23319 1.034049
22555 1.034049
21173 1.033886
24456 1.033585
2917 1.033313
7203 1.033087
23285 1.032941
29398 1.032840
289 1.031815
20429 1.030992
29925 1.030992
22625 1.030670
15216 1.030670
7896 1.030670
5740 1.030670
26587 1.029828
20615 1.029766
27091 1.029766
16867 1.029505
16382 1.029309
23834 1.029156
22918 1.028509
26668 1.028509
4768 1.027921
18842 1.027921
9164 1.027921
23283 1.027534
25318 1.027489
16240 1.027358
22134 1.026894
26066 1.026894
3679 1.026791
16440 1.025384
13732 1.025161
2077 1.024836
2866 1.024474
2153 1.024423
2574 1.024081
5434 1.023883
25973 1.023471
4604 1.023035
7051 1.023035
12018 1.022081
29955 1.019857
8656 1.019857
17706 1.019661
20934 1.018974
5203 1.018974
17797 1.018974
20229 1.018621
20345 1.018577
6389 1.018337
9701 1.018062
21468 1.018002
21176 1.018002
27821 1.017602
2706 1.017538
21169 1.016240
2951 1.016145
7951 1.015733
12382 1.015733
3548 1.015733
2286 1.015201
19108 1.014572
20799 1.014396
21669 1.014246
26934 1.013634
81 1.013634
19080 1.013285
22615 1.012347
26331 1.012347
28709 1.012031
186 1.011335
20742 1.010536
25044 1.008353
4450 1.007549
1288 1.007480
25592 1.006976
9951 1.006976
11351 1.006976
1019 1.006808
25052 1.006754
17600 1.006754
27495 1.006357
11826 1.005575
20792 1.004811
4419 1.004559
6098 1.004062
29804 1.003361
771 1.003361
14378 1.002908
9987 1.002796
5651 1.001222
20734 1.001222
14211 1.001222
27579 1.001222
6006 0.999618
9284 0.999368
11048 0.997614
19578 0.997472
1031 0.997033
10132 0.997033
14124 0.996772
25642 0.996772
26878 0.996477
13480 0.995751
3306 0.995298
20520 0.995042
5523 0.994835
23765 0.994121
23740 0.993671
9353 0.993115
2265 0.992879
16553 0.992879
23624 0.992879
967 0.992879
2406 0.992497
12679 0.992078
8521 0.991454
20397 0.991109
5277 0.990456
16759 0.989909
24725 0.989714
28319 0.989714
19071 0.989563
14757 0.989443
8953 0.989303
7595 0.989303
4430 0.988386
26616 0.987316
21926 0.986944
16879 0.986389
9819 0.986389
22637 0.986052
27901 0.985578
14185 0.985405
18260 0.985405
1673 0.985261
18952 0.985138
5108 0.985138
12203 0.984673
8533 0.984430
22926 0.983657
18633 0.983657
28629 0.983657
6537 0.983144
23985 0.983144
988 0.982985
14932 0.982025
4910 0.981875
21106 0.981474
21159 0.981474
22522 0.979361
5510 0.979310
16019 0.979239
18212 0.977228
25495 0.976602
15738 0.974389
3141 0.974389
19643 0.973410
22915 0.973410
19905 0.973410
14762 0.972479
25428 0.971774
13781 0.971774
19435 0.971687
6710 0.970415
25728 0.970415
10048 0.970219
1527 0.968925
28073 0.968287
2383 0.968032
21375 0.967130
27046 0.967130
17734 0.965464
1544 0.965464
18616 0.964946
9846 0.964946
12000 0.964946
17199 0.963261
5489 0.963164
10315 0.962649
22776 0.962508
6850 0.961958
20903 0.961958
21874 0.961958
23757 0.961350
2172 0.958717
26054 0.958435
20738 0.958435
19535 0.958159
26030 0.956991
6150 0.956991
4433 0.955712
7787 0.955712
739 0.953942
24470 0.952917
3257 0.952917
19455 0.951013
10934 0.950909
5577 0.947698
26226 0.945824
5295 0.944687
23308 0.943913
1973 0.941117
16921 0.941117
22178 0.940542
29831 0.940003
24221 0.939170
11354 0.938741
1227 0.938555
6139 0.938467
9326 0.938304
29006 0.937190
24534 0.934474
29673 0.934474
23703 0.934474
28274 0.930148
25334 0.930148
91 0.929450
14374 0.928484
2955 0.927057
16605 0.926643
15255 0.925445
1191 0.924205
7341 0.923608
28872 0.922178
26860 0.922178
27911 0.920903
12435 0.920002
1132 0.917007
26477 0.914771
9621 0.912879
11824 0.912814
21824 0.909104
25133 0.907991
5902 0.907901
15758 0.906279
24920 0.905658
17144 0.902185
11724 0.901100
5851 0.898533
29405 0.896590
8960 0.895538
1428 0.887750
14054 0.877552
4121 0.872176
25930 0.872176
1342 0.870559
9090 0.864491
12867 0.856992
22863 0.856601
25716 0.848520
27111 0.622983
6293 0.622983
2090 0.620226
4305 0.619541
16181 0.619541
14570 0.619541
21221 0.619230
7206 0.618857
21447 0.618857
4240 0.618857
2657 0.617834
19086 0.617105
15358 0.616658
5384 0.616658
22230 0.616658
8687 0.616137
7352 0.615522
14393 0.615291
450 0.615291
18827 0.614785
2208 0.614785
4454 0.614785
14056 0.614208
22842 0.613543
24699 0.613249
13386 0.612770
3291 0.612600
24345 0.612101
15046 0.611858
24068 0.611858
7588 0.611858
29371 0.611858
28148 0.611002
8139 0.610704
25927 0.610269
15125 0.609440
10235 0.608958
1850 0.608824
20810 0.608824
19701 0.608237
2753 0.608180
10539 0.608180
18222 0.608180
11694 0.608180
9700 0.607408
22196 0.607408
18677 0.607408
18961 0.607408
7773 0.607408
26813 0.607408
21804 0.606145
20318 0.606086
13260 0.605678
19817 0.605678
27403 0.605678
2225 0.604799
29704 0.604539
5938 0.604186
2861 0.604186
12302 0.603514
1320 0.603385
2997 0.603385
28944 0.602886
17914 0.602886
3177 0.602886
4246 0.602886
27973 0.602886
23606 0.602217
18369 0.601593
5429 0.601533
14525 0.601533
28187 0.601394
14266 0.601394
1124 0.601010
28487 0.600004
17731 0.599662
18160 0.599416
6096 0.599282
28570 0.599282
17576 0.599282
7252 0.599022
8360 0.599022
8278 0.599022
7452 0.599022
1155 0.599022
29749 0.598721
1627 0.598527
1643 0.598432
4171 0.598063
11200 0.597952
21803 0.597886
14983 0.597629
19190 0.597629
26869 0.597629
29562 0.597629
941 0.597381
24084 0.597381
1499 0.597025
22019 0.596743
4296 0.596688
11967 0.596473
7331 0.596473
19790 0.596473
11745 0.595966
14553 0.595869
9347 0.595498
16728 0.595498
17182 0.595498
25341 0.595498
25245 0.595498
24945 0.595206
6992 0.594862
14869 0.594862
29928 0.594665
20288 0.594174
25311 0.594174
14722 0.594174
13451 0.593780
29759 0.593780
4961 0.593780
528 0.593517
9934 0.593317
10584 0.592940
29263 0.592593
3199 0.591974
17391 0.591833
13582 0.591833
20546 0.591697
11104 0.591631
18308 0.591439
2732 0.591439
17782 0.591198
12098 0.591198
26743 0.591083
3062 0.590917
20029 0.590759
25605 0.590464
8597 0.590326
10393 0.590326
1223 0.589946
29156 0.589717
9441 0.589505
24863 0.589404
24175 0.589308
6979 0.589215
11468 0.589125
2338 0.589125
28323 0.589038
9248 0.588719
23924 0.587914
4810 0.587914
3534 0.587914
28175 0.587914
4634 0.587914
10289 0.587814
2149 0.587814
27843 0.587814
29492 0.587719
12687 0.587719
13749 0.587719
22037 0.587462
1042 0.587462
18095 0.587462
4882 0.587384
16790 0.587384
2144 0.587169
27232 0.587104
2849 0.587104
5524 0.586868
24697 0.586763
28776 0.586575
11596 0.586532
9538 0.586490
20573 0.586450
19810 0.586450
28552 0.586411
9900 0.584046
16834 0.584046
8405 0.584046
2869 0.584046
1530 0.584046
2906 0.584046
11163 0.584046
25649 0.584046
19777 0.584046
23442 0.584046
21145 0.584046
24532 0.584046
27434 0.584046
18774 0.584046
14151 0.584046
3052 0.584046
5261 0.584046
8801 0.584046
14065 0.584046
24594 0.584046
17076 0.584046
22514 0.584046
25561 0.584046
22043 0.584046
25429 0.584046
24891 0.584046
12127 0.584046
10313 0.584046
14894 0.584046
25588 0.584046
3174 0.581701
24475 0.581662
4046 0.581662
3296 0.581540
7050 0.581540
5624 0.581540
113 0.581496
22530 0.581496
4457 0.581496
5627 0.581450
4913 0.581403
10645 0.581403
4915 0.581355
20609 0.581355
11320 0.581304
29520 0.581140
22367 0.581082
13444 0.580956
10624 0.580590
8985 0.580590
21493 0.580507
18622 0.580419
14842 0.580419
1338 0.580419
7086 0.580326
5051 0.580326
19489 0.580229
24545 0.579298
17948 0.578785
26669 0.578688
10944 0.578484
29760 0.578484
25319 0.578376
9134 0.578376
12944 0.578025
12404 0.577898
8910 0.577628
25508 0.577628
28677 0.577484
19384 0.577333
20184 0.577175
9373 0.577010
1486 0.577010
18682 0.577010
11990 0.577010
22095 0.576953
3317 0.576836
27554 0.576836
1704 0.576836
3663 0.576836
26451 0.576653
549 0.576590
21856 0.576461
19667 0.576461
17337 0.576189
9575 0.576046
4558 0.575897
7964 0.575897
19387 0.575742
16757 0.575742
13909 0.575582
27560 0.575415
4811 0.575415
10556 0.575415
13745 0.574873
27920 0.574873
28210 0.574676
717 0.574626
12692 0.574472
6658 0.574147
5520 0.574147
25413 0.574147
15721 0.574034
26501 0.574034
4111 0.573976
18352 0.573800
1958 0.573800
18274 0.573554
29011 0.573554
26334 0.573554
7276 0.573231
4190 0.573026
4689 0.572815
28507 0.572742
21409 0.572742
9909 0.572742
13770 0.572594
29590 0.572443
11235 0.572443
19822 0.572365
17302 0.572365
19720 0.572127
25377 0.572127
22542 0.572127
12450 0.572127
27916 0.571929
29134 0.571513
27526 0.571513
9975 0.571067
29533 0.570832
15784 0.570772
3338 0.570589
15244 0.570464
24973 0.570140
29341 0.570074
15552 0.570074
17966 0.570074
6022 0.569801
28848 0.569801
13492 0.569801
28794 0.569445
9253 0.569071
1535 0.569071
26044 0.569071
22798 0.568915
29353 0.568810
26386 0.568810
29702 0.568810
14780 0.568677
1954 0.568595
17614 0.568595
505 0.568261
7922 0.568261
23415 0.567972
7407 0.567972
11325 0.567671
16048 0.567359
9123 0.567035
11117 0.567035
25002 0.567035
27310 0.566767
14306 0.566649
29897 0.566649
23590 0.566348
1324 0.565908
24427 0.565603
8884 0.565446
15017 0.565378
4384 0.565378
10161 0.565378
13460 0.564960
23288 0.564960
7333 0.564897
20060 0.564897
10676 0.564897
9282 0.564792
14846 0.564792
659 0.564578
25456 0.564296
22016 0.563907
21376 0.563907
531 0.563553
27484 0.563553
11513 0.563433
16784 0.562936
9139 0.562936
961 0.562641
14167 0.562641
26266 0.562591
15751 0.562415
28518 0.562415
22851 0.562415
20188 0.562415
12206 0.562235
19046 0.562184
1577 0.562184
14883 0.562184
12628 0.562007
24050 0.562007
4083 0.561867
15767 0.561867
7705 0.561706
21889 0.561706
5326 0.561706
24513 0.561583
8614 0.561486
10964 0.561291
17376 0.561142
18011 0.560684
29229 0.560684
24479 0.560304
29677 0.560138
15294 0.559506
146 0.559506
2902 0.559368
24219 0.559368
13876 0.559368
29315 0.559368
28040 0.559368
28992 0.559193
8602 0.559087
25214 0.559087
14027 0.558964
11814 0.558896
11998 0.558653
14244 0.558653
10279 0.558653
6401 0.558333
8817 0.558089
23366 0.558089
1315 0.558089
18005 0.557670
26755 0.557608
19180 0.557608
6965 0.557499
15144 0.557499
6159 0.557364
15354 0.557255
3698 0.557255
5204 0.557255
162 0.556971
22938 0.556881
19857 0.556881
2131 0.556754
3000 0.556708
475 0.556234
12218 0.556234
21077 0.555633
20346 0.555633
1697 0.555237
18533 0.555237
5457 0.555237
22143 0.554844
12572 0.554844
29061 0.554711
28850 0.554349
18250 0.554349
15624 0.554165
25263 0.554095
23914 0.554095
5539 0.554095
18049 0.553837
17444 0.553837
20076 0.553662
21453 0.553662
6233 0.553598
11731 0.553598
23462 0.553598
25857 0.553554
10362 0.553307
5372 0.553307
2318 0.553307
4836 0.552943
18647 0.552758
195 0.552646
3714 0.552542
27927 0.552398
2736 0.552398
19586 0.552189
8010 0.552189
2864 0.552010
15256 0.551956
19950 0.551956
19518 0.551762
16821 0.551460
16734 0.551398
715 0.551398
9355 0.551398
20716 0.551340
23235 0.551235
19354 0.551235
14854 0.551235
11375 0.551235
20917 0.550808
3704 0.550808
1633 0.550566
8488 0.550566
11016 0.550566
19645 0.549691
3491 0.549691
6188 0.549691
457 0.549691
28316 0.549691
28842 0.549691
9324 0.549691
18910 0.549691
20836 0.549691
3423 0.549003
20644 0.549003
5926 0.548940
2085 0.548940
3833 0.548400
26753 0.548288
22562 0.548155
19039 0.547994
24377 0.547994
25085 0.547866
11627 0.547543
7130 0.547335
16042 0.547081
9519 0.547081
28176 0.547081
6379 0.547009
22492 0.546767
12984 0.546767
24103 0.546767
23753 0.546121
16965 0.546121
1118 0.546121
9368 0.546121
3912 0.546121
9595 0.546121
24380 0.545956
26776 0.545838
8130 0.545748
8205 0.545576
29799 0.545505
14941 0.545453
16564 0.545110
24451 0.545110
12749 0.545110
3890 0.545110
28147 0.544632
27077 0.544632
26803 0.544632
26169 0.544632
3954 0.544450
23543 0.544354
12794 0.544354
13973 0.544225
4098 0.544225
20502 0.544225
454 0.544225
17568 0.543874
10520 0.543640
28445 0.543640
13019 0.543521
24541 0.543299
27237 0.542750
10090 0.542750
18849 0.542598
24288 0.542526
9467 0.542329
17460 0.542329
2183 0.542329
26051 0.542098
27808 0.542098
19638 0.542098
23428 0.541899
20238 0.541899
23936 0.541899
28972 0.541724
6721 0.541570
5150 0.541500
971 0.541311
10726 0.541011
15681 0.540158
25293 0.540158
8878 0.540086
11081 0.539918
23184 0.539120
5458 0.539120
9470 0.539120
19052 0.539120
10564 0.539120
23988 0.539120
5215 0.539120
5167 0.539120
3991 0.539120
26442 0.538291
18245 0.538239
26969 0.538179
20579 0.538110
19590 0.538110
11136 0.538030
16864 0.537937
22195 0.537937
6633 0.537937
4206 0.537616
24445 0.537529
273 0.537529
11423 0.537432
10974 0.537432
17017 0.537054
13234 0.537054
25250 0.536825
18690 0.536691
21328 0.536540
26156 0.536369
25546 0.536174
5262 0.535822
22794 0.535613
27488 0.535376
252 0.535161
22370 0.535161
11060 0.535104
3155 0.534921
28937 0.534921
1398 0.534789
6845 0.534789
4611 0.534789
3071 0.534421
4349 0.534284
5365 0.534284
23141 0.534284
20468 0.533985
1745 0.533985
27052 0.533985
4830 0.533697
7238 0.533646
20430 0.533573
15267 0.533376
27281 0.533376
28622 0.533260
1302 0.533260
24270 0.533013
8307 0.532814
23225 0.532814
391 0.532814
7878 0.532814
18456 0.532814
6112 0.532602
13384 0.532602
6457 0.532602
29413 0.532433
21480 0.532295
24752 0.532131
28236 0.532002
17374 0.531899
9292 0.531899
8917 0.531899
10296 0.531814
26537 0.531814
17593 0.530951
13075 0.530951
24036 0.530951
20220 0.530951
17814 0.530951
24907 0.530487
19809 0.530438
3081 0.530438
18551 0.530438
27299 0.530300
6011 0.529535
22146 0.529191
7198 0.528948
22442 0.528766
25866 0.528549
21120 0.528423
16343 0.528423
28904 0.527951
4276 0.527951
25448 0.527841
10636 0.527526
22947 0.527526
27557 0.527526
28221 0.527526
7440 0.527526
28409 0.527526
13300 0.527192
15442 0.527192
24780 0.527192
1026 0.527139
24450 0.527066
6143 0.526884
3011 0.526884
3887 0.526787
28514 0.526464
3801 0.526283
12010 0.526283
25664 0.526168
28939 0.526028
29945 0.526028
24957 0.525947
29421 0.525947
28382 0.525642
20760 0.525407
2066 0.525407
22972 0.525296
12580 0.525296
9327 0.525296
9632 0.525106
18238 0.524450
1469 0.524450
15283 0.524217
23406 0.524217
13794 0.524217
26225 0.524217
2767 0.524144
18911 0.524144
27967 0.524144
24934 0.524004
23718 0.523872
18611 0.523872
17285 0.523808
14527 0.523628
7695 0.523460
3343 0.523408
4640 0.523408
3129 0.523305
21567 0.522860
11348 0.522860
18147 0.522708
4150 0.522568
25601 0.522568
22269 0.522438
8014 0.522377
8066 0.522377
12718 0.522206
12962 0.522052
19655 0.522052
20079 0.522052
3783 0.521787
17322 0.521567
17264 0.521470
2325 0.520635
21954 0.520563
17283 0.520497
1361 0.520497
7590 0.520382
9022 0.520332
7785 0.519152
413 0.519152
11185 0.519152
14501 0.519152
7952 0.519152
11006 0.519152
11703 0.519152
20646 0.519152
17647 0.519152
29700 0.519152
542 0.519152
22165 0.518106
5795 0.518106
18165 0.518066
13099 0.518024
15140 0.517978
5813 0.517978
5719 0.517928
28661 0.517814
572 0.517749
26027 0.517749
19631 0.517677
13595 0.517677
11011 0.517677
11362 0.517677
14375 0.517598
7986 0.516855
12460 0.516855
6791 0.516656
15012 0.516543
10758 0.516420
28803 0.516284
6602 0.516284
28841 0.516025
21298 0.515967
1159 0.515907
20911 0.515907
5255 0.515907
10852 0.515781
24272 0.515781
15707 0.515644
2752 0.515496
16549 0.514965
17191 0.514914
17752 0.514753
9091 0.514389
20334 0.514184
17412 0.513961
7361 0.513961
24568 0.513961
26771 0.513767
17321 0.513767
9905 0.513558
26316 0.513447
3608 0.513332
21978 0.513087
14542 0.512821
8223 0.512821
8948 0.512821
19346 0.512581
13281 0.512581
24357 0.512530
16185 0.512321
12696 0.512321
13158 0.512041
622 0.511861
26456 0.511644
21253 0.511404
26402 0.511040
16596 0.511040
27504 0.511040
10284 0.511040
26231 0.511040
25931 0.510745
7345 0.510641
16505 0.510641
8861 0.510557
13126 0.510332
19251 0.510084
4871 0.509929
11166 0.509929
3764 0.509713
19276 0.509538
23896 0.509538
17307 0.509487
19031 0.509310
3924 0.509310
18433 0.509168
25776 0.509001
14576 0.508872
5731 0.508769
25595 0.508769
21853 0.508685
15069 0.508685
22648 0.508685
21449 0.508464
21113 0.508464
2006 0.508393
12649 0.508393
6726 0.508393
20412 0.507866
8931 0.507866
18856 0.507866
10104 0.507866
11649 0.507866
21602 0.507353
7675 0.507286
34 0.507002
16099 0.506791
8994 0.506642
16539 0.506518
9512 0.506518
24312 0.506518
17002 0.506173
22240 0.506173
4054 0.506173
28037 0.505925
20500 0.505772
28435 0.505668
2227 0.505490
9477 0.505490
8266 0.505425
23977 0.505379
19345 0.504804
22031 0.504404
2280 0.504287
10419 0.504124
18135 0.504124
14997 0.504124
19665 0.504073
4687 0.503883
18617 0.503673
16157 0.503673
678 0.503673
26431 0.503488
4104 0.503488
22049 0.503377
26369 0.503377
26576 0.503377
21673 0.503377
1448 0.503006
4268 0.502856
138 0.502856
6071 0.502723
27906 0.502723
20411 0.502405
24537 0.502405
7505 0.502280
28908 0.502171
28839 0.501554
2825 0.501485
11684 0.501425
20267 0.501373
17945 0.501373
29039 0.501327
620 0.501327
6408 0.501287
14618 0.500611
23692 0.500611
8617 0.500611
29727 0.500611
11435 0.500611
10380 0.500611
13044 0.500611
7989 0.500611
3452 0.500611
20857 0.500611
27784 0.499835
26105 0.499562
15648 0.499562
18903 0.499094
26314 0.498991
13985 0.498736
15297 0.498576
22652 0.498516
24799 0.498516
16801 0.498386
25488 0.498070
29765 0.498070
4074 0.497649
27444 0.497381
22659 0.497307
11013 0.497061
12147 0.497061
17138 0.496580
28984 0.496439
3828 0.496181
16500 0.496181
7040 0.495843
9668 0.495554
800 0.495554
46 0.495554
25923 0.495170
29919 0.495170
20262 0.495170
7085 0.495086
4418 0.495086
22366 0.495086
11641 0.494954
22520 0.494857
23969 0.494721
15588 0.494598
322 0.494379
19277 0.493730
27010 0.493730
22984 0.493356
5105 0.492956
23004 0.492569
29378 0.492569
24072 0.492569
25350 0.492493
24821 0.491828
4584 0.491828
2774 0.491828
15179 0.491828
1265 0.491828
11010 0.491301
11028 0.491301
22118 0.491301
14113 0.491254
18255 0.491254
4173 0.491198
3054 0.491130
28146 0.491045
13483 0.491045
2372 0.490470
17837 0.490182
24770 0.490182
4786 0.490182
18639 0.489845
16396 0.489620
29675 0.489620
19177 0.489486
23917 0.489253
28181 0.489253
10594 0.488969
25797 0.488969
27905 0.488969
14786 0.488969
5367 0.488969
11654 0.488742
4596 0.488692
18254 0.488614
4378 0.488355
1682 0.488158
24633 0.488158
2405 0.488003
20260 0.487650
29318 0.487302
10840 0.487302
11938 0.487167
14705 0.486705
14454 0.486705
18242 0.486705
14905 0.486705
2281 0.486265
15679 0.486211
2165 0.486211
19210 0.485926
4537 0.485611
2004 0.485441
21154 0.485441
7349 0.485441
24768 0.485109
22515 0.485109
11094 0.485055
7668 0.485055
15720 0.484869
24189 0.484686
17496 0.484634
28152 0.484462
29763 0.484462
10188 0.484462
11331 0.484183
6378 0.484183
3025 0.484074
5623 0.483755
129 0.483755
23033 0.483703
18258 0.483349
14985 0.483349
132 0.482812
3150 0.482683
16322 0.482309
12060 0.482309
17340 0.482070
25501 0.481904
1480 0.481838
24168 0.481838
4434 0.481838
10847 0.481838
20728 0.481582
27723 0.481582
17741 0.481396
14026 0.481325
11401 0.481274
24114 0.480979
1183 0.480979
15575 0.480979
16625 0.480979
7702 0.480650
11537 0.480650
8877 0.480587
10363 0.480337
169 0.480216
8444 0.480216
7141 0.480038
21965 0.480038
15853 0.479533
6509 0.479479
12062 0.479217
19 0.479217
20131 0.479217
12575 0.478967
16820 0.478967
17862 0.478967
4442 0.478967
4057 0.478918
10994 0.478918
15085 0.478918
29995 0.478633
7284 0.478496
24487 0.478362
9503 0.478166
13760 0.478166
20083 0.478103
20583 0.477563
24741 0.477285
9063 0.477022
28161 0.477022
15501 0.476971
14239 0.476772
799 0.476459
25745 0.476310
1733 0.476165
18219 0.476095
7837 0.475889
29480 0.475889
16432 0.475694
25615 0.475156
13191 0.475156
19417 0.474992
29612 0.474992
8450 0.474939
24174 0.474939
8664 0.474834
3622 0.474733
478 0.474538
2981 0.474538
22956 0.474538
8479 0.474176
4931 0.473849
2613 0.473696
13318 0.473696
4942 0.473696
8972 0.473412
18344 0.473345
8253 0.473345
4119 0.473345
4563 0.473345
14006 0.473279
9764 0.473151
14862 0.473151
5585 0.472912
18583 0.472639
7002 0.472639
29908 0.472487
877 0.472343
23822 0.472208
12775 0.472208
5655 0.472079
29961 0.471730
16317 0.471730
24572 0.471624
27735 0.471624
18247 0.471524
26919 0.471336
10680 0.471336
2809 0.471005
25185 0.471005
8153 0.470176
22677 0.470086
24185 0.470086
20633 0.470086
9581 0.470002
15985 0.470002
5083 0.469922
28014 0.469922
28830 0.469922
25925 0.469922
13314 0.469847
5420 0.469776
18518 0.469709
27512 0.469709
28527 0.469709
21068 0.469527
22510 0.469527
15704 0.469277
8995 0.469234
3878 0.469234
5850 0.469113
14574 0.469113
8733 0.467237
12478 0.467237
4919 0.467237
5399 0.467237
22376 0.467237
8773 0.467237
7746 0.467237
28945 0.467237
19520 0.467237
28982 0.467237
26525 0.467237
13088 0.467237
8919 0.467237
12284 0.467237
12942 0.467237
4073 0.467237
17296 0.467237
284 0.467237
11697 0.467237
9425 0.467237
17304 0.465338
9939 0.465298
9860 0.465298
13603 0.465170
13342 0.465123
12686 0.464969
10697 0.464912
23177 0.464582
24619 0.464582
28606 0.464505
653 0.464422
8275 0.464335
28233 0.464143
25972 0.464143
28978 0.463375
17455 0.463294
3101 0.463120
11603 0.462931
9011 0.462493
10877 0.462493
10092 0.462370
21381 0.461804
17366 0.461641
7731 0.461641
15663 0.461469
5438 0.461469
26320 0.461469
21133 0.461469
12079 0.461347
25097 0.461347
26655 0.461285
23001 0.461285
553 0.461089
1065 0.461089
27515 0.460951
1815 0.460807
15600 0.460656
5656 0.460656
25269 0.460498
12242 0.460158
29244 0.460158
11182 0.459974
19797 0.459974
7115 0.459731
29429 0.459731
29987 0.459731
21927 0.459731
29668 0.459577
25934 0.459577
14426 0.459362
5350 0.459250
19851 0.459250
2445 0.459250
11376 0.459135
20968 0.459135
20989 0.458893
19901 0.458893
11428 0.458893
24294 0.458893
24758 0.458638
11897 0.458638
27564 0.458504
5251 0.458295
21588 0.458075
4925 0.457845
539 0.457845
5669 0.457603
18330 0.457603
14515 0.457348
24599 0.457080
14400 0.457080
21534 0.456796
18743 0.456496
21372 0.456371
1072 0.456178
26551 0.456112
14461 0.456112
23722 0.456112
15510 0.455841
29654 0.455841
21988 0.455257
3504 0.455101
9280 0.454941
20433 0.454941
13713 0.454609
16068 0.454609
19203 0.454552
17317 0.453887
19111 0.453722
17581 0.453628
433 0.453495
26993 0.453495
12001 0.453495
12102 0.453437
4875 0.453437
24157 0.453437
2216 0.453290
22245 0.453139
26357 0.453078
26910 0.453078
13114 0.453078
10942 0.453078
21421 0.452934
18773 0.452829
25602 0.452636
13267 0.452559
10397 0.452559
10194 0.452504
18851 0.452165
13272 0.452165
9102 0.452165
4424 0.452165
15051 0.452165
25656 0.452165
18587 0.451748
16878 0.451308
13695 0.451194
28133 0.451194
4567 0.451046
21686 0.450843
12323 0.450843
3586 0.450843
1794 0.450475
25821 0.450349
13917 0.450091
16392 0.450003
12297 0.449747
12716 0.449747
12655 0.449688
2038 0.449688
17336 0.449266
15598 0.449266
15906 0.449266
9771 0.449266
3308 0.449266
23422 0.448824
1717 0.448759
16984 0.448547
27988 0.448547
19779 0.448464
6168 0.448359
28480 0.448222
8511 0.447870
29320 0.447769
20753 0.447769
25636 0.447769
1489 0.447652
9491 0.447587
8967 0.447048
12124 0.446922
21608 0.446624
11788 0.446624
3456 0.446471
2181 0.446471
6611 0.446405
27062 0.446405
11835 0.446238
9844 0.446238
14764 0.445911
22893 0.445911
12963 0.445911
16597 0.445911
28905 0.445561
16253 0.445561
27880 0.445459
9914 0.444988
18441 0.444988
1048 0.444988
26387 0.444988
13707 0.444988
13358 0.444495
27018 0.444383
21009 0.444383
8911 0.444305
22261 0.444068
28923 0.443875
17073 0.443579
6237 0.443579
16182 0.443276
26851 0.443276
22020 0.443276
20036 0.443070
12264 0.442355
20819 0.442241
27028 0.442241
1390 0.442241
9150 0.441981
19289 0.441667
7167 0.441596
18744 0.441596
9814 0.441596
16772 0.441399
13235 0.440790
19337 0.440790
24069 0.440596
19991 0.440538
11095 0.440428
15261 0.440151
17720 0.439999
10106 0.439867
27174 0.439752
16491 0.439752
7786 0.439605
1277 0.439374
2079 0.439283
7181 0.439203
25775 0.439203
11052 0.438920
319 0.438920
7576 0.438920
25178 0.438920
3735 0.438776
13430 0.438776
11368 0.438672
24281 0.438035
23414 0.438035
17698 0.438035
6736 0.438035
27948 0.438035
17639 0.438035
27427 0.438035
7236 0.438035
19270 0.437413
328 0.437413
4864 0.437315
28903 0.437254
10311 0.437093
21183 0.436848
23091 0.436670
4293 0.436430
2374 0.436275
16462 0.436217
3410 0.436088
9805 0.436088
9111 0.435765
25442 0.435380
23995 0.435380
22411 0.435380
17291 0.435314
29247 0.435172
23099 0.435172
5289 0.435079
10870 0.435079
12625 0.434928
10021 0.434928
22163 0.434874
4245 0.434639
17795 0.434415
1137 0.434415
20681 0.434415
2353 0.434045
28531 0.433863
18302 0.433722
17826 0.433722
12424 0.433663
7793 0.433519
9660 0.433410
7124 0.433410
2008 0.433410
28451 0.433325
28248 0.433000
29451 0.432627
24263 0.432627
646 0.432194
12444 0.432194
17583 0.431807
20757 0.431525
25628 0.431458
5256 0.431458
12178 0.431458
4602 0.431296
9211 0.431141
28189 0.430947
27355 0.430854
6176 0.430693
7758 0.430350
3398 0.430350
4694 0.429643
13501 0.429643
16225 0.429523
25386 0.429299
12948 0.428658
26290 0.428531
2034 0.428471
29181 0.428301
10742 0.428097
3329 0.428097
7727 0.427915
9414 0.427915
15247 0.427605
10139 0.427537
23396 0.427537
9093 0.427472
24094 0.427351
22954 0.427188
7996 0.426917
6917 0.426917
29642 0.426803
16699 0.426608
28440 0.426608
1694 0.426608
2067 0.426523
27780 0.426097
7299 0.426097
13862 0.426010
18628 0.425934
27804 0.425867
13406 0.425867
26756 0.425867
652 0.425867
13331 0.425807
24782 0.425753
29362 0.425661
25089 0.425661
24029 0.425621
25301 0.424761
7214 0.424761
5614 0.424761
22811 0.424761
5181 0.424761
1664 0.424761
9035 0.424761
2968 0.423905
8653 0.423821
13918 0.423773
3066 0.423773
26589 0.423660
28374 0.423594
3793 0.423519
16031 0.423013
8542 0.422930
11796 0.422839
9904 0.422626
21413 0.422626
3493 0.422202
15949 0.422202
26221 0.422084
5118 0.422020
7003 0.422020
3979 0.422020
17738 0.422020
11040 0.422020
5015 0.421954
13790 0.421653
13891 0.421653
1003 0.421279
76 0.421279
10777 0.421279
17535 0.421279
15636 0.421279
19599 0.421057
15018 0.421057
3720 0.421057
5750 0.420934
562 0.420513
24525 0.420513
26110 0.420318
18040 0.420266
11865 0.419988
9184 0.419674
16852 0.419606
27438 0.419315
28807 0.419315
19666 0.419315
4238 0.419315
19284 0.418990
21199 0.418990
7950 0.418750
28729 0.418623
27110 0.418421
19255 0.418421
11678 0.418206
4327 0.417941
23720 0.417642
16378 0.417642
19815 0.417531
17040 0.417176
26887 0.417176
14723 0.416725
4683 0.416725
24090 0.416450
15428 0.416350
3070 0.416350
1208 0.416350
3931 0.416033
20534 0.415865
17599 0.415762
966 0.415762
7355 0.415762
19782 0.415322
11051 0.415107
21502 0.414837
9682 0.414484
8022 0.414484
22418 0.414484
20688 0.414484
27955 0.414299
23970 0.414007
23558 0.414007
27201 0.414007
9296 0.414007
27597 0.414007
19485 0.414007
16582 0.413838
29946 0.413583
5269 0.413484
11680 0.413399
16329 0.413106
19352 0.413027
520 0.413027
18098 0.413027
18130 0.412962
9622 0.412268
12152 0.412268
8374 0.412268
29138 0.412268
19385 0.412268
2580 0.412268
9490 0.412268
29722 0.412268
3753 0.411614
16212 0.411614
1214 0.411487
28536 0.411487
3301 0.411487
12874 0.411169
16193 0.410995
4100 0.410995
6248 0.410995
23763 0.410995
10292 0.410887
1405 0.410887
10426 0.410887
26689 0.410887
2877 0.410758
4562 0.410602
18068 0.410602
18703 0.409857
19144 0.409857
3561 0.409663
15403 0.409663
17432 0.409663
25011 0.409434
23103 0.409332
3544 0.409101
24637 0.408832
6980 0.408832
22131 0.408832
15498 0.408513
22063 0.407590
13958 0.407335
9908 0.406864
4502 0.406798
11494 0.406798
29325 0.406746
29652 0.406704
16360 0.406704
5660 0.406704
8041 0.406293
29933 0.406293
3629 0.406293
25799 0.406293
6260 0.405758
11829 0.405758
20166 0.405758
1596 0.405365
4566 0.405257
7285 0.405119
18962 0.405064
27739 0.404939
5634 0.404939
758 0.404939
16993 0.404784
13683 0.404534
6743 0.403920
19508 0.403920
5996 0.403785
16559 0.403634
2164 0.403634
27668 0.403438
19282 0.403270
19309 0.403199
10009 0.403199
23229 0.402452
18385 0.402257
7846 0.402257
822 0.402257
22074 0.401824
17999 0.401697
4251 0.401532
21891 0.401371
3 0.401371
5351 0.401163
6523 0.401163
22740 0.401163
24253 0.401062
18542 0.400884
8125 0.400884
14289 0.400884
331 0.400816
1986 0.400768
6522 0.400489
22137 0.400489
3829 0.400489
686 0.400180
18884 0.399775
15756 0.399611
11091 0.399451
7057 0.399348
13620 0.399221
21362 0.399221
11562 0.398861
17373 0.398861
658 0.398861
17217 0.398861
23342 0.398591
8797 0.398526
11107 0.398526
2691 0.398526
13787 0.398213
14887 0.398094
20022 0.398094
19358 0.398094
22836 0.397866
3879 0.397648
5981 0.397392
25020 0.397246
1671 0.397151
28818 0.397151
22857 0.396711
23947 0.396508
13525 0.396508
165 0.396443
29986 0.396195
27852 0.396195
14913 0.395964
29255 0.395964
2822 0.395800
1270 0.395747
15766 0.395176
2218 0.395007
14163 0.394848
20417 0.394698
3961 0.394698
29275 0.394421
20572 0.394421
4386 0.394231
24620 0.394231
14128 0.394171
27344 0.394055
10216 0.394055
27378 0.393892
18758 0.393892
16069 0.393892
13536 0.393739
25626 0.393739
15284 0.393739
2373 0.393463
12529 0.393337
8694 0.393337
23327 0.393337
7043 0.393219
2081 0.393108
22602 0.393003
26472 0.392904
21114 0.392904
13908 0.392904
9442 0.392904
5818 0.392904
29052 0.392636
3347 0.392636
6924 0.392556
3486 0.392556
14051 0.392479
20501 0.392479
14469 0.391876
21356 0.391876
20339 0.391783
10062 0.391696
8857 0.391615
1143 0.391615
11543 0.391539
18675 0.391539
18869 0.391469
9399 0.391341
28727 0.391341
18469 0.391341
23417 0.391227
5369 0.391175
14245 0.391079
4000 0.391079
16533 0.390993
25855 0.390953
25399 0.389364
3416 0.389364
22807 0.389364
9613 0.389364
4210 0.389364
5589 0.389364
4519 0.389364
29996 0.389364
3302 0.389364
13737 0.389364
1389 0.389364
16196 0.389364
17218 0.389364
22834 0.389364
28862 0.387664
23281 0.387618
7353 0.387465
9707 0.387465
23975 0.387408
9669 0.387347
25881 0.387347
20172 0.387282
13174 0.387139
24593 0.387060
9301 0.386146
21143 0.385792
19112 0.385691
1521 0.385584
10299 0.385085
12192 0.384940
12494 0.384940
26145 0.384783
4466 0.384616
19472 0.384616
16076 0.384616
7961 0.384557
2254 0.384435
5598 0.384307
19226 0.384241
28943 0.384241
5543 0.383880
563 0.383880
13197 0.383880
22916 0.383880
6986 0.383553
29243 0.383374
18875 0.382981
16394 0.382473
15523 0.382285
11551 0.382285
15066 0.382086
26118 0.382018
15044 0.381654
4946 0.381418
19324 0.381218
21340 0.381218
6216 0.381218
19256 0.381218
1228 0.381009
17060 0.380900
6792 0.380788
4710 0.380788
4495 0.380309
19056 0.379867
12989 0.379867
22518 0.379630
7162 0.379630
19525 0.379482
7377 0.379380
18267 0.379251
11955 0.379118
8949 0.379118
19197 0.379118
8681 0.378548
26634 0.378548
4842 0.378488
16971 0.378330
24110 0.378111
9786 0.378055
2826 0.377912
7811 0.377565
6117 0.377462
6603 0.377272
1526 0.377197
114 0.376804
4024 0.376447
7650 0.376385
23700 0.376385
18150 0.376165
13179 0.376069
22979 0.375938
26056 0.375821
21547 0.375458
3873 0.375458
16855 0.375458
9874 0.375291
25295 0.375242
23202 0.375242
12513 0.375076
14292 0.375076
511 0.375076
8644 0.374943
8623 0.374943
23421 0.374943
22112 0.374943
6286 0.374943
8235 0.374789
12301 0.374389
19326 0.374306
12910 0.374243
29829 0.374194
16665 0.373790
26690 0.373790
27330 0.373790
29825 0.373790
2011 0.373308
8495 0.373237
7371 0.373004
12549 0.373004
5964 0.372912
29519 0.372795
2082 0.372643
14936 0.372249
21117 0.372249
18028 0.372249
24494 0.371882
9531 0.371666
16513 0.371666
14582 0.371314
21267 0.371314
23482 0.371170
8774 0.371041
13881 0.371041
28335 0.370823
21841 0.370823
23192 0.370371
7394 0.370371
9801 0.370371
18948 0.370089
27260 0.369984
25764 0.369566
22252 0.369566
12660 0.369499
26572 0.369499
13256 0.369397
7225 0.369397
18669 0.368871
639 0.368871
22704 0.368871
20425 0.368871
27131 0.368871
17206 0.368871
25249 0.368871
10896 0.368126
22476 0.368126
29712 0.368126
9433 0.368126
16931 0.367490
20367 0.367384
17612 0.367325
8729 0.367260
176 0.367260
19219 0.367115
23514 0.367115
2599 0.366666
2637 0.366460
1028 0.366460
15326 0.366460
17162 0.366460
20168 0.366266
13586 0.366038
29328 0.365908
20163 0.365664
11253 0.365664
15110 0.365375
5737 0.364607
14945 0.364607
9124 0.364244
26721 0.363832
5161 0.363717
27498 0.363651
24553 0.363651
16558 0.363651
8749 0.363407
2570 0.363407
27711 0.363407
29301 0.363407
24942 0.363138
28836 0.362902
16355 0.361732
23826 0.361669
22874 0.361669
3641 0.361552
5164 0.361266
19875 0.361266
23294 0.361047
11904 0.361047
21894 0.360522
23128 0.360522
5050 0.360522
13115 0.360522
5469 0.360522
16556 0.360440
18176 0.360369
10072 0.360307
23316 0.360253
22075 0.360205
29688 0.360205
14767 0.359413
25843 0.359413
25454 0.359413
13435 0.359413
24632 0.358667
13640 0.358625
2503 0.358625
5734 0.358523
12345 0.358523
15864 0.358523
1451 0.358462
24283 0.358392
4659 0.358392
26148 0.358392
24602 0.358311
9526 0.358311
26720 0.358215
14295 0.357964
15923 0.357884
12607 0.357794
2193 0.357693
22536 0.357693
27279 0.357693
20140 0.357579
13533 0.357449
13455 0.357299
26090 0.357299
12506 0.357124
25355 0.357124
18699 0.357059
23690 0.356757
4607 0.356757
16707 0.356576
24577 0.356190
13944 0.355990
14536 0.355843
29872 0.355764
1492 0.355764
26695 0.355715
14474 0.355715
78 0.355506
1800 0.355506
25635 0.355272
9848 0.355008
20736 0.355008
14136 0.354864
4037 0.354709
27960 0.354709
16415 0.354365
26029 0.354365
17683 0.354365
24309 0.354303
1651 0.353967
6762 0.353967
25162 0.353502
17104 0.353502
10560 0.353372
521 0.353372
10960 0.353372
12940 0.353372
13180 0.353144
23116 0.353023
28719 0.353023
18964 0.352861
4406 0.352812
6039 0.352812
12706 0.352632
17267 0.352632
27472 0.352442
882 0.352442
23350 0.352385
14187 0.352385
12970 0.352028
11716 0.351684
10400 0.351562
17729 0.351377
8515 0.351191
19885 0.351103
15241 0.351103
13283 0.351033
4877 0.350976
16192 0.350929
25848 0.350929
4325 0.350929
5219 0.350428
20596 0.350428
25082 0.350428
3838 0.350428
29224 0.349955
827 0.349863
17898 0.349803
14484 0.349336
15138 0.349336
21524 0.349224
19854 0.349085
1857 0.348911
28310 0.348684
28126 0.348492
27000 0.348378
24340 0.348251
26223 0.348181
12612 0.348181
7630 0.347711
15797 0.347711
28789 0.347144
12300 0.347090
16680 0.347090
4080 0.346958
878 0.346958
23593 0.346958
10514 0.346857
22011 0.346857
8230 0.346577
7021 0.346515
4676 0.346101
23806 0.346101
24190 0.346101
12846 0.346101
26801 0.345755
19248 0.345660
14297 0.345589
12542 0.345249
8652 0.344865
16543 0.344865
7751 0.344683
28318 0.344438
8373 0.343978
16485 0.343854
17239 0.343854
8029 0.343557
15988 0.343557
10739 0.343231
1687 0.343231
4176 0.342810
1203 0.342640
813 0.342640
15106 0.342640
17281 0.342640
3877 0.342168
8073 0.342119
19529 0.341881
15798 0.341881
21474 0.341547
21921 0.341547
21255 0.341360
14288 0.341360
5946 0.341360
17273 0.341240
23040 0.340957
28231 0.340903
23253 0.340694
436 0.340694
19672 0.340497
20976 0.340449
21746 0.340449
21248 0.340449
6073 0.340371
7591 0.340371
18654 0.340371
27933 0.340371
19510 0.340078
19458 0.339809
29605 0.339622
9563 0.339562
1052 0.339446
23368 0.339334
18088 0.339124
9062 0.339124
5152 0.338928
29710 0.338928
15719 0.338419
489 0.338419
13937 0.338271
25398 0.338271
2859 0.338271
2277 0.338132
4796 0.338132
28912 0.337939
2650 0.337762
5741 0.337762
282 0.337599
1142 0.337449
11123 0.337449
13827 0.337310
6958 0.337310
12786 0.337181
27170 0.336845
10603 0.336845
27685 0.336655
5341 0.336569
13077 0.336488
22310 0.336411
26955 0.335827
6046 0.335827
29196 0.335739
27376 0.335659
22607 0.335659
6678 0.335659
2065 0.335516
17686 0.335393
9432 0.335338
3281 0.335286
18503 0.335237
29999 0.335192
11633 0.335192
5229 0.333741
13249 0.333741
24665 0.333741
5210 0.333741
28686 0.333741
14698 0.333741
29235 0.333741
19753 0.333741
24612 0.333741
25435 0.333741
22745 0.333741
9387 0.333741
12666 0.333741
15199 0.333741
11711 0.332344
5057 0.332344
17876 0.332344
13054 0.332302
11708 0.332257
5067 0.332257
4095 0.332210
7486 0.332210
13581 0.332105
20341 0.332105
21683 0.332047
29682 0.332047
24076 0.331917
20839 0.331844
26531 0.331844
2166 0.331766
25390 0.331681
27124 0.331681
27531 0.331681
10500 0.331681
22071 0.331588
13672 0.331588
28081 0.330960
13211 0.330876
10137 0.330787
12852 0.330787
11817 0.330485
18602 0.330370
2733 0.330370
14327 0.330113
8100 0.330113
19194 0.330113
10725 0.329970
14519 0.329814
6035 0.329704
13911 0.329646
3075 0.329462
18845 0.329462
12291 0.329462
2232 0.329330
21419 0.329190
19274 0.329040
1751 0.328880
22004 0.328709
3904 0.328526
24257 0.328379
20892 0.328379
18301 0.328329
24744 0.328329
23095 0.328224
4212 0.328224
12208 0.328116
11653 0.328060
25835 0.328060
5402 0.327886
2142 0.327636
29384 0.327636
633 0.327363
15270 0.327363
22438 0.327292
12135 0.327066
22254 0.327066
26654 0.327066
15708 0.327066
9262 0.326563
25443 0.326283
9085 0.326283
3654 0.326224
13810 0.325979
8452 0.325979
29560 0.325650
18118 0.325439
2437 0.325292
1383 0.325292
26250 0.325292
27462 0.325139
1761 0.324761
15431 0.324761
3992 0.324470
23591 0.324470
14538 0.324160
2716 0.324095
9842 0.323828
26625 0.323828
19428 0.323828
14427 0.323688
24788 0.323472
18252 0.323246
4756 0.323246
27606 0.323089
95 0.322975
885 0.322975
3017 0.322762
287 0.322616
7665 0.322616
13517 0.322569
14590 0.322569
26612 0.322232
15025 0.322232
2053 0.322232
5512 0.321874
15435 0.321750
6864 0.321750
25039 0.321493
11919 0.321380
24242 0.320849
19240 0.320653
9055 0.320450
17577 0.320391
16243 0.320283
22484 0.320025
18932 0.319835
14824 0.319688
24562 0.319572
29375 0.319572
21518 0.319478
24031 0.319230
12399 0.319151
27136 0.319089
5415 0.318571
23297 0.318571
10083 0.318571
13960 0.318571
19693 0.318571
17180 0.318571
12710 0.318571
26691 0.318571
10771 0.318571
15968 0.318571
5825 0.318571
23913 0.318571
13580 0.318119
28454 0.318015
15791 0.318015
15547 0.318015
21105 0.317942
29249 0.317721
27551 0.317721
10549 0.317129
15036 0.316970
27411 0.316771
12412 0.316771
23210 0.316771
11005 0.316771
19571 0.316771
25571 0.316586
28957 0.316072
20549 0.315959
416 0.315434
20102 0.315385
2321 0.315313
12089 0.315313
16529 0.314991
1432 0.314719
7825 0.314486
18958 0.314285
8295 0.314224
9298 0.314224
16978 0.314109
891 0.314003
22825 0.313654
13458 0.313654
27226 0.313514
22982 0.313391
6781 0.313391
28376 0.313391
2703 0.313231
22961 0.313231
25997 0.313231
10112 0.313097
26830 0.312982
17704 0.312982
3350 0.312882
3966 0.312795
15160 0.312795
21995 0.312483
7836 0.312397
468 0.312397
28337 0.312262
5116 0.312163
29521 0.311491
22184 0.311491
5495 0.311491
24320 0.311491
5237 0.311491
26088 0.310591
16913 0.310591
4622 0.310015
10395 0.309902
24317 0.309902
10734 0.309615
22868 0.309495
2342 0.309428
15512 0.308806
28910 0.308747
15911 0.308553
11661 0.308376
1902 0.308376
24696 0.308329
20888 0.308329
6798 0.308068
10969 0.307952
29340 0.307693
13926 0.307393
21552 0.307393
10792 0.307393
27307 0.307041
5173 0.307041
24717 0.306872
20272 0.306772
14207 0.305929
26511 0.305783
10480 0.305783
4409 0.305783
7754 0.305669
29953 0.305669
989 0.305384
17124 0.305384
10667 0.305297
14145 0.305230
27827 0.305134
3145 0.304720
12202 0.304293
12770 0.304293
8377 0.304293
20232 0.304293
10187 0.304247
18912 0.304247
537 0.304191
14839 0.304119
1716 0.304119
2872 0.303894
4609 0.303809
6905 0.303809
28788 0.303704
18373 0.303572
3300 0.303401
15239 0.303401
3209 0.303401
29653 0.303401
19563 0.303401
17921 0.303401
20816 0.303401
12886 0.303401
22750 0.303255
20295 0.303073
25527 0.303020
13380 0.302839
19049 0.302664
21191 0.302664
19848 0.302330
11940 0.302330
22621 0.302330
2421 0.302093
5298 0.302093
6865 0.302093
1939 0.301867
16698 0.301867
11872 0.301867
6627 0.301443
14053 0.301443
2125 0.301108
26633 0.301055
2814 0.300981
26313 0.300981
21694 0.300697
20175 0.300697
8867 0.300697
26941 0.300562
10283 0.300367
9646 0.300367
28160 0.300233
15845 0.300180
15189 0.300060
4617 0.299831
188 0.299776
12980 0.299511
25698 0.299511
10148 0.299263
16036 0.299146
25271 0.299146
12821 0.298814
22025 0.298814
309 0.298690
27812 0.298513
25283 0.298455
13155 0.298236
14977 0.298032
22748 0.297603
2264 0.297603
17762 0.297533
28949 0.297533
9181 0.297533
4869 0.297333
21433 0.297333
29245 0.297146
13493 0.297146
28829 0.296973
28489 0.296863
15785 0.296863
23251 0.296863
25303 0.296810
24559 0.295987
23979 0.295720
29033 0.295541
11221 0.295541
20937 0.295541
27792 0.295541
28078 0.295232
7106 0.294858
19402 0.294858
22628 0.294858
12862 0.294752
3766 0.294752
16270 0.294477
4400 0.294397
6167 0.293860
13609 0.293692
14201 0.293381
18151 0.293381
29007 0.293333
9634 0.293333
12247 0.293245
29284 0.293245
25258 0.293205
11255 0.292023
29857 0.292023
4204 0.292023
17809 0.292023
3974 0.292023
19262 0.292023
2953 0.290850
20916 0.290811
16764 0.290811
15263 0.290811
9036 0.290770
15016 0.290770
23268 0.290677
15946 0.290626
24005 0.290570
12442 0.290570
21659 0.290570
10151 0.290570
5553 0.290510
9685 0.290373
4089 0.290295
797 0.290295
19152 0.290295
24792 0.289687
15389 0.289687
16964 0.289527
27414 0.289344
4285 0.289132
14783 0.289013
27522 0.288742
14326 0.288742
8364 0.288588
16288 0.288295
624 0.288295
26624 0.288295
12769 0.288231
2886 0.288023
29696 0.288023
12405 0.287871
28963 0.287707
6292 0.287707
22102 0.287530
5476 0.287530
22655 0.287530
29730 0.287338
1006 0.287074
3633 0.286900
18474 0.286714
2320 0.286714
27539 0.286648
777 0.286513
15638 0.286513
7138 0.286371
14291 0.286371
10234 0.286371
25060 0.286297
8084 0.286297
13472 0.286297
9155 0.286063
26096 0.286063
1904 0.285810
12515 0.285810
6036 0.285647
27106 0.285416
16922 0.285168
1007 0.284901
25242 0.284901
5389 0.284901
2463 0.284405
14627 0.284405
20666 0.283956
14002 0.283956
4753 0.283747
12132 0.283583
26506 0.283583
14560 0.283518
13552 0.283174
20561 0.283174
20566 0.282856
11606 0.282856
858 0.282856
29344 0.282723
4108 0.282603
16215 0.282396
18757 0.282289
11017 0.282148
11906 0.281594
3614 0.281468
15645 0.281468
4156 0.281468
22493 0.281468
18053 0.281468
11153 0.281321
19500 0.280934
28763 0.280934
5600 0.280934
26441 0.280853
4515 0.280853
29901 0.280791
27481 0.280342
1317 0.280342
6402 0.280342
25593 0.280342
27987 0.280342
29608 0.280342
12966 0.279912
24598 0.279855
2341 0.279855
172 0.279783
12650 0.279543
11746 0.279448
4865 0.279448
14579 0.279167
16960 0.279102
8174 0.278947
4626 0.278947
1768 0.278804
14636 0.278749
19121 0.278628
6380 0.278486
1892 0.278486
601 0.278354
15080 0.277661
21426 0.277355
25225 0.277174
11650 0.277174
4153 0.276799
12175 0.276323
13977 0.276323
9159 0.275699
14663 0.275699
5040 0.275699
2198 0.275617
25364 0.275617
13484 0.275550
21662 0.274845
20713 0.274845
591 0.274845
4234 0.274845
20148 0.274845
6683 0.274845
26468 0.274845
6925 0.274845
9205 0.274845
13490 0.274248
23840 0.274248
27122 0.274248
10328 0.274248
10839 0.274200
1453 0.273997
26185 0.273695
22898 0.273695
21322 0.273505
16720 0.273505
749 0.273383
11461 0.273238
4838 0.273061
7464 0.273061
12481 0.272753
11961 0.272753
27037 0.272753
11110 0.272555
12987 0.272380
6274 0.272316
19008 0.272316
9133 0.272177
6826 0.272177
20717 0.272086
13722 0.271937
17135 0.271884
29121 0.271649
12053 0.271424
21780 0.271375
25971 0.271375
10897 0.271375
9767 0.271375
16179 0.271164
25272 0.271164
23639 0.270717
3421 0.270656
12095 0.270302
1632 0.270011
11567 0.269959
25612 0.269560
9751 0.269560
13830 0.269146
10000 0.269089
15794 0.269015
21153 0.269015
27738 0.269015
19034 0.269015
6787 0.268765
29929 0.268661
15686 0.268661
7782 0.268087
10258 0.268087
21974 0.267911
6946 0.267911
13505 0.267911
29093 0.267843
13250 0.267843
10451 0.267688
18466 0.267688
3316 0.267688
3942 0.267581
673 0.267395
19110 0.267395
2517 0.267325
1185 0.267275
9959 0.267275
25144 0.266993
306 0.266993
12965 0.266993
25235 0.266688
8935 0.266630
1251 0.266301
7936 0.266301
24284 0.266301
18318 0.266301
1747 0.266148
17993 0.265907
6505 0.265793
14628 0.265727
24966 0.265244
27580 0.264768
23935 0.264474
8697 0.264274
29160 0.264211
3378 0.264211
3556 0.263976
18532 0.263920
28858 0.263763
21285 0.263570
19454 0.263570
20617 0.263393
3240 0.263232
5499 0.263232
25926 0.263084
28700 0.263084
17261 0.263084
24416 0.262947
21060 0.262947
7649 0.262947
24274 0.262821
5477 0.262821
25720 0.262704
20622 0.262648
122 0.262493
27599 0.262352
7841 0.262352
27752 0.262109
15086 0.261904
6299 0.261814
19445 0.260894
1241 0.260836
24727 0.260783
10360 0.260690
13532 0.260649
10894 0.260649
3397 0.259576
5504 0.259576
11330 0.259576
11027 0.259576
13433 0.259576
2031 0.259576
3027 0.259576
8432 0.259576
29449 0.258428
4341 0.258272
2454 0.258067
21039 0.257984
21941 0.257984
9841 0.257984
23077 0.257891
11630 0.257457
16548 0.257376
7239 0.256980
4952 0.256411
5604 0.256411
278 0.256411
3219 0.256411
14475 0.256411
7526 0.256227
869 0.256227
8609 0.256227
27025 0.256020
13176 0.255520
26188 0.255372
12951 0.255321
1200 0.255101
6490 0.254857
23162 0.254857
2694 0.254655
6276 0.254655
18051 0.254655
6774 0.254584
25566 0.254436
2553 0.254146
26415 0.253933
9145 0.253933
486 0.253643
13557 0.253454
24779 0.253321
17477 0.253321
20730 0.252963
4340 0.252963
10554 0.252963
24709 0.252886
8023 0.252202
5391 0.252202
17036 0.252202
27244 0.251941
14414 0.251941
19841 0.251941
9199 0.251941
21724 0.251941
15635 0.251744
20535 0.251589
18487 0.251589
9945 0.251362
22218 0.251203
11403 0.251085
27283 0.250777
5072 0.250306
18915 0.250306
4698 0.249917
233 0.249781
28599 0.249781
19896 0.249781
25432 0.249592
11880 0.249592
8933 0.249495
14387 0.249495
5834 0.249368
18350 0.249193
20575 0.249193
7874 0.248938
24047 0.248938
24276 0.248824
22222 0.248824
11922 0.248530
20281 0.248220
18854 0.248090
20883 0.248090
21867 0.247975
29197 0.247543
27810 0.247543
4958 0.246532
20977 0.246478
22380 0.245914
3668 0.245914
1528 0.245914
24608 0.245914
7259 0.245398
8227 0.245299
9302 0.245299
25372 0.244743
10190 0.244743
15229 0.244627
15852 0.244627
2076 0.244627
22763 0.244627
27340 0.244307
26372 0.244307
22097 0.244238
23232 0.244238
9450 0.244079
21411 0.243939
11594 0.243939
8142 0.243776
19694 0.243583
23028 0.243353
16780 0.243132
26903 0.242963
13818 0.242963
5220 0.242871
17859 0.242720
1683 0.242720
931 0.242720
27443 0.242434
12721 0.242092
6023 0.242092
10114 0.241674
10998 0.241674
28974 0.241674
14788 0.241674
17265 0.241341
12501 0.241236
11681 0.241236
25921 0.241155
2059 0.240844
16976 0.240698
23761 0.240293
15292 0.240293
17776 0.239932
946 0.239876
13481 0.239609
27371 0.239609
2465 0.239609
29994 0.239609
10993 0.239609
27865 0.239316
17674 0.239248
8326 0.239248
25040 0.239248
29278 0.238928
10162 0.238810
28117 0.238643
4503 0.238386
18830 0.238155
29699 0.238155
4856 0.238083
28467 0.237176
20070 0.237004
18614 0.236848
22141 0.236706
15796 0.236576
18451 0.236400
4139 0.236400
2666 0.235978
782 0.235865
930 0.235762
10548 0.235668
28344 0.235088
26072 0.235001
16983 0.234855
1430 0.234639
20768 0.234639
7062 0.234596
11145 0.234557
24308 0.233618
22636 0.233618
8690 0.233618
7559 0.233618
14190 0.233618
27750 0.233618
16882 0.233618
11346 0.233618
21964 0.233618
9293 0.233618
21203 0.233618
20683 0.233618
17673 0.233618
15675 0.233618
1120 0.233618
23017 0.232607
21519 0.232561
25959 0.232561
20091 0.232328
3179 0.232252
29807 0.231605
26784 0.231514
11129 0.231514
26846 0.231415
25315 0.231185
12407 0.231185
3083 0.230902
11988 0.230734
11232 0.230734
5601 0.230734
23051 0.230328
11343 0.230328
24999 0.230328
6105 0.230166
6295 0.229987
6278 0.229987
22591 0.229789
21182 0.229625
6255 0.229625
5667 0.229567
9574 0.229567
7618 0.229447
28071 0.229252
1698 0.228802
13550 0.228802
28129 0.228540
19016 0.228427
11361 0.228427
19967 0.228248
24827 0.228248
17387 0.227679
22470 0.227550
16830 0.227416
12036 0.227304
18693 0.227129
27428 0.226998
16514 0.226814
28626 0.226814
19744 0.226718
29285 0.226718
19916 0.226414
7601 0.226082
19400 0.226082
8978 0.226082
22061 0.226082
29626 0.226082
4429 0.226082
5122 0.225766
17665 0.225718
20282 0.225718
19957 0.225718
5151 0.225654
6034 0.225421
27940 0.225317
29322 0.225174
17023 0.225174
22416 0.224873
27468 0.224873
29982 0.224873
27645 0.224633
16932 0.224633
1445 0.224633
3488 0.224437
18573 0.224437
1947 0.224379
3029 0.224379
10961 0.224274
11707 0.224179
7128 0.224179
5951 0.224018
20331 0.223884
10193 0.223826
4631 0.223558
25326 0.223461
17118 0.223202
7762 0.223119
12952 0.223119
10650 0.223053
11934 0.223053
24679 0.221990
2943 0.221990
10240 0.221872
25170 0.221872
18792 0.221872
4521 0.221872
23633 0.221790
29898 0.221790
17963 0.221790
27379 0.221323
5485 0.221323
533 0.221177
6765 0.221177
5176 0.221177
6435 0.221120
14303 0.220833
22130 0.220214
6166 0.220164
2962 0.220164
1506 0.219876
9720 0.219641
13496 0.219641
9710 0.219017
20962 0.219017
11879 0.219017
13712 0.219017
8637 0.218707
24105 0.218658
17222 0.218658
11121 0.218658
23189 0.218424
22999 0.218215
28878 0.218215
19118 0.218215
5453 0.218044
19044 0.217780
3523 0.217780
16777 0.217780
17645 0.217657
12932 0.217657
24506 0.217657
14949 0.217657
18204 0.217586
24913 0.217539
24729 0.217539
20769 0.217320
15109 0.217320
19221 0.217320
24589 0.217079
20485 0.217079
6598 0.217023
9673 0.216759
8028 0.216313
21523 0.216313
23848 0.216313
27265 0.216313
25559 0.216123
19752 0.215950
28054 0.215950
21878 0.215843
16844 0.215843
18473 0.215792
9120 0.215648
8067 0.215648
28417 0.215473
16961 0.215175
9623 0.215175
23112 0.215175
12881 0.214986
17382 0.214986
22298 0.214929
1508 0.214329
17536 0.214329
16934 0.214329
2573 0.214235
2638 0.214150
9148 0.213769
29902 0.213769
18655 0.213769
3154 0.213594
6147 0.213522
29788 0.213522
4986 0.213401
21801 0.212380
29816 0.212380
29840 0.212380
18022 0.212380
10719 0.212380
23093 0.212380
3601 0.212380
12204 0.211419
20019 0.211369
8865 0.211369
19237 0.211369
5075 0.211101
11579 0.211101
14694 0.211101
6887 0.211010
18844 0.210557
3319 0.210367
17732 0.209994
20834 0.209780
21758 0.209780
11146 0.209658
29430 0.209523
12548 0.209375
4520 0.209375
27195 0.209211
12866 0.208821
10663 0.208588
20420 0.208588
7466 0.208392
2765 0.208392
6486 0.208322
1814 0.208322
6196 0.208322
5705 0.208175
25560 0.207933
17813 0.207933
16996 0.207661
26943 0.207661
2763 0.207418
7063 0.207004
22900 0.207004
24523 0.207004
1275 0.206742
11531 0.206514
11996 0.206454
2490 0.206410
18277 0.206410
29084 0.206134
25487 0.206134
12021 0.206134
1211 0.205584
665 0.205379
14182 0.205379
5304 0.205379
26157 0.205271
27097 0.204928
12319 0.204928
21764 0.204928
22528 0.204717
27565 0.204717
16361 0.204416
28441 0.204416
26605 0.204257
4278 0.204133
590 0.203667
9028 0.203147
17257 0.203147
16435 0.203147
18710 0.203147
12582 0.203147
4585 0.203147
18568 0.202628
26158 0.202628
13835 0.202559
5333 0.202469
23817 0.202469
12226 0.202469
12113 0.202267
3596 0.202267
2457 0.201893
17120 0.201893
28456 0.201395
2710 0.201395
14045 0.201395
19168 0.201203
12678 0.201128
17506 0.201128
16301 0.201065
23090 0.200962
25539 0.200848
11165 0.200654
19440 0.200654
22953 0.200582
2487 0.200582
23869 0.200244
6283 0.200244
25681 0.200244
20820 0.200244
12048 0.200244
29691 0.199944
17710 0.199887
3758 0.199674
19559 0.199430
26632 0.199295
4548 0.199107
18685 0.199107
4504 0.199107
20266 0.199107
18795 0.198824
19290 0.198576
2618 0.198222
28610 0.197982
26835 0.197772
29390 0.197772
10242 0.197588
15194 0.197424
18646 0.197146
2091 0.197146
12851 0.197028
6552 0.197028
7071 0.197028
7408 0.196731
5169 0.196610
9156 0.196610
5961 0.195770
21932 0.195701
10045 0.195540
27167 0.195540
24107 0.194682
16072 0.194682
8138 0.193874
13255 0.193832
24302 0.193785
12275 0.193673
21122 0.193673
1127 0.193606
15897 0.193606
20844 0.193530
27617 0.193530
25541 0.193530
21216 0.193530
28931 0.192896
17628 0.192675
10030 0.192675
26970 0.192543
3467 0.192543
22217 0.192543
7379 0.192392
9208 0.192279
26733 0.192218
22121 0.192154
7042 0.192154
16541 0.191861
13355 0.191861
23885 0.191491
22693 0.191491
24997 0.191491
25497 0.191267
12764 0.191267
29477 0.191267
12285 0.191142
5706 0.191142
7830 0.190938
5003 0.190277
24854 0.190155
5388 0.189934
211 0.189934
8435 0.189815
26309 0.189741
974 0.189690
6589 0.189690
18588 0.188783
1087 0.188636
12532 0.188571
3370 0.188571
22439 0.188571
7548 0.188083
20850 0.187969
13316 0.187834
10215 0.187834
16722 0.187834
3187 0.187729
14640 0.187729
24402 0.187472
6331 0.187336
20714 0.187289
14349 0.187289
21914 0.186895
10621 0.186895
16501 0.186895
23854 0.186895
25186 0.186895
11424 0.186895
24481 0.186895
18886 0.186456
22485 0.186068
14116 0.185965
23940 0.185965
12491 0.185833
9417 0.185722
1636 0.185657
6170 0.185657
20121 0.185585
17909 0.185585
26977 0.185585
18340 0.185185
20363 0.184948
22789 0.184948
4954 0.184722
20427 0.184722
5503 0.184436
7409 0.184436
19874 0.184436
28783 0.184133
8416 0.183745
19821 0.183745
27160 0.183745
12259 0.183630
19865 0.183470
28271 0.183230
26676 0.183230
1786 0.183230
26947 0.183230
10537 0.183230
6843 0.183019
25829 0.183019
27019 0.183019
3503 0.182954
7873 0.182665
8375 0.182514
19998 0.182336
27076 0.182336
25137 0.182336
18110 0.182040
18193 0.182040
10949 0.181916
5034 0.181859
21510 0.181859
20638 0.181703
5370 0.181569
11622 0.181569
28805 0.180866
11984 0.180575
2451 0.180437
11936 0.180437
1245 0.179707
13121 0.179707
21794 0.179707
19639 0.179707
24591 0.179707
23946 0.179707
3643 0.178725
11564 0.178649
1400 0.178562
29359 0.178263
27047 0.178095
27707 0.177882
371 0.177882
6476 0.177753
6057 0.177753
27027 0.177753
27152 0.177753
21487 0.177432
19940 0.177432
3003 0.177432
19607 0.176984
10907 0.176686
13463 0.176686
27631 0.176572
28646 0.176572
27392 0.176512
4318 0.176316
13801 0.175947
5266 0.175842
8680 0.175551
25445 0.175551
3282 0.175214
4500 0.175214
7033 0.175214
22932 0.174487
29647 0.174487
4897 0.174342
6492 0.174342
441 0.174189
18650 0.174126
14974 0.174126
6727 0.173766
71 0.173545
10355 0.173545
4528 0.173479
28149 0.173479
12990 0.173051
20470 0.173051
12196 0.173051
13966 0.172559
24603 0.172140
17671 0.171927
28109 0.171778
23335 0.171778
6381 0.171638
7073 0.171584
5392 0.171584
12983 0.171463
13335 0.171463
15088 0.171320
10078 0.170940
15844 0.170940
14755 0.170451
27730 0.170451
2988 0.170111
19869 0.170111
6653 0.169904
17635 0.169904
12935 0.169904
522 0.169904
18857 0.169904
25645 0.169723
4928 0.169723
9743 0.169136
1796 0.169136
28072 0.169066
20285 0.168881
27518 0.168881
28471 0.168881
8154 0.168881
18947 0.168591
14039 0.168475
16418 0.168475
10437 0.168374
17777 0.168284
16562 0.168284
7739 0.168205
24393 0.168205
4329 0.167870
3033 0.167870
20504 0.167792
9107 0.167792
23066 0.167669
18075 0.167669
11329 0.167669
13045 0.167619
5763 0.167619
1300 0.166870
12408 0.166870
9278 0.166870
5493 0.166870
14928 0.166870
24473 0.166870
23079 0.166870
26858 0.166870
697 0.166172
13816 0.166079
13768 0.166079
19928 0.165883
24488 0.165883
22159 0.165794
19519 0.165794
29950 0.165480
23146 0.165185
29692 0.165057
20382 0.164793
13352 0.164793
7955 0.164731
14226 0.164731
26642 0.164731
24610 0.164731
11861 0.164520
26362 0.164520
24851 0.164520
27614 0.164164
13657 0.163943
21451 0.163682
12114 0.163533
22060 0.163533
25299 0.163533
10683 0.163437
24422 0.163282
21300 0.163282
5886 0.163282
23730 0.163227
19714 0.162990
28966 0.162767
26217 0.162646
21793 0.162646
27177 0.162646
22817 0.162517
28013 0.162409
14890 0.162048
8965 0.161814
23124 0.161116
1967 0.160690
27863 0.160690
6405 0.160613
3949 0.160425
7899 0.160013
6753 0.159844
28028 0.159844
28962 0.159615
20812 0.159615
27888 0.159615
5638 0.159285
3358 0.159285
4208 0.159285
28934 0.159285
3541 0.159285
3323 0.159007
26395 0.159007
10326 0.158861
10895 0.158003
14270 0.158003
8441 0.157850
7708 0.157850
24645 0.157657
27494 0.157496
4229 0.157360
27682 0.157360
7893 0.157142
29879 0.157142
23695 0.157054
27855 0.156695
5704 0.156695
725 0.156695
21496 0.156397
18548 0.156397
2770 0.155746
12139 0.155746
3213 0.155746
22120 0.155746
8220 0.155746
7287 0.155746
3104 0.155746
14005 0.155746
9494 0.155746
12316 0.154885
16342 0.154714
921 0.154714
13744 0.154714
11448 0.154276
12470 0.154276
22795 0.154276
18991 0.153880
482 0.153880
641 0.153696
4820 0.153552
2377 0.153552
1092 0.153386
7652 0.153192
7561 0.153192
11506 0.153025
14202 0.152964
5532 0.152964
14380 0.152835
10214 0.152567
26420 0.152360
17907 0.152360
4822 0.152124
17170 0.151947
19236 0.151852
17342 0.151852
20511 0.151165
27499 0.151097
20999 0.151097
18934 0.151046
2784 0.151046
22345 0.150722
11492 0.150349
16686 0.150116
4700 0.150116
13473 0.149755
20797 0.149755
7459 0.149608
6093 0.149608
21843 0.149516
12581 0.149407
6942 0.149345
17881 0.148875
26894 0.148802
7843 0.148544
27446 0.148329
10204 0.147860
29912 0.147860
19771 0.147690
15063 0.147690
10538 0.147327
10441 0.147327
25572 0.147239
6236 0.147239
19973 0.146930
14784 0.146846
9964 0.146846
16275 0.146776
1109 0.146717
29475 0.146666
28294 0.146666
26390 0.146012
26233 0.146012
16350 0.146012
2074 0.146012
10921 0.146012
6733 0.146012
14717 0.145406
6061 0.145363
24396 0.145313
305 0.145255
6454 0.145105
1001 0.145105
8496 0.144209
16808 0.144209
17551 0.144209
18635 0.144209
3729 0.143618
5830 0.143450
6358 0.143032
3600 0.142824
21699 0.142584
17434 0.142450
9641 0.142450
29152 0.142450
18309 0.142306
24998 0.142306
28998 0.142306
18298 0.142203
985 0.141978
16992 0.141918
19068 0.141587
13611 0.141587
23895 0.141587
11198 0.141258
29939 0.141258
7848 0.141198
26189 0.141198
16580 0.140875
3441 0.140734
15910 0.140604
6496 0.140426
7081 0.140426
5726 0.140372
25109 0.140171
14855 0.140171
22821 0.140171
25309 0.140171
18874 0.139956
18736 0.139891
28262 0.139772
28105 0.139772
19705 0.139772
26599 0.139314
16176 0.139314
1516 0.139177
12364 0.139177
26550 0.139177
28202 0.139059
23980 0.139059
21864 0.138678
17029 0.138587
17456 0.138327
26112 0.138327
10866 0.138236
27904 0.138236
13002 0.138161
3449 0.138161
26353 0.138100
8945 0.138100
28269 0.137423
690 0.137423
2424 0.137423
6084 0.137423
22451 0.137423
8471 0.137423
27393 0.137423
4105 0.137423
3473 0.137423
27354 0.136848
3945 0.136804
4965 0.136752
732 0.136692
10668 0.136530
13846 0.136190
15548 0.136088
22818 0.135649
8505 0.135649
19474 0.135582
3627 0.135431
15349 0.135431
7036 0.135040
1893 0.135040
9037 0.134780
15967 0.134780
19271 0.134780
9993 0.134545
384 0.134263
5537 0.134263
13940 0.134135
27271 0.134043
10962 0.133790
13413 0.133496
2453 0.133496
7363 0.133496
11365 0.133496
18692 0.133496
14899 0.133496
854 0.133496
22193 0.132954
22778 0.132738
14443 0.132738
11956 0.132464
10427 0.132237
20198 0.132237
5321 0.131988
25292 0.131785
8539 0.131616
9870 0.131474
11732 0.131474
4829 0.131474
22629 0.131352
21244 0.131352
25585 0.131352
4015 0.131001
19344 0.130594
19263 0.130594
12078 0.130594
7866 0.130513
16047 0.130513
21866 0.130392
8954 0.129788
18601 0.129788
10906 0.129788
4141 0.129788
7323 0.129236
2010 0.129190
16005 0.129136
27185 0.128490
4806 0.128490
4719 0.128362
4643 0.128362
14998 0.128362
2941 0.128205
28828 0.128205
22346 0.128010
11784 0.128010
2522 0.128010
26787 0.127660
21149 0.127607
13319 0.127607
1463 0.127428
17111 0.127428
9999 0.127218
9901 0.127073
29858 0.126967
10607 0.126661
15971 0.126591
13231 0.126591
9794 0.126591
22122 0.126591
16434 0.126543
12610 0.125902
17333 0.125601
13023 0.125356
27175 0.125153
13769 0.125153
13504 0.124981
16536 0.124748
28528 0.124597
9777 0.124597
18804 0.124265
15521 0.124045
5725 0.123961
27223 0.123771
4109 0.123680
3267 0.123608
26544 0.123548
13510 0.123499
9661 0.122957
4578 0.122957
29889 0.122957
28808 0.122957
13408 0.122957
18472 0.122957
19061 0.122957
8305 0.122957
27439 0.122461
15162 0.122372
15327 0.122313
6126 0.121969
24833 0.121969
22517 0.121969
23818 0.121969
28758 0.121888
25500 0.121536
13924 0.121536
3163 0.121536
20528 0.121360
2178 0.121360
21571 0.121360
20588 0.121360
28246 0.121217
17478 0.121046
24672 0.121046
7655 0.120837
5778 0.120837
11406 0.120648
6060 0.120147
13143 0.120147
23585 0.119804
11480 0.119804
20720 0.119804
25796 0.119464
14126 0.119295
7722 0.119193
7806 0.119193
24325 0.119041
17991 0.118972
29048 0.118972
25591 0.118789
12525 0.118424
20988 0.118288
1196 0.118122
8554 0.117881
14452 0.117881
3285 0.117544
15982 0.117462
26697 0.117298
2667 0.116809
29924 0.116809
28906 0.116809
1440 0.116809
19373 0.116809
20908 0.116809
7973 0.116281
5382 0.116164
4032 0.116164
27500 0.115653
23563 0.115526
1876 0.115367
490 0.115367
23256 0.115367
18360 0.115367
27524 0.115367
17171 0.115367
106 0.114659
11972 0.114425
649 0.114270
23672 0.114213
3444 0.113960
26964 0.113960
6827 0.113960
15165 0.113708
2961 0.113407
21010 0.113270
24484 0.113270
21996 0.113270
2603 0.113041
26426 0.112859
14803 0.112711
18185 0.112437
23211 0.112317
1421 0.112317
18652 0.111913
5307 0.111913
4743 0.111779
3845 0.111247
8666 0.111247
7200 0.110767
27367 0.110720
8104 0.110720
4790 0.110661
3073 0.110589
27728 0.110197
14496 0.110197
4494 0.110197
28772 0.110082
13511 0.109938
130 0.109938
25494 0.109821
21374 0.109821
1438 0.109509
18803 0.109353
2223 0.109295
26681 0.109168
28313 0.108941
7385 0.108660
426 0.108431
15659 0.108380
2831 0.108380
9837 0.108032
23531 0.107975
16703 0.107587
6190 0.107587
22441 0.107587
18092 0.107411
4147 0.107164
20017 0.106884
1599 0.106729
18166 0.106675
25988 0.106631
13340 0.106631
8856 0.106631
2590 0.106190
12855 0.106190
22371 0.106190
18026 0.105710
1425 0.105710
15427 0.105590
23263 0.105590
9463 0.105505
27466 0.105320
28790 0.105234
24166 0.105234
1547 0.104829
20727 0.104762
9871 0.104605
15005 0.104410
14935 0.104087
22202 0.104087
2486 0.104041
15608 0.103830
6703 0.103621
1614 0.103502
19259 0.103371
4195 0.103257
18376 0.103205
8287 0.103205
13837 0.103067
13166 0.103067
2464 0.102916
20930 0.102851
5479 0.102792
13991 0.102689
26677 0.102564
26116 0.102128
4420 0.102017
20978 0.101573
1061 0.101573
8928 0.101573
2177 0.101085
28212 0.101024
7096 0.100946
25625 0.100698
7301 0.100698
21592 0.100698
11420 0.100698
28238 0.100601
18899 0.100481
27196 0.100327
15621 0.100265
28658 0.100265
912 0.100122
12154 0.100122
19541 0.099944
15277 0.099837
27423 0.099715
3762 0.099412
27671 0.099412
11124 0.099412
12077 0.099178
29253 0.099111
12720 0.098886
29964 0.098573
2813 0.098573
29771 0.098514
22260 0.098514
19895 0.098159
6621 0.098159
3286 0.097924
13205 0.097924
18003 0.097851
11046 0.097748
5393 0.097748
1726 0.097341
25208 0.096937
9160 0.096892
9747 0.096892
7698 0.096837
8131 0.096765
1684 0.096338
346 0.096196
2015 0.096139
1603 0.096008
7662 0.096008
6670 0.096008
1055 0.095843
21214 0.095843
11626 0.095633
13857 0.095354
8120 0.095354
6323 0.095077
15215 0.094967
15620 0.094870
12626 0.094710
15376 0.094528
6125 0.094528
26606 0.094391
3087 0.094201
23172 0.094201
10436 0.093984
27107 0.093917
17836 0.093823
6144 0.093823
29941 0.093447
16026 0.093447
19026 0.093447
875 0.093447
12231 0.093447
844 0.093034
7890 0.093034
25152 0.092982
21787 0.092982
24382 0.092916
19468 0.092829
21994 0.092829
12243 0.092624
29170 0.092522
7648 0.092218
15907 0.092218
7911 0.091872
28575 0.091815
20661 0.091815
14729 0.091615
3195 0.091416
3616 0.091416
3709 0.091359
26021 0.091020
17233 0.090852
1418 0.090852
2617 0.090726
1488 0.090628
14888 0.090628
9084 0.090433
17746 0.090350
2542 0.090287
21475 0.089853
14401 0.089853
23960 0.089853
18080 0.089853
19048 0.089853
22365 0.089853
1138 0.089423
20384 0.089362
9272 0.088877
7605 0.088877
13440 0.088877
15235 0.088716
10686 0.088716
13447 0.088716
3856 0.088576
21655 0.088396
4369 0.088396
18381 0.088396
23049 0.087973
8970 0.087921
29092 0.087744
3866 0.087607
16334 0.087607
3881 0.087607
787 0.087451
29984 0.087243
21495 0.086928
15316 0.086883
26661 0.086525
15858 0.086525
17205 0.086525
22848 0.086525
22687 0.086525
29220 0.086525
8000 0.086525
10912 0.086127
6289 0.086127
17697 0.085619
6230 0.085470
29511 0.085470
13829 0.085173
14718 0.084732
10013 0.084732
23052 0.084732
3639 0.084732
11662 0.084568
16883 0.084187
8161 0.084187
11909 0.084103
10006 0.083863
19443 0.083863
19717 0.083809
6017 0.083809
18273 0.083435
15091 0.083435
24539 0.083435
7862 0.083435
21386 0.083064
1406 0.082941
13432 0.082941
26002 0.082697
1215 0.082697
9390 0.082333
367 0.082333
29347 0.082333
6660 0.082177
5995 0.082177
28786 0.081971
10512 0.081971
5513 0.081766
21549 0.081613
15592 0.081495
5187 0.081495
28114 0.081495
386 0.081360
9068 0.081259
10570 0.081259
11700 0.081259
26455 0.081024
29645 0.080957
28340 0.080558
26163 0.080558
21976 0.080558
9977 0.080558
27928 0.080212
11305 0.080163
27709 0.079870
2758 0.079870
3618 0.079772
7177 0.079772
29724 0.079643
27387 0.079385
24359 0.079385
9689 0.079001
5794 0.078859
21395 0.078622
26994 0.078527
8795 0.078527
12064 0.078199
20488 0.077873
8055 0.077873
3366 0.077873
27980 0.077873
8563 0.077550
17260 0.077504
11281 0.077443
17970 0.077017
8133 0.076911
3265 0.076776
17236 0.076776
22959 0.076596
3624 0.076596
19461 0.076596
12461 0.076596
15097 0.076417
19164 0.076417
21002 0.076346
29532 0.076346
10521 0.076346
20338 0.076284
18037 0.076284
9367 0.076284
26080 0.076180
17959 0.076180
5987 0.076062
18502 0.075973
12198 0.075850
3660 0.075361
2505 0.075361
14624 0.075361
20948 0.075361
7397 0.075361
18852 0.074878
22749 0.074878
9584 0.074878
29502 0.074878
1387 0.074758
12406 0.074559
16874 0.074559
23144 0.074401
25779 0.074165
2403 0.073997
28954 0.073997
12388 0.073774
22479 0.073333
22846 0.073333
29478 0.073333
12505 0.073006
19254 0.073006
14410 0.073006
26998 0.072628
14789 0.072552
28324 0.072552
8004 0.072360
4371 0.072253
28641 0.072253
6280 0.072253
381 0.072104
5882 0.071725
17852 0.071725
20923 0.071412
14759 0.071412
4346 0.071153
10715 0.071153
10483 0.071153
7416 0.070793
13085 0.070793
22412 0.070793
5912 0.070793
11674 0.070793
17670 0.070488
14980 0.070488
12783 0.070488
12298 0.070488
5829 0.070367
12985 0.070367
24227 0.070367
4134 0.070186
3699 0.069946
21436 0.069886
3330 0.069886
11573 0.069737
25692 0.069737
12061 0.069529
29351 0.069392
29752 0.069118
13146 0.069050
29239 0.068711
10652 0.068424
2170 0.068424
13070 0.068376
8117 0.068309
22323 0.068139
26870 0.068044
1619 0.067856
12787 0.067716
18726 0.067576
1059 0.067520
10702 0.067520
5950 0.067132
5376 0.066748
978 0.066748
24132 0.066369
15782 0.066208
10414 0.065994
14794 0.065941
4476 0.065941
3895 0.065808
20982 0.065623
28983 0.065501
15633 0.065501
8827 0.065413
26540 0.065413
24825 0.065257
246 0.065257
3996 0.065196
11686 0.064894
6780 0.064894
8159 0.064894
10574 0.064894
26097 0.064299
18297 0.063830
18713 0.063830
27186 0.063483
21581 0.063140
20300 0.063140
15847 0.062857
1119 0.062465
5506 0.062023
26762 0.061886
3810 0.061886
15308 0.061804
27914 0.061479
12308 0.061479
4577 0.061479
15320 0.061479
5546 0.060944
26281 0.060944
6815 0.060838
5378 0.060838
15232 0.060838
20047 0.060680
21094 0.060680
19831 0.060680
7432 0.060523
17564 0.060419
15579 0.060211
7183 0.060159
13652 0.059902
4072 0.059902
11345 0.059902
14035 0.059597
3555 0.059597
19320 0.059521
29812 0.059144
23971 0.058895
25812 0.058698
20337 0.058405
8428 0.058162
25241 0.058162
9534 0.058114
17441 0.058114
22139 0.058114
16416 0.058042
20181 0.058042
4793 0.058042
7300 0.057684
2656 0.057684
18127 0.057684
25474 0.057541
26726 0.057541
20202 0.057447
22739 0.057447
24290 0.057330
7755 0.057330
23444 0.057259
19264 0.057213
4755 0.057213
16635 0.057213
26930 0.056980
16511 0.056704
23625 0.056635
662 0.056635
14642 0.056430
11405 0.056294
22570 0.056294
9053 0.056158
24965 0.056158
24287 0.056068
25736 0.056068
25379 0.055890
23120 0.055890
26018 0.055360
23213 0.055099
26406 0.055099
21644 0.055099
9013 0.054840
8347 0.054584
5211 0.054330
27900 0.054330
7152 0.054330
7212 0.053829
6329 0.053705
2169 0.053705
22822 0.053399
7104 0.053399
25943 0.053338
25118 0.053338
28699 0.053095
26164 0.053095
9052 0.052855
24538 0.052855
337 0.052795
3242 0.052795
8396 0.052617
532 0.052617
24141 0.052617
18632 0.052617
22069 0.052499
22579 0.051686
6584 0.051458
21950 0.051232
16387 0.051064
17622 0.051008
22197 0.050787
25511 0.050787
22852 0.050787
15786 0.050512
12220 0.050512
15278 0.050512
29184 0.050241
4987 0.050133
22945 0.050133
10271 0.049972
21477 0.049972
8303 0.049972
18471 0.049918
16235 0.049918
17197 0.049287
7914 0.049080
3043 0.049080
26273 0.048874
17690 0.048874
17187 0.048874
15913 0.048671
1827 0.048671
26122 0.048418
7993 0.048418
5090 0.048418
13135 0.048418
21844 0.048268
18179 0.048169
11201 0.047922
27431 0.047873
12076 0.047873
20178 0.047483
23362 0.047435
18062 0.047435
29292 0.047435
11192 0.047101
14240 0.046958
15603 0.046958
12497 0.046911
22350 0.046724
20024 0.046491
18361 0.046414
15799 0.046414
29971 0.046414
26503 0.046109
22703 0.045584
16390 0.045584
15656 0.045363
16103 0.045363
17414 0.045363
9070 0.045144
5611 0.044927
22062 0.044927
9469 0.044927
21736 0.044712
5174 0.044712
20863 0.044640
3964 0.044358
27917 0.044358
23031 0.044358
11248 0.044358
8549 0.044079
8179 0.044079
11665 0.043803
14112 0.043803
27461 0.043667
26075 0.043464
14996 0.043464
25653 0.043263
27851 0.043063
21276 0.042997
17998 0.042866
15401 0.042866
28764 0.042670
123 0.042670
28688 0.042670
29555 0.042670
24133 0.042476
5329 0.042476
5629 0.042476
20273 0.042284
21100 0.042284
9233 0.042220
22205 0.042220
92 0.042093
22119 0.041905
19856 0.041532
28886 0.041471
29681 0.041348
10047 0.041227
6568 0.040986
20897 0.040986
12707 0.040106
29101 0.040106
7906 0.039935
8189 0.039821
19412 0.039765
12357 0.039765
17498 0.039596
26692 0.039596
24225 0.039264
12550 0.039154
1582 0.038936
11074 0.038775
3551 0.038721
23986 0.038456
15197 0.038456
27040 0.038298
22288 0.038142
9276 0.038142
18748 0.038142
753 0.038142
6315 0.037987
12397 0.037987
14918 0.037884
29656 0.037884
4281 0.037680
3675 0.037529
13779 0.037082
13962 0.037082
23499 0.037082
2768 0.036887
5552 0.036887
27877 0.036887
11382 0.036694
15869 0.036694
14314 0.036503
85 0.036503
27769 0.036503
29082 0.036314
20087 0.036314
4847 0.035941
21718 0.035941
17452 0.035576
10816 0.035397
13680 0.035397
4186 0.035397
10282 0.035043
13000 0.035043
6899 0.034525
23649 0.034188
22203 0.034022
27809 0.034022
17466 0.033534
14671 0.033534
13855 0.033374
19579 0.033374
6585 0.033216
18140 0.032598
14154 0.032598
12526 0.032598
5177 0.032447
3915 0.032447
2147 0.032447
15773 0.032149
21902 0.032003
22831 0.031713
153 0.031713
24791 0.031570
7619 0.031428
20375 0.031149
9838 0.031149
26215 0.031011
9963 0.031011
21727 0.031011
14981 0.030875
25062 0.030739
10581 0.030739
14787 0.030605
13758 0.030538
26198 0.030538
5688 0.030340
17504 0.030340
18597 0.030144
1539 0.030144
3691 0.029824
26366 0.029760
24869 0.029760
17041 0.029760
14033 0.029697
4162 0.029572
21461 0.029572
24890 0.029572
5248 0.029572
9879 0.029448
20001 0.029386
14736 0.029202
4077 0.029202
29714 0.029202
8845 0.029081
1024 0.029081
9991 0.028842
10327 0.028842
619 0.028842
14097 0.028842
5268 0.028724
23603 0.028724
6427 0.028665
11914 0.028490
20320 0.028490
7366 0.028490
20236 0.028490
28642 0.028490
21028 0.028490
728 0.028317
6720 0.028317
22059 0.028147
19089 0.027978
29518 0.027978
25842 0.027812
9064 0.027812
9998 0.027812
4078 0.027647
28671 0.027324
2448 0.027324
400 0.027324
2751 0.027165
15299 0.027165
26520 0.027008
20462 0.026853
6984 0.026699
5081 0.026398
1646 0.026398
24071 0.026249
26788 0.025814
20094 0.025672
14366 0.025672
19515 0.025393
21904 0.025256
14910 0.025256
17137 0.025256
20135 0.025120
4075 0.025120
19560 0.025120
10285 0.025120
8596 0.025120
10121 0.024986
20186 0.024986
20741 0.024986
23955 0.024853
10696 0.024853
2842 0.024463
27171 0.024463
27759 0.024335
18914 0.023961
1358 0.023961
536 0.023718
10803 0.023718
22308 0.023598
12701 0.023362
6825 0.023362
13104 0.023362
5143 0.023017
27767 0.022904
16994 0.022792
10174 0.022792
2466 0.022681
15122 0.022572
10754 0.022572
6681 0.022572
626 0.022572
19834 0.022463
25665 0.022249
28927 0.022249
7889 0.022249
8606 0.021936
17459 0.021732
923 0.021732
20432 0.021335
8103 0.021142
17744 0.021047
18479 0.021047
2095 0.020766
23248 0.020583
10115 0.020583
29820 0.020583
10150 0.020493
6673 0.020315
15637 0.020227
1838 0.020140
3851 0.020053
13419 0.019967
27005 0.019967
24986 0.019798
21639 0.019798
14188 0.019468
7157 0.019387
21483 0.019228
20244 0.019228
27204 0.019071
28273 0.018840
5898 0.018765
3576 0.018689
7918 0.015471
16825 0.015370
20062 0.015269
22219 0.015170
13196 0.015170
6732 0.015170
20226 0.015072
1567 0.014976
28653 0.014976
22619 0.014786
16078 0.014786
21692 0.014693
6199 0.014693
8952 0.014693
6204 0.014510
2104 0.014421
4335 0.014245
2271 0.014245
13919 0.014159
10060 0.014073
28125 0.014073
20682 0.014073
21361 0.013989
27879 0.013906
23129 0.013742
5803 0.013742
18797 0.013742
11767 0.013742
2305 0.013662
14700 0.013662
6577 0.013504
12667 0.013350
28795 0.013350
3682 0.013274
28932 0.013199
28863 0.013125
25908 0.013051
14090 0.012979
8017 0.012979
11719 0.012836
21768 0.012766
13886 0.012628
7997 0.012560
22606 0.012493
20755 0.012427
20914 0.012296
2494 0.012296
23546 0.012296
15456 0.012296
21358 0.012231
17310 0.012231
25380 0.012168
24557 0.012168
4804 0.012042
15900 0.011980
27015 0.011980
13027 0.011919
27923 0.011799
3356 0.011681
25882 0.011623
19823 0.011623
11033 0.011623
21638 0.011623
14355 0.011565
13615 0.011508
26009 0.011508
29209 0.011508
24211 0.011452
11387 0.011396
21687 0.011341
18595 0.011232
18004 0.011232
15958 0.011232
28748 0.011125
16875 0.011020
6376 0.010968
8982 0.010968
25579 0.010968
15774 0.010866
5426 0.010816
20039 0.010816
13920 0.010816
5071 0.010766
28358 0.010716
10337 0.010668
13076 0.010668
4211 0.010668
11818 0.010619
5239 0.010523
26272 0.010523
23888 0.010383
17329 0.010337
13653 0.010292
22930 0.010292
14573 0.010292
23501 0.010292
28750 0.010202
18399 0.010157
11740 0.010113
18180 0.010113
14348 0.010113
21185 0.010070
15564 0.009775
13519 0.009775
12072 0.009694
16782 0.009575
25135 0.009497
9981 0.009458
3848 0.009420
1578 0.009345
