5941
3 0.401371
19 0.479217
22 1.297880
34 0.507002
46 0.495554
59 1.174083
60 1.043202
67 1.064721
71 0.173545
76 0.421279
78 0.355506
81 1.013634
85 0.036503
91 0.929450
92 0.042093
95 0.322975
106 0.114659
113 0.581496
114 0.376804
122 0.262493
123 0.042670
129 0.483755
130 0.109938
132 0.482812
138 0.502856
146 0.559506
153 0.031713
158 1.194050
159 1.055956
162 0.556971
165 0.396443
169 0.480216
172 0.279783
176 0.367260
185 1.149353
186 1.011335
188 0.299776
195 0.552646
211 0.189934
233 0.249781
246 0.065257
252 0.535161
253 1.042761
273 0.537529
278 0.256411
282 0.337599
284 0.467237
287 0.322616
289 1.031815
305 0.145255
306 0.266993
309 0.298690
319 0.438920
322 0.494379
328 0.437413
331 0.400816
337 0.052795
346 0.096196
349 1.162102
367 0.082333
371 0.177882
378 1.058764
381 0.072104
384 0.134263
386 0.081360
391 0.532814
400 0.027324
413 0.519152
416 0.315434
426 0.108431
433 0.453495
436 0.340694
441 0.174189
450 0.615291
454 0.544225
457 0.549691
468 0.312397
475 0.556234
478 0.474538
482 0.153880
486 0.253643
489 0.338419
490 0.115367
505 0.568261
511 0.375076
512 1.088450
520 0.413027
521 0.353372
522 0.169904
528 0.593517
531 0.563553
532 0.052617
533 0.221177
536 0.023718
537 0.304191
539 0.457845
542 0.519152
549 0.576590
553 0.461089
562 0.420513
563 0.383880
572 0.517749
590 0.203667
591 0.274845
597 1.180260
601 0.278354
602 1.104167
619 0.028842
620 0.501327
622 0.511861
624 0.288295
626 0.022572
633 0.327363
639 0.368871
641 0.153696
646 0.432194
647 1.156861
649 0.114270
652 0.425867
653 0.464422
658 0.398861
659 0.564578
662 0.056635
665 0.205379
673 0.267395
678 0.503673
686 0.400180
690 0.137423
697 0.166172
715 0.551398
717 0.574626
725 0.156695
726 1.040571
728 0.028317
732 0.136692
739 0.953942
744 1.310543
749 0.273383
753 0.038142
758 0.404939
762 1.063710
771 1.003361
775 1.115476
777 0.286513
782 0.235865
787 0.087451
797 0.290295
799 0.476459
800 0.495554
813 0.342640
821 1.136860
822 0.402257
827 0.349863
844 0.093034
854 0.133496
858 0.282856
869 0.256227
875 0.093447
877 0.472343
878 0.346958
882 0.352442
885 0.322975
888 1.035498
891 0.314003
906 1.069579
912 0.100122
921 0.154714
923 0.021732
929 1.052567
930 0.235762
931 0.242720
941 0.597381
946 0.239876
961 0.562641
966 0.415762
967 0.992879
971 0.541311
974 0.189690
978 0.066748
985 0.141978
988 0.982985
989 0.305384
994 1.100268
1001 0.145105
1003 0.421279
1006 0.287074
1007 0.284901
1019 1.006808
1024 0.029081
1026 0.527139
1028 0.366460
1031 0.997033
1042 0.587462
1048 0.444988
1052 0.339446
1053 1.254405
1055 0.095843
1059 0.067520
1061 0.101573
1065 0.461089
1072 0.456178
1087 0.188636
1091 1.196582
1092 0.153386
1096 1.044412
1101 1.140927
1109 0.146717
1118 0.546121
1119 0.062465
1120 0.233618
1124 0.601010
1127 0.193606
1132 0.917007
1137 0.434415
1138 0.089423
1142 0.337449
1143 0.391615
1151 1.168092
1155 0.599022
1159 0.515907
1183 0.480979
1185 0.267275
1191 0.924205
1196 0.118122
1200 0.255101
1203 0.342640
1208 0.416350
1209 1.236187
1211 0.205584
1214 0.411487
1215 0.082697
1222 1.052249
1223 0.589946
1227 0.938555
1228 0.381009
1241 0.260836
1243 1.115594
1245 0.179707
1251 0.266301
1253 1.124425
1255 1.181217
1265 0.491828
1266 1.168092
1270 0.395747
1274 1.055903
1275 0.206742
1277 0.439374
1288 1.007480
1300 0.166870
1302 0.533260
1315 0.558089
1317 0.280342
1320 0.603385
1324 0.565908
1338 0.580419
1342 0.870559
1358 0.023961
1361 0.520497
1378 1.286380
1383 0.325292
1387 0.074758
1389 0.389364
1390 0.442241
1391 1.115476
1398 0.534789
1400 0.178562
1405 0.410887
1406 0.082941
1418 0.090852
1421 0.112317
1425 0.105710
1428 0.887750
1429 1.104020
1430 0.234639
1432 0.314719
1438 0.109509
1440 0.116809
1445 0.224633
1448 0.503006
1451 0.358462
1453 0.273997
1463 0.127428
1466 1.144885
1469 0.524450
1480 0.481838
1486 0.577010
1488 0.090628
1489 0.447652
1492 0.355764
1499 0.597025
1506 0.219876
1508 0.214329
1510 1.083000
1516 0.139177
1518 1.037140
1520 1.179433
1521 0.385584
1526 0.377197
1527 0.968925
1528 0.245914
1530 0.584046
1535 0.569071
1539 0.030144
1544 0.965464
1547 0.104829
1567 0.014976
1577 0.562184
1578 0.009345
1582 0.038936
1596 0.405365
1599 0.106729
1601 1.121983
1603 0.096008
1614 0.103502
1619 0.067856
1627 0.598527
1632 0.270011
1633 0.550566
1636 0.185657
1643 0.598432
1646 0.026398
1651 0.353967
1654 1.088589
1664 0.424761
1671 0.397151
1673 0.985261
1682 0.488158
1683 0.242720
1684 0.096338
1687 0.343231
1694 0.426608
1697 0.555237
1698 0.228802
1704 0.576836
1711 1.229571
1716 0.304119
1717 0.448759
1722 1.168092
1725 1.107768
1726 0.097341
1733 0.476165
1735 1.157569
1741 1.205773
1743 1.078239
1745 0.533985
1747 0.266148
1750 1.056566
1751 0.328880
1758 1.201466
1761 0.324761
1768 0.278804
1786 0.183230
1794 0.450475
1796 0.169136
1800 0.355506
1806 1.144495
1814 0.208322
1815 0.460807
1827 0.048671
1838 0.020140
1850 0.608824
1857 0.348911
1859 1.076760
1875 1.172784
1876 0.115367
1880 1.144637
1888 1.041432
1892 0.278486
1893 0.135040
1902 0.308376
1904 0.285810
1922 1.168092
1939 0.301867
1947 0.224379
1954 0.568595
1958 0.573800
1961 1.083140
1967 0.160690
1973 0.941117
1986 0.400768
2004 0.485441
2006 0.508393
2008 0.433410
2010 0.129190
2011 0.373308
2015 0.096139
2031 0.259576
2034 0.428471
2038 0.449688
2049 1.107197
2053 0.322232
2059 0.240844
2060 1.180135
2065 0.335516
2066 0.525407
2067 0.426523
2069 1.068255
2073 1.097156
2074 0.146012
2076 0.244627
2077 1.024836
2079 0.439283
2081 0.393108
2082 0.372643
2085 0.548940
2088 1.174767
2090 0.620226
2091 0.197146
2095 0.020766
2104 0.014421
2121 1.143449
2125 0.301108
2131 0.556754
2140 1.141902
2142 0.327636
2144 0.587169
2147 0.032447
2149 0.587814
2153 1.024423
2162 1.188828
2164 0.403634
2165 0.486211
2166 0.331766
2169 0.053705
2170 0.068424
2172 0.958717
2177 0.101085
2178 0.121360
2180 1.112469
2181 0.446471
2183 0.542329
2193 0.357693
2198 0.275617
2201 1.137883
2208 0.614785
2216 0.453290
2218 0.395007
2223 0.109295
2225 0.604799
2227 0.505490
2232 0.329330
2236 1.118386
2241 1.108698
2254 0.384435
2258 1.122413
2264 0.297603
2265 0.992879
2269 1.063174
2271 0.014245
2277 0.338132
2280 0.504287
2281 0.486265
2284 1.059264
2286 1.015201
2305 0.013662
2307 1.202788
2318 0.553307
2320 0.286714
2321 0.315313
2325 0.520635
2338 0.589125
2341 0.279855
2342 0.309428
2353 0.434045
2372 0.490470
2373 0.393463
2374 0.436275
2377 0.153552
2378 1.151326
2383 0.968032
2403 0.073997
2405 0.488003
2406 0.992497
2421 0.302093
2424 0.137423
2429 1.108330
2431 1.060196
2437 0.325292
2445 0.459250
2448 0.027324
2451 0.180437
2453 0.133496
2454 0.258067
2457 0.201893
2463 0.284405
2464 0.102916
2465 0.239609
2466 0.022681
2486 0.104041
2487 0.200582
2490 0.206410
2491 1.085006
2494 0.012296
2503 0.358625
2505 0.075361
2514 1.055051
2517 0.267325
2522 0.128010
2542 0.090287
2553 0.254146
2570 0.363407
2573 0.214235
2574 1.024081
2577 1.113942
2580 0.412268
2590 0.106190
2599 0.366666
2603 0.113041
2607 1.105141
2613 0.473696
2617 0.090726
2618 0.198222
2623 1.146854
2632 1.125616
2637 0.366460
2638 0.214150
2641 1.201196
2650 0.337762
2656 0.057684
2657 0.617834
2665 1.077308
2666 0.235978
2667 0.116809
2687 1.071897
2691 0.398526
2694 0.254655
2703 0.313231
2706 1.017538
2710 0.201395
2716 0.324095
2732 0.591439
2733 0.330370
2736 0.552398
2751 0.027165
2752 0.515496
2753 0.608180
2755 1.042761
2758 0.079870
2763 0.207418
2765 0.208392
2767 0.524144
2768 0.036887
2770 0.155746
2774 0.491828
2780 1.217798
2784 0.151046
2791 1.193159
2809 0.471005
2813 0.098573
2814 0.300981
2822 0.395800
2825 0.501485
2826 0.377912
2831 0.108380
2842 0.024463
2849 0.587104
2859 0.338271
2861 0.604186
2864 0.552010
2866 1.024474
2869 0.584046
2870 1.138890
2872 0.303894
2877 0.410758
2886 0.288023
2902 0.559368
2906 0.584046
2917 1.033313
2930 1.236804
2937 1.060876
2941 0.128205
2943 0.221990
2951 1.016145
2953 0.290850
2955 0.927057
2961 0.113407
2962 0.220164
2968 0.423905
2978 1.068843
2981 0.474538
2988 0.170111
2989 1.154510
2997 0.603385
3000 0.556708
3003 0.177432
3011 0.526884
3017 0.322762
3025 0.484074
3027 0.259576
3029 0.224379
3033 0.167870
3043 0.049080
3052 0.584046
3054 0.491130
3062 0.590917
3063 1.067970
3066 0.423773
3070 0.416350
3071 0.534421
3073 0.110589
3075 0.329462
3079 1.253563
3081 0.530438
3083 0.230902
3087 0.094201
3101 0.463120
3104 0.155746
3129 0.523305
3141 0.974389
3145 0.304720
3150 0.482683
3154 0.213594
3155 0.534921
3163 0.121536
3174 0.581701
3177 0.602886
3179 0.232252
3187 0.187729
3195 0.091416
3199 0.591974
3209 0.303401
3213 0.155746
3219 0.256411
3225 1.106112
3240 0.263232
3242 0.052795
3257 0.952917
3265 0.076776
3267 0.123608
3275 1.197540
3280 1.155256
3281 0.335286
3282 0.175214
3285 0.117544
3286 0.097924
3291 0.612600
3296 0.581540
3300 0.303401
3301 0.411487
3302 0.389364
3305 1.083448
3306 0.995298
3308 0.449266
3316 0.267688
3317 0.576836
3319 0.210367
3323 0.159007
3325 1.090220
3329 0.428097
3330 0.069886
3338 0.570589
3343 0.523408
3347 0.392636
3348 1.063629
3350 0.312882
3356 0.011681
3358 0.159285
3366 0.077873
3370 0.188571
3378 0.264211
3384 1.168092
3397 0.259576
3398 0.430350
3410 0.436088
3416 0.389364
3421 0.270656
3423 0.549003
3439 1.098207
3441 0.140734
3444 0.113960
3449 0.138161
3452 0.500611
3456 0.446471
3467 0.192543
3468 1.057676
3473 0.137423
3484 1.245322
3486 0.392556
3488 0.224437
3491 0.549691
3493 0.422202
3503 0.182954
3504 0.455101
3523 0.217780
3525 1.059936
3534 0.587914
3541 0.159285
3544 0.409101
3548 1.015733
3551 0.038721
3555 0.059597
3556 0.263976
3561 0.409663
3576 0.018689
3586 0.450843
3593 1.151793
3596 0.202267
3600 0.142824
3601 0.212380
3608 0.513332
3614 0.281468
3616 0.091416
3618 0.079772
3622 0.474733
3624 0.076596
3627 0.135431
3629 0.406293
3633 0.286900
3639 0.084732
3641 0.361552
3643 0.178725
3646 1.147357
3654 0.326224
3660 0.075361
3663 0.576836
3668 0.245914
3673 1.076760
3675 0.037529
3679 1.026791
3682 0.013274
3691 0.029824
3698 0.557255
3699 0.069946
3704 0.550808
3705 1.205091
3709 0.091359
3714 0.552542
3720 0.421057
3729 0.143618
3735 0.438776
3753 0.411614
3758 0.199674
3762 0.099412
3764 0.509713
3766 0.294752
3768 1.071897
3783 0.521787
3788 1.288514
3793 0.423519
3801 0.526283
3810 0.061886
3826 1.038304
3828 0.496181
3829 0.400489
3833 0.548400
3838 0.350428
3845 0.111247
3848 0.009420
3851 0.020053
3856 0.088576
3866 0.087607
3873 0.375458
3877 0.342168
3878 0.469234
3879 0.397648
3881 0.087607
3886 1.119422
3887 0.526787
3890 0.545110
3891 1.102795
3895 0.065808
3904 0.328526
3912 0.546121
3915 0.032447
3924 0.509310
3931 0.416033
3932 1.143655
3935 1.062964
3942 0.267581
3945 0.136804
3949 0.160425
3954 0.544450
3961 0.394698
3964 0.044358
3966 0.312795
3974 0.292023
3979 0.422020
3991 0.539120
3992 0.324470
3996 0.065196
4000 0.391079
4015 0.131001
4024 0.376447
4032 0.116164
4037 0.354709
4045 1.265433
4046 0.581662
4049 1.145772
4054 0.506173
4057 0.478918
4072 0.059902
4073 0.467237
4074 0.497649
4075 0.025120
4077 0.029202
4078 0.027647
4080 0.346958
4083 0.561867
4089 0.290295
4095 0.332210
4098 0.544225
4100 0.410995
4104 0.503488
4105 0.137423
4108 0.282603
4109 0.123680
4111 0.573976
4119 0.473345
4121 0.872176
4134 0.070186
4139 0.236400
4141 0.129788
4147 0.107164
4150 0.522568
4153 0.276799
4156 0.281468
4162 0.029572
4171 0.598063
4173 0.491198
4176 0.342810
4186 0.035397
4190 0.573026
4195 0.103257
4196 1.056362
4204 0.292023
4206 0.537616
4208 0.159285
4210 0.389364
4211 0.010668
4212 0.328224
4229 0.157360
4234 0.274845
4235 1.134397
4238 0.419315
4240 0.618857
4244 1.145189
4245 0.434639
4246 0.602886
4251 0.401532
4268 0.502856
4271 1.055434
4276 0.527951
4278 0.204133
4281 0.037680
4282 1.152922
4285 0.289132
4293 0.436430
4296 0.596688
4305 0.619541
4316 1.143239
4317 1.187241
4318 0.176316
4319 1.168092
4325 0.350929
4327 0.417941
4329 0.167870
4332 1.071755
4335 0.014245
4340 0.252963
4341 0.258272
4346 0.071153
4349 0.534284
4369 0.088396
4371 0.072253
4378 0.488355
4384 0.565378
4386 0.394231
4400 0.294397
4406 0.352812
4409 0.305783
4413 1.300053
4418 0.495086
4419 1.004559
4420 0.102017
4423 1.243233
4424 0.452165
4429 0.226082
4430 0.988386
4433 0.955712
4434 0.481838
4442 0.478967
4443 1.186439
4450 1.007549
4454 0.614785
4457 0.581496
4466 0.384616
4469 1.135825
4476 0.065941
4494 0.110197
4495 0.380309
4500 0.175214
4501 1.267083
4502 0.406798
4503 0.238386
4504 0.199107
4505 1.055903
4508 1.073651
4513 1.063264
4515 0.280853
4519 0.389364
4520 0.209375
4521 0.221872
4528 0.173479
4537 0.485611
4548 0.199107
4558 0.575897
4562 0.410602
4563 0.473345
4566 0.405257
4567 0.451046
4577 0.061479
4578 0.122957
4584 0.491828
4585 0.203147
4587 1.207466
4596 0.488692
4602 0.431296
4604 1.023035
4607 0.356757
4608 1.175628
4609 0.303809
4611 0.534789
4614 1.168092
4617 0.299831
4619 1.259707
4622 0.310015
4625 1.264813
4626 0.278947
4628 1.061902
4631 0.223558
4634 0.587914
4640 0.523408
4641 1.034430
4643 0.128362
4651 1.188951
4657 1.120992
4658 1.118386
4659 0.358392
4676 0.346101
4683 0.416725
4687 0.503883
4689 0.572815
4694 0.429643
4698 0.249917
4700 0.150116
4706 1.108190
4710 0.380788
4715 1.141240
4719 0.128362
4743 0.111779
4753 0.283747
4755 0.057213
4756 0.323246
4758 1.185021
4768 1.027921
4786 0.490182
4790 0.110661
4793 0.058042
4796 0.338132
4804 0.012042
4805 1.152922
4806 0.128490
4810 0.587914
4811 0.575415
4820 0.153552
4822 0.152124
4829 0.131474
4830 0.533697
4836 0.552943
4838 0.273061
4840 1.354711
4842 0.378488
4847 0.035941
4856 0.238083
4864 0.437315
4865 0.279448
4869 0.297333
4871 0.509929
4875 0.453437
4877 0.350976
4881 1.138445
4882 0.587384
4897 0.174342
4910 0.981875
4913 0.581403
4915 0.581355
4919 0.467237
4925 0.457845
4928 0.169723
4931 0.473849
4932 1.225540
4938 1.048126
4942 0.473696
4946 0.381418
4952 0.256411
4954 0.184722
4955 1.056566
4958 0.246532
4960 1.283745
4961 0.593780
4965 0.136752
4977 1.185021
4986 0.213401
4987 0.050133
5002 1.047255
5003 0.190277
5007 1.217275
5015 0.421954
5034 0.181859
5036 1.102200
5040 0.275699
5050 0.360522
5051 0.580326
5056 1.040994
5057 0.332344
5067 0.332257
5069 1.113416
5071 0.010766
5072 0.250306
5075 0.211101
5081 0.026398
5083 0.469922
5090 0.048418
5105 0.492956
5108 0.985138
5110 1.037038
5116 0.312163
5118 0.422020
5122 0.225766
5133 1.199325
5143 0.023017
5150 0.541500
5151 0.225654
5152 0.338928
5161 0.363717
5164 0.361266
5167 0.539120
5169 0.196610
5173 0.307041
5174 0.044712
5176 0.221177
5177 0.032447
5181 0.424761
5183 1.113051
5187 0.081495
5193 1.121369
5203 1.018974
5204 0.557255
5210 0.333741
5211 0.054330
5215 0.539120
5219 0.350428
5220 0.242871
5227 1.173193
5229 0.333741
5237 0.311491
5239 0.010523
5241 1.330006
5246 1.192945
5248 0.029572
5251 0.458295
5255 0.515907
5256 0.431458
5261 0.584046
5262 0.535822
5266 0.175842
5268 0.028724
5269 0.413484
5277 0.990456
5289 0.435079
5295 0.944687
5298 0.302093
5304 0.205379
5307 0.111913
5308 1.095087
5310 1.113763
5321 0.131988
5322 1.188232
5326 0.561706
5329 0.042476
5333 0.202469
5341 0.336569
5350 0.459250
5351 0.401163
5352 1.131590
5365 0.534284
5367 0.488969
5369 0.391175
5370 0.181569
5372 0.553307
5376 0.066748
5378 0.060838
5382 0.116164
5384 0.616658
5388 0.189934
5389 0.284901
5391 0.252202
5392 0.171584
5393 0.097748
5399 0.467237
5402 0.327886
5415 0.318571
5420 0.469776
5426 0.010816
5429 0.601533
5434 1.023883
5438 0.461469
5442 1.190774
5453 0.218044
5457 0.555237
5458 0.539120
5469 0.360522
5476 0.287530
5477 0.262821
5479 0.102792
5485 0.221323
5489 0.963164
5493 0.166870
5495 0.311491
5499 0.263232
5503 0.184436
5504 0.259576
5506 0.062023
5510 0.979310
5512 0.321874
5513 0.081766
5520 0.574147
5523 0.994835
5524 0.586868
5532 0.152964
5537 0.134263
5539 0.554095
5543 0.383880
5546 0.060944
5552 0.036887
5553 0.290510
5557 1.097156
5577 0.947698
5585 0.472912
5589 0.389364
5598 0.384307
5600 0.280934
5601 0.230734
5602 1.098638
5604 0.256411
5611 0.044927
5614 0.424761
5623 0.483755
5624 0.581540
5627 0.581450
5629 0.042476
5634 0.404939
5638 0.159285
5651 1.001222
5655 0.472079
5656 0.460656
5660 0.406704
5661 1.124830
5667 0.229567
5669 0.457603
5682 1.156411
5686 1.177437
5688 0.030340
5704 0.156695
5705 0.208175
5706 0.191142
5719 0.517928
5725 0.123961
5726 0.140372
5731 0.508769
5734 0.358523
5737 0.364607
5740 1.030670
5741 0.337762
5744 1.132696
5750 0.420934
5763 0.167619
5773 1.305515
5778 0.120837
5794 0.078859
5795 0.518106
5803 0.013742
5813 0.517978
5818 0.392904
5825 0.318571
5826 1.183004
5829 0.070367
5830 0.143450
5834 0.249368
5850 0.469113
5851 0.898533
5854 1.261737
5869 1.144637
5880 1.102469
5882 0.071725
5886 0.163282
5898 0.018765
5902 0.907901
5912 0.070793
5919 1.123357
5926 0.548940
5938 0.604186
5946 0.341360
5950 0.067132
5951 0.224018
5961 0.195770
5964 0.372912
5981 0.397392
5985 1.276472
5987 0.076062
5995 0.082177
5996 0.403785
6006 0.999618
6011 0.529535
6017 0.083809
6020 1.241098
6022 0.569801
6023 0.242092
6034 0.225421
6035 0.329704
6036 0.285647
6039 0.352812
6046 0.335827
6057 0.177753
6060 0.120147
6061 0.145363
6071 0.502723
6073 0.340371
6084 0.137423
6093 0.149608
6096 0.599282
6098 1.004062
6105 0.230166
6112 0.532602
6117 0.377462
6125 0.094528
6126 0.121969
6139 0.938467
6143 0.526884
6144 0.093823
6147 0.213522
6150 0.956991
6159 0.557364
6166 0.220164
6167 0.293860
6168 0.448359
6170 0.185657
6172 1.174767
6176 0.430693
6188 0.549691
6190 0.107587
6196 0.208322
6199 0.014693
6204 0.014510
6216 0.381218
6223 1.092952
6230 0.085470
6232 1.047255
6233 0.553598
6236 0.147239
6237 0.443579
6248 0.410995
6249 1.051283
6255 0.229625
6260 0.405758
6269 1.089264
6274 0.272316
6276 0.254655
6278 0.229987
6280 0.072253
6283 0.200244
6286 0.374943
6289 0.086127
6292 0.287707
6293 0.622983
6295 0.229987
6299 0.261814
6315 0.037987
6323 0.095077
6329 0.053705
6331 0.187336
6332 1.303451
6354 1.127813
6358 0.143032
6360 1.086888
6376 0.010968
6378 0.484183
6379 0.547009
6380 0.278486
6381 0.171638
6389 1.018337
6393 1.080921
6401 0.558333
6402 0.280342
6405 0.160613
6407 1.133533
6408 0.501287
6422 1.112024
6427 0.028665
6435 0.221120
6454 0.145105
6457 0.532602
6476 0.177753
6486 0.208322
6490 0.254857
6492 0.174342
6494 1.160357
6496 0.140426
6497 1.067395
6500 1.153306
6505 0.265793
6509 0.479479
6519 1.100961
6522 0.400489
6523 0.401163
6537 0.983144
6552 0.197028
6568 0.040986
6576 1.168092
6577 0.013504
6584 0.051458
6585 0.033216
6589 0.189690
6591 1.092242
6595 1.097103
6598 0.217023
6602 0.516284
6603 0.377272
6611 0.446405
6621 0.098159
6627 0.301443
6633 0.537937
6637 1.168092
6653 0.169904
6658 0.574147
6660 0.082177
6664 1.228416
6670 0.096008
6673 0.020315
6678 0.335659
6681 0.022572
6682 1.069579
6683 0.274845
6703 0.103621
6710 0.970415
6720 0.028317
6721 0.541570
6726 0.508393
6727 0.173766
6732 0.015170
6733 0.146012
6734 1.150483
6736 0.438035
6743 0.403920
6744 1.173904
6753 0.159844
6762 0.353967
6765 0.221177
6774 0.254584
6780 0.064894
6781 0.313391
6787 0.268765
6788 1.264540
6791 0.516656
6792 0.380788
6798 0.308068
6799 1.226014
6815 0.060838
6825 0.023362
6826 0.272177
6827 0.113960
6831 1.161977
6837 1.081567
6843 0.183019
6845 0.534789
6850 0.961958
6856 1.246664
6864 0.321750
6865 0.302093
6887 0.211010
6895 1.132696
6899 0.034525
6905 0.303809
6917 0.426917
6924 0.392556
6925 0.274845
6934 1.069102
6942 0.149345
6946 0.267911
6952 1.073891
6958 0.337310
6965 0.557499
6979 0.589215
6980 0.408832
6984 0.026699
6986 0.383553
6992 0.594862
7002 0.472639
7003 0.422020
7004 1.168092
7021 0.346515
7033 0.175214
7036 0.135040
7040 0.495843
7042 0.192154
7043 0.393219
7050 0.581540
7051 1.023035
7057 0.399348
7062 0.234596
7063 0.207004
7071 0.197028
7073 0.171584
7079 1.058435
7081 0.140426
7085 0.495086
7086 0.580326
7096 0.100946
7104 0.053399
7106 0.294858
7115 0.459731
7124 0.433410
7128 0.224179
7130 0.547335
7138 0.286371
7141 0.480038
7152 0.054330
7157 0.019387
7162 0.379630
7167 0.441596
7169 1.114997
7177 0.079772
7181 0.439203
7183 0.060159
7198 0.528948
7200 0.110767
7203 1.033087
7206 0.618857
7212 0.053829
7214 0.424761
7216 1.049120
7225 0.369397
7236 0.438035
7238 0.533646
7239 0.256980
7252 0.599022
7259 0.245398
7269 1.183068
7271 1.140281
7276 0.573231
7284 0.478496
7285 0.405119
7287 0.155746
7293 1.057156
7299 0.426097
7300 0.057684
7301 0.100698
7323 0.129236
7331 0.596473
7333 0.564897
7339 1.168092
7341 0.923608
7345 0.510641
7349 0.485441
7352 0.615522
7353 0.387465
7355 0.415762
7361 0.513961
7362 1.066519
7363 0.133496
7366 0.028490
7371 0.373004
7377 0.379380
7379 0.192392
7385 0.108660
7394 0.370371
7397 0.075361
7402 1.162503
7407 0.567972
7408 0.196731
7409 0.184436
7416 0.070793
7432 0.060523
7440 0.527526
7452 0.599022
7459 0.149608
7464 0.273061
7466 0.208392
7486 0.332210
7494 1.112469
7505 0.502280
7526 0.256227
7548 0.188083
7558 1.071371
7559 0.233618
7561 0.153192
7567 1.121780
7576 0.438920
7588 0.611858
7590 0.520382
7591 0.340371
7595 0.989303
7601 0.226082
7605 0.088877
7610 1.108190
7618 0.229447
7619 0.031428
7630 0.347711
7648 0.092218
7649 0.262947
7650 0.376385
7652 0.153192
7655 0.120837
7662 0.096008
7665 0.322616
7668 0.485055
7675 0.507286
7687 1.149099
7694 1.174339
7695 0.523460
7698 0.096837
7702 0.480650
7705 0.561706
7708 0.157850
7722 0.119193
7727 0.427915
7731 0.461641
7739 0.168205
7745 1.157277
7746 0.467237
7751 0.344683
7754 0.305669
7755 0.057330
7758 0.430350
7760 1.123734
7762 0.223119
7772 1.239875
7773 0.607408
7782 0.268087
7785 0.519152
7786 0.439605
7787 0.955712
7793 0.433519
7806 0.119193
7811 0.377565
7815 1.121369
7825 0.314486
7828 1.090220
7830 0.190938
7835 1.106614
7836 0.312397
7837 0.475889
7841 0.262352
7843 0.148544
7846 0.402257
7848 0.141198
7862 0.083435
7866 0.130513
7873 0.182665
7874 0.248938
7878 0.532814
7889 0.022249
7890 0.093034
7893 0.157142
7896 1.030670
7899 0.160013
7906 0.039935
7911 0.091872
7914 0.049080
7915 1.209598
7918 0.015471
7921 1.060754
7922 0.568261
7936 0.266301
7950 0.418750
7951 1.015733
7952 0.519152
7955 0.164731
7961 0.384557
7964 0.575897
7969 1.246714
7970 1.101781
7973 0.116281
7986 0.516855
7989 0.500611
7993 0.048418
7996 0.426917
7997 0.012560
8000 0.086525
8004 0.072360
8010 0.552189
8014 0.522377
8017 0.012979
8022 0.414484
8023 0.252202
8026 1.051283
8028 0.216313
8029 0.343557
8041 0.406293
8055 0.077873
8060 1.092242
8062 1.151164
8066 0.522377
8067 0.215648
8073 0.342119
8076 1.283460
8078 1.063896
8084 0.286297
8098 1.154019
8100 0.330113
8103 0.021142
8104 0.110720
8115 1.100702
8117 0.068309
8120 0.095354
8125 0.400884
8130 0.545748
8131 0.096765
8133 0.076911
8138 0.193874
8139 0.610704
8140 1.122973
8142 0.243776
8153 0.470176
8154 0.168881
8159 0.064894
8161 0.084187
8174 0.278947
8179 0.044079
8189 0.039821
8196 1.034749
8205 0.545576
8220 0.155746
8223 0.512821
8227 0.245299
8230 0.346577
8235 0.374789
8253 0.473345
8266 0.505425
8275 0.464335
8278 0.599022
8287 0.103205
8295 0.314224
8303 0.049972
8305 0.122957
8307 0.532814
8315 1.066308
8320 1.051283
8326 0.239248
8333 1.117306
8347 0.054584
8352 1.209078
8360 0.599022
8364 0.288588
8373 0.343978
8374 0.412268
8375 0.182514
8377 0.304293
8396 0.052617
8405 0.584046
8411 1.083140
8416 0.183745
8428 0.058162
8432 0.259576
8435 0.189815
8441 0.157850
8444 0.480216
8450 0.474939
8452 0.325979
8471 0.137423
8473 1.140148
8479 0.474176
8488 0.550566
8489 1.189076
8495 0.373237
8496 0.144209
8498 1.181519
8501 1.179433
8505 0.135649
8511 0.447870
8515 0.351191
8521 0.991454
8533 0.984430
8539 0.131616
8542 0.422930
8545 1.190996
8549 0.044079
8554 0.117881
8561 1.229571
8563 0.077550
8596 0.025120
8597 0.590326
8602 0.559087
8606 0.021936
8609 0.256227
8612 1.161340
8613 1.132696
8614 0.561486
8617 0.500611
8623 0.374943
8636 1.129794
8637 0.218707
8644 0.374943
8652 0.344865
8653 0.423821
8656 1.019857
8664 0.474834
8666 0.111247
8680 0.175551
8681 0.378548
8687 0.616137
8690 0.233618
8694 0.393337
8697 0.264274
8719 1.119646
8729 0.367260
8733 0.467237
8749 0.363407
8772 1.139602
8773 0.467237
8774 0.371041
8795 0.078527
8797 0.398526
8801 0.584046
8803 1.178908
8807 1.254405
8817 0.558089
8827 0.065413
8845 0.029081
8856 0.106631
8857 0.391615
8861 0.510557
8865 0.211369
8867 0.300697
8877 0.480587
8878 0.540086
8884 0.565446
8903 1.081320
8908 1.148624
8910 0.577628
8911 0.444305
8917 0.531899
8919 0.467237
8928 0.101573
8931 0.507866
8933 0.249495
8935 0.266630
8945 0.138100
8948 0.512821
8949 0.379118
8952 0.014693
8953 0.989303
8954 0.129788
8960 0.895538
8965 0.161814
8967 0.447048
8970 0.087921
8971 1.086598
8972 0.473412
8978 0.226082
8982 0.010968
8985 0.580590
8994 0.506642
8995 0.469234
9011 0.462493
9013 0.054840
9022 0.520332
9028 0.203147
9035 0.424761
9036 0.290770
9037 0.134780
9052 0.052855
9053 0.056158
9055 0.320450
9062 0.339124
9063 0.477022
9064 0.027812
9068 0.081259
9070 0.045144
9075 1.070272
9084 0.090433
9085 0.326283
9087 1.168092
9090 0.864491
9091 0.514389
9093 0.427472
9102 0.452165
9107 0.167792
9111 0.435765
9120 0.215648
9123 0.567035
9124 0.364244
9126 1.122582
9133 0.272177
9134 0.578376
9139 0.562936
9145 0.253933
9148 0.213769
9150 0.441981
9155 0.286063
9156 0.196610
9159 0.275699
9160 0.096892
9164 1.027921
9181 0.297533
9184 0.419674
9186 1.058272
9190 1.212079
9192 1.077367
9196 1.237484
9199 0.251941
9203 1.088707
9205 0.274845
9208 0.192279
9211 0.431141
9233 0.042220
9248 0.588719
9253 0.569071
9262 0.326563
9272 0.088877
9273 1.147600
9276 0.038142
9278 0.166870
9280 0.454941
9281 1.077163
9282 0.564792
9283 1.144447
9284 0.999368
9286 1.036768
9292 0.531899
9293 0.233618
9294 1.223061
9296 0.414007
9298 0.314224
9301 0.386146
9302 0.245299
9324 0.549691
9326 0.938304
9327 0.525296
9328 1.094734
9329 1.042491
9337 1.242022
9347 0.595498
9351 1.070272
9353 0.993115
9355 0.551398
9361 1.086374
9367 0.076284
9368 0.546121
9373 0.577010
9387 0.333741
9390 0.082333
9399 0.391341
9414 0.427915
9417 0.185722
9419 1.079151
9425 0.467237
9429 1.259827
9432 0.335338
9433 0.368126
9441 0.589505
9442 0.392904
9448 1.168092
9450 0.244079
9463 0.105505
9467 0.542329
9469 0.044927
9470 0.539120
9477 0.505490
9487 1.052567
9490 0.412268
9491 0.447587
9494 0.155746
9503 0.478166
9512 0.506518
9519 0.547081
9526 0.358311
9531 0.371666
9534 0.058114
9538 0.586490
9539 1.188828
9563 0.339562
9574 0.229567
9575 0.576046
9581 0.470002
9584 0.074878
9595 0.546121
9613 0.389364
9621 0.912879
9622 0.412268
9623 0.215175
9627 1.188828
9632 0.525106
9634 0.293333
9641 0.142450
9646 0.300367
9660 0.433410
9661 0.122957
9668 0.495554
9669 0.387347
9671 1.130412
9673 0.216759
9682 0.414484
9685 0.290373
9689 0.079001
9700 0.607408
9701 1.018062
9707 0.387465
9710 0.219017
9720 0.219641
9721 1.140412
9743 0.169136
9746 1.114650
9747 0.096892
9751 0.269560
9753 1.183262
9764 0.473151
9767 0.271375
9771 0.449266
9777 0.124597
9786 0.378055
9794 0.126591
9800 1.100108
9801 0.370371
9805 0.436088
9814 0.441596
9819 0.986389
9837 0.108032
9838 0.031149
9841 0.257984
9842 0.323828
9844 0.446238
9846 0.964946
9848 0.355008
9860 0.465298
9870 0.131474
9871 0.104605
9874 0.375291
9879 0.029448
9883 1.218879
9900 0.584046
9901 0.127073
9904 0.422626
9905 0.513558
9908 0.406864
9909 0.572742
9914 0.444988
9934 0.593317
9939 0.465298
9945 0.251362
9951 1.006976
9959 0.267275
9963 0.031011
9964 0.146846
9975 0.571067
9977 0.080558
9981 0.009458
9987 1.002796
9991 0.028842
9993 0.134545
9998 0.027812
9999 0.127218
10000 0.269089
10006 0.083863
10009 0.403199
10013 0.084732
10021 0.434928
10029 1.168092
10030 0.192675
10035 1.168092
10045 0.195540
10047 0.041227
10048 0.970219
10051 1.186249
10060 0.014073
10062 0.391696
10068 1.173378
10072 0.360307
10078 0.170940
10083 0.318571
10090 0.542750
10092 0.462370
10104 0.507866
10106 0.439867
10112 0.313097
10114 0.241674
10115 0.020583
10120 1.083592
10121 0.024986
10132 0.997033
10137 0.330787
10139 0.427537
10146 1.127413
10148 0.299263
10150 0.020493
10151 0.290570
10161 0.565378
10162 0.238810
10174 0.022792
10187 0.304247
10188 0.484462
10190 0.244743
10193 0.223826
10194 0.452504
10200 1.072588
10204 0.147860
10214 0.152567
10215 0.187834
10216 0.394055
10222 1.069579
10229 1.056846
10231 1.076220
10233 1.077163
10234 0.286371
10235 0.608958
10240 0.221872
10242 0.197588
10244 1.140608
10258 0.268087
10261 1.092242
10271 0.049972
10279 0.558653
10282 0.035043
10283 0.300367
10284 0.511040
10285 0.025120
10289 0.587814
10292 0.410887
10296 0.531814
10299 0.385085
10311 0.437093
10313 0.584046
10315 0.962649
10326 0.158861
10327 0.028842
10328 0.274248
10337 0.010668
10343 1.117792
10350 1.122582
10355 0.173545
10360 0.260690
10362 0.553307
10363 0.480337
10374 1.215235
10380 0.500611
10385 1.145484
10393 0.590326
10395 0.309902
10397 0.452559
10400 0.351562
10408 1.099381
10414 0.065994
10419 0.504124
10426 0.410887
10427 0.132237
10436 0.093984
10437 0.168374
10441 0.147327
10451 0.267688
10464 1.133880
10474 1.108019
10478 1.115647
10480 0.305783
10483 0.071153
10500 0.331681
10506 1.122918
10512 0.081971
10514 0.346857
10520 0.543640
10521 0.076346
10537 0.183230
10538 0.147327
10539 0.608180
10548 0.235668
10549 0.317129
10552 1.061017
10554 0.252963
10556 0.575415
10560 0.353372
10564 0.539120
10570 0.081259
10574 0.064894
10581 0.030739
10584 0.592940
10591 1.265008
10594 0.488969
10603 0.336845
10607 0.126661
10621 0.186895
10624 0.580590
10636 0.527526
10645 0.581403
10650 0.223053
10652 0.068424
10663 0.208588
10667 0.305297
10668 0.136530
10676 0.564897
10680 0.471336
10683 0.163437
10686 0.088716
10696 0.024853
10697 0.464912
10702 0.067520
10709 1.210313
10715 0.071153
10719 0.212380
10725 0.329970
10726 0.541011
10734 0.309615
10739 0.343231
10742 0.428097
10754 0.022572
10756 1.082622
10758 0.516420
10760 1.210313
10761 1.116177
10771 0.318571
10777 0.421279
10792 0.307393
10803 0.023718
10810 1.035498
10813 1.177908
10816 0.035397
10818 1.068680
10839 0.274200
10840 0.487302
10847 0.481838
10852 0.515781
10866 0.138236
10867 1.181675
10870 0.435079
10877 0.462493
10883 1.130002
10893 1.156293
10894 0.260649
10895 0.158003
10896 0.368126
10897 0.271375
10906 0.129788
10907 0.176686
10912 0.086127
10921 0.146012
10934 0.950909
10942 0.453078
10944 0.578484
10949 0.181916
10960 0.353372
10961 0.224274
10962 0.133790
10964 0.561291
10969 0.307952
10973 1.142809
10974 0.537432
10993 0.239609
10994 0.478918
10997 1.092063
10998 0.241674
11005 0.316771
11006 0.519152
11010 0.491301
11011 0.517677
11013 0.497061
11016 0.550566
11017 0.282148
11018 1.236187
11021 1.269434
11027 0.259576
11028 0.491301
11030 1.161261
11033 0.011623
11040 0.422020
11046 0.097748
11048 0.997614
11051 0.415107
11052 0.438920
11053 1.109421
11060 0.535104
11074 0.038775
11081 0.539918
11087 1.092893
11090 1.115476
11091 0.399451
11094 0.485055
11095 0.440428
11104 0.591631
11106 1.186634
11107 0.398526
11110 0.272555
11117 0.567035
11121 0.218658
11123 0.337449
11124 0.099412
11129 0.231514
11136 0.538030
11137 1.173238
11140 1.036047
11145 0.234557
11146 0.209658
11153 0.281321
11163 0.584046
11165 0.200654
11166 0.509929
11172 1.070272
11182 0.459974
11185 0.519152
11189 1.254807
11192 0.047101
11198 0.141258
11200 0.597952
11201 0.047922
11209 1.155532
11221 0.295541
11232 0.230734
11234 1.187241
11235 0.572443
11248 0.044358
11253 0.365664
11255 0.292023
11277 1.162556
11280 1.147836
11281 0.077443
11296 1.191931
11305 0.080163
11320 0.581304
11325 0.567671
11329 0.167669
11330 0.259576
11331 0.484183
11343 0.230328
11345 0.059902
11346 0.233618
11348 0.522860
11349 1.126866
11351 1.006976
11354 0.938741
11356 1.223716
11359 1.121369
11360 1.132999
11361 0.228427
11362 0.517677
11365 0.133496
11366 1.107325
11368 0.438672
11375 0.551235
11376 0.459135
11382 0.036694
11386 1.148624
11387 0.011396
11396 1.184391
11401 0.481274
11403 0.251085
11405 0.056294
11406 0.120648
11409 1.256969
11420 0.100698
11423 0.537432
11424 0.186895
11428 0.458893
11434 1.077072
11435 0.500611
11448 0.154276
11461 0.273238
11466 1.210568
11468 0.589125
11480 0.119804
11492 0.150349
11494 0.406798
11506 0.153025
11513 0.563433
11531 0.206514
11537 0.480650
11543 0.391539
11551 0.382285
11562 0.398861
11564 0.178649
11565 1.149099
11567 0.269959
11573 0.069737
11579 0.211101
11583 1.149099
11594 0.243939
11596 0.586532
11603 0.462931
11606 0.282856
11622 0.181569
11625 1.105602
11626 0.095633
11627 0.547543
11630 0.257457
11633 0.335192
11641 0.494954
11646 1.160837
11649 0.507866
11650 0.277174
11653 0.328060
11654 0.488742
11661 0.308376
11662 0.084568
11665 0.043803
11674 0.070793
11678 0.418206
11680 0.413399
11681 0.241236
11684 0.501425
11686 0.064894
11694 0.608180
11697 0.467237
11700 0.081259
11703 0.519152
11707 0.224179
11708 0.332257
11711 0.332344
11716 0.351684
11719 0.012836
11723 1.133938
11724 0.901100
11731 0.553598
11732 0.131474
11740 0.010113
11745 0.595966
11746 0.279448
11767 0.013742
11784 0.128010
11788 0.446624
11794 1.043496
11796 0.422839
11802 1.138395
11814 0.558896
11817 0.330485
11818 0.010619
11824 0.912814
11826 1.005575
11829 0.405758
11832 1.074645
11835 0.446238
11861 0.164520
11865 0.419988
11871 1.050773
11872 0.301867
11879 0.219017
11880 0.249592
11889 1.172784
11897 0.458638
11898 1.067007
11904 0.361047
11906 0.281594
11909 0.084103
11914 0.028490
11915 1.090220
11919 0.321380
11922 0.248530
11934 0.223053
11936 0.180437
11938 0.487167
11940 0.302330
11943 1.154819
11955 0.379118
11956 0.132464
11957 1.216763
11961 0.272753
11967 0.596473
11971 1.068781
11972 0.114425
11980 1.190996
11984 0.180575
11988 0.230734
11990 0.577010
11996 0.206454
11998 0.558653
12000 0.964946
12001 0.453495
12010 0.526283
12018 1.022081
12021 0.206134
12031 1.281134
12036 0.227304
12048 0.200244
12053 0.271424
12060 0.482309
12061 0.069529
12062 0.479217
12064 0.078199
12072 0.009694
12076 0.047873
12077 0.099178
12078 0.130594
12079 0.461347
12084 1.087534
12089 0.315313
12095 0.270302
12098 0.591198
12102 0.453437
12113 0.202267
12114 0.163533
12124 0.446922
12127 0.584046
12132 0.283583
12135 0.327066
12139 0.155746
12140 1.213900
12147 0.497061
12152 0.412268
12154 0.100122
12157 1.152922
12175 0.276323
12178 0.431458
12191 1.131360
12192 0.384940
12196 0.173051
12198 0.075850
12202 0.304293
12203 0.984673
12204 0.211419
12206 0.562235
12208 0.328116
12218 0.556234
12220 0.050512
12226 0.202469
12231 0.093447
12242 0.460158
12243 0.092624
12247 0.293245
12259 0.183630
12264 0.442355
12271 1.313431
12275 0.193673
12284 0.467237
12285 0.191142
12291 0.329462
12297 0.449747
12298 0.070488
12300 0.347090
12301 0.374389
12302 0.603514
12308 0.061479
12311 1.065884
12316 0.154885
12319 0.204928
12323 0.450843
12335 1.215909
12339 1.114997
12345 0.358523
12357 0.039765
12364 0.139177
12382 1.015733
12388 0.073774
12397 0.037987
12399 0.319151
12404 0.577898
12405 0.287871
12406 0.074559
12407 0.231185
12408 0.166870
12412 0.316771
12424 0.433663
12435 0.920002
12441 1.144637
12442 0.290570
12444 0.432194
12450 0.572127
12460 0.516855
12461 0.076596
12470 0.154276
12478 0.467237
12481 0.272753
12491 0.185833
12494 0.384940
12497 0.046911
12501 0.241236
12505 0.073006
12506 0.357124
12513 0.375076
12515 0.285810
12525 0.118424
12526 0.032598
12529 0.393337
12532 0.188571
12534 1.207914
12542 0.345249
12548 0.209375
12549 0.373004
12550 0.039154
12551 1.034889
12572 0.554844
12575 0.478967
12577 1.091075
12580 0.525296
12581 0.149407
12582 0.203147
12607 0.357794
12610 0.125902
12612 0.348181
12625 0.434928
12626 0.094710
12628 0.562007
12635 1.195007
12649 0.508393
12650 0.279543
12655 0.449688
12660 0.369499
12665 1.154968
12666 0.333741
12667 0.013350
12678 0.201128
12679 0.992078
12686 0.464969
12687 0.587719
12692 0.574472
12696 0.512321
12701 0.023362
12706 0.352632
12707 0.040106
12710 0.318571
12716 0.449747
12718 0.522206
12720 0.098886
12721 0.242092
12749 0.545110
12764 0.191267
12769 0.288231
12770 0.304293
12772 1.089413
12775 0.472208
12776 1.089565
12783 0.070488
12784 1.174618
12786 0.337181
12787 0.067716
12794 0.544354
12797 1.066026
12809 1.128970
12810 1.148624
12821 0.298814
12846 0.346101
12851 0.197028
12852 0.330787
12855 0.106190
12862 0.294752
12866 0.208821
12867 0.856992
12874 0.411169
12881 0.214986
12886 0.303401
12910 0.374243
12915 1.099381
12932 0.217657
12935 0.169904
12940 0.353372
12942 0.467237
12944 0.578025
12945 1.071897
12948 0.428658
12951 0.255321
12952 0.223119
12962 0.522052
12963 0.445911
12965 0.266993
12966 0.279912
12967 1.140281
12970 0.352028
12980 0.299511
12983 0.171463
12984 0.546767
12985 0.070367
12987 0.272380
12989 0.379867
12990 0.173051
13000 0.035043
13002 0.138161
13016 1.107674
13019 0.543521
13023 0.125356
13027 0.011919
13044 0.500611
13045 0.167619
13054 0.332302
13070 0.068376
13075 0.530951
13076 0.010668
13077 0.336488
13085 0.070793
13088 0.467237
13090 1.125183
13099 0.518024
13104 0.023362
13114 0.453078
13115 0.360522
13121 0.179707
13126 0.510332
13133 1.168092
13135 0.048418
13143 0.120147
13146 0.069050
13151 1.132387
13155 0.298236
13158 0.512041
13164 1.103912
13166 0.103067
13174 0.387139
13176 0.255520
13179 0.376069
13180 0.353144
13185 1.168092
13191 0.475156
13196 0.015170
13197 0.383880
13205 0.097924
13211 0.330876
13231 0.126591
13234 0.537054
13235 0.440790
13247 1.069727
13249 0.333741
13250 0.267843
13252 1.168092
13255 0.193832
13256 0.369397
13260 0.605678
13267 0.452559
13269 1.082622
13272 0.452165
13281 0.512581
13283 0.351033
13285 1.241756
13300 0.527192
13314 0.469847
13316 0.187834
13318 0.473696
13319 0.127607
13331 0.425807
13335 0.171463
13340 0.106631
13342 0.465123
13352 0.164793
13355 0.191861
13358 0.444495
13380 0.302839
13384 0.532602
13386 0.612770
13396 1.197790
13405 1.263664
13406 0.425867
13408 0.122957
13410 1.246620
13413 0.133496
13419 0.019967
13430 0.438776
13432 0.082941
13433 0.259576
13435 0.359413
13437 1.216763
13440 0.088877
13444 0.580956
13447 0.088716
13448 1.108496
13451 0.593780
13455 0.357299
13458 0.313654
13460 0.564960
13463 0.176686
13472 0.286297
13473 0.149755
13478 1.087697
13480 0.995751
13481 0.239609
13483 0.491045
13484 0.275550
13490 0.274248
13492 0.569801
13493 0.297146
13495 1.189330
13496 0.219641
13501 0.429643
13504 0.124981
13505 0.267911
13510 0.123499
13511 0.109938
13517 0.322569
13518 1.179112
13519 0.009775
13525 0.396508
13532 0.260649
13533 0.357449
13534 1.241451
13536 0.393739
13550 0.228802
13552 0.283174
13557 0.253454
13580 0.318119
13581 0.332105
13582 0.591833
13586 0.366038
13595 0.517677
13603 0.465170
13609 0.293692
13611 0.141587
13615 0.011508
13620 0.399221
13640 0.358625
13652 0.059902
13653 0.010292
13656 1.034248
13657 0.163943
13672 0.331588
13675 1.181675
13680 0.035397
13683 0.404534
13694 1.104167
13695 0.451194
13707 0.444988
13712 0.219017
13713 0.454609
13719 1.305942
13722 0.271937
13732 1.025161
13734 1.127345
13737 0.389364
13743 1.179009
13744 0.154714
13745 0.574873
13747 1.141545
13749 0.587719
13758 0.030538
13760 0.478166
13768 0.166079
13769 0.125153
13770 0.572594
13779 0.037082
13781 0.971774
13787 0.398213
13790 0.421653
13794 0.524217
13800 1.188767
13801 0.175947
13807 1.220591
13810 0.325979
13816 0.166079
13818 0.242963
13827 0.337310
13829 0.085173
13830 0.269146
13835 0.202559
13837 0.103067
13840 1.184859
13846 0.136190
13855 0.033374
13857 0.095354
13862 0.426010
13866 1.225540
13876 0.559368
13881 0.371041
13886 0.012628
13891 0.421653
13908 0.392904
13909 0.575582
13911 0.329646
13917 0.450091
13918 0.423773
13919 0.014159
13920 0.010816
13924 0.121536
13926 0.307393
13937 0.338271
13940 0.134135
13944 0.355990
13948 1.110645
13958 0.407335
13960 0.318571
13962 0.037082
13966 0.172559
13973 0.544225
13977 0.276323
13985 0.498736
13991 0.102689
14002 0.283956
14004 1.131590
14005 0.155746
14006 0.473279
14026 0.481325
14027 0.558964
14033 0.029697
14035 0.059597
14039 0.168475
14041 1.206265
14045 0.201395
14048 1.235224
14051 0.392479
14053 0.301443
14054 0.877552
14056 0.614208
14065 0.584046
14090 0.012979
14097 0.028842
14098 1.152091
14102 1.173681
14112 0.043803
14113 0.491254
14116 0.185965
14124 0.996772
14126 0.119295
14128 0.394171
14136 0.354864
14145 0.305230
14151 0.584046
14154 0.032598
14163 0.394848
14165 1.222171
14167 0.562641
14175 1.139946
14182 0.205379
14185 0.985405
14187 0.352385
14188 0.019468
14190 0.233618
14201 0.293381
14202 0.152964
14204 1.082300
14206 1.048899
14207 0.305929
14211 1.001222
14226 0.164731
14232 1.134164
14239 0.476772
14240 0.046958
14244 0.558653
14245 0.391079
14256 1.241404
14266 0.601394
14267 1.075875
14270 0.158003
14280 1.173193
14288 0.341360
14289 0.400884
14291 0.286371
14292 0.375076
14295 0.357964
14297 0.345589
14303 0.220833
14306 0.566649
14314 0.036503
14326 0.288742
14327 0.330113
14333 1.129584
14336 1.081780
14348 0.010113
14349 0.187289
14355 0.011565
14363 1.074864
14366 0.025672
14374 0.928484
14375 0.517598
14378 1.002908
14380 0.152835
14387 0.249495
14393 0.615291
14400 0.457080
14401 0.089853
14410 0.073006
14411 1.168092
14414 0.251941
14426 0.459362
14427 0.323688
14441 1.060975
14443 0.132738
14452 0.117881
14454 0.486705
14461 0.456112
14469 0.391876
14474 0.355715
14475 0.256411
14484 0.349336
14496 0.110197
14501 0.519152
14515 0.457348
14519 0.329814
14525 0.601533
14527 0.523628
14536 0.355843
14538 0.324160
14542 0.512821
14544 1.160837
14553 0.595869
14560 0.283518
14570 0.619541
14573 0.010292
14574 0.469113
14576 0.508872
14579 0.279167
14582 0.371314
14590 0.322569
14598 1.103524
14605 1.130892
14606 1.218879
14618 0.500611
14624 0.075361
14627 0.284405
14628 0.265727
14633 1.106020
14635 1.149551
14636 0.278749
14640 0.187729
14642 0.056430
14656 1.168092
14663 0.275699
14671 0.033534
14694 0.211101
14698 0.333741
14700 0.013662
14705 0.486705
14709 1.106614
14717 0.145406
14718 0.084732
14720 1.221675
14722 0.594174
14723 0.416725
14729 0.091615
14733 1.082919
14736 0.029202
14743 1.064866
14748 1.049805
14755 0.170451
14756 1.191738
14757 0.989443
14759 0.071412
14762 0.972479
14764 0.445911
14767 0.359413
14780 0.568677
14782 1.314104
14783 0.289013
14784 0.146846
14786 0.488969
14787 0.030605
14788 0.241674
14789 0.072552
14794 0.065941
14803 0.112711
14824 0.319688
14839 0.304119
14842 0.580419
14846 0.564792
14854 0.551235
14855 0.140171
14862 0.473151
14869 0.594862
14873 1.116177
14883 0.562184
14887 0.398094
14888 0.090628
14890 0.162048
14894 0.584046
14899 0.133496
14905 0.486705
14910 0.025256
14912 1.138520
14913 0.395964
14915 1.110170
14918 0.037884
14928 0.166870
14931 1.138445
14932 0.982025
14935 0.104087
14936 0.372249
14941 0.545453
14945 0.364607
14949 0.217657
14953 1.168092
14965 1.258679
14974 0.174126
14977 0.298032
14980 0.070488
14981 0.030875
14983 0.597629
14985 0.483349
14986 1.041432
14996 0.043464
14997 0.504124
14998 0.128362
15001 1.067146
15005 0.104410
15012 0.516543
15016 0.290770
15017 0.565378
15018 0.421057
15023 1.091152
15024 1.152236
15025 0.322232
15036 0.316970
15044 0.381654
15046 0.611858
15051 0.452165
15063 0.147690
15066 0.382086
15069 0.508685
15080 0.277661
15085 0.478918
15086 0.261904
15088 0.171320
15090 1.114387
15091 0.083435
15093 1.089521
15097 0.076417
15106 0.342640
15109 0.217320
15110 0.365375
15122 0.022572
15125 0.609440
15138 0.349336
15140 0.517978
15144 0.557499
15157 1.279029
15160 0.312795
15162 0.122372
15165 0.113708
15179 0.491828
15189 0.300060
15191 1.198354
15194 0.197424
15197 0.038456
15199 0.333741
15215 0.094967
15216 1.030670
15227 1.333077
15229 0.244627
15232 0.060838
15235 0.088716
15239 0.303401
15241 0.351103
15244 0.570464
15247 0.427605
15250 1.264169
15255 0.925445
15256 0.551956
15261 0.440151
15263 0.290811
15267 0.533376
15270 0.327363
15277 0.099837
15278 0.050512
15283 0.524217
15284 0.393739
15285 1.070751
15292 0.240293
15294 0.559506
15297 0.498576
15299 0.027165
15308 0.061804
15310 1.088450
15316 0.086883
15320 0.061479
15326 0.366460
15327 0.122313
15338 1.224311
15349 0.135431
15354 0.557255
15355 1.187561
15358 0.616658
15376 0.094528
15389 0.289687
15393 1.046267
15401 0.042866
15403 0.409663
15427 0.105590
15428 0.416350
15431 0.324761
15435 0.321750
15442 0.527192
15445 1.076477
15456 0.012296
15474 1.066519
15490 1.110645
15498 0.408513
15501 0.476971
15510 0.455841
15512 0.308806
15521 0.124045
15523 0.382285
15547 0.318015
15548 0.136088
15552 0.570074
15560 1.120415
15564 0.009775
15575 0.480979
15579 0.060211
15588 0.494598
15592 0.081495
15598 0.449266
15600 0.460656
15603 0.046958
15606 1.184241
15608 0.103830
15611 1.192945
15620 0.094870
15621 0.100265
15624 0.554165
15633 0.065501
15635 0.251744
15636 0.421279
15637 0.020227
15638 0.286513
15645 0.281468
15648 0.499562
15656 0.045363
15659 0.108380
15663 0.461469
15664 1.041960
15675 0.233618
15679 0.486211
15681 0.540158
15686 0.268661
15690 1.123594
15698 1.146594
15704 0.469277
15707 0.515644
15708 0.327066
15717 1.083140
15719 0.338419
15720 0.484869
15721 0.574034
15738 0.974389
15739 1.131360
15749 1.121369
15751 0.562415
15756 0.399611
15758 0.906279
15766 0.395176
15767 0.561867
15773 0.032149
15774 0.010866
15782 0.066208
15784 0.570772
15785 0.296863
15786 0.050512
15791 0.318015
15794 0.269015
15796 0.236576
15797 0.347711
15798 0.341881
15799 0.046414
15822 1.098799
15844 0.170940
15845 0.300180
15847 0.062857
15852 0.244627
15853 0.479533
15854 1.090954
15858 0.086525
15864 0.358523
15869 0.036694
15897 0.193606
15900 0.011980
15906 0.449266
15907 0.092218
15910 0.140604
15911 0.308553
15913 0.048671
15921 1.077419
15923 0.357884
15926 1.204595
15933 1.108880
15946 0.290626
15949 0.422202
15958 0.011232
15960 1.103912
15967 0.134780
15968 0.318571
15971 0.126591
15982 0.117462
15985 0.470002
15988 0.343557
15992 1.053574
16005 0.129136
16019 0.979239
16026 0.093447
16027 1.274283
16031 0.423013
16032 1.075387
16036 0.299146
16042 0.547081
16047 0.130513
16048 0.567359
16063 1.144254
16068 0.454609
16069 0.393892
16070 1.074108
16072 0.194682
16076 0.384616
16078 0.014786
16098 1.222242
16099 0.506791
16103 0.045363
16107 1.110266
16137 1.198354
16138 1.078239
16152 1.066026
16157 0.503673
16176 0.139314
16179 0.271164
16181 0.619541
16182 0.443276
16185 0.512321
16188 1.123594
16192 0.350929
16193 0.410995
16196 0.389364
16212 0.411614
16215 0.282396
16218 1.206079
16225 0.429523
16234 1.168092
16235 0.049918
16240 1.027358
16243 0.320283
16244 1.114728
16253 0.445561
16270 0.294477
16275 0.146776
16288 0.288295
16298 1.212774
16301 0.201065
16317 0.471730
16322 0.482309
16329 0.413106
16334 0.087607
16342 0.154714
16343 0.528423
16350 0.146012
16355 0.361732
16360 0.406704
16361 0.204416
16374 1.061902
16376 1.157935
16378 0.417642
16381 1.262293
16382 1.029309
16387 0.051064
16390 0.045584
16392 0.450003
16394 0.382473
16396 0.489620
16415 0.354365
16416 0.058042
16418 0.168475
16428 1.168092
16432 0.475694
16434 0.126543
16435 0.203147
16440 1.025384
16462 0.436217
16467 1.200843
16485 0.343854
16491 0.439752
16500 0.496181
16501 0.186895
16502 1.130713
16505 0.510641
16511 0.056704
16513 0.371666
16514 0.226814
16518 1.121369
16529 0.314991
16533 0.390993
16536 0.124748
16539 0.506518
16541 0.191861
16543 0.344865
16545 1.073891
16548 0.257376
16549 0.514965
16553 0.992879
16556 0.360440
16558 0.363651
16559 0.403634
16562 0.168284
16564 0.545110
16578 1.267404
16580 0.140875
16582 0.413838
16596 0.511040
16597 0.445911
16605 0.926643
16619 1.189525
16625 0.480979
16635 0.057213
16665 0.373790
16680 0.347090
16686 0.150116
16698 0.301867
16699 0.426608
16703 0.107587
16707 0.356576
16720 0.273505
16722 0.187834
16728 0.595498
16734 0.551398
16735 1.352528
16749 1.059323
16757 0.575742
16758 1.183262
16759 0.989909
16764 0.290811
16772 0.441399
16777 0.217780
16780 0.243132
16782 0.009575
16784 0.562936
16790 0.587384
16801 0.498386
16808 0.144209
16820 0.478967
16821 0.551460
16824 1.069579
16825 0.015370
16830 0.227416
16834 0.584046
16844 0.215843
16852 0.419606
16855 0.375458
16864 0.537937
16867 1.029505
16873 1.049303
16874 0.074559
16875 0.011020
16877 1.052787
16878 0.451308
16879 0.986389
16882 0.233618
16883 0.084187
16913 0.310591
16921 0.941117
16922 0.285168
16931 0.367490
16932 0.224633
16934 0.214329
16951 1.161493
16958 1.168092
16960 0.279102
16961 0.215175
16964 0.289527
16965 0.546121
16971 0.378330
16976 0.240698
16978 0.314109
16980 1.162709
16983 0.234855
16984 0.448547
16992 0.141918
16993 0.404784
16994 0.022792
16996 0.207661
17002 0.506173
17017 0.537054
17023 0.225174
17029 0.138587
17036 0.252202
17040 0.417176
17041 0.029760
17060 0.380900
17073 0.443579
17076 0.584046
17100 1.132387
17104 0.353502
17111 0.127428
17118 0.223202
17120 0.201893
17124 0.305384
17135 0.271884
17137 0.025256
17138 0.496580
17144 0.902185
17151 1.180135
17162 0.366460
17170 0.151947
17171 0.115367
17180 0.318571
17182 0.595498
17184 1.049120
17187 0.048874
17191 0.514914
17197 0.049287
17199 0.963261
17205 0.086525
17206 0.368871
17208 1.051283
17217 0.398861
17218 0.389364
17222 0.218658
17231 1.106614
17233 0.090852
17236 0.076776
17239 0.343854
17248 1.133533
17257 0.203147
17260 0.077504
17261 0.263084
17263 1.101724
17264 0.521470
17265 0.241341
17267 0.352632
17273 0.341240
17279 1.264169
17281 0.342640
17283 0.520497
17285 0.523808
17291 0.435314
17296 0.467237
17302 0.572365
17304 0.465338
17307 0.509487
17310 0.012231
17317 0.453887
17321 0.513767
17322 0.521567
17329 0.010337
17333 0.125601
17336 0.449266
17337 0.576189
17340 0.482070
17342 0.151852
17353 1.099381
17360 1.244066
17366 0.461641
17373 0.398861
17374 0.531899
17376 0.561142
17382 0.214986
17387 0.227679
17391 0.591833
17400 1.280229
17412 0.513961
17414 0.045363
17432 0.409663
17434 0.142450
17441 0.058114
17444 0.553837
17452 0.035576
17455 0.463294
17456 0.138327
17459 0.021732
17460 0.542329
17466 0.033534
17477 0.253321
17478 0.121046
17496 0.484634
17498 0.039596
17504 0.030340
17506 0.201128
17509 1.075875
17510 1.120897
17521 1.102679
17535 0.421279
17536 0.214329
17551 0.144209
17557 1.168092
17564 0.060419
17568 0.543874
17572 1.168092
17576 0.599282
17577 0.320391
17581 0.453628
17583 0.431807
17591 1.132387
17593 0.530951
17598 1.211759
17599 0.415762
17600 1.006754
17606 1.053822
17612 0.367325
17614 0.568595
17615 1.097879
17618 1.072521
17622 0.051008
17628 0.192675
17635 0.169904
17639 0.438035
17645 0.217657
17647 0.519152
17665 0.225718
17670 0.070488
17671 0.171927
17673 0.233618
17674 0.239248
17683 0.354365
17686 0.335393
17690 0.048874
17697 0.085619
17698 0.438035
17704 0.312982
17706 1.019661
17708 1.195257
17710 0.199887
17720 0.439999
17729 0.351377
17731 0.599662
17732 0.209994
17734 0.965464
17738 0.422020
17741 0.481396
17742 1.178250
17744 0.021047
17746 0.090350
17752 0.514753
17760 1.133397
17762 0.297533
17776 0.239932
17777 0.168284
17782 0.591198
17795 0.434415
17797 1.018974
17807 1.077072
17809 0.292023
17813 0.207933
17814 0.530951
17826 0.433722
17833 1.071556
17836 0.093823
17837 0.490182
17840 1.091496
17846 1.133737
17852 0.071725
17859 0.242720
17862 0.478967
17873 1.055956
17876 0.332344
17881 0.148875
17893 1.130412
17898 0.349803
17903 1.235482
17907 0.152360
17909 0.185585
17914 0.602886
17921 0.303401
17926 1.168092
17939 1.138890
17945 0.501373
17948 0.578785
17959 0.076180
17963 0.221790
17966 0.570074
17970 0.077017
17991 0.118972
17993 0.265907
17998 0.042866
17999 0.401697
18003 0.097851
18004 0.011232
18005 0.557670
18011 0.560684
18022 0.212380
18026 0.105710
18028 0.372249
18030 1.227995
18037 0.076284
18039 1.097725
18040 0.420266
18049 0.553837
18051 0.254655
18053 0.281468
18062 0.047435
18068 0.410602
18075 0.167669
18080 0.089853
18088 0.339124
18089 1.041271
18092 0.107411
18094 1.168092
18095 0.587462
18096 1.048288
18098 0.413027
18110 0.182040
18113 1.115340
18118 0.325439
18127 0.057684
18130 0.412962
18135 0.504124
18140 0.032598
18147 0.522708
18150 0.376165
18151 0.293381
18154 1.082867
18160 0.599416
18165 0.518066
18166 0.106675
18174 1.049120
18176 0.360369
18179 0.048169
18180 0.010113
18185 0.112437
18193 0.182040
18204 0.217586
18212 0.977228
18219 0.476095
18222 0.608180
18238 0.524450
18242 0.486705
18245 0.538239
18247 0.471524
18250 0.554349
18252 0.323246
18254 0.488614
18255 0.491254
18258 0.483349
18260 0.985405
18261 1.150122
18267 0.379251
18270 1.237386
18273 0.083435
18274 0.573554
18277 0.206410
18297 0.063830
18298 0.142203
18301 0.328329
18302 0.433722
18308 0.591439
18309 0.142306
18318 0.266301
18321 1.079290
18330 0.457603
18340 0.185185
18344 0.473345
18345 1.075176
18350 0.249193
18352 0.573800
18358 1.082361
18360 0.115367
18361 0.046414
18369 0.601593
18373 0.303572
18376 0.103205
18381 0.088396
18385 0.402257
18390 1.257946
18397 1.123734
18399 0.010157
18425 1.217054
18433 0.509168
18441 0.444988
18451 0.236400
18456 0.532814
18466 0.267688
18469 0.391341
18471 0.049918
18472 0.122957
18473 0.215792
18474 0.286714
18479 0.021047
18487 0.251589
18488 1.314104
18490 1.087929
18498 1.130713
18501 1.223133
18502 0.075973
18503 0.335237
18505 1.072016
18518 0.469709
18532 0.263920
18533 0.555237
18542 0.400884
18548 0.156397
18551 0.530438
18567 1.093533
18568 0.202628
18573 0.224437
18583 0.472639
18587 0.451748
18588 0.188783
18595 0.011232
18597 0.030144
18601 0.129788
18602 0.330370
18611 0.523872
18614 0.236848
18616 0.964946
18617 0.503673
18622 0.580419
18628 0.425934
18629 1.157376
18632 0.052617
18633 0.983657
18635 0.144209
18639 0.489845
18643 1.173525
18646 0.197146
18647 0.552758
18650 0.174126
18652 0.111913
18654 0.340371
18655 0.213769
18669 0.368871
18675 0.391539
18677 0.607408
18679 1.105292
18681 1.095087
18682 0.577010
18685 0.199107
18690 0.536691
18692 0.133496
18693 0.227129
18699 0.357059
18703 0.409857
18710 0.203147
18713 0.063830
18726 0.067576
18727 1.134164
18736 0.139891
18743 0.456496
18744 0.441596
18748 0.038142
18757 0.282289
18758 0.393892
18773 0.452829
18774 0.584046
18792 0.221872
18795 0.198824
18797 0.013742
18802 1.117792
18803 0.109353
18804 0.124265
18827 0.614785
18830 0.238155
18842 1.027921
18844 0.210557
18845 0.329462
18849 0.542598
18851 0.452165
18852 0.074878
18854 0.248090
18856 0.507866
18857 0.169904
18869 0.391469
18874 0.139956
18875 0.382981
18884 0.399775
18886 0.186456
18899 0.100481
18903 0.499094
18910 0.549691
18911 0.524144
18912 0.304247
18913 1.104609
18914 0.023961
18915 0.250306
18932 0.319835
18934 0.151046
18947 0.168591
18948 0.370089
18952 0.985138
18958 0.314285
18961 0.607408
18962 0.405064
18964 0.352861
18985 1.223238
18991 0.153880
19002 1.104378
19008 0.272316
19016 0.228427
19026 0.093447
19027 1.041960
19031 0.509310
19034 0.269015
19039 0.547994
19044 0.217780
19046 0.562184
19048 0.089853
19049 0.302664
19050 1.168092
19052 0.539120
19056 0.379867
19061 0.122957
19068 0.141587
19071 0.989563
19080 1.013285
19086 0.617105
19089 0.027978
19108 1.014572
19110 0.267395
19111 0.453722
19112 0.385691
19114 1.087136
19118 0.218215
19121 0.278628
19144 0.409857
19152 0.290295
19164 0.076417
19168 0.201203
19177 0.489486
19180 0.557608
19190 0.597629
19194 0.330113
19196 1.100180
19197 0.379118
19198 1.108948
19203 0.454552
19210 0.485926
19219 0.367115
19221 0.217320
19226 0.384241
19236 0.151852
19237 0.211369
19240 0.320653
19248 0.345660
19251 0.510084
19253 1.147836
19254 0.073006
19255 0.418421
19256 0.381218
19259 0.103371
19262 0.292023
19263 0.130594
19264 0.057213
19270 0.437413
19271 0.134780
19274 0.329040
19276 0.509538
19277 0.493730
19282 0.403270
19284 0.418990
19289 0.441667
19290 0.198576
19309 0.403199
19320 0.059521
19324 0.381218
19326 0.374306
19335 1.128970
19337 0.440790
19344 0.130594
19345 0.504804
19346 0.512581
19351 1.173847
19352 0.413027
19354 0.551235
19358 0.398094
19365 1.236137
19373 0.116809
19378 1.084112
19384 0.577333
19385 0.412268
19387 0.575742
19395 1.111489
19400 0.226082
19402 0.294858
19412 0.039765
19417 0.474992
19428 0.323828
19435 0.971687
19440 0.200654
19443 0.083863
19445 0.260894
19454 0.263570
19455 0.951013
19458 0.339809
19459 1.194761
19461 0.076596
19462 1.281452
19468 0.092829
19472 0.384616
19474 0.135582
19485 0.414007
19489 0.580229
19496 1.209598
19500 0.280934
19508 0.403920
19510 0.340078
19515 0.025393
19518 0.551762
19519 0.165794
19520 0.467237
19525 0.379482
19529 0.341881
19530 1.040994
19535 0.958159
19541 0.099944
19559 0.199430
19560 0.025120
19563 0.303401
19571 0.316771
19578 0.997472
19579 0.033374
19580 1.052249
19586 0.552189
19590 0.538110
19599 0.421057
19607 0.176984
19616 1.062773
19621 1.069579
19631 0.517677
19638 0.542098
19639 0.179707
19643 0.973410
19645 0.549691
19655 0.522052
19665 0.504073
19666 0.419315
19667 0.576461
19668 1.039805
19672 0.340497
19680 1.251880
19681 1.079045
19693 0.318571
19694 0.243583
19701 0.608237
19705 0.139772
19714 0.162990
19717 0.083809
19720 0.572127
19741 1.235053
19744 0.226718
19752 0.215950
19753 0.333741
19771 0.147690
19777 0.584046
19779 0.448464
19782 0.415322
19790 0.596473
19797 0.459974
19809 0.530438
19810 0.586450
19815 0.417531
19817 0.605678
19821 0.183745
19822 0.572365
19823 0.011623
19831 0.060680
19834 0.022463
19841 0.251941
19848 0.302330
19851 0.459250
19854 0.349085
19856 0.041532
19857 0.556881
19865 0.183470
19869 0.170111
19873 1.228511
19874 0.184436
19875 0.361266
19885 0.351103
19888 1.243233
19895 0.098159
19896 0.249781
19901 0.458893
19905 0.973410
19916 0.226414
19922 1.081107
19928 0.165883
19940 0.177432
19950 0.551956
19957 0.225718
19967 0.228248
19973 0.146930
19979 1.072521
19991 0.440538
19998 0.182336
20001 0.029386
20017 0.106884
20019 0.211369
20022 0.398094
20024 0.046491
20029 0.590759
20036 0.443070
20039 0.010816
20047 0.060680
20053 1.160652
20060 0.564897
20062 0.015269
20070 0.237004
20076 0.553662
20079 0.522052
20083 0.478103
20087 0.036314
20091 0.232328
20094 0.025672
20102 0.315385
20106 1.261790
20121 0.185585
20127 1.096800
20131 0.479217
20132 1.304250
20135 0.025120
20140 0.357579
20143 1.085113
20147 1.100180
20148 0.274845
20163 0.365664
20166 0.405758
20167 1.139946
20168 0.366266
20172 0.387282
20175 0.300697
20178 0.047483
20181 0.058042
20184 0.577175
20186 0.024986
20187 1.277803
20188 0.562415
20191 1.068255
20198 0.132237
20202 0.057447
20213 1.096367
20220 0.530951
20226 0.015072
20229 1.018621
20231 1.065457
20232 0.304293
20236 0.028490
20238 0.541899
20244 0.019228
20260 0.487650
20262 0.495170
20266 0.199107
20267 0.501373
20272 0.306772
20273 0.042284
20281 0.248220
20282 0.225718
20285 0.168881
20288 0.594174
20295 0.303073
20300 0.063140
20318 0.606086
20320 0.028490
20331 0.223884
20332 1.108190
20334 0.514184
20337 0.058405
20338 0.076284
20339 0.391783
20341 0.332105
20345 1.018577
20346 0.555633
20363 0.184948
20367 0.367384
20375 0.031149
20382 0.164793
20384 0.089362
20390 1.131816
20397 0.991109
20411 0.502405
20412 0.507866
20417 0.394698
20420 0.208588
20425 0.368871
20427 0.184722
20429 1.030992
20430 0.533573
20432 0.021335
20433 0.454941
20462 0.026853
20468 0.533985
20470 0.173051
20485 0.217079
20488 0.077873
20500 0.505772
20501 0.392479
20502 0.544225
20504 0.167792
20511 0.151165
20520 0.995042
20528 0.121360
20534 0.415865
20535 0.251589
20546 0.591697
20549 0.315959
20561 0.283174
20566 0.282856
20572 0.394421
20573 0.586450
20575 0.249193
20576 1.091785
20578 1.129704
20579 0.538110
20583 0.477563
20588 0.121360
20596 0.350428
20599 1.175628
20609 0.581355
20615 1.029766
20617 0.263393
20622 0.262648
20633 0.470086
20638 0.181703
20644 0.549003
20646 0.519152
20649 1.093759
20661 0.091815
20666 0.283956
20668 1.069299
20681 0.434415
20682 0.014073
20683 0.233618
20688 0.414484
20707 1.135645
20712 1.041432
20713 0.274845
20714 0.187289
20716 0.551340
20717 0.272086
20720 0.119804
20727 0.104762
20728 0.481582
20730 0.252963
20734 1.001222
20735 1.107325
20736 0.355008
20738 0.958435
20741 0.024986
20742 1.010536
20753 0.447769
20755 0.012427
20756 1.091152
20757 0.431525
20760 0.525407
20768 0.234639
20769 0.217320
20786 1.061902
20792 1.004811
20797 0.149755
20799 1.014396
20810 0.608824
20812 0.159615
20816 0.303401
20819 0.442241
20820 0.200244
20834 0.209780
20836 0.549691
20839 0.331844
20844 0.193530
20850 0.187969
20857 0.500611
20863 0.044640
20883 0.248090
20888 0.308329
20892 0.328379
20897 0.040986
20903 0.961958
20908 0.116809
20911 0.515907
20914 0.012296
20916 0.290811
20917 0.550808
20923 0.071412
20930 0.102851
20934 1.018974
20937 0.295541
20948 0.075361
20962 0.219017
20968 0.459135
20976 0.340449
20977 0.246478
20978 0.101573
20982 0.065623
20988 0.118288
20989 0.458893
20999 0.151097
21002 0.076346
21005 1.042761
21009 0.444383
21010 0.113270
21016 1.226233
21028 0.028490
21039 0.257984
21056 1.277601
21060 0.262947
21068 0.469527
21077 0.555633
21088 1.331942
21094 0.060680
21100 0.042284
21105 0.317942
21106 0.981474
21113 0.508464
21114 0.392904
21117 0.372249
21120 0.528423
21122 0.193673
21133 0.461469
21141 1.039887
21143 0.385792
21144 1.172939
21145 0.584046
21149 0.127607
21153 0.269015
21154 0.485441
21157 1.058764
21159 0.981474
21169 1.016240
21173 1.033886
21176 1.018002
21182 0.229625
21183 0.436848
21185 0.010070
21188 1.182755
21191 0.302664
21199 0.418990
21203 0.233618
21214 0.095843
21216 0.193530
21221 0.619230
21222 1.163164
21244 0.131352
21248 0.340449
21253 0.511404
21255 0.341360
21257 1.082622
21265 1.084112
21266 1.133533
21267 0.371314
21276 0.042997
21285 0.263570
21291 1.179112
21298 0.515967
21300 0.163282
21322 0.273505
21328 0.536540
21340 0.381218
21356 0.391876
21358 0.012231
21361 0.013989
21362 0.399221
21372 0.456371
21374 0.109821
21375 0.967130
21376 0.563907
21381 0.461804
21386 0.083064
21395 0.078622
21409 0.572742
21411 0.243939
21413 0.422626
21419 0.329190
21421 0.452934
21422 1.173378
21426 0.277355
21433 0.297333
21436 0.069886
21447 0.618857
21449 0.508464
21451 0.163682
21453 0.553662
21454 1.203489
21456 1.240452
21461 0.029572
21468 1.018002
21474 0.341547
21475 0.089853
21477 0.049972
21480 0.532295
21483 0.019228
21487 0.177432
21493 0.580507
21495 0.086928
21496 0.156397
21502 0.414837
21510 0.181859
21518 0.319478
21519 0.232561
21523 0.216313
21524 0.349224
21528 1.100603
21534 0.456796
21547 0.375458
21549 0.081613
21552 0.307393
21567 0.522860
21571 0.121360
21581 0.063140
21588 0.458075
21592 0.100698
21602 0.507353
21608 0.446624
21631 1.143449
21638 0.011623
21639 0.019798
21644 0.055099
21655 0.088396
21659 0.290570
21662 0.274845
21669 1.014246
21673 0.503377
21683 0.332047
21686 0.450843
21687 0.011341
21692 0.014693
21694 0.300697
21699 0.142584
21718 0.035941
21724 0.251941
21727 0.031011
21736 0.044712
21746 0.340449
21758 0.209780
21764 0.204928
21768 0.012766
21770 1.128271
21772 1.109362
21780 0.271375
21787 0.092982
21793 0.162646
21794 0.179707
21801 0.212380
21803 0.597886
21804 0.606145
21811 1.238070
21824 0.909104
21832 1.132696
21841 0.370823
21843 0.149516
21844 0.048268
21847 1.048288
21853 0.508685
21856 0.576461
21864 0.138678
21866 0.130392
21867 0.247975
21871 1.220845
21874 0.961958
21877 1.152922
21878 0.215843
21884 1.228303
21889 0.561706
21890 1.043827
21891 0.401371
21894 0.360522
21902 0.032003
21904 0.025256
21914 0.186895
21915 1.049590
21921 0.341547
21926 0.986944
21927 0.459731
21932 0.195701
21941 0.257984
21950 0.051232
21954 0.520563
21962 1.202115
21964 0.233618
21965 0.480038
21974 0.267911
21976 0.080558
21978 0.513087
21988 0.455257
21994 0.092829
21995 0.312483
21996 0.113270
22004 0.328709
22011 0.346857
22016 0.563907
22019 0.596743
22020 0.443276
22025 0.298814
22031 0.504404
22037 0.587462
22043 0.584046
22049 0.503377
22059 0.028147
22060 0.163533
22061 0.226082
22062 0.044927
22063 0.407590
22069 0.052499
22071 0.331588
22073 1.168092
22074 0.401824
22075 0.360205
22095 0.576953
22097 0.244238
22102 0.287530
22112 0.374943
22118 0.491301
22119 0.041905
22120 0.155746
22121 0.192154
22122 0.126591
22130 0.220214
22131 0.408832
22134 1.026894
22137 0.400489
22139 0.058114
22141 0.236706
22143 0.554844
22146 0.529191
22159 0.165794
22163 0.434874
22165 0.518106
22178 0.940542
22184 0.311491
22193 0.132954
22195 0.537937
22196 0.607408
22197 0.050787
22202 0.104087
22203 0.034022
22205 0.042220
22206 1.242850
22217 0.192543
22218 0.251203
22219 0.015170
22222 0.248824
22228 1.142699
22230 0.616658
22238 1.114014
22240 0.506173
22245 0.453139
22252 0.369566
22254 0.327066
22260 0.098514
22261 0.444068
22269 0.522438
22277 1.218879
22288 0.038142
22298 0.214929
22301 1.046815
22308 0.023598
22310 0.336411
22323 0.068139
22345 0.150722
22346 0.128010
22350 0.046724
22365 0.089853
22366 0.495086
22367 0.581082
22369 1.083140
22370 0.535161
22371 0.106190
22376 0.467237
22380 0.245914
22411 0.435380
22412 0.070793
22416 0.224873
22418 0.414484
22438 0.327292
22439 0.188571
22441 0.107587
22442 0.528766
22451 0.137423
22470 0.227550
22476 0.368126
22479 0.073333
22484 0.320025
22485 0.186068
22490 1.096125
22492 0.546767
22493 0.281468
22499 1.037091
22510 0.469527
22514 0.584046
22515 0.485109
22517 0.121969
22518 0.379630
22520 0.494857
22522 0.979361
22528 0.204717
22530 0.581496
22536 0.357693
22542 0.572127
22543 1.231102
22555 1.034049
22562 0.548155
22563 1.146660
22570 0.056294
22571 1.054278
22579 0.051686
22591 0.229789
22602 0.393003
22606 0.012493
22607 0.335659
22615 1.012347
22619 0.014786
22621 0.302330
22625 1.030670
22628 0.294858
22629 0.131352
22630 1.161098
22636 0.233618
22637 0.986052
22648 0.508685
22652 0.498516
22655 0.287530
22659 0.497307
22668 1.204219
22677 0.470086
22687 0.086525
22693 0.191491
22703 0.045584
22704 0.368871
22729 1.161181
22735 1.052057
22739 0.057447
22740 0.401163
22742 1.147600
22745 0.333741
22748 0.297603
22749 0.074878
22750 0.303255
22763 0.244627
22768 1.146854
22773 1.074645
22776 0.962508
22778 0.132738
22786 1.242022
22789 0.184948
22794 0.535613
22795 0.154276
22798 0.568915
22807 0.389364
22811 0.424761
22817 0.162517
22818 0.135649
22821 0.140171
22822 0.053399
22825 0.313654
22831 0.031713
22834 0.389364
22836 0.397866
22842 0.613543
22846 0.073333
22848 0.086525
22851 0.562415
22852 0.050787
22857 0.396711
22863 0.856601
22868 0.309495
22874 0.361669
22878 1.094163
22893 0.445911
22898 0.273695
22900 0.207004
22915 0.973410
22916 0.383880
22918 1.028509
22926 0.983657
22930 0.010292
22932 0.174487
22933 1.192529
22938 0.556881
22945 0.050133
22947 0.527526
22953 0.200582
22954 0.427188
22956 0.474538
22959 0.076596
22961 0.313231
22972 0.525296
22979 0.375938
22982 0.313391
22984 0.493356
22999 0.218215
23000 1.135095
23001 0.461285
23004 0.492569
23016 1.046815
23017 0.232607
23028 0.243353
23031 0.044358
23033 0.483703
23039 1.246664
23040 0.340957
23049 0.087973
23051 0.230328
23052 0.084732
23066 0.167669
23068 1.236137
23077 0.257891
23079 0.166870
23090 0.200962
23091 0.436670
23093 0.212380
23095 0.328224
23099 0.435172
23103 0.409332
23112 0.215175
23116 0.353023
23120 0.055890
23124 0.161116
23128 0.360522
23129 0.013742
23141 0.534284
23144 0.074401
23146 0.165185
23147 1.139602
23162 0.254857
23172 0.094201
23177 0.464582
23184 0.539120
23189 0.218424
23190 1.084657
23192 0.370371
23202 0.375242
23210 0.316771
23211 0.112317
23213 0.055099
23214 1.074228
23225 0.532814
23229 0.402452
23232 0.244238
23235 0.551235
23248 0.020583
23251 0.296863
23253 0.340694
23256 0.115367
23263 0.105590
23268 0.290677
23281 0.387618
23283 1.027534
23285 1.032941
23288 0.564960
23294 0.361047
23295 1.132334
23297 0.318571
23308 0.943913
23316 0.360253
23319 1.034049
23327 0.393337
23335 0.171778
23342 0.398591
23350 0.352385
23362 0.047435
23366 0.558089
23367 1.074395
23368 0.339334
23396 0.427537
23398 1.156861
23406 0.524217
23414 0.438035
23415 0.567972
23417 0.391227
23421 0.374943
23422 0.448824
23428 0.541899
23431 1.139322
23442 0.584046
23444 0.057259
23462 0.553598
23472 1.041960
23482 0.371170
23491 1.138445
23499 0.037082
23501 0.010292
23514 0.367115
23531 0.107975
23543 0.544354
23546 0.012296
23558 0.414007
23563 0.115526
23585 0.119804
23590 0.566348
23591 0.324470
23593 0.346958
23603 0.028724
23606 0.602217
23609 1.092242
23624 0.992879
23625 0.056635
23627 1.093288
23628 1.085113
23633 0.221790
23639 0.270717
23645 1.113509
23647 1.142420
23649 0.034188
23657 1.190132
23672 0.114213
23690 0.356757
23692 0.500611
23695 0.157054
23700 0.376385
23703 0.934474
23718 0.523872
23720 0.417642
23722 0.456112
23730 0.163227
23740 0.993671
23745 1.242651
23753 0.546121
23757 0.961350
23761 0.240293
23762 1.065300
23763 0.410995
23765 0.994121
23797 1.168092
23806 0.346101
23807 1.111389
23817 0.202469
23818 0.121969
23822 0.472208
23826 0.361669
23834 1.029156
23840 0.274248
23848 0.216313
23851 1.082919
23854 0.186895
23861 1.152723
23869 0.200244
23885 0.191491
23888 0.010383
23895 0.141587
23896 0.509538
23897 1.055051
23913 0.318571
23914 0.554095
23915 1.197295
23917 0.489253
23922 1.129919
23924 0.587914
23935 0.264474
23936 0.541899
23940 0.185965
23946 0.179707
23947 0.396508
23950 1.196127
23955 0.024853
23960 0.089853
23969 0.494721
23970 0.414007
23971 0.058895
23975 0.387408
23977 0.505379
23979 0.295720
23980 0.139059
23985 0.983144
23986 0.038456
23988 0.539120
23995 0.435380
24005 0.290570
24029 0.425621
24031 0.319230
24036 0.530951
24047 0.248938
24050 0.562007
24068 0.611858
24069 0.440596
24071 0.026249
24072 0.492569
24076 0.331917
24084 0.597381
24090 0.416450
24094 0.427351
24103 0.546767
24105 0.218658
24107 0.194682
24110 0.378111
24114 0.480979
24132 0.066369
24133 0.042476
24141 0.052617
24157 0.453437
24166 0.105234
24168 0.481838
24174 0.474939
24175 0.589308
24185 0.470086
24189 0.484686
24190 0.346101
24204 1.130412
24211 0.011452
24219 0.559368
24221 0.939170
24225 0.039264
24227 0.070367
24242 0.320849
24253 0.401062
24255 1.228773
24257 0.328379
24263 0.432627
24270 0.533013
24272 0.515781
24274 0.262821
24276 0.248824
24281 0.438035
24283 0.358392
24284 0.266301
24287 0.056068
24288 0.542526
24290 0.057330
24294 0.458893
24302 0.193785
24308 0.233618
24309 0.354303
24312 0.506518
24317 0.309902
24320 0.311491
24325 0.119041
24340 0.348251
24345 0.612101
24357 0.512530
24359 0.079385
24377 0.547994
24380 0.545956
24382 0.092916
24384 1.223716
24386 1.138520
24393 0.168205
24396 0.145313
24402 0.187472
24416 0.262947
24422 0.163282
24427 0.565603
24434 1.055051
24436 1.155396
24445 0.537529
24450 0.527066
24451 0.545110
24456 1.033585
24470 0.952917
24473 0.166870
24475 0.581662
24479 0.560304
24481 0.186895
24484 0.113270
24487 0.478362
24488 0.165883
24494 0.371882
24506 0.217657
24513 0.561583
24514 1.180929
24523 0.207004
24525 0.420513
24532 0.584046
24534 0.934474
24536 1.119646
24537 0.502405
24538 0.052855
24539 0.083435
24541 0.543299
24545 0.579298
24553 0.363651
24554 1.045135
24557 0.012168
24559 0.295987
24562 0.319572
24568 0.513961
24572 0.471624
24577 0.356190
24589 0.217079
24590 1.065884
24591 0.179707
24593 0.387060
24594 0.584046
24598 0.279855
24599 0.457080
24600 1.168092
24602 0.358311
24603 0.172140
24606 1.052057
24608 0.245914
24610 0.164731
24612 0.333741
24613 1.066519
24619 0.464582
24620 0.394231
24622 1.068680
24632 0.358667
24633 0.488158
24637 0.408832
24638 1.114997
24645 0.157657
24665 0.333741
24671 1.040994
24672 0.121046
24679 0.221990
24682 1.143449
24696 0.308329
24697 0.586763
24698 1.106614
24699 0.613249
24709 0.252886
24717 0.306872
24725 0.989714
24727 0.260783
24729 0.217539
24741 0.477285
24744 0.328329
24752 0.532131
24758 0.458638
24767 1.036047
24768 0.485109
24770 0.490182
24773 1.222308
24779 0.253321
24780 0.527192
24782 0.425753
24788 0.323472
24791 0.031570
24792 0.289687
24799 0.498516
24821 0.491828
24825 0.065257
24827 0.228248
24833 0.121969
24843 1.168092
24851 0.164520
24854 0.190155
24863 0.589404
24869 0.029760
24877 1.179009
24885 1.061902
24889 1.122285
24890 0.029572
24891 0.584046
24895 1.175727
24898 1.085832
24907 0.530487
24913 0.217539
24920 0.905658
24934 0.524004
24942 0.363138
24945 0.595206
24957 0.525947
24965 0.056158
24966 0.265244
24973 0.570140
24984 1.149745
24986 0.019798
24990 1.218256
24997 0.191491
24998 0.142306
24999 0.230328
25002 0.567035
25007 1.104556
25011 0.409434
25020 0.397246
25039 0.321493
25040 0.239248
25044 1.008353
25052 1.006754
25060 0.286297
25062 0.030739
25067 1.100961
25074 1.141902
25082 0.350428
25085 0.547866
25089 0.425661
25097 0.461347
25107 1.202887
25109 0.140171
25118 0.053338
25133 0.907991
25135 0.009497
25137 0.182336
25144 0.266993
25152 0.092982
25162 0.353502
25170 0.221872
25178 0.438920
25183 1.204369
25185 0.471005
25186 0.186895
25190 1.116810
25208 0.096937
25214 0.559087
25225 0.277174
25235 0.266688
25241 0.058162
25242 0.284901
25244 1.050592
25245 0.595498
25246 1.182694
25249 0.368871
25250 0.536825
25258 0.293205
25263 0.554095
25269 0.460498
25271 0.299146
25272 0.271164
25283 0.298455
25284 1.118736
25292 0.131785
25293 0.540158
25295 0.375242
25299 0.163533
25301 0.424761
25303 0.296810
25309 0.140171
25311 0.594174
25315 0.231185
25318 1.027489
25319 0.578376
25326 0.223461
25334 0.930148
25341 0.595498
25350 0.492493
25355 0.357124
25359 1.157663
25364 0.275617
25366 1.111799
25372 0.244743
25377 0.572127
25379 0.055890
25380 0.012168
25386 0.429299
25390 0.331681
25396 1.280282
25398 0.338271
25399 0.389364
25401 1.189926
25405 1.177513
25413 0.574147
25428 0.971774
25429 0.584046
25432 0.249592
25435 0.333741
25442 0.435380
25443 0.326283
25445 0.175551
25447 1.123166
25448 0.527841
25454 0.359413
25456 0.564296
25474 0.057541
25486 1.086010
25487 0.206134
25488 0.498070
25494 0.109821
25495 0.976602
25497 0.191267
25500 0.121536
25501 0.481904
25508 0.577628
25511 0.050787
25518 1.103524
25527 0.303020
25539 0.200848
25541 0.193530
25546 0.536174
25559 0.216123
25560 0.207933
25561 0.584046
25565 1.121983
25566 0.254436
25571 0.316586
25572 0.147239
25579 0.010968
25584 1.066813
25585 0.131352
25588 0.584046
25591 0.118789
25592 1.006976
25593 0.280342
25595 0.508769
25598 1.268215
25601 0.522568
25602 0.452636
25605 0.590464
25610 1.101197
25612 0.269560
25615 0.475156
25625 0.100698
25626 0.393739
25628 0.431458
25635 0.355272
25636 0.447769
25641 1.312301
25642 0.996772
25645 0.169723
25649 0.584046
25653 0.043263
25656 0.452165
25664 0.526168
25665 0.022249
25670 1.094018
25675 1.158672
25680 1.060505
25681 0.200244
25692 0.069737
25698 0.299511
25703 1.113051
25716 0.848520
25720 0.262704
25728 0.970415
25736 0.056068
25745 0.476310
25760 1.162102
25764 0.369566
25775 0.439203
25776 0.509001
25779 0.074165
25796 0.119464
25797 0.488969
25799 0.406293
25812 0.058698
25821 0.450349
25826 1.245033
25829 0.183019
25835 0.328060
25842 0.027812
25843 0.359413
25848 0.350929
25855 0.390953
25857 0.553554
25866 0.528549
25881 0.387347
25882 0.011623
25908 0.013051
25912 1.161261
25921 0.241155
25923 0.495170
25925 0.469922
25926 0.263084
25927 0.610269
25930 0.872176
25931 0.510745
25934 0.459577
25943 0.053338
25959 0.232561
25961 1.098638
25971 0.271375
25972 0.464143
25973 1.023471
25988 0.106631
25997 0.313231
26002 0.082697
26004 1.319512
26009 0.011508
26018 0.055360
26021 0.091020
26027 0.517749
26029 0.354365
26030 0.956991
26044 0.569071
26051 0.542098
26054 0.958435
26056 0.375821
26066 1.026894
26072 0.235001
26075 0.043464
26076 1.136804
26080 0.076180
26088 0.310591
26090 0.357299
26096 0.286063
26097 0.064299
26105 0.499562
26110 0.420318
26112 0.138327
26116 0.102128
26118 0.382018
26120 1.067528
26122 0.048418
26145 0.384783
26148 0.358392
26156 0.536369
26157 0.205271
26158 0.202628
26163 0.080558
26164 0.053095
26169 0.544632
26175 1.198043
26185 0.273695
26188 0.255372
26189 0.141198
26198 0.030538
26215 0.031011
26217 0.162646
26221 0.422084
26223 0.348181
26225 0.524217
26226 0.945824
26231 0.511040
26233 0.146012
26235 1.273011
26244 1.235114
26250 0.325292
26266 0.562591
26271 1.149745
26272 0.010523
26273 0.048874
26281 0.060944
26290 0.428531
26309 0.189741
26313 0.300981
26314 0.498991
26316 0.513447
26320 0.461469
26331 1.012347
26334 0.573554
26347 1.206182
26353 0.138100
26357 0.453078
26362 0.164520
26363 1.182166
26365 1.136522
26366 0.029760
26369 0.503377
26372 0.244307
26379 1.043496
26382 1.147234
26386 0.568810
26387 0.444988
26390 0.146012
26391 1.107148
26392 1.224202
26395 0.159007
26399 1.222171
26402 0.511040
26405 1.234211
26406 0.055099
26408 1.083592
26415 0.253933
26417 1.180388
26420 0.152360
26426 0.112859
26427 1.095733
26431 0.503488
26441 0.280853
26442 0.538291
26451 0.576653
26455 0.081024
26456 0.511644
26468 0.274845
26472 0.392904
26477 0.914771
26493 1.157376
26501 0.574034
26503 0.046109
26506 0.283583
26511 0.305783
26520 0.027008
26525 0.467237
26531 0.331844
26535 1.218879
26537 0.531814
26540 0.065413
26544 0.123548
26550 0.139177
26551 0.456112
26554 1.062859
26572 0.369499
26576 0.503377
26587 1.029828
26589 0.423660
26598 1.153117
26599 0.139314
26605 0.204257
26606 0.094391
26607 1.274283
26608 1.163246
26612 0.322232
26616 0.987316
26624 0.288295
26625 0.323828
26632 0.199295
26633 0.301055
26634 0.378548
26642 0.164731
26644 1.105414
26654 0.327066
26655 0.461285
26661 0.086525
26663 1.041549
26668 1.028509
26669 0.578688
26676 0.183230
26677 0.102564
26681 0.109168
26689 0.410887
26690 0.373790
26691 0.318571
26692 0.039596
26695 0.355715
26697 0.117298
26719 1.122582
26720 0.358215
26721 0.363832
26723 1.312301
26726 0.057541
26733 0.192218
26743 0.591083
26753 0.548288
26755 0.557608
26756 0.425867
26762 0.061886
26771 0.513767
26776 0.545838
26784 0.231514
26787 0.127660
26788 0.025814
26801 0.345755
26803 0.544632
26806 1.049805
26813 0.607408
26823 1.197790
26830 0.312982
26835 0.197772
26846 0.231415
26851 0.443276
26857 1.129478
26858 0.166870
26860 0.922178
26869 0.597629
26870 0.068044
26878 0.996477
26887 0.417176
26894 0.148802
26903 0.242963
26910 0.453078
26919 0.471336
26920 1.056084
26926 1.093288
26930 0.056980
26934 1.013634
26941 0.300562
26943 0.207661
26947 0.183230
26955 0.335827
26964 0.113960
26969 0.538179
26970 0.192543
26977 0.185585
26993 0.453495
26994 0.078527
26998 0.072628
27000 0.348378
27005 0.019967
27010 0.493730
27015 0.011980
27018 0.444383
27019 0.183019
27025 0.256020
27027 0.177753
27028 0.442241
27034 1.068843
27037 0.272753
27040 0.038298
27046 0.967130
27047 0.178095
27052 0.533985
27058 1.073701
27062 0.446405
27071 1.051283
27076 0.182336
27077 0.544632
27090 1.055382
27091 1.029766
27097 0.204928
27106 0.285416
27107 0.093917
27110 0.418421
27111 0.622983
27115 1.081567
27122 0.274248
27124 0.331681
27127 1.312301
27131 0.368871
27136 0.319089
27138 1.218441
27141 1.210024
27145 1.144885
27152 0.177753
27160 0.183745
27167 0.195540
27169 1.260310
27170 0.336845
27171 0.024463
27174 0.439752
27175 0.125153
27177 0.162646
27185 0.128490
27186 0.063483
27188 1.227087
27195 0.209211
27196 0.100327
27201 0.414007
27204 0.019071
27208 1.238459
27223 0.123771
27226 0.313514
27232 0.587104
27237 0.542750
27241 1.119196
27244 0.251941
27260 0.369984
27265 0.216313
27271 0.134043
27279 0.357693
27281 0.533376
27283 0.250777
27292 1.237978
27299 0.530300
27307 0.307041
27308 1.162608
27310 0.566767
27326 1.091152
27330 0.373790
27340 0.244307
27344 0.394055
27354 0.136848
27355 0.430854
27367 0.110720
27371 0.239609
27376 0.335659
27378 0.393892
27379 0.221323
27387 0.079385
27392 0.176512
27393 0.137423
27399 1.218011
27403 0.605678
27411 0.316771
27414 0.289344
27417 1.250064
27423 0.099715
27425 1.087747
27427 0.438035
27428 0.226998
27429 1.110266
27431 0.047873
27434 0.584046
27438 0.419315
27439 0.122461
27443 0.242434
27444 0.497381
27445 1.124106
27446 0.148329
27460 1.039805
27461 0.043667
27462 0.325139
27466 0.105320
27468 0.224873
27472 0.352442
27481 0.280342
27484 0.563553
27488 0.535376
27494 0.157496
27495 1.006357
27498 0.363651
27499 0.151097
27500 0.115653
27504 0.511040
27512 0.469709
27515 0.460951
27518 0.168881
27522 0.288742
27524 0.115367
27526 0.571513
27531 0.331681
27539 0.286648
27542 1.135254
27551 0.317721
27554 0.576836
27557 0.527526
27560 0.575415
27564 0.458504
27565 0.204717
27572 1.212079
27579 1.001222
27580 0.264768
27597 0.414007
27599 0.262352
27600 1.197441
27606 0.323089
27614 0.164164
27617 0.193530
27631 0.176572
27642 1.233716
27645 0.224633
27647 1.132999
27668 0.403438
27671 0.099412
27672 1.173021
27682 0.157360
27685 0.336655
27707 0.177882
27709 0.079870
27711 0.363407
27723 0.481582
27725 1.146461
27727 1.192945
27728 0.110197
27730 0.170451
27735 0.471624
27738 0.269015
27739 0.404939
27750 0.233618
27752 0.262109
27759 0.024335
27767 0.022904
27769 0.036503
27780 0.426097
27784 0.499835
27792 0.295541
27800 1.197441
27804 0.425867
27808 0.542098
27809 0.034022
27810 0.247543
27812 0.298513
27821 1.017602
27824 1.140927
27827 0.305134
27843 0.587814
27851 0.043063
27852 0.396195
27855 0.156695
27863 0.160690
27865 0.239316
27871 1.156861
27877 0.036887
27879 0.013906
27880 0.445459
27883 1.132261
27888 0.159615
27900 0.054330
27901 0.985578
27904 0.138236
27905 0.488969
27906 0.502723
27911 0.920903
27914 0.061479
27916 0.571929
27917 0.044358
27920 0.574873
27923 0.011799
27927 0.552398
27928 0.080212
27933 0.340371
27940 0.225317
27945 1.148943
27948 0.438035
27955 0.414299
27960 0.354709
27963 1.204980
27967 0.524144
27968 1.225711
27973 0.602886
27980 0.077873
27986 1.136943
27987 0.280342
27988 0.448547
27996 1.081780
28001 1.092952
28006 1.039663
28013 0.162409
28014 0.469922
28023 1.057895
28028 0.159844
28037 0.505925
28040 0.559368
28052 1.205773
28054 0.215950
28071 0.229252
28072 0.169066
28073 0.968287
28078 0.295232
28081 0.330960
28082 1.224251
28084 1.115264
28098 1.178616
28105 0.139772
28109 0.171778
28114 0.081495
28117 0.238643
28125 0.014073
28126 0.348492
28129 0.228540
28133 0.451194
28134 1.068255
28146 0.491045
28147 0.544632
28148 0.611002
28149 0.173479
28152 0.484462
28160 0.300233
28161 0.477022
28175 0.587914
28176 0.547081
28181 0.489253
28187 0.601394
28189 0.430947
28194 1.187400
28200 1.141843
28202 0.139059
28210 0.574676
28212 0.101024
28215 1.109688
28221 0.527526
28231 0.340903
28233 0.464143
28236 0.532002
28238 0.100601
28246 0.121217
28248 0.433000
28262 0.139772
28268 1.132072
28269 0.137423
28271 0.183230
28273 0.018840
28274 0.930148
28283 1.044876
28294 0.146666
28310 0.348684
28313 0.108941
28316 0.549691
28318 0.344438
28319 0.989714
28323 0.589038
28324 0.072552
28335 0.370823
28337 0.312262
28340 0.080558
28344 0.235088
28353 1.100180
28358 0.010716
28374 0.423594
28376 0.313391
28382 0.525642
28409 0.527526
28417 0.215473
28432 1.149099
28435 0.505668
28437 1.154666
28440 0.426608
28441 0.204416
28445 0.543640
28448 1.148732
28451 0.433325
28454 0.318015
28456 0.201395
28461 1.180519
28467 0.237176
28471 0.168881
28477 1.190132
28480 0.448222
28487 0.600004
28489 0.296863
28507 0.572742
28514 0.526464
28518 0.562415
28527 0.469709
28528 0.124597
28531 0.433863
28536 0.411487
28552 0.586411
28556 1.048126
28570 0.599282
28575 0.091815
28583 1.070272
28599 0.249781
28605 1.093533
28606 0.464505
28610 0.197982
28622 0.533260
28624 1.071371
28626 0.226814
28629 0.983657
28641 0.072253
28642 0.028490
28646 0.176572
28653 0.014976
28658 0.100265
28660 1.254618
28661 0.517814
28671 0.027324
28677 0.577484
28686 0.333741
28688 0.042670
28690 1.072840
28699 0.053095
28700 0.263084
28709 1.012031
28719 0.353023
28720 1.142135
28727 0.391341
28729 0.418623
28748 0.011125
28750 0.010202
28754 1.154350
28758 0.121888
28763 0.280934
28764 0.042670
28766 1.110833
28772 0.110082
28776 0.586575
28783 0.184133
28786 0.081971
28788 0.303704
28789 0.347144
28790 0.105234
28794 0.569445
28795 0.013350
28803 0.516284
28805 0.180866
28807 0.419315
28808 0.122957
28818 0.397151
28828 0.128205
28829 0.296973
28830 0.469922
28832 1.115790
28836 0.362902
28839 0.501554
28841 0.516025
28842 0.549691
28848 0.569801
28850 0.554349
28858 0.263763
28862 0.387664
28863 0.013125
28872 0.922178
28878 0.218215
28886 0.041471
28903 0.437254
28904 0.527951
28905 0.445561
28906 0.116809
28908 0.502171
28910 0.308747
28912 0.337939
28923 0.443875
28927 0.022249
28931 0.192896
28932 0.013199
28934 0.159285
28937 0.534921
28939 0.526028
28943 0.384241
28944 0.602886
28945 0.467237
28949 0.297533
28954 0.073997
28957 0.316072
28962 0.159615
28963 0.287707
28966 0.162767
28972 0.541724
28974 0.241674
28978 0.463375
28982 0.467237
28983 0.065501
28984 0.496439
28992 0.559193
28998 0.142306
29006 0.937190
29007 0.293333
29011 0.573554
29033 0.295541
29039 0.501327
29048 0.118972
29051 1.122582
29052 0.392636
29061 0.554711
29082 0.036314
29084 0.206134
29092 0.087744
29093 0.267843
29100 1.178250
29101 0.040106
29102 1.153117
29114 1.225776
29121 0.271649
29134 0.571513
29138 0.412268
29147 1.097725
29148 1.206391
29152 0.142450
29156 0.589717
29160 0.264211
29167 1.064416
29170 0.092522
29180 1.168092
29181 0.428301
29184 0.050241
29190 1.119924
29196 0.335739
29197 0.247543
29209 0.011508
29220 0.086525
29224 0.349955
29225 1.208840
29229 0.560684
29235 0.333741
29239 0.068711
29243 0.383374
29244 0.460158
29245 0.297146
29247 0.435172
29249 0.317721
29253 0.099111
29255 0.395964
29258 1.241515
29263 0.592593
29266 1.069102
29275 0.394421
29278 0.238928
29284 0.293245
29285 0.226718
29292 0.047435
29301 0.363407
29315 0.559368
29318 0.487302
29320 0.447769
29322 0.225174
29325 0.406746
29328 0.365908
29332 1.137883
29340 0.307693
29341 0.570074
29344 0.282723
29347 0.082333
29351 0.069392
29353 0.568810
29359 0.178263
29362 0.425661
29371 0.611858
29375 0.319572
29378 0.492569
29384 0.327636
29390 0.197772
29398 1.032840
29405 0.896590
29413 0.532433
29418 1.042704
29421 0.525947
29426 1.214404
29429 0.459731
29430 0.209523
29437 1.199662
29447 1.189591
29449 0.258428
29451 0.432627
29463 1.120950
29470 1.155532
29471 1.104378
29472 1.130002
29475 0.146666
29477 0.191267
29478 0.073333
29480 0.475889
29492 0.587719
29502 0.074878
29511 0.085470
29518 0.027978
29519 0.372795
29520 0.581140
29521 0.311491
29532 0.076346
29533 0.570832
29555 0.042670
29560 0.325650
29562 0.597629
29566 1.102679
29577 1.197739
29590 0.572443
29598 1.196239
29605 0.339622
29608 0.280342
29612 0.474992
29617 1.079934
29626 0.226082
29629 1.187669
29638 1.143501
29642 0.426803
29645 0.080957
29647 0.174487
29652 0.406704
29653 0.303401
29654 0.455841
29656 0.037884
29668 0.459577
29673 0.934474
29675 0.489620
29677 0.560138
29681 0.041348
29682 0.332047
29688 0.360205
29691 0.199944
29692 0.165057
29696 0.288023
29699 0.238155
29700 0.519152
29702 0.568810
29704 0.604539
29710 0.338928
29712 0.368126
29714 0.029202
29722 0.412268
29724 0.079643
29727 0.500611
29730 0.287338
29736 1.041549
29749 0.598721
29752 0.069118
29759 0.593780
29760 0.578484
29761 1.237714
29763 0.484462
29765 0.498070
29771 0.098514
29773 1.046205
29788 0.213522
29795 1.099381
29796 1.079377
29799 0.545505
29804 1.003361
29807 0.231605
29812 0.059144
29816 0.212380
29820 0.020583
29823 1.134070
29825 0.373790
29829 0.374194
29831 0.940003
29840 0.212380
29851 1.111983
29857 0.292023
29858 0.126967
29860 1.228416
29872 0.355764
29879 0.157142
29889 0.122957
29897 0.566649
29898 0.221790
29901 0.280791
29902 0.213769
29904 1.168092
29908 0.472487
29912 0.147860
29919 0.495170
29924 0.116809
29925 1.030992
29928 0.594665
29929 0.268661
29933 0.406293
29939 0.141258
29941 0.093447
29945 0.526028
29946 0.413583
29950 0.165480
29953 0.305669
29955 1.019857
29961 0.471730
29963 1.088223
29964 0.098573
29971 0.046414
29982 0.224873
29984 0.087243
29986 0.396195
29987 0.459731
29994 0.239609
29995 0.478633
29996 0.389364
29999 0.335192
