6035
20775 1.349563
8900 1.344352
2571 1.332349
25984 1.330050
28730 1.327599
2271 1.326052
12866 1.318328
15010 1.312357
14348 1.312006
23737 1.311945
7524 1.311360
15615 1.310558
17099 1.309363
3590 1.308667
20135 1.306029
23519 1.300698
16654 1.299740
5528 1.299740
9851 1.299579
5068 1.298093
24429 1.296700
14284 1.295138
3710 1.294358
16511 1.291538
4369 1.288077
4307 1.287534
7493 1.286742
20334 1.284068
12355 1.283731
25740 1.281152
16391 1.280516
9727 1.280157
15212 1.278790
19036 1.278534
11195 1.277826
21196 1.275411
13960 1.272445
18163 1.272445
26882 1.271679
131 1.271017
5395 1.268089
18973 1.265898
15164 1.265524
19216 1.264603
4025 1.263877
784 1.263619
11877 1.263313
22272 1.261929
9356 1.259440
15572 1.258409
2499 1.258239
10485 1.257845
20299 1.257615
11545 1.256219
20614 1.255920
25979 1.254067
10078 1.252696
10145 1.252552
27716 1.252369
14028 1.252172
6323 1.250924
2795 1.250860
8887 1.250560
10786 1.250560
11358 1.250245
6724 1.250172
6833 1.249842
19988 1.249505
29810 1.249310
4310 1.248575
28874 1.248575
14701 1.248092
16129 1.247298
24316 1.245751
12319 1.244710
9207 1.244624
20232 1.244255
11720 1.244255
20755 1.242911
3006 1.242455
16053 1.242244
5814 1.241899
7053 1.241116
14295 1.240727
16243 1.240727
4476 1.240727
12835 1.240592
11642 1.240450
19075 1.239790
24770 1.239395
4399 1.239395
14220 1.239049
27854 1.237816
12189 1.236796
28510 1.236546
5584 1.236546
7500 1.235802
17181 1.235639
27925 1.235501
9245 1.234833
1702 1.234753
17842 1.234578
25038 1.233249
13316 1.232336
10208 1.232061
12440 1.231883
19546 1.230847
14077 1.230605
25552 1.230605
25053 1.230605
15776 1.230605
16008 1.229982
26250 1.229982
651 1.229480
3904 1.229066
8705 1.229066
28958 1.229066
14671 1.228721
29557 1.228321
5306 1.228174
23186 1.228174
17485 1.227303
29721 1.227303
9244 1.227303
22610 1.226453
25031 1.225435
12904 1.224814
16917 1.224094
27391 1.223505
20936 1.222494
26531 1.222494
26968 1.222436
7764 1.221309
18343 1.220444
5301 1.220220
19279 1.218960
11025 1.218839
3437 1.217651
22339 1.217651
23751 1.217651
21420 1.217651
24154 1.217651
14538 1.217651
26658 1.217162
20238 1.216396
27470 1.216090
29801 1.215587
3822 1.215587
8679 1.215406
2207 1.214607
9170 1.214607
15663 1.213893
3861 1.213829
23075 1.213829
29586 1.213829
20928 1.213659
26848 1.213196
21338 1.213196
24946 1.213196
5924 1.212922
24914 1.212922
23726 1.212823
19172 1.212442
21549 1.212334
26992 1.210915
7123 1.210915
11451 1.210823
17969 1.210572
6070 1.210458
7410 1.209349
8179 1.207695
5678 1.207695
20001 1.207695
24644 1.206629
22995 1.206203
4069 1.205843
22552 1.205843
16230 1.205372
5551 1.205372
24541 1.205191
3454 1.204967
10356 1.204967
18466 1.204967
19317 1.204967
6203 1.204122
1983 1.203039
19066 1.202516
12623 1.202231
19947 1.201691
13100 1.201450
12806 1.201070
22408 1.201016
14819 1.200696
22395 1.200329
2897 1.200147
9086 1.200070
26847 1.200012
3992 1.199612
15268 1.199612
24832 1.199612
2669 1.199163
27171 1.199163
23314 1.199089
28562 1.198918
24335 1.198579
10157 1.198579
16784 1.198579
389 1.198454
1231 1.197872
29667 1.197357
3443 1.197121
10667 1.196204
21672 1.195886
15461 1.195512
11496 1.195512
25522 1.195512
445 1.195145
20549 1.194695
7489 1.194571
18711 1.194084
17330 1.194084
10188 1.194084
25371 1.194084
10021 1.193687
2509 1.193608
15537 1.193608
17532 1.193298
18414 1.192917
12569 1.192252
11897 1.192252
21215 1.192252
22278 1.192128
25090 1.191822
10674 1.191521
26282 1.191471
8479 1.191128
17214 1.190649
23467 1.189819
18751 1.189819
29940 1.189819
17417 1.189819
20580 1.189445
25769 1.189445
442 1.189445
9107 1.188723
12399 1.188374
6870 1.188032
3260 1.187371
786 1.187210
21596 1.186945
20235 1.186737
24660 1.186737
6299 1.186685
5267 1.186054
18882 1.186054
24713 1.185688
21299 1.185331
3203 1.185331
2560 1.185260
22879 1.184982
23183 1.184710
29888 1.184642
18219 1.184180
28916 1.184180
16450 1.183923
9242 1.183179
454 1.183059
11362 1.183059
25437 1.182940
27009 1.182705
635 1.182192
13475 1.182192
5685 1.181381
28691 1.181381
12619 1.180969
26349 1.179997
27075 1.179904
465 1.179751
19786 1.178802
16304 1.178390
23436 1.178059
27539 1.178059
24734 1.177801
25167 1.177425
18513 1.176828
23291 1.176828
17835 1.176599
8284 1.176542
16548 1.176375
14448 1.175941
17707 1.175527
25368 1.175130
5090 1.174749
21404 1.174749
29734 1.174565
15203 1.173864
28559 1.173697
21476 1.173373
3983 1.173373
6493 1.172471
17843 1.172056
11023 1.171923
9300 1.171791
29387 1.171662
34 1.171536
29866 1.171536
6530 1.171536
14713 1.171411
21432 1.171411
29490 1.171168
4644 1.171050
24681 1.171050
29913 1.171050
24185 1.170875
11107 1.170377
4548 1.169914
28677 1.169766
52 1.169766
10661 1.168336
14647 1.168222
2388 1.168222
3318 1.167381
28733 1.167005
22462 1.166916
3123 1.166827
1838 1.166741
3650 1.166655
15577 1.166655
24755 1.166655
3438 1.166572
7982 1.166572
5771 1.166572
10102 1.166489
7874 1.166250
20887 1.166250
22422 1.166097
15643 1.166097
13864 1.166023
3734 1.164231
14269 1.164136
28037 1.164136
8959 1.164044
25954 1.163865
20856 1.163865
4592 1.163455
281 1.163379
9403 1.163304
16387 1.163090
14386 1.163021
4956 1.163021
7622 1.162825
25581 1.162825
13889 1.162762
6570 1.162303
2044 1.162050
2588 1.161956
28716 1.161733
22525 1.161691
10930 1.161691
2138 1.161568
3185 1.156768
15401 1.156768
29493 1.156768
525 1.156768
28718 1.156768
7181 1.156768
7118 1.156768
7083 1.156768
7031 1.156768
26571 1.156768
26470 1.156768
5796 1.156768
20945 1.156768
27884 1.156768
24677 1.156768
4988 1.156768
24562 1.156768
22745 1.156768
4234 1.156768
2749 1.156768
24058 1.156768
3511 1.152123
20834 1.152047
17551 1.152008
7704 1.151928
4437 1.151846
4079 1.151761
23853 1.151717
10776 1.151717
6152 1.151627
5763 1.151581
9009 1.151338
21092 1.151286
20025 1.151180
2701 1.151180
10543 1.151180
28695 1.151180
26770 1.151126
8684 1.151126
11392 1.151126
11573 1.151013
28317 1.150956
27360 1.150712
21344 1.150447
8163 1.150233
17403 1.150233
20983 1.150233
9574 1.150082
11623 1.150004
19089 1.149842
19586 1.149758
6234 1.149758
27636 1.149672
27708 1.149493
10520 1.149493
18304 1.149208
23680 1.149108
15799 1.149108
17044 1.147514
28922 1.147440
11848 1.147287
17374 1.146440
3025 1.146347
20369 1.146156
3884 1.145957
21459 1.145646
11082 1.145538
25577 1.144719
22061 1.144330
9808 1.144330
10267 1.144195
25668 1.144057
7848 1.144057
13752 1.143771
19234 1.143623
20266 1.143623
9748 1.143159
14107 1.142719
22815 1.142604
692 1.142604
1866 1.142604
6155 1.142487
29631 1.142369
29392 1.142309
17923 1.142126
29912 1.142126
26166 1.142126
23197 1.142126
3231 1.142001
17596 1.141745
18267 1.141745
3742 1.141548
6048 1.141548
7100 1.141481
10590 1.141345
7619 1.141207
17306 1.141207
20727 1.141207
23910 1.140776
1503 1.140776
11276 1.140776
27561 1.140627
17236 1.140476
1226 1.140004
7948 1.140004
5483 1.139503
16569 1.139330
6406 1.138972
3120 1.138599
20199 1.138407
20964 1.138260
17185 1.138211
14918 1.138010
24997 1.137805
6866 1.136938
25634 1.136824
27845 1.136824
1580 1.136709
5507 1.136709
26265 1.136651
4770 1.136651
11269 1.136474
2247 1.136474
9503 1.136474
20890 1.136295
11530 1.136234
7221 1.135736
11148 1.135736
9091 1.135543
28026 1.135543
5480 1.135214
21373 1.134735
18943 1.134735
14381 1.134665
20656 1.134087
28341 1.133862
484 1.133399
15819 1.133352
22215 1.132967
20607 1.132918
13087 1.132669
21486 1.132415
25807 1.132364
23955 1.132156
18861 1.132156
20588 1.131730
15178 1.131345
14084 1.131062
22069 1.130774
4425 1.130774
15836 1.130774
2136 1.130478
24410 1.130176
781 1.129867
18338 1.129226
10597 1.129226
16487 1.129095
21006 1.129006
3779 1.129006
11639 1.128827
23188 1.128782
10174 1.128555
13700 1.128555
14937 1.128555
11079 1.127993
3512 1.127849
25812 1.127704
4116 1.127606
20026 1.127409
24403 1.127108
24978 1.126592
18399 1.126592
28153 1.126327
26720 1.125921
14558 1.125504
18722 1.125504
13377 1.125220
27040 1.125163
24651 1.124636
10240 1.124456
23316 1.124336
4029 1.124091
17828 1.124091
16588 1.124030
29494 1.123986
14959 1.123986
14895 1.123718
26017 1.123446
25064 1.123400
18357 1.123400
6791 1.123400
28991 1.123336
15750 1.123336
10512 1.122945
21340 1.122888
7146 1.122746
19477 1.122746
15411 1.122544
23999 1.121715
16236 1.121409
2255 1.121409
2441 1.121357
8318 1.121285
14751 1.120992
16966 1.120619
2513 1.120239
14388 1.120129
20863 1.119929
10554 1.119929
23082 1.119453
23215 1.119453
4108 1.119453
12464 1.119106
18460 1.118966
20770 1.118966
12281 1.118753
4850 1.118633
11822 1.118528
17061 1.118392
4631 1.118025
17466 1.118025
146 1.117885
11872 1.117776
26057 1.117651
23404 1.117269
24153 1.117269
16278 1.116880
5938 1.116880
1200 1.116880
11959 1.116533
5475 1.116533
8349 1.116483
21551 1.116078
20184 1.115941
28844 1.115941
19617 1.115821
7996 1.115665
22966 1.114958
27166 1.114704
10113 1.114619
17912 1.114275
4141 1.113925
19798 1.113925
13260 1.113925
11097 1.113925
29513 1.113525
26375 1.113525
3092 1.113208
4083 1.112840
4026 1.112840
21480 1.112840
19579 1.112701
20595 1.112701
27092 1.112277
26487 1.112277
17976 1.112277
29776 1.112277
5224 1.112277
15505 1.111700
7692 1.111700
9378 1.111700
24472 1.111532
20479 1.111306
13022 1.111306
20967 1.110498
4124 1.110498
4168 1.110498
22822 1.110498
13612 1.110498
12226 1.110498
18508 1.110083
5650 1.109660
29483 1.109660
12950 1.109415
24063 1.109360
29427 1.109230
18762 1.108968
11572 1.108346
11314 1.108062
28045 1.107891
27742 1.107753
16335 1.107693
21982 1.107544
18043 1.107428
29183 1.107091
21538 1.107015
26574 1.107015
11279 1.107015
14140 1.106955
19433 1.106955
12124 1.106474
23701 1.106474
13493 1.106033
16946 1.105842
17611 1.105252
7134 1.105193
18674 1.104973
21842 1.104662
25919 1.104662
16061 1.104662
2149 1.104527
28205 1.104452
15036 1.104452
19540 1.104188
10802 1.104188
25830 1.104188
17595 1.103844
28669 1.103528
17122 1.103528
9178 1.103214
22041 1.103143
12821 1.102965
15262 1.102965
19232 1.102965
5991 1.102826
26091 1.102714
28165 1.102714
11596 1.102622
27087 1.102261
22565 1.101684
1701 1.101684
17286 1.101203
8729 1.101203
1680 1.100796
17930 1.100493
12615 1.100493
7237 1.100341
17025 1.100341
26150 1.099644
7412 1.099644
7612 1.099408
9132 1.099408
23164 1.099250
13173 1.098130
10101 1.097950
6532 1.097750
19628 1.097447
12300 1.097277
2750 1.096677
8056 1.096677
5033 1.096590
1438 1.096520
1102 1.096463
19100 1.095886
5336 1.095886
13709 1.095886
20625 1.095886
20949 1.095389
1472 1.095389
13740 1.095347
21216 1.095165
11178 1.095074
29917 1.094799
26165 1.094698
1212 1.094428
2609 1.094428
6012 1.094370
6834 1.094240
3518 1.093463
2519 1.093317
1483 1.092898
5100 1.092826
26943 1.092504
7861 1.092504
21882 1.091291
14644 1.090839
14981 1.090522
9903 1.090522
27766 1.090457
5975 1.090457
25853 1.090287
20237 1.090287
16079 1.090148
29660 1.090032
17288 1.090032
19523 1.089933
2400 1.089601
7305 1.089601
24048 1.089514
12674 1.088723
10056 1.088723
27471 1.088723
10660 1.088723
23325 1.088102
23270 1.088102
27112 1.087988
25733 1.087988
7588 1.087913
27079 1.087560
975 1.087560
20401 1.087362
17871 1.087362
16907 1.087362
19083 1.087084
12321 1.086824
2862 1.086356
11956 1.085216
27965 1.084470
18937 1.084470
15580 1.084470
15394 1.083555
12288 1.083412
14223 1.082932
3076 1.082481
19764 1.082356
29178 1.082356
19761 1.082298
16192 1.082298
28405 1.082138
26067 1.082138
3258 1.082138
18242 1.081793
18542 1.081476
24226 1.080665
26610 1.080574
7586 1.080498
15132 1.079651
17196 1.079651
24752 1.079651
11385 1.079651
10784 1.079651
19072 1.079002
23211 1.078909
25886 1.078909
20284 1.078784
15522 1.078784
18910 1.078255
18220 1.078255
24591 1.078255
28282 1.078153
28049 1.077735
20304 1.077735
23698 1.077538
21053 1.077538
13166 1.077382
14836 1.077382
15959 1.077153
26490 1.077153
11274 1.076740
3434 1.076740
351 1.076596
17731 1.076351
18823 1.075842
17390 1.075842
8502 1.075592
25287 1.074594
14020 1.074142
26576 1.073686
12745 1.073686
1883 1.073147
19427 1.072757
12560 1.072757
25644 1.072501
24372 1.072501
4191 1.072421
26971 1.072369
16876 1.071808
7408 1.071533
3957 1.071533
7589 1.071433
21072 1.071082
10463 1.070895
21069 1.070895
2030 1.070837
12051 1.070728
16912 1.070626
12358 1.070281
12258 1.069844
26619 1.069700
19009 1.069575
23672 1.069368
29757 1.069282
17334 1.068827
4649 1.068753
26453 1.068690
19429 1.068690
17014 1.068540
22695 1.068540
23542 1.068540
24826 1.067786
4543 1.067786
9812 1.067786
20986 1.067786
8835 1.067786
27264 1.067786
24070 1.067060
2245 1.066864
13607 1.066146
22737 1.066146
24423 1.065787
9483 1.065787
3359 1.065787
1690 1.065629
2889 1.065571
17424 1.065571
7865 1.065445
15747 1.065303
26908 1.065143
4779 1.064808
8121 1.064227
6862 1.064227
18961 1.064227
80 1.064032
27468 1.063980
3561 1.063569
5593 1.063481
26550 1.063242
7819 1.062976
19091 1.062440
16141 1.062338
3285 1.062190
21363 1.062190
25328 1.062124
17602 1.061951
13455 1.061505
17147 1.061255
14870 1.060904
28803 1.060904
13699 1.060792
21066 1.060371
24646 1.060371
70 1.060371
22417 1.060371
5865 1.059470
684 1.059356
12231 1.059086
26133 1.059086
29068 1.058481
23959 1.058020
10292 1.057949
13609 1.057617
18020 1.057617
19927 1.057617
19411 1.057261
19601 1.057179
6469 1.057179
25804 1.056946
17605 1.056663
13934 1.056663
26230 1.056471
28150 1.056180
22578 1.055922
5916 1.055551
24305 1.055297
10299 1.055074
3013 1.054877
28388 1.054400
9512 1.054400
3685 1.054270
12013 1.054152
28085 1.053945
21802 1.053945
7384 1.053810
13259 1.053582
21342 1.053398
1268 1.052867
19826 1.052720
1954 1.052720
199 1.052659
4916 1.051608
1431 1.051608
25966 1.051608
3926 1.051608
16742 1.050592
22715 1.050535
24370 1.050471
16475 1.050399
19159 1.050399
29987 1.049918
27556 1.049556
27136 1.049556
26225 1.049556
19059 1.049439
9816 1.049439
29728 1.049162
14974 1.048995
18641 1.048934
2131 1.048659
18407 1.048321
22200 1.048174
6683 1.047896
6616 1.047639
9940 1.047422
818 1.047280
9044 1.047180
8617 1.046600
22147 1.046249
14241 1.046249
2129 1.045666
23479 1.045150
29097 1.044823
8186 1.044823
9411 1.044461
25469 1.044163
20506 1.043782
12130 1.043606
9028 1.043606
15033 1.043553
1946 1.043360
6266 1.042721
11464 1.042721
19551 1.042363
15906 1.042363
25260 1.041858
15869 1.041697
23100 1.041092
9804 1.040627
8794 1.040586
3309 1.040586
27279 1.040538
9973 1.040480
23271 1.040480
19732 1.040407
14183 1.040407
21370 1.040119
5122 1.040119
20476 1.040119
24909 1.040030
26591 1.040030
29024 1.039923
11886 1.039627
1029 1.039415
753 1.038731
9413 1.038731
2860 1.038125
12301 1.038125
21297 1.037965
16031 1.037759
6292 1.037103
17934 1.037103
17947 1.037103
3644 1.037103
9143 1.036667
27870 1.036585
16570 1.036381
19329 1.036272
29231 1.036062
20929 1.036062
7623 1.036062
21865 1.035711
10205 1.035711
6007 1.035003
26112 1.035003
27418 1.035003
10757 1.035003
28576 1.034746
4438 1.034508
7379 1.034287
13272 1.034162
7554 1.033983
25978 1.033708
25865 1.033708
28521 1.033230
15648 1.033089
7329 1.032596
3077 1.032488
7233 1.032488
9682 1.032385
28930 1.032385
9544 1.031336
10468 1.031033
2772 1.031033
26000 1.031033
6361 1.030575
5484 1.030484
25669 1.030484
10559 1.029724
14298 1.029651
22683 1.029584
20790 1.029469
15189 1.029418
12644 1.029418
18785 1.029328
7191 1.029288
9465 1.028239
24344 1.028239
29894 1.028239
23396 1.028239
8208 1.027210
21238 1.027172
29845 1.026927
3664 1.026864
25449 1.026632
27751 1.026632
5632 1.026632
12558 1.026166
10817 1.026003
1454 1.026003
14779 1.025912
10442 1.025813
5811 1.025104
26217 1.024985
20800 1.024985
14904 1.024985
9813 1.024402
18581 1.024024
15669 1.024024
10956 1.024024
23466 1.024024
20749 1.023565
27991 1.023295
19345 1.023072
13716 1.022558
18151 1.022260
22250 1.022044
6371 1.021999
29765 1.021714
23776 1.021562
2597 1.021562
24654 1.020678
19187 1.020678
21184 1.020678
10472 1.020255
26018 1.019711
1639 1.018718
7783 1.018538
5699 1.018459
28532 1.017956
18389 1.017572
16033 1.017572
14008 1.017399
29378 1.017399
26536 1.017158
27886 1.016226
16669 1.015699
18765 1.015386
17233 1.015386
5785 1.015123
29921 1.014971
22744 1.014971
17996 1.014543
11569 1.013452
2590 1.012172
7103 1.012172
28822 1.012172
6759 1.012172
21713 1.011587
29695 1.011500
10406 1.011446
18875 1.011382
7805 1.011382
23842 1.011215
13785 1.010650
10689 1.010402
15891 1.010136
5022 1.009970
28561 1.009337
21163 1.009096
7546 1.008746
22648 1.007508
28808 1.007329
26634 1.006817
29970 1.005061
14373 1.004870
2760 1.004562
15116 1.004562
11974 1.004562
11477 1.003462
27511 1.003215
3276 1.003215
12138 1.003215
19280 1.002533
24521 1.002533
10375 1.002533
17868 1.002533
5670 1.002041
5332 1.002041
28971 1.001844
24720 1.001844
8304 1.001592
9274 1.001382
7817 1.000959
13035 0.997047
3694 0.996994
23974 0.996790
25434 0.996790
8879 0.996424
769 0.996260
12742 0.995893
27558 0.995893
7716 0.995699
26177 0.995522
20795 0.995522
4164 0.995522
29279 0.995359
21978 0.994605
1061 0.993312
24248 0.993246
10147 0.992893
9775 0.991516
17850 0.991516
7908 0.991516
10825 0.991516
27222 0.991516
17982 0.990156
28577 0.989871
26291 0.989680
11575 0.989680
28910 0.988604
29581 0.988604
10009 0.986483
23979 0.985938
25725 0.985587
1755 0.985587
27699 0.985395
23626 0.984484
9184 0.983599
13215 0.983599
4785 0.983253
20847 0.982162
13395 0.982073
17217 0.981842
1932 0.981500
13978 0.981500
10737 0.981187
21975 0.980572
6413 0.980499
14461 0.980499
3221 0.979851
12518 0.978804
1155 0.978804
1114 0.978412
7182 0.978296
21603 0.977270
8383 0.976827
10544 0.976827
24976 0.976568
23 0.973613
27296 0.973455
6432 0.973076
8536 0.971249
20378 0.970859
12622 0.970193
15920 0.970193
22341 0.969816
5630 0.969816
17410 0.969482
9710 0.968794
21508 0.968722
240 0.968722
3695 0.968007
10415 0.967241
6652 0.967134
13434 0.966242
25915 0.966092
4215 0.965650
2556 0.963974
2926 0.963974
25906 0.963974
16709 0.962268
20623 0.961470
8486 0.961470
15149 0.960864
25546 0.960813
17351 0.960336
27987 0.960118
18504 0.958763
19699 0.957697
23458 0.956007
14972 0.955892
4626 0.955341
22502 0.955267
29411 0.955006
22296 0.954793
24530 0.953744
25275 0.953458
14900 0.953177
16960 0.952031
7184 0.951121
24962 0.949867
27190 0.949661
12162 0.949423
22934 0.947714
12222 0.947448
20208 0.947353
4838 0.946447
26234 0.945866
11621 0.944694
14227 0.944301
2677 0.942207
9788 0.940838
15724 0.940669
9665 0.939559
22352 0.939436
433 0.939024
27498 0.938510
6489 0.937920
628 0.937512
9776 0.937129
26819 0.934532
12696 0.933532
3636 0.931175
28997 0.931058
9714 0.930311
26352 0.929131
15677 0.928185
12512 0.927957
17423 0.927650
21681 0.925415
26641 0.925415
21175 0.925415
4601 0.923511
8945 0.923135
13331 0.923135
17411 0.922886
11691 0.919286
8357 0.918928
21855 0.915245
25825 0.910244
8091 0.909991
17164 0.907012
6484 0.906813
20567 0.906529
6701 0.905771
24574 0.904276
4073 0.903381
16392 0.900762
14525 0.900478
11507 0.899709
21045 0.897948
17148 0.896496
7575 0.891966
8248 0.891966
15201 0.889086
20317 0.886625
8044 0.884285
3472 0.884285
28544 0.882036
6233 0.877170
23005 0.869329
5666 0.867576
17967 0.862835
23407 0.858918
2539 0.855003
24219 0.847211
6623 0.828730
10479 0.822591
7945 0.821914
7895 0.815246
21835 0.771179
6949 0.616943
164 0.616943
21790 0.616943
8991 0.614383
19846 0.614383
21690 0.614213
13644 0.614213
21186 0.614019
9054 0.614019
27363 0.614019
11078 0.613795
16092 0.613227
27089 0.613227
18061 0.613227
22059 0.613227
22735 0.612857
8393 0.611844
7220 0.611508
22746 0.611508
3004 0.610164
26189 0.610164
4021 0.610164
3033 0.609555
6424 0.609555
18519 0.609327
25132 0.609327
7781 0.609327
15909 0.608825
17084 0.608825
6809 0.607596
5477 0.607303
18609 0.607303
2679 0.607303
23319 0.606829
5634 0.606661
18939 0.606661
1286 0.606167
27980 0.605926
825 0.605926
18335 0.605079
6665 0.604846
29902 0.604846
12974 0.604846
1583 0.604846
12126 0.604542
22584 0.603531
17655 0.602922
2166 0.602341
19693 0.602284
10117 0.601992
29988 0.601520
19539 0.601520
25268 0.601520
3046 0.600753
24490 0.600753
14133 0.600753
2168 0.600269
21904 0.600269
23583 0.600210
22631 0.600210
23779 0.599806
9702 0.599806
19080 0.599290
19110 0.599290
14054 0.598936
28118 0.598936
6747 0.598798
25831 0.598798
1065 0.598678
29775 0.598527
5298 0.598328
28248 0.598328
18291 0.597664
7229 0.597348
28116 0.597348
15789 0.597042
24842 0.597042
7628 0.596064
14467 0.595911
18516 0.595761
1345 0.595701
12832 0.595564
8703 0.595296
17231 0.595296
14657 0.594909
7926 0.594909
565 0.594909
16400 0.594644
3675 0.594644
1618 0.594187
22416 0.593849
13041 0.593849
22286 0.593605
7032 0.593472
22235 0.593215
10619 0.593215
12349 0.593215
17149 0.593215
17748 0.593215
851 0.592916
5651 0.592630
5002 0.592630
4607 0.592630
9604 0.592090
13421 0.591835
20142 0.591835
2550 0.591589
5691 0.591237
16452 0.591237
8017 0.591237
10115 0.591124
10045 0.591124
12186 0.590958
29881 0.590690
26532 0.590690
4197 0.590188
1400 0.589436
11536 0.589436
20253 0.589297
12918 0.589297
26293 0.588531
22650 0.588356
9564 0.588187
3968 0.587866
11777 0.587713
26249 0.587565
24912 0.587565
16094 0.586380
4716 0.586236
768 0.586236
24538 0.586236
15650 0.586096
12336 0.586096
27690 0.585961
13017 0.585831
9374 0.585466
11417 0.585466
10039 0.585353
20630 0.585189
29981 0.585189
26270 0.585189
27205 0.585189
10410 0.584603
18447 0.584603
2735 0.584226
6523 0.584226
7431 0.584111
10481 0.583595
1283 0.583503
16731 0.583414
25360 0.583328
20170 0.583245
3234 0.583087
29468 0.583011
6222 0.582215
10385 0.582116
24326 0.582116
20277 0.581848
26941 0.581767
15539 0.581767
18089 0.581689
854 0.581689
787 0.581477
4635 0.581412
13484 0.581350
2969 0.581350
11261 0.581291
13523 0.581233
22957 0.581125
17889 0.581125
17990 0.581025
15331 0.581025
27064 0.581025
14621 0.581025
3218 0.580804
9103 0.580804
3673 0.580764
12683 0.580764
15248 0.578384
37 0.578384
6077 0.578384
23907 0.578384
11255 0.578384
20477 0.578384
4071 0.578384
17140 0.578384
10672 0.578384
10853 0.578384
9113 0.578384
13873 0.578384
14737 0.578384
9657 0.578384
23535 0.575944
2527 0.575902
7970 0.575859
14659 0.575669
6498 0.575563
29977 0.575387
9662 0.575324
24260 0.575324
4938 0.575258
29790 0.575189
23654 0.575041
28217 0.575041
13298 0.575041
21159 0.574962
24456 0.574879
4943 0.574879
662 0.574879
7556 0.574700
21288 0.574604
2672 0.573757
13563 0.573757
29507 0.573682
15480 0.573441
15476 0.572979
7621 0.572876
24405 0.572876
2510 0.572769
26596 0.572769
19249 0.572769
13964 0.572658
5594 0.572542
17292 0.572421
29145 0.572421
15802 0.572296
16120 0.572165
29686 0.572028
28863 0.571886
12207 0.571886
25549 0.571886
6151 0.571886
6596 0.571736
16798 0.571736
7658 0.571736
10744 0.571580
10349 0.571580
27792 0.571416
6657 0.571001
9923 0.570740
22885 0.570740
1428 0.570672
28566 0.570672
12987 0.570603
7538 0.570603
15349 0.570002
1777 0.570002
6105 0.569837
27704 0.569837
19505 0.569486
12306 0.569300
4161 0.569055
22401 0.569055
11192 0.569055
19143 0.568902
28369 0.568744
6176 0.568691
22954 0.568469
22446 0.568237
28185 0.568237
22823 0.568237
7884 0.568056
22247 0.567994
21657 0.567739
17382 0.567739
8533 0.567471
13323 0.567471
24348 0.567471
20593 0.567190
209 0.567190
27938 0.567190
12736 0.567190
13995 0.566893
18908 0.566893
13350 0.566770
19460 0.566580
7924 0.566335
3755 0.564933
29892 0.564933
11306 0.564547
1050 0.564547
17771 0.564277
7770 0.564044
10146 0.563997
13764 0.563925
28921 0.563925
6145 0.563925
4408 0.563704
20395 0.563704
21217 0.563554
20174 0.563296
12857 0.562752
13313 0.562465
14292 0.562465
25534 0.562168
19130 0.562168
17090 0.562046
3014 0.562046
29735 0.561993
4894 0.561668
27638 0.561668
9140 0.561668
5179 0.561538
18892 0.561444
25840 0.561272
23359 0.561272
24320 0.560857
3857 0.560857
18752 0.560857
19976 0.560857
1611 0.560857
15064 0.560549
21431 0.560496
9807 0.560422
1980 0.560422
16225 0.560229
20022 0.560229
9757 0.560229
11072 0.559727
24772 0.559727
28625 0.559727
10637 0.559483
10521 0.559483
6069 0.559421
2544 0.559317
10708 0.559196
23805 0.559196
24309 0.559196
24108 0.558888
9254 0.558778
30 0.558440
1095 0.558440
15877 0.557971
27574 0.557971
15078 0.557728
7651 0.557622
24223 0.557622
10300 0.557622
26621 0.557479
17863 0.557479
27745 0.557479
18872 0.557352
12144 0.557352
11686 0.556963
2598 0.556963
3583 0.556420
20507 0.556420
2200 0.556420
9508 0.556260
6258 0.556260
15793 0.556043
6960 0.555850
4221 0.555766
3837 0.555702
8509 0.555249
10249 0.555249
23984 0.555249
16942 0.555249
17209 0.555249
5402 0.554708
28978 0.554484
15232 0.554285
18425 0.554141
23356 0.554082
15863 0.553945
4658 0.553772
26515 0.553667
27731 0.553667
20867 0.553546
10036 0.553478
26391 0.553237
16255 0.553237
12657 0.553237
24804 0.552921
12435 0.552792
6553 0.552678
19567 0.552626
24996 0.552626
21332 0.552486
12442 0.552486
10242 0.552486
5239 0.552331
1959 0.552094
27386 0.552094
3682 0.552094
16350 0.552094
29577 0.551961
3735 0.551961
25083 0.551853
8073 0.551764
12908 0.551483
25240 0.551483
19508 0.551357
2584 0.551357
28493 0.550842
20065 0.550247
13639 0.550170
24839 0.549854
22497 0.549751
26364 0.549751
22854 0.549625
25118 0.549333
18421 0.549173
7548 0.548975
6429 0.548975
6893 0.548723
18157 0.548723
15953 0.548723
16571 0.548571
25011 0.548571
5769 0.548468
2873 0.548468
24404 0.547943
14939 0.547943
17664 0.547399
23749 0.547185
5786 0.546836
19207 0.546413
13999 0.545891
21047 0.545891
4526 0.545757
6400 0.545645
24688 0.545645
8955 0.545645
28023 0.545645
28533 0.545550
2898 0.545228
3413 0.545144
794 0.545144
10526 0.545144
14022 0.545074
8007 0.545074
10916 0.545016
20404 0.545016
5428 0.544966
24679 0.544362
7208 0.544362
10851 0.544362
27420 0.544362
7051 0.544362
14798 0.544362
346 0.544362
29663 0.543734
11590 0.543681
26764 0.543618
22030 0.543618
15052 0.543178
24131 0.543084
6001 0.542973
5317 0.542973
12759 0.542681
14603 0.542408
780 0.542408
15655 0.542235
14502 0.542084
4825 0.542029
19220 0.541910
10441 0.541910
28737 0.541910
4963 0.541778
9339 0.541706
8658 0.541466
21199 0.540663
12561 0.540457
22671 0.540457
24468 0.540217
8255 0.540217
22313 0.540217
8442 0.539825
9571 0.539825
17204 0.539825
1908 0.539825
16792 0.539479
8376 0.539479
17625 0.539479
4050 0.539479
26122 0.539426
29240 0.539426
15998 0.539426
2705 0.539352
12514 0.539352
26823 0.539172
7149 0.539077
27733 0.538769
14137 0.538496
8645 0.538370
13799 0.538298
17875 0.538298
12629 0.538298
14569 0.538032
25922 0.538032
2744 0.538032
15278 0.537741
18895 0.537585
9767 0.537488
19905 0.537071
16927 0.536843
7954 0.536645
12711 0.536645
4654 0.536645
11295 0.536472
7166 0.535904
27544 0.535005
6719 0.534922
16811 0.534922
29792 0.534787
11878 0.534733
1314 0.534733
9307 0.534684
29900 0.534641
16059 0.533893
21206 0.533893
3020 0.533893
14805 0.533893
16836 0.533893
2541 0.533893
19526 0.533073
6162 0.533073
23335 0.533021
21859 0.532961
12767 0.532893
9551 0.532893
14691 0.532815
3349 0.532722
3392 0.532404
22263 0.532404
12655 0.532222
21033 0.531990
20969 0.531848
18128 0.531740
18042 0.531621
10059 0.531339
22829 0.531169
29859 0.531169
22693 0.530976
4517 0.530976
28616 0.530811
29319 0.530811
20136 0.530753
19371 0.530493
633 0.530493
10569 0.530421
27493 0.530421
27243 0.529916
6533 0.529735
23171 0.529735
7204 0.529466
20302 0.529369
4887 0.529369
28632 0.529240
14940 0.529240
18928 0.529240
6338 0.529105
10989 0.528473
16370 0.528473
17462 0.528473
634 0.528473
8954 0.528400
12535 0.528090
27507 0.527649
19744 0.527135
23635 0.526845
26024 0.526845
10634 0.526434
24280 0.526434
11373 0.526360
16323 0.526360
12720 0.526360
21247 0.526302
24664 0.526255
21156 0.525804
28089 0.525804
3541 0.525804
17228 0.525804
1465 0.525804
16697 0.525345
10179 0.525296
10810 0.525235
15042 0.525159
2797 0.524920
13351 0.524720
11864 0.524527
13337 0.524250
2316 0.524250
21417 0.523820
27435 0.523820
29023 0.523640
6786 0.523640
11433 0.523590
11522 0.523590
22451 0.523425
29634 0.523300
2335 0.523162
27283 0.522833
16621 0.522412
19259 0.522081
15060 0.522081
24243 0.521956
17013 0.521776
3564 0.521549
4997 0.521181
20094 0.521181
8134 0.521067
23574 0.520929
22592 0.520929
29559 0.520796
7579 0.520546
467 0.520546
648 0.520314
23386 0.520314
2162 0.520204
1840 0.520204
18549 0.520204
2796 0.519896
28173 0.519618
5776 0.519565
25545 0.519365
5018 0.519365
13269 0.519135
16217 0.519063
9234 0.519063
14334 0.519063
24624 0.518924
9524 0.518924
21378 0.518793
13213 0.518793
481 0.518730
5537 0.518551
8986 0.518551
27183 0.518386
4361 0.518232
3492 0.518136
28011 0.518136
18982 0.517792
16196 0.517792
14230 0.517792
28072 0.517502
6245 0.517373
12088 0.516991
6944 0.516854
3693 0.516854
25637 0.516729
8933 0.516615
26874 0.516615
20742 0.516511
27674 0.516414
23057 0.515757
18155 0.515668
6141 0.515668
24178 0.515668
24227 0.515668
26614 0.515588
20550 0.515516
10097 0.515516
5573 0.515516
6807 0.515338
7891 0.515288
11024 0.515288
12004 0.515242
28186 0.515199
17603 0.515199
20207 0.514119
6504 0.514119
1109 0.514119
19057 0.514119
28048 0.514119
12230 0.514119
22081 0.514119
15006 0.514119
26553 0.514119
23848 0.514119
17523 0.514119
29333 0.514119
16628 0.514119
27951 0.513083
11019 0.513044
7411 0.513002
5082 0.513002
9052 0.512956
27497 0.512907
11937 0.512853
12414 0.512853
6054 0.512853
16134 0.512794
16943 0.512794
1266 0.512659
11759 0.512659
9039 0.512580
18736 0.512580
3284 0.512012
19633 0.511648
12194 0.511536
11613 0.511413
8642 0.511413
20787 0.511413
5552 0.511413
16895 0.511279
1219 0.511130
10495 0.511022
4849 0.510965
12168 0.510906
26021 0.510781
20047 0.510781
23384 0.510781
11925 0.510646
7241 0.510646
14768 0.510339
8883 0.510165
23509 0.510165
26469 0.509922
22188 0.509762
9485 0.509590
26887 0.509529
18129 0.509529
29074 0.509529
16176 0.509403
15618 0.509403
1985 0.509403
17640 0.509269
2551 0.508978
29419 0.508978
13717 0.508978
8227 0.508978
26271 0.508736
8914 0.508113
9095 0.508113
20663 0.507850
2912 0.507485
1040 0.507485
10884 0.507355
16843 0.507355
17902 0.507355
5470 0.507246
14096 0.506899
17522 0.506514
3306 0.506514
27153 0.506446
718 0.506446
20668 0.506446
24066 0.506086
23204 0.506086
29937 0.506086
18624 0.506086
20337 0.506086
21073 0.505793
29666 0.505750
456 0.505750
26008 0.505750
9409 0.505691
1705 0.505691
27933 0.505607
8899 0.505479
18294 0.505479
21936 0.505384
1192 0.505255
11605 0.504772
4020 0.504599
1340 0.504599
29044 0.504599
2938 0.504599
26505 0.504548
2488 0.504373
8455 0.504373
11589 0.504067
5772 0.504067
9100 0.503939
5906 0.503939
29703 0.503837
4506 0.503837
6235 0.503837
17821 0.503534
23675 0.503534
23678 0.503464
19881 0.503364
19664 0.502943
28501 0.502943
12101 0.502943
19209 0.502531
3486 0.502531
859 0.502435
23878 0.502368
13301 0.502368
7409 0.502281
9093 0.502087
13138 0.501878
15695 0.501878
24571 0.501731
14539 0.501731
673 0.501731
12542 0.501456
16421 0.501266
24869 0.501021
25308 0.501021
29260 0.501021
3613 0.500766
19572 0.500590
21754 0.500590
3517 0.500525
13867 0.500525
14856 0.500479
19043 0.500479
26026 0.500224
65 0.499910
10264 0.499724
2231 0.499724
9939 0.499186
19095 0.499186
23537 0.499186
8065 0.498998
13970 0.498998
11788 0.498998
27942 0.498790
8380 0.498607
13069 0.498607
3524 0.498607
21086 0.498300
17896 0.498130
15030 0.498130
1576 0.497981
13094 0.497850
13706 0.497850
26031 0.497850
13223 0.497679
5886 0.497535
22096 0.497535
23929 0.497410
24803 0.497302
11384 0.497302
14661 0.497302
25267 0.497124
27678 0.496772
4081 0.496772
23244 0.496623
27752 0.496564
28387 0.496564
13291 0.496467
15658 0.496427
4665 0.495758
1188 0.495758
1081 0.495758
19902 0.495758
18755 0.495758
25329 0.495758
13120 0.495758
23392 0.495758
17657 0.495758
28903 0.494874
27369 0.494803
3843 0.494719
27932 0.493901
1554 0.493901
11340 0.493901
29618 0.493901
29782 0.493743
22336 0.493684
15142 0.493555
29516 0.493555
5052 0.493555
14493 0.493555
22399 0.493408
2276 0.493241
7246 0.493241
13081 0.493049
21105 0.492824
16817 0.492698
25653 0.492698
2681 0.492559
16271 0.492440
22482 0.491627
24862 0.491627
28407 0.491627
3336 0.491142
24484 0.490750
22908 0.490750
13611 0.490750
15335 0.490750
25382 0.490750
5230 0.490750
16316 0.490470
14964 0.490369
11946 0.490369
17271 0.490286
7720 0.490156
29528 0.490060
378 0.490060
11239 0.489925
16280 0.489925
18111 0.489803
14488 0.489803
4858 0.489803
10098 0.489637
24117 0.489587
27828 0.489402
13095 0.489206
23155 0.489206
21626 0.489148
21720 0.488943
4249 0.488775
10839 0.488775
8257 0.488413
26799 0.488413
27206 0.488088
2813 0.488088
7461 0.487794
3552 0.487719
11718 0.487719
16258 0.487657
4619 0.487657
4590 0.487606
28230 0.487606
2368 0.487564
22738 0.487564
13634 0.487564
7097 0.487564
28311 0.487060
25765 0.487060
24776 0.487060
3582 0.487060
21032 0.487060
28399 0.487060
7417 0.487060
8189 0.486369
14881 0.486285
2102 0.486285
6906 0.486285
10482 0.485843
28906 0.485843
1818 0.485557
16587 0.485557
7963 0.485278
2370 0.485096
13181 0.484459
15526 0.483877
11904 0.483740
12642 0.483621
16219 0.483567
7719 0.483426
4985 0.483272
13343 0.483207
22619 0.483207
26580 0.483046
14307 0.483046
19079 0.482923
13589 0.482578
1020 0.482444
9705 0.481987
15451 0.481987
15134 0.481987
12719 0.481987
13705 0.481987
10829 0.481987
20474 0.481593
21653 0.481551
15999 0.481498
18761 0.481498
10980 0.481216
25084 0.481216
17129 0.481134
5940 0.480735
9518 0.480735
5925 0.480590
8 0.480353
5080 0.480168
14924 0.480168
9077 0.479936
16874 0.479936
1626 0.479636
3393 0.479636
27179 0.479636
28336 0.479636
4797 0.479636
16696 0.479489
28302 0.479382
16252 0.478663
15549 0.478663
22955 0.478663
6916 0.478663
1078 0.478663
9016 0.478131
28107 0.478003
8726 0.477914
15100 0.477914
11739 0.477633
18316 0.477565
28585 0.477396
5394 0.477018
9754 0.476729
19191 0.476729
26600 0.476729
25518 0.476658
5448 0.476608
19482 0.476608
24207 0.476316
20758 0.476316
2721 0.476316
28644 0.476036
13980 0.475928
22208 0.475768
3087 0.475768
14032 0.475680
5555 0.475560
27016 0.475384
21057 0.475384
7444 0.475384
18017 0.474965
19107 0.474884
11525 0.474884
19573 0.474831
14233 0.474572
19443 0.474572
4185 0.474572
12980 0.474572
21879 0.473993
12353 0.473993
16945 0.473993
23659 0.473857
28047 0.473857
1585 0.473531
20628 0.473531
3179 0.473531
19165 0.473223
23638 0.473223
5496 0.472990
4532 0.472933
26603 0.472552
23233 0.472552
13661 0.472398
7892 0.472398
9429 0.472398
10053 0.472150
4763 0.471962
11701 0.471840
3451 0.471840
20229 0.471479
22490 0.471479
28447 0.471276
25947 0.471276
642 0.471276
23421 0.471276
18372 0.471082
29073 0.470720
19084 0.470550
7187 0.470550
18887 0.470387
12712 0.470387
27173 0.469255
26239 0.468960
22973 0.468822
4223 0.468756
8082 0.468564
25833 0.468443
23290 0.468216
8829 0.468057
4844 0.467906
14793 0.467906
27060 0.467906
4261 0.467764
16433 0.467502
28252 0.467381
19743 0.467266
2887 0.467156
3726 0.467156
10357 0.467052
1464 0.466857
1504 0.466679
28545 0.466679
16767 0.466679
28404 0.466596
27626 0.466596
11284 0.466596
18360 0.466516
14607 0.466439
5099 0.466439
3440 0.466439
18159 0.465712
11434 0.465712
6374 0.465712
23657 0.465617
6645 0.465445
4713 0.465367
18675 0.465292
25568 0.465222
1790 0.465222
28295 0.465222
8418 0.465033
14321 0.464976
7273 0.464921
23852 0.464921
6751 0.464921
10337 0.464820
8678 0.464685
20311 0.464643
22036 0.462707
9536 0.462707
3444 0.462707
16425 0.462707
27352 0.462707
4608 0.462707
22512 0.462707
2592 0.462707
29932 0.462707
23032 0.462707
22892 0.462707
27891 0.462707
3122 0.462707
20660 0.462707
17823 0.462707
10311 0.462707
22773 0.462707
5213 0.462707
234 0.462707
21775 0.462707
21819 0.462707
15166 0.462707
22092 0.462707
17399 0.462707
23379 0.462707
23154 0.462707
966 0.460747
29277 0.460747
898 0.460704
7319 0.460660
27200 0.460660
18367 0.460565
9863 0.460514
23462 0.460514
363 0.460461
18453 0.460461
23123 0.460405
22542 0.460347
28497 0.460347
18965 0.460347
6336 0.460347
29055 0.460285
18102 0.460220
25950 0.460151
3389 0.460151
1858 0.460078
2836 0.460001
24072 0.459920
4936 0.459833
12849 0.459833
10024 0.459741
19842 0.459741
14036 0.458961
2027 0.458883
17157 0.458883
17849 0.458883
948 0.458631
15606 0.458443
28106 0.458342
7672 0.458237
13438 0.457759
17538 0.457479
13810 0.457327
5996 0.456995
16595 0.456995
892 0.456995
28397 0.456995
13410 0.456875
24225 0.456875
19730 0.456813
7752 0.456813
22428 0.456619
24470 0.456619
14871 0.455515
16227 0.455515
1542 0.455515
12633 0.455122
7974 0.455122
22710 0.455122
2327 0.455122
18394 0.454909
29531 0.454684
5667 0.454684
27459 0.454625
26098 0.454625
23783 0.454445
24056 0.454059
13898 0.453635
23288 0.453635
1786 0.453635
13838 0.453453
20045 0.453453
27332 0.453453
28823 0.453407
7910 0.453264
4046 0.453264
6200 0.453068
27941 0.452649
15740 0.452425
8114 0.452368
22912 0.452368
18311 0.452191
29818 0.452070
21106 0.451756
8634 0.451422
23538 0.451422
15602 0.451067
13952 0.450944
12426 0.450145
3705 0.450145
17569 0.449854
29789 0.449854
20553 0.449854
21494 0.449594
25010 0.449487
11307 0.449487
23097 0.449098
752 0.449041
24313 0.448686
26864 0.448543
8998 0.448248
18723 0.448248
27 0.448172
3899 0.447781
14734 0.447781
26949 0.447474
2015 0.447474
23986 0.447474
5191 0.447429
12127 0.447429
17904 0.447369
21437 0.447284
1287 0.447284
26494 0.447284
6410 0.447154
12491 0.446933
13632 0.446673
29889 0.446472
23105 0.446472
9365 0.446108
21198 0.446108
15220 0.446108
15872 0.445983
1303 0.445838
8819 0.445640
18167 0.445464
3367 0.445464
7841 0.445387
6389 0.444911
22770 0.444522
18834 0.444522
20661 0.444522
2567 0.444408
20941 0.444322
3129 0.444199
19876 0.444199
22392 0.443821
4660 0.443821
24544 0.443692
18318 0.443528
10103 0.443528
7654 0.443528
13853 0.443428
27121 0.443428
18296 0.443312
18988 0.443248
24493 0.442782
2798 0.442782
17402 0.442590
13480 0.442480
27339 0.442077
27041 0.441912
13928 0.441781
23925 0.441675
4110 0.441675
27022 0.441398
19374 0.441310
24430 0.441242
29368 0.441186
12880 0.441140
12403 0.441140
5828 0.441140
6880 0.440674
18395 0.440674
28119 0.440674
23820 0.440674
10900 0.440228
26644 0.440136
28426 0.439998
21867 0.439443
3737 0.439443
25343 0.439279
19225 0.438979
6276 0.438585
24288 0.438585
14073 0.438514
18132 0.438514
8064 0.438247
348 0.438000
19793 0.438000
5514 0.437696
17143 0.437696
767 0.437696
11326 0.437696
14615 0.437696
11989 0.437385
27778 0.437120
19356 0.437120
22945 0.436891
14601 0.436267
21020 0.436159
27920 0.436059
25596 0.436059
9902 0.435884
16583 0.435666
20303 0.435666
20490 0.435603
20789 0.435489
10657 0.435489
4579 0.435489
11349 0.435489
10738 0.435343
9708 0.435115
6214 0.435115
18569 0.435024
23662 0.434945
1175 0.434664
3091 0.434664
12316 0.434587
29798 0.434522
2165 0.434522
3240 0.434467
21270 0.434420
29127 0.434420
13506 0.433788
6912 0.433788
2566 0.433788
17036 0.433788
5186 0.433788
12120 0.433788
25197 0.433788
22078 0.433788
22790 0.433788
15754 0.433128
14865 0.432943
4196 0.432531
29814 0.432531
15533 0.432437
6642 0.432046
9976 0.431988
6907 0.431988
27492 0.431713
22333 0.431713
20880 0.431337
18077 0.431159
7155 0.431094
22448 0.430712
19942 0.430425
21903 0.430203
18420 0.430203
12546 0.430155
9398 0.429657
26495 0.429517
21220 0.429459
18591 0.429459
4725 0.429316
28641 0.429316
18835 0.429000
24879 0.429000
26948 0.428914
4800 0.428851
25969 0.428851
7038 0.428433
6769 0.428433
28702 0.428433
10966 0.428433
18127 0.428433
29573 0.428055
12329 0.428055
29929 0.428004
102 0.427937
22774 0.427713
18051 0.427621
14628 0.427621
27573 0.427621
27542 0.427400
29429 0.427400
3553 0.427400
5890 0.427275
487 0.427275
4847 0.427114
24461 0.426962
27879 0.426903
25290 0.426903
14566 0.426518
1289 0.426518
26860 0.426178
23873 0.426178
27014 0.426178
16111 0.426178
10659 0.426178
23997 0.425691
19163 0.425603
14984 0.425478
10007 0.425478
24205 0.425359
7893 0.425359
8635 0.425137
20978 0.424707
9318 0.424707
27931 0.424707
955 0.424502
4531 0.424377
2638 0.424148
6748 0.424148
696 0.423767
11330 0.423392
15325 0.423208
11631 0.423047
19400 0.422905
8504 0.422905
12717 0.422564
28520 0.422564
941 0.422564
18398 0.422564
27853 0.422472
7277 0.421966
27490 0.421880
2981 0.421738
15257 0.421738
26396 0.421738
24362 0.421534
25858 0.421495
10539 0.420643
22960 0.420643
23916 0.420643
26164 0.420643
14883 0.420643
18272 0.420643
25788 0.420643
10937 0.420643
21272 0.420643
28348 0.420643
20397 0.420643
7397 0.419795
26254 0.419756
23238 0.419756
11505 0.419712
16029 0.419612
25603 0.419612
26998 0.419553
4229 0.419553
18121 0.419553
3801 0.419487
4380 0.419329
15561 0.418740
21035 0.418740
1745 0.418640
7898 0.418529
19627 0.418529
27261 0.418406
24044 0.418406
19521 0.418267
14204 0.418267
20292 0.418267
10945 0.417722
13005 0.417195
7345 0.417195
10743 0.417195
27068 0.417032
5286 0.416853
17226 0.416853
16734 0.416724
24568 0.416437
29199 0.416437
9290 0.416243
12064 0.416243
6132 0.416243
5578 0.416243
20415 0.416192
25688 0.416192
6136 0.415917
29123 0.415797
6173 0.415605
7232 0.415250
649 0.414928
18594 0.414928
5563 0.414691
14116 0.414365
14094 0.414365
6509 0.414214
13508 0.414001
18247 0.413890
8956 0.413890
17245 0.413679
13744 0.413679
4846 0.413531
601 0.413483
3000 0.413483
23067 0.413132
26853 0.413132
26521 0.413132
17270 0.413132
13154 0.412744
6392 0.412744
6475 0.412744
28212 0.412685
25154 0.412605
25818 0.412605
7399 0.412182
20462 0.412182
11354 0.412000
11898 0.411543
4792 0.411295
5914 0.411295
11421 0.411034
7985 0.410957
3257 0.410957
25841 0.410957
20615 0.410957
29308 0.410687
27397 0.410687
7317 0.410466
9966 0.410466
833 0.410466
12563 0.410282
27835 0.410282
3226 0.410282
27876 0.410282
4937 0.410127
23981 0.409994
24043 0.409994
26806 0.409994
9643 0.409689
15842 0.409689
28929 0.409574
18496 0.409574
2481 0.409476
29449 0.409476
1606 0.409101
9670 0.408858
17705 0.408818
10182 0.408271
16030 0.408271
22529 0.408271
12729 0.408271
20782 0.408271
1506 0.408271
670 0.408271
10439 0.407672
28909 0.407566
16018 0.407498
17117 0.407415
24792 0.407182
8419 0.407103
10340 0.406903
13730 0.406776
23825 0.406776
8790 0.406622
25365 0.406280
1604 0.405884
26444 0.405884
11167 0.405691
12752 0.405620
29412 0.405465
21701 0.405196
3453 0.405135
9779 0.404869
14127 0.404869
402 0.404869
12177 0.404610
9386 0.404610
28960 0.404610
11047 0.404172
11273 0.404172
5790 0.404172
3478 0.403951
1967 0.403951
20555 0.403778
7215 0.403778
8575 0.403524
7287 0.403386
322 0.403189
28036 0.403003
22262 0.402919
27305 0.402919
6680 0.402919
18684 0.402855
8108 0.402803
4786 0.402803
19592 0.402354
16028 0.402354
25706 0.402354
23941 0.401882
7448 0.401752
1805 0.401137
11436 0.401013
4521 0.400668
119 0.400668
3012 0.400612
16956 0.400420
13795 0.400420
29306 0.400420
17190 0.400179
27212 0.399611
17861 0.399526
23262 0.399361
23813 0.399291
17052 0.399291
3740 0.399291
25067 0.398886
3044 0.398886
21529 0.398504
2447 0.398504
6210 0.398504
19674 0.398357
8130 0.398232
28615 0.398232
29884 0.397869
27074 0.397803
27277 0.397639
25283 0.397480
9036 0.397174
10308 0.396997
23257 0.396930
18478 0.396606
25795 0.396606
2707 0.396606
19785 0.396606
12800 0.396606
4159 0.396300
29637 0.396241
4685 0.395737
25432 0.395476
14578 0.394994
21443 0.394994
7387 0.394994
28581 0.394727
6538 0.394662
5071 0.394474
18048 0.394474
19631 0.394353
29430 0.394235
28019 0.394008
20403 0.394008
23348 0.394008
6881 0.394008
19678 0.393794
12072 0.393589
10540 0.393589
23453 0.393589
22876 0.393150
18535 0.393150
22452 0.392865
19896 0.392865
25470 0.392865
23911 0.392865
1513 0.392865
14417 0.392665
8281 0.392600
18273 0.392475
5546 0.392295
13880 0.392125
21467 0.391911
7322 0.391809
13722 0.391710
3531 0.391710
27362 0.391345
17667 0.391345
3627 0.391178
8500 0.391020
23468 0.391020
6951 0.391020
12278 0.390872
3943 0.390872
5017 0.390872
9819 0.390731
23894 0.390597
14103 0.390597
4374 0.390597
19911 0.390597
13109 0.390470
8927 0.390409
22205 0.390235
22021 0.390073
14896 0.390073
15474 0.389781
28187 0.389407
6832 0.389297
17295 0.389193
18224 0.389193
17909 0.389193
16954 0.388914
26653 0.388914
7381 0.388830
25361 0.388674
2379 0.387984
18410 0.387984
7378 0.387898
20735 0.387818
10498 0.387744
505 0.387674
19670 0.387674
16275 0.387608
2213 0.387608
12946 0.387608
19355 0.387547
22302 0.387489
8308 0.387383
24629 0.387383
26084 0.387203
14719 0.385589
22858 0.385589
14309 0.385589
24576 0.385589
3382 0.385589
10290 0.385589
14476 0.385589
9639 0.385589
9542 0.385589
27812 0.385589
13833 0.385589
5458 0.385589
3366 0.385589
28711 0.385589
24726 0.383990
16602 0.383709
23301 0.383592
2176 0.383386
29831 0.383308
25168 0.383224
7872 0.383133
12109 0.383036
24278 0.382237
16717 0.382147
23617 0.381952
25002 0.381846
5654 0.381487
23622 0.381352
7255 0.381352
28934 0.381208
14301 0.381053
3823 0.380887
6435 0.380829
15001 0.380829
3986 0.380709
24977 0.380709
19675 0.380709
24197 0.380448
6670 0.380307
4467 0.380001
11017 0.380001
19463 0.379657
23717 0.379268
9486 0.379109
6811 0.378941
25063 0.378382
24443 0.378314
1154 0.377954
26609 0.377315
7195 0.377096
21136 0.376925
3465 0.376622
7991 0.376365
14725 0.376298
17392 0.376185
27613 0.376185
20080 0.376092
19486 0.375703
13267 0.375496
21932 0.375496
7555 0.375442
4254 0.375168
7745 0.374879
27210 0.374879
13314 0.374819
3709 0.374819
17276 0.374819
3238 0.374662
25258 0.374662
12132 0.374445
5625 0.374445
10508 0.374445
1549 0.374445
24838 0.374390
4220 0.374390
1073 0.374249
19090 0.374249
28605 0.374104
22755 0.373803
20767 0.373615
8327 0.373615
16357 0.373615
14029 0.373540
12033 0.373151
19712 0.373151
27750 0.372736
21993 0.372736
5389 0.372423
1763 0.372178
28511 0.372178
997 0.372178
22430 0.372026
23980 0.371818
12317 0.371604
17878 0.371308
10984 0.371308
21366 0.371156
16299 0.371039
1833 0.371039
25143 0.371039
15584 0.370947
21501 0.370759
4243 0.370759
22266 0.370615
25319 0.370615
23609 0.370567
8671 0.370166
25593 0.370166
28914 0.370166
8599 0.370166
27950 0.370166
7101 0.370166
29621 0.370166
10171 0.369743
25438 0.369743
28666 0.369743
22237 0.369689
27617 0.369618
2298 0.369618
23284 0.369618
24060 0.369030
22176 0.369030
15737 0.368969
8200 0.368825
24514 0.368640
11885 0.368528
13591 0.368063
9651 0.368063
21704 0.368063
5440 0.368063
19992 0.367714
4703 0.367571
25640 0.367444
8129 0.367052
4696 0.366905
1951 0.366626
15032 0.366501
8049 0.366501
16042 0.366066
3029 0.365983
7073 0.365983
9501 0.365917
10471 0.365862
25133 0.365295
20084 0.365295
25072 0.364747
16016 0.364747
1326 0.364695
17637 0.364168
10329 0.364059
1686 0.363822
23191 0.363700
19870 0.363556
11103 0.363556
26458 0.363283
13014 0.363171
1150 0.363111
10841 0.362908
15468 0.362908
8209 0.362716
572 0.362663
5019 0.362663
24785 0.362490
28944 0.362490
27518 0.362361
5108 0.362361
14395 0.362361
4722 0.362220
5078 0.362220
10570 0.362119
16071 0.362119
23166 0.361894
13728 0.361788
14820 0.361788
27958 0.361490
15841 0.361490
20714 0.361185
28455 0.360912
11584 0.360912
5486 0.360827
10421 0.360713
13002 0.360713
23090 0.360713
6147 0.360713
8244 0.360305
24974 0.360305
27326 0.360191
1740 0.359384
27105 0.359245
28933 0.358997
13364 0.358784
27404 0.358784
17736 0.358598
21632 0.358435
21963 0.358435
16249 0.358291
12061 0.358047
22554 0.357895
7243 0.357895
3476 0.357763
10417 0.357763
28303 0.357763
7491 0.357648
14370 0.356946
16172 0.356875
24361 0.356814
3901 0.356760
7434 0.356760
25559 0.356713
12243 0.356713
23450 0.356670
28472 0.356670
22323 0.356670
16477 0.355929
18080 0.355929
7973 0.355929
14226 0.355929
11576 0.355929
7422 0.355929
18790 0.355929
12047 0.355929
23681 0.355929
10848 0.355929
11483 0.355929
25760 0.355929
20854 0.355190
26919 0.355148
3118 0.354987
5571 0.354918
1236 0.354837
22099 0.354837
1593 0.354742
18811 0.354414
5826 0.354414
9428 0.354226
15552 0.354226
8306 0.354226
6384 0.354226
22359 0.354113
26119 0.353835
25629 0.353662
9875 0.353457
1748 0.353299
19444 0.353299
26417 0.353119
18277 0.353070
16953 0.352912
20772 0.352912
1161 0.352737
20873 0.352673
29152 0.352673
18941 0.352060
21760 0.352060
11065 0.352060
11834 0.352060
6289 0.351828
26394 0.351828
4809 0.351828
581 0.351766
6297 0.351766
21076 0.351567
7883 0.351423
29964 0.351423
12842 0.351423
25742 0.351423
9392 0.351270
2360 0.351270
15158 0.351270
15934 0.350823
24078 0.350823
3463 0.350536
14886 0.350536
17646 0.350536
27301 0.350536
8873 0.350214
13669 0.350075
7005 0.350075
14444 0.349440
13302 0.349440
8818 0.349025
27713 0.348969
22566 0.348774
24310 0.348615
15351 0.348483
4525 0.348274
20803 0.348274
10087 0.348154
28255 0.347971
9125 0.347971
5305 0.347971
19879 0.347787
25657 0.347787
11733 0.347787
19843 0.347699
12816 0.347699
10682 0.347699
15710 0.347630
27682 0.347630
10094 0.347574
3356 0.347031
8010 0.347031
17318 0.347031
21433 0.347031
13510 0.346521
20709 0.346472
3955 0.346472
1119 0.346412
25426 0.346338
16760 0.346042
29718 0.345838
8624 0.345838
27199 0.345701
9126 0.345528
20165 0.345528
21873 0.345528
13414 0.345460
663 0.345113
8712 0.345113
5410 0.345001
3274 0.344875
18009 0.344569
804 0.344569
23927 0.344276
24068 0.344276
25926 0.343904
13046 0.343904
20858 0.343779
25719 0.343595
20301 0.343595
11863 0.343495
120 0.343299
6903 0.343217
15922 0.343217
424 0.343156
26172 0.343109
3298 0.343109
7959 0.342746
18235 0.342746
3770 0.342746
23351 0.342746
16937 0.342746
24736 0.342746
21140 0.342403
11909 0.342403
28608 0.342403
5311 0.342309
27405 0.342239
11149 0.342239
25203 0.342239
28583 0.341902
1692 0.341902
25191 0.341772
12534 0.341772
8070 0.341522
29454 0.341098
24761 0.341098
21428 0.341098
27967 0.341098
17687 0.341098
15155 0.340942
6074 0.340643
8395 0.340643
10986 0.340571
24998 0.340571
11693 0.340521
17353 0.340226
4401 0.340226
4333 0.339842
23163 0.339842
3372 0.339602
28132 0.339486
24864 0.339486
1302 0.339486
313 0.339319
7361 0.339319
15551 0.339157
14486 0.339053
12807 0.338802
14225 0.338802
22051 0.338566
11936 0.338566
29388 0.338566
29967 0.338236
29210 0.338051
17132 0.338051
12952 0.337932
15343 0.337651
398 0.337391
27501 0.337072
21715 0.336712
8995 0.336155
5567 0.336155
18639 0.335836
6112 0.335643
2281 0.334992
16277 0.334854
2208 0.334854
9299 0.334854
4508 0.334724
9888 0.334724
24034 0.334724
26462 0.334602
1608 0.334487
10372 0.334178
9096 0.333580
10456 0.333580
22682 0.333483
10532 0.333392
15818 0.333392
10591 0.333392
9746 0.332665
17764 0.332571
4053 0.332571
17027 0.332484
5291 0.332484
21472 0.332405
16445 0.332331
11685 0.332331
11993 0.332263
20696 0.332200
5148 0.332087
22996 0.331987
16058 0.331900
16787 0.331860
12113 0.330505
11704 0.330505
1695 0.330505
846 0.330505
25424 0.330505
28054 0.330505
27673 0.330505
11924 0.330505
13026 0.330505
2035 0.330505
5105 0.328989
16963 0.328885
29292 0.328828
9505 0.328766
16298 0.328699
464 0.328550
22950 0.328465
26055 0.327668
14440 0.327487
11517 0.327487
15854 0.327387
15471 0.327387
8283 0.327167
8068 0.327167
27232 0.327044
25901 0.327044
873 0.326913
22169 0.326771
1717 0.326771
23956 0.326507
22443 0.326450
510 0.326268
23928 0.326268
10596 0.326137
10247 0.326137
3239 0.325998
10085 0.325850
18775 0.325692
22174 0.325341
18600 0.325341
8555 0.325146
28897 0.324935
16333 0.324880
16685 0.324880
15007 0.324880
17203 0.324707
17864 0.324707
1579 0.324707
15420 0.324523
7224 0.324459
677 0.324459
6250 0.324328
26366 0.324190
11408 0.324190
8931 0.324119
10054 0.323895
27794 0.323895
29847 0.323705
24640 0.323655
20472 0.323655
3954 0.323503
14030 0.323398
4030 0.323289
5644 0.323289
10077 0.323120
3032 0.323120
9887 0.323061
24786 0.322819
27662 0.322819
20243 0.322560
11467 0.322493
2623 0.322493
6955 0.322493
25138 0.322493
12362 0.322138
19929 0.321987
16098 0.321750
17724 0.321750
29622 0.321668
6706 0.321668
2432 0.321613
15464 0.321325
24604 0.321062
9438 0.321062
6125 0.320953
14355 0.320688
10469 0.320550
18529 0.320490
13555 0.320336
29182 0.320336
5515 0.320177
4326 0.320177
2332 0.320112
3261 0.320112
14092 0.319757
26421 0.319757
6559 0.319633
28029 0.319633
2372 0.319549
24478 0.319488
18119 0.319488
2757 0.319488
23169 0.319109
19684 0.319109
25187 0.319109
13334 0.318702
8195 0.318631
6133 0.318111
9342 0.317794
28775 0.317794
5900 0.317739
24895 0.317544
17156 0.317544
22024 0.317544
6087 0.317285
11717 0.317178
19286 0.316923
22932 0.316791
28573 0.316734
1322 0.316474
11942 0.316135
6316 0.316057
3574 0.315482
21780 0.315482
2985 0.315482
3320 0.315482
13053 0.315482
23753 0.315482
17049 0.315482
14714 0.315482
20740 0.315482
20214 0.315482
8539 0.314989
12960 0.314989
26709 0.314932
7857 0.314860
8608 0.314860
1864 0.314860
24169 0.314641
26592 0.314641
2980 0.314560
12686 0.314461
27343 0.314339
22721 0.314339
8172 0.314184
27314 0.314184
12428 0.314184
6996 0.314184
17757 0.314055
17848 0.314055
28139 0.314055
1708 0.314055
29545 0.313897
15806 0.313700
3688 0.313517
4853 0.313447
12670 0.313447
24579 0.313008
25948 0.312942
4977 0.312942
5113 0.312896
24397 0.312376
13575 0.312376
8673 0.312327
18809 0.312327
19440 0.312257
20443 0.312257
16139 0.312257
29382 0.311668
4705 0.311668
4741 0.311668
17278 0.311619
28077 0.311438
26107 0.311438
11770 0.311438
27866 0.311438
23323 0.311238
9477 0.311177
10504 0.311177
1812 0.311177
3816 0.311064
28124 0.310959
21245 0.310774
14641 0.310774
725 0.310353
28163 0.310353
11134 0.310353
13062 0.310195
29166 0.309948
1897 0.309849
9247 0.309762
13483 0.309454
1316 0.309368
15795 0.309368
29550 0.309296
6285 0.309096
7010 0.308472
9382 0.308472
25320 0.308472
1496 0.308472
1108 0.308472
11418 0.308472
28273 0.307850
29101 0.307810
3186 0.307810
27413 0.307810
17910 0.307651
3587 0.307580
19175 0.307580
983 0.307580
23801 0.307495
13775 0.307107
16769 0.307010
15290 0.306767
3614 0.306613
14423 0.306494
3027 0.306494
9856 0.306429
21902 0.306359
27635 0.306203
16625 0.306203
7995 0.306023
2126 0.305922
20380 0.305922
27408 0.305812
178 0.305812
13994 0.305754
8144 0.305754
22936 0.305561
2077 0.305561
21843 0.305387
28998 0.305340
21292 0.305082
27372 0.304710
13604 0.304413
15853 0.304413
13247 0.304413
5461 0.304127
18483 0.303652
10713 0.303652
4884 0.303231
726 0.303083
6404 0.302706
2411 0.302423
2581 0.302423
28700 0.302219
6039 0.302176
20077 0.302176
9321 0.301766
6356 0.301766
18909 0.301766
2294 0.301343
6471 0.301343
9961 0.301242
816 0.301170
21961 0.300948
23890 0.300948
12994 0.300948
17144 0.300948
27123 0.300864
28438 0.300760
20512 0.300459
27572 0.300082
17378 0.299903
21052 0.299903
9482 0.299681
10789 0.299399
25379 0.298878
28092 0.298878
917 0.298832
9084 0.298521
23888 0.298189
2706 0.298189
13754 0.298189
25499 0.298063
13468 0.297880
10229 0.297455
9733 0.297270
22006 0.296925
14950 0.296870
16161 0.296607
21475 0.296607
3546 0.296607
3913 0.296315
1801 0.296246
5155 0.296133
5766 0.296045
2000 0.295918
17709 0.295918
28183 0.295795
24455 0.295345
8526 0.295345
16206 0.294863
28157 0.294649
13245 0.294649
26954 0.294450
16862 0.294450
11706 0.294450
29415 0.294450
15376 0.294207
15814 0.294094
12929 0.293985
7320 0.293782
7303 0.293265
8603 0.293265
28244 0.293118
7310 0.293118
22254 0.293048
3916 0.292981
5836 0.292853
27406 0.292676
8769 0.292676
27006 0.292516
18816 0.292113
16104 0.292000
20556 0.292000
29156 0.292000
14406 0.291797
8263 0.291707
13791 0.291622
11824 0.291107
13520 0.291107
19727 0.291011
15518 0.290924
8607 0.290924
24886 0.290845
2387 0.290845
29200 0.290772
10934 0.290645
5969 0.290589
22018 0.290537
16965 0.290444
9190 0.290402
21846 0.290402
15564 0.290402
22652 0.290402
20821 0.290402
11064 0.290363
2235 0.289192
24513 0.289192
22508 0.289192
5426 0.289192
2363 0.289192
17110 0.289192
3142 0.289192
16618 0.288031
11571 0.288031
26771 0.287992
28334 0.287992
2070 0.287951
24527 0.287907
28443 0.287808
13270 0.287808
8649 0.287694
19778 0.287629
14524 0.287558
22325 0.287481
23685 0.287481
27872 0.287396
26410 0.286539
3797 0.286539
13855 0.286438
11318 0.286211
9329 0.286083
23571 0.285943
21277 0.285790
10270 0.285436
20255 0.285436
27966 0.285080
1515 0.284918
2340 0.284451
2635 0.284451
8240 0.284345
6934 0.284291
21174 0.284291
21881 0.284119
5489 0.284119
13865 0.284119
16478 0.284119
27909 0.284119
21521 0.283870
969 0.283870
27837 0.283595
22406 0.283290
25025 0.283290
24662 0.283290
17534 0.283091
13824 0.282766
173 0.282766
21423 0.282139
10212 0.282139
25670 0.282139
22329 0.282139
24935 0.281902
940 0.281852
11150 0.281648
5789 0.281648
23640 0.281542
25734 0.281542
12626 0.281376
587 0.281376
28983 0.281084
26888 0.280996
38 0.280996
3605 0.280834
9530 0.280834
21453 0.280834
2591 0.280769
4411 0.280722
3781 0.280429
19748 0.280429
8506 0.279982
23273 0.279777
18140 0.279777
24140 0.279552
16681 0.279552
14243 0.279220
22540 0.279220
4925 0.279020
20818 0.278739
11211 0.278593
5718 0.278593
2910 0.278392
22330 0.278210
1421 0.278069
8151 0.278069
27185 0.277624
15054 0.277624
9672 0.277624
13674 0.277624
8877 0.277624
20468 0.277624
5695 0.277624
13971 0.277142
27901 0.277142
6998 0.277070
29439 0.277070
27441 0.276739
26187 0.276739
5527 0.276739
10628 0.276619
16238 0.276619
9106 0.276396
27291 0.276243
27028 0.276101
9991 0.276101
15059 0.276047
17202 0.276047
23788 0.276047
8832 0.275926
10377 0.275786
8782 0.275706
25393 0.275706
19469 0.275421
16170 0.275421
15408 0.275421
14705 0.275421
5883 0.275178
12693 0.275123
26058 0.274970
20050 0.274876
27651 0.274876
1153 0.274732
8243 0.274732
4471 0.274666
241 0.274666
6127 0.274487
19598 0.274285
4886 0.273791
17681 0.273026
28264 0.272879
4602 0.272879
2375 0.272823
16991 0.272823
27336 0.272734
15914 0.272181
28760 0.272181
23971 0.272181
28954 0.272181
7107 0.272181
19884 0.272181
1929 0.271630
1725 0.271542
20140 0.271486
17734 0.271486
13693 0.271421
5434 0.271341
28673 0.270955
4732 0.270733
6197 0.270733
9671 0.270535
19399 0.270413
26335 0.270413
10017 0.270413
25712 0.270273
25567 0.270273
1615 0.270108
28345 0.269913
12954 0.269913
15196 0.269248
12911 0.269016
21013 0.268793
20996 0.268793
24189 0.268793
11783 0.268744
11815 0.268669
16015 0.268370
1387 0.268370
14263 0.268236
17735 0.268032
14118 0.267682
25276 0.267394
17028 0.266947
5046 0.266947
23103 0.266947
25703 0.266481
8916 0.266481
14172 0.266481
3835 0.266481
9433 0.266407
15942 0.265924
27412 0.265924
5243 0.265811
17128 0.265669
26761 0.265669
16601 0.265488
23568 0.265488
22622 0.265246
2858 0.265246
18927 0.264987
593 0.264802
23552 0.264802
22779 0.264404
16492 0.264102
2354 0.264045
9122 0.264045
9167 0.263719
21071 0.263567
20152 0.263567
18897 0.263567
18734 0.263567
23952 0.263423
29911 0.263423
15972 0.263423
18403 0.263329
28022 0.262672
16555 0.262618
848 0.262263
13574 0.262125
7684 0.262125
11015 0.262125
25218 0.261910
21789 0.261650
8975 0.261530
21678 0.261530
26340 0.261417
11067 0.261417
9703 0.261206
13111 0.261014
17047 0.260840
18683 0.260840
835 0.260840
24656 0.260680
17290 0.260533
21178 0.260464
21080 0.260464
9820 0.260398
16870 0.260273
9117 0.260157
22009 0.260102
15887 0.259948
20579 0.259948
21703 0.259809
2153 0.259809
20322 0.259683
11817 0.259568
9890 0.259462
25489 0.259276
8149 0.259116
19218 0.259116
25249 0.258751
3629 0.258656
19910 0.258656
19728 0.258496
8841 0.258496
12979 0.258365
19029 0.258308
19267 0.258207
5697 0.258163
24919 0.258163
7109 0.258163
1714 0.258163
4120 0.258122
13134 0.257060
14625 0.257060
5422 0.257060
2759 0.257060
25130 0.257060
27156 0.257060
28526 0.257060
2875 0.257060
24618 0.255966
5506 0.255922
5994 0.255875
4492 0.255768
8464 0.255768
16930 0.255768
18027 0.255707
14954 0.255639
7344 0.255565
19704 0.254961
25482 0.254795
29525 0.254795
19570 0.254600
1220 0.254489
16526 0.254368
14034 0.254235
12799 0.254088
20215 0.254088
4774 0.254088
13514 0.253925
543 0.253925
20018 0.253806
22291 0.253806
26202 0.253538
26983 0.253387
24379 0.253387
28310 0.253223
3886 0.253043
21067 0.252897
14511 0.252897
3786 0.252846
10048 0.252846
25464 0.252628
5227 0.252570
9376 0.252386
29903 0.252386
14844 0.252386
22749 0.252116
27191 0.252116
18096 0.252116
16404 0.252116
20971 0.252116
318 0.251732
22798 0.251732
15928 0.251682
14360 0.251682
24987 0.251471
1645 0.251471
12448 0.251471
16302 0.251184
12077 0.250997
1783 0.250997
24453 0.250865
20497 0.250865
14390 0.250728
8569 0.250434
22227 0.250383
3980 0.250112
24648 0.250112
15712 0.250112
11155 0.249862
2752 0.249819
21699 0.249819
12894 0.249819
7153 0.249819
21034 0.249363
2901 0.249363
18828 0.249304
3761 0.249304
17844 0.249150
783 0.249150
8937 0.248991
9061 0.248925
14164 0.248651
22505 0.248651
26665 0.248562
21844 0.248562
25591 0.248346
13560 0.248234
8087 0.247879
28767 0.247879
7862 0.247879
9249 0.247495
15426 0.247173
17562 0.246951
21046 0.246777
3630 0.246777
27353 0.246777
20120 0.246621
17139 0.246621
22436 0.245883
1495 0.245813
15521 0.245685
7597 0.245571
28681 0.245571
2521 0.245143
21489 0.245143
5822 0.245078
20495 0.244963
5439 0.244963
28798 0.244819
4922 0.244819
5414 0.244819
7475 0.244603
14646 0.244603
14003 0.244520
24545 0.244520
24122 0.244207
16771 0.244207
26524 0.244142
12377 0.244089
18139 0.244089
27672 0.244044
20913 0.244044
4048 0.243530
16858 0.243530
11231 0.243530
21234 0.243530
1166 0.243530
20117 0.243019
485 0.242974
5990 0.242974
21781 0.242921
1721 0.242921
20006 0.242857
20921 0.242779
18796 0.242779
20386 0.242548
27936 0.242467
4782 0.242467
7642 0.242467
11816 0.242371
468 0.242114
1532 0.242114
932 0.241574
12441 0.241574
6212 0.241413
5259 0.241289
28854 0.241289
18347 0.241289
26111 0.241222
9721 0.241222
3868 0.240993
12915 0.240775
13826 0.240775
15339 0.240715
3799 0.240608
9021 0.240516
18191 0.240516
5295 0.240203
16999 0.240084
27589 0.240084
26932 0.239993
23656 0.239745
6520 0.239745
16468 0.239691
22349 0.238957
24159 0.238957
29149 0.238898
20456 0.238898
19766 0.238817
21010 0.238364
15840 0.238158
16436 0.238018
25575 0.237964
1691 0.237551
13029 0.237286
144 0.237286
19113 0.237286
4430 0.237286
10665 0.236996
27892 0.236928
7004 0.236928
19106 0.236612
26298 0.236495
28043 0.236329
24539 0.236075
26572 0.236075
4733 0.235846
4284 0.235846
8265 0.235774
28241 0.235774
21398 0.235510
29011 0.235510
6434 0.235448
9716 0.235275
19035 0.235275
8530 0.235275
26964 0.235116
10875 0.235065
2439 0.234877
28152 0.234552
1741 0.234552
3623 0.234282
24051 0.234164
19578 0.233953
17320 0.233815
19969 0.233691
6168 0.233691
7019 0.233578
14526 0.233476
14356 0.233476
5084 0.233219
19337 0.232809
12557 0.232809
2507 0.232809
1058 0.232723
11543 0.232646
23567 0.232578
28527 0.232578
18362 0.232461
18539 0.232461
28540 0.232364
11871 0.232364
8169 0.232322
11140 0.231354
19995 0.231354
28927 0.231354
10758 0.231354
107 0.231354
13091 0.231354
3628 0.231354
23703 0.231354
18565 0.231354
17920 0.231354
21896 0.231354
16434 0.231354
24148 0.231354
12115 0.230307
22113 0.230257
11471 0.230203
19103 0.230203
17010 0.230075
17470 0.230075
26384 0.230001
15689 0.229269
22956 0.228944
23647 0.228811
13040 0.228664
9206 0.228497
29506 0.228310
4980 0.228310
26146 0.228310
6463 0.228310
24089 0.228310
14927 0.228241
25956 0.228241
15964 0.228095
12182 0.227758
13425 0.227758
11749 0.227758
25737 0.227399
27399 0.227399
10664 0.227399
10647 0.227342
26814 0.227222
17854 0.227096
13602 0.226817
12439 0.226817
13327 0.226632
15312 0.226431
29865 0.226035
15416 0.225711
25746 0.225472
27525 0.225472
29510 0.225422
19831 0.225344
24459 0.225212
25936 0.225101
18237 0.225101
26995 0.224927
9868 0.224797
9633 0.224744
2088 0.224744
12055 0.224520
8704 0.224343
24563 0.224343
24534 0.224343
14382 0.224271
17240 0.223891
26974 0.223577
18551 0.223530
8190 0.223236
653 0.222992
2459 0.222642
16043 0.222642
3197 0.222455
7981 0.222455
4448 0.222261
13198 0.222261
27165 0.222204
4276 0.222204
9762 0.222100
6120 0.222006
21732 0.221846
11539 0.221846
28081 0.221714
1140 0.221714
3579 0.221039
6108 0.220956
28787 0.220956
21734 0.220890
4241 0.220838
21918 0.220838
18753 0.220794
22871 0.220337
17078 0.220337
7728 0.219882
17188 0.219882
25248 0.219838
26651 0.219786
19236 0.219786
7659 0.219387
12392 0.219387
21492 0.219293
2950 0.219293
17413 0.219177
11726 0.219177
13499 0.219033
18512 0.218977
2050 0.218693
28773 0.218693
24518 0.218693
10128 0.218446
4756 0.218258
4190 0.218258
15632 0.218258
17298 0.218258
3741 0.218258
10806 0.218030
2252 0.218030
9937 0.217867
29446 0.217610
1563 0.217512
12722 0.217234
28403 0.217234
16066 0.216894
2725 0.216894
26418 0.216538
9985 0.216538
3079 0.216306
27976 0.216218
26732 0.216100
491 0.216100
8384 0.215930
27803 0.215930
24496 0.215930
11482 0.215930
3639 0.215770
20168 0.215669
12916 0.215476
11394 0.214975
20150 0.214975
8868 0.214919
4188 0.214658
14384 0.214658
28661 0.214658
2831 0.214658
11883 0.214216
1704 0.214216
26597 0.214216
26376 0.213751
12910 0.213384
12714 0.213384
14550 0.213229
22709 0.213089
19914 0.213089
26317 0.212902
3864 0.212845
12510 0.212739
18092 0.212739
12159 0.212595
21868 0.212595
4946 0.212468
1332 0.211604
19213 0.211604
16582 0.211523
546 0.211333
28360 0.211282
1911 0.211236
20064 0.211194
28338 0.210322
21327 0.210322
12478 0.210322
2743 0.210322
28815 0.210322
13011 0.209320
27600 0.209265
27849 0.209133
9611 0.209133
14224 0.209055
24037 0.209055
19532 0.208598
1034 0.208516
4823 0.208427
896 0.208427
26628 0.208328
18184 0.208096
1793 0.207958
23235 0.207958
8602 0.207625
20332 0.207625
20532 0.207625
8402 0.207492
25296 0.207492
22609 0.206797
11595 0.206742
12804 0.206742
28088 0.206566
1107 0.206303
15168 0.206303
18510 0.206303
18613 0.205866
14838 0.205866
10919 0.205648
9241 0.205233
15578 0.205141
17582 0.204997
861 0.204997
19367 0.204844
21970 0.204512
2473 0.204512
27482 0.204136
915 0.204136
17588 0.204136
12961 0.204136
5331 0.203836
3354 0.203836
16054 0.203783
16057 0.203783
527 0.203783
9570 0.203388
24609 0.203388
16736 0.203281
19875 0.202733
21460 0.202434
20737 0.202434
20687 0.201762
19989 0.201693
9907 0.201594
7314 0.201177
25119 0.201177
10382 0.201177
20181 0.201177
5166 0.200664
1873 0.200596
11120 0.200596
3215 0.200306
26686 0.200210
4224 0.200210
19050 0.200210
22239 0.200210
29813 0.200090
9200 0.199935
2833 0.199805
12969 0.199645
29189 0.199645
14629 0.199645
28063 0.199443
18385 0.199179
13622 0.198901
11888 0.198709
23786 0.198303
19516 0.198005
21955 0.197868
15108 0.197738
13110 0.197639
14240 0.197639
28084 0.197639
298 0.197497
18177 0.197497
8104 0.197363
24132 0.197176
27813 0.197176
7713 0.197117
7087 0.197117
29802 0.196897
8766 0.196697
19594 0.196651
9516 0.196575
1737 0.196432
6978 0.196237
12255 0.196062
17914 0.195904
27043 0.195299
410 0.195299
23044 0.195118
10402 0.195118
12902 0.195118
9071 0.194704
22602 0.194597
28197 0.194597
21989 0.194597
11193 0.194501
3086 0.194501
28363 0.194415
22732 0.194415
23286 0.194039
16025 0.193949
15568 0.193804
9498 0.193691
4868 0.193601
19285 0.192795
6594 0.192795
10020 0.192795
22882 0.192795
7271 0.192795
20546 0.191953
25635 0.191906
16859 0.191854
12603 0.191730
19638 0.191730
14142 0.191654
17489 0.191654
656 0.191654
29457 0.191026
8820 0.190923
2020 0.190807
25420 0.190676
6052 0.190354
15288 0.190154
8622 0.190154
16150 0.190001
29774 0.190001
24015 0.189634
1270 0.189634
20289 0.189471
27717 0.189412
2518 0.189289
9105 0.189289
15479 0.189289
7313 0.189289
8762 0.188860
12529 0.188860
4136 0.188860
19736 0.188860
2364 0.188604
29544 0.188182
9473 0.188092
16334 0.187975
223 0.187901
16627 0.187901
2936 0.187851
4007 0.187584
2324 0.187331
3243 0.187286
470 0.187223
4974 0.187223
20423 0.187052
4283 0.186952
1045 0.186807
10646 0.186576
23781 0.186576
13932 0.186259
20869 0.186013
27800 0.186013
20141 0.185826
25195 0.185083
8541 0.185083
29659 0.185083
685 0.185083
6801 0.184648
24458 0.184648
10611 0.184648
23199 0.184591
22105 0.184264
14520 0.184162
7934 0.184162
10455 0.184031
21503 0.184031
5396 0.183921
22692 0.183921
14352 0.183857
6516 0.183857
5240 0.183857
1085 0.182931
27327 0.182931
9440 0.182931
25680 0.182648
28999 0.182648
17098 0.182395
24725 0.182348
32 0.182348
24775 0.182279
11917 0.181454
17376 0.181454
18906 0.181454
19945 0.181454
18520 0.181181
8443 0.181181
3589 0.180569
14818 0.180276
20491 0.180276
26297 0.180276
28895 0.179809
23500 0.179809
7194 0.179692
28224 0.179692
18934 0.179499
2622 0.179499
24516 0.179417
11960 0.179113
10959 0.178948
9330 0.178882
2542 0.178824
24146 0.178773
2619 0.178688
24061 0.178688
15693 0.178688
2275 0.178688
8131 0.177964
9766 0.177964
7472 0.177964
579 0.177964
22043 0.177964
15098 0.177964
13443 0.177964
18363 0.177964
829 0.177247
5628 0.177207
27256 0.177163
8783 0.177113
13511 0.176918
8869 0.176456
26355 0.176158
22326 0.176030
10416 0.175829
2108 0.175829
19993 0.175712
22832 0.175581
4024 0.175434
28941 0.175078
26221 0.174973
3279 0.174973
20926 0.174860
10867 0.174860
4648 0.174801
8821 0.174607
20860 0.174607
19112 0.174607
9163 0.174607
12295 0.174387
25888 0.174241
14156 0.174241
1344 0.174241
18465 0.174241
10939 0.174137
10859 0.173850
3272 0.173515
27365 0.173515
18773 0.173260
20106 0.173206
16348 0.173206
13640 0.172501
27417 0.172501
23373 0.172501
15346 0.172285
2410 0.172285
24318 0.172170
22521 0.172081
22109 0.172081
2711 0.171863
29054 0.171797
29645 0.171797
807 0.171373
13796 0.171373
22657 0.171373
19238 0.171373
15488 0.171373
121 0.171001
21298 0.170322
11721 0.170113
19710 0.169974
26104 0.169801
28454 0.169579
14980 0.169526
29380 0.169526
6527 0.169283
6418 0.169283
19746 0.169283
22073 0.169283
21059 0.169283
10296 0.169283
7545 0.169026
27281 0.169026
16415 0.168966
24428 0.168536
12611 0.167821
3427 0.167821
20915 0.167648
17219 0.167648
11422 0.167362
2374 0.167244
14090 0.167089
20503 0.166956
6409 0.166842
4697 0.166333
11456 0.166166
18261 0.166100
14415 0.166100
29478 0.165994
4671 0.165253
13566 0.165253
26753 0.165253
6796 0.165253
16918 0.165253
29371 0.165253
18813 0.164561
21414 0.164518
6491 0.164469
5681 0.164414
5384 0.164414
22515 0.164350
29546 0.164350
9303 0.164350
14117 0.163790
13031 0.163694
29375 0.163694
14235 0.163694
19004 0.163583
18998 0.163456
6937 0.163456
17779 0.163196
26883 0.163134
29749 0.162761
20099 0.162164
870 0.162095
11297 0.162095
1339 0.161948
22680 0.161948
22730 0.161699
7142 0.161644
11821 0.161410
24691 0.161189
15485 0.161142
15094 0.160942
10567 0.160056
7667 0.159879
21744 0.159231
27583 0.159188
16183 0.159132
7756 0.159132
4949 0.159056
18738 0.158869
12458 0.158772
6301 0.158643
12895 0.158643
19370 0.158643
17954 0.158589
21281 0.158589
17558 0.158295
24597 0.158295
12847 0.158295
27513 0.158191
161 0.158068
28324 0.158068
17312 0.158068
20228 0.157998
29897 0.157517
15126 0.157466
17824 0.157092
29075 0.157092
22361 0.157027
16949 0.157027
11802 0.156850
21469 0.156850
3242 0.156850
5801 0.156850
7395 0.156646
14314 0.156646
9741 0.156646
29701 0.156471
11977 0.156128
27101 0.155969
29854 0.155834
10433 0.155719
16608 0.155719
15297 0.155176
25908 0.155097
26630 0.155031
15734 0.154974
28505 0.154236
28058 0.154236
4084 0.154236
7665 0.154236
8138 0.153596
1771 0.153596
4016 0.153596
26129 0.153505
17199 0.153505
22335 0.153505
26315 0.153449
8728 0.153384
28968 0.153214
16125 0.152961
1447 0.152389
12067 0.152206
18829 0.152206
28272 0.152206
2746 0.151212
20195 0.150585
16187 0.150380
6980 0.150380
23133 0.150380
7649 0.150230
5160 0.150230
10964 0.150230
18301 0.150067
7414 0.149951
8996 0.149699
1487 0.149699
15758 0.149582
26667 0.149260
20391 0.149260
5824 0.149260
4315 0.149260
10957 0.149260
3379 0.149260
3867 0.148891
9263 0.148891
12083 0.148891
8036 0.148891
4776 0.148824
21228 0.148576
11950 0.148304
24875 0.148066
29061 0.147897
4653 0.147897
14093 0.147897
21353 0.147673
25250 0.147673
26717 0.147673
604 0.147673
25059 0.147673
12750 0.147359
27364 0.147047
28331 0.146712
13870 0.146712
24346 0.146712
27746 0.146559
17627 0.146426
2629 0.146258
5708 0.146118
14456 0.145899
1111 0.145899
26121 0.145899
22880 0.145505
29876 0.145422
3069 0.145422
10322 0.145422
1996 0.145422
11668 0.145353
15973 0.145244
8203 0.144596
4235 0.144596
3002 0.144596
7228 0.144596
26673 0.143953
25595 0.143953
20425 0.143904
13251 0.143847
12533 0.143779
25095 0.143779
29942 0.143698
25570 0.143316
11724 0.143219
15041 0.142811
22981 0.142811
29085 0.142540
23024 0.142226
17467 0.142226
4516 0.142226
22691 0.142173
5180 0.142173
16276 0.141935
4789 0.141935
22450 0.141645
24339 0.141645
18523 0.141645
23106 0.141645
11782 0.141645
16074 0.141645
26003 0.141383
1315 0.141383
14561 0.140824
14431 0.140542
8273 0.140214
3024 0.140214
4662 0.139932
17168 0.139065
27986 0.138812
18721 0.138812
132 0.138812
1052 0.138417
27228 0.138309
15466 0.138122
16676 0.138122
16718 0.137963
16173 0.137893
20392 0.137893
25046 0.137893
14898 0.137562
17686 0.137438
17104 0.136986
23451 0.136822
575 0.136822
15918 0.136761
1970 0.136090
8426 0.136090
16724 0.136090
2008 0.136090
25454 0.136090
596 0.135427
5846 0.135427
27448 0.135295
23601 0.135207
21530 0.134956
5739 0.134956
15616 0.134870
24162 0.134870
890 0.134650
27512 0.134650
23109 0.134508
3909 0.134118
10755 0.133942
4094 0.133730
6247 0.133730
24315 0.133473
21377 0.133290
26695 0.133290
23757 0.133080
3738 0.133080
26124 0.132962
25071 0.132623
17118 0.132623
1798 0.132202
10769 0.132202
3319 0.131576
4491 0.131451
1589 0.131336
20843 0.131180
24138 0.131180
28235 0.131180
12715 0.131132
22833 0.130955
22827 0.130708
2241 0.130708
16490 0.130603
1955 0.130507
21036 0.130340
26167 0.130199
4862 0.130199
11979 0.130199
16561 0.129974
9844 0.129974
13927 0.129974
27130 0.129841
26724 0.129558
25646 0.129558
9883 0.129328
6128 0.129248
20680 0.129248
16605 0.129248
1729 0.129248
18547 0.129248
27142 0.129081
15000 0.128530
15139 0.128530
11729 0.128530
19073 0.128530
17301 0.128530
24100 0.128530
20985 0.127983
4246 0.127938
3074 0.127938
24352 0.127820
10932 0.127820
12881 0.127741
1258 0.127741
15805 0.127441
29291 0.127351
29269 0.127351
19950 0.127117
12922 0.127117
8640 0.127117
7126 0.126611
20551 0.126193
27252 0.126193
23892 0.125985
29465 0.125985
5870 0.125622
2016 0.125433
28400 0.125364
23827 0.125317
19348 0.125056
20618 0.125056
14548 0.124797
2826 0.124750
13226 0.124495
22507 0.124495
9872 0.124384
8280 0.124384
114 0.124384
1360 0.123939
20538 0.123389
21465 0.123262
23902 0.122843
29436 0.122843
10790 0.122759
5586 0.122759
18724 0.122571
23924 0.122571
20442 0.122481
14791 0.122409
24202 0.122351
23278 0.122351
174 0.122351
7402 0.121765
20453 0.121765
9910 0.121765
22380 0.121765
4358 0.121765
5653 0.121765
18759 0.121765
4584 0.121765
8938 0.121274
8105 0.121233
10951 0.121128
10026 0.121057
906 0.120787
21252 0.120706
14796 0.120706
21269 0.120706
26041 0.120497
224 0.120497
11957 0.120497
1732 0.120497
13720 0.120497
23194 0.120357
22348 0.120357
3504 0.120184
283 0.120184
15815 0.120042
6123 0.120042
2394 0.120042
8864 0.120042
12275 0.119872
4945 0.119478
5755 0.119408
16003 0.119254
5669 0.119254
26666 0.119152
5309 0.118982
24617 0.118920
4287 0.118920
29296 0.118920
6671 0.118306
14108 0.118138
5556 0.117637
28840 0.117637
9949 0.117637
18392 0.117637
25488 0.117438
1027 0.117141
29868 0.117141
18145 0.116977
6964 0.116649
15238 0.116323
29136 0.116323
11743 0.116323
1205 0.116205
16525 0.116205
1795 0.115677
6246 0.115677
440 0.115677
4410 0.115677
12205 0.115677
4904 0.115197
24783 0.115153
22419 0.115153
29350 0.115101
2383 0.115038
5138 0.114958
1208 0.114532
16818 0.114406
12254 0.114249
5839 0.113967
16586 0.113967
4892 0.113780
8595 0.113611
12089 0.113548
18234 0.113548
18642 0.113409
13167 0.113316
12106 0.113162
439 0.113162
5409 0.113162
22990 0.113162
26867 0.113106
22614 0.112855
11981 0.112855
14857 0.112855
12410 0.112855
26486 0.112855
21195 0.112550
8282 0.112308
14046 0.112308
4775 0.112110
20516 0.112110
16013 0.111945
7670 0.111618
15685 0.111618
22152 0.111496
6066 0.111347
6053 0.111347
9736 0.111347
17710 0.111347
5371 0.110696
19963 0.110647
22608 0.110168
27698 0.110168
13160 0.110168
444 0.110168
12371 0.109589
12310 0.109589
6051 0.109589
395 0.109129
14100 0.108447
304 0.108293
17083 0.108236
22741 0.107965
23156 0.107965
25009 0.107885
19682 0.107834
7960 0.107606
11086 0.107606
13363 0.107329
11249 0.107250
14047 0.107250
10454 0.107108
12604 0.106984
22690 0.106779
18287 0.106615
761 0.106615
18412 0.106544
3566 0.106481
26096 0.106234
10368 0.106126
1905 0.106126
8253 0.105848
23905 0.105848
14123 0.105695
20180 0.105695
4336 0.105597
23008 0.105161
14422 0.105161
22953 0.105161
1118 0.105161
28041 0.105161
518 0.105161
4319 0.105161
6609 0.105161
1594 0.104632
21409 0.104482
17398 0.104109
3903 0.104109
4632 0.103873
13905 0.103813
18676 0.103746
27195 0.103591
4122 0.103591
25170 0.103398
25282 0.103398
5386 0.103151
21688 0.103151
6442 0.103151
29678 0.103151
8199 0.103032
217 0.102824
4873 0.102617
14337 0.102498
23963 0.101854
23771 0.101854
26801 0.101796
25008 0.101694
43 0.101570
25137 0.101570
20213 0.101471
27765 0.101077
16898 0.101028
17643 0.100589
4388 0.099968
20927 0.099968
22689 0.099968
7837 0.099968
23259 0.099721
28951 0.099626
1901 0.099354
5292 0.098749
13229 0.098749
555 0.098749
19387 0.098682
10577 0.098682
19313 0.098448
21531 0.098448
17717 0.098448
21388 0.098150
615 0.098031
12387 0.097927
27993 0.097927
166 0.097927
21850 0.097559
21354 0.097559
13515 0.097298
23661 0.097207
20804 0.096975
9461 0.096975
7845 0.096975
23425 0.096397
15515 0.096397
29777 0.095997
23309 0.095898
6023 0.095898
12901 0.095827
27760 0.095513
548 0.095404
20183 0.095077
22321 0.094817
16563 0.094706
17666 0.094706
12433 0.094645
12710 0.094645
7079 0.094430
25866 0.094216
26940 0.094216
29225 0.094156
973 0.094156
14044 0.093951
25526 0.093792
27712 0.093611
27693 0.093476
800 0.093476
18503 0.093371
168 0.093371
9684 0.093371
9513 0.093288
27233 0.093073
24385 0.093073
5857 0.092955
19311 0.092913
9506 0.092541
26478 0.092541
12887 0.092132
18862 0.092081
4414 0.092081
18345 0.092016
10887 0.092016
19101 0.092016
15487 0.091929
8457 0.091929
14592 0.091726
18303 0.091625
1947 0.091496
26283 0.091496
16864 0.091324
15828 0.091174
8116 0.090727
16443 0.090727
2399 0.090727
11313 0.090727
19378 0.090727
25422 0.090530
8054 0.090474
28032 0.090474
29330 0.090138
9076 0.089971
7230 0.089971
10025 0.089846
7522 0.089556
9931 0.089556
10718 0.089474
21507 0.089474
14359 0.089412
16122 0.089364
18067 0.088982
20387 0.088982
14203 0.088982
28488 0.088982
7377 0.088982
20051 0.088982
29496 0.088982
22658 0.088604
2436 0.088604
16839 0.088556
707 0.088496
19852 0.088496
13250 0.088415
5671 0.088015
66 0.087856
13221 0.087856
15156 0.087856
7207 0.087856
13662 0.087717
12808 0.087717
20126 0.087487
29438 0.087487
5993 0.087303
9081 0.087121
10044 0.087069
28293 0.087069
28193 0.087069
2449 0.087069
1426 0.086758
20791 0.086487
25619 0.086487
8792 0.086219
27249 0.086219
24910 0.086142
19660 0.086085
48 0.086085
4923 0.086085
20153 0.085687
8398 0.085687
17359 0.085687
419 0.085161
1836 0.084987
7295 0.084987
29063 0.084987
20977 0.084900
7370 0.084642
14475 0.084642
19037 0.084513
23518 0.084348
14186 0.084299
10942 0.084129
15896 0.084129
11466 0.084129
17594 0.084129
15015 0.084129
25040 0.083622
4082 0.083478
18101 0.083478
5610 0.083371
2419 0.083287
23426 0.083050
189 0.083050
25852 0.083050
27485 0.082997
14617 0.082626
7753 0.082259
6192 0.082207
23491 0.082207
1479 0.081792
16626 0.081792
27684 0.081654
23089 0.081534
3141 0.081381
28256 0.081177
10994 0.080974
26690 0.080974
25233 0.080822
24594 0.080705
16663 0.080172
9380 0.080122
3158 0.079777
28002 0.079777
18743 0.079777
2480 0.079777
2306 0.079777
22353 0.079095
2892 0.078871
88 0.078759
20162 0.078759
723 0.078615
17380 0.078615
25615 0.078425
27720 0.078425
28550 0.078236
12688 0.078236
25093 0.078236
18922 0.078094
12208 0.077984
19565 0.077766
3275 0.077766
17754 0.077549
3340 0.077549
2258 0.077549
25701 0.077549
5873 0.077487
13621 0.077118
15697 0.077118
28375 0.077118
29083 0.077118
8226 0.077118
10814 0.076752
10872 0.076692
26769 0.076607
2907 0.076607
17979 0.076607
23866 0.076390
26437 0.076390
22133 0.076166
24296 0.076103
766 0.075854
24009 0.075854
7782 0.075854
2085 0.075854
3155 0.075676
25695 0.075676
24494 0.075544
4163 0.075544
22189 0.075441
4248 0.075237
99 0.075115
3310 0.075115
22470 0.075115
10043 0.075115
26579 0.075034
29652 0.074932
18638 0.074630
22256 0.074630
14455 0.074630
7647 0.074288
19576 0.074288
3760 0.074288
23947 0.074288
20494 0.074288
16932 0.074152
2330 0.074033
25223 0.073949
1075 0.073949
24658 0.073836
10753 0.073836
27702 0.073680
13079 0.073680
4625 0.073680
21087 0.073446
2197 0.073279
10767 0.073213
19886 0.073213
4299 0.073213
10057 0.073059
25628 0.072949
10688 0.072753
19179 0.072677
22220 0.072298
24237 0.072298
10206 0.071923
15191 0.071923
18825 0.071849
5342 0.071553
24709 0.071553
15511 0.071553
24021 0.071553
14501 0.071405
28751 0.071405
26759 0.071030
18032 0.070823
12815 0.070719
15436 0.070535
24565 0.070412
12907 0.069805
17235 0.069685
8154 0.069685
21221 0.069685
18625 0.069406
20057 0.069406
13276 0.069268
14521 0.068914
2848 0.068622
8804 0.068622
2257 0.068622
10632 0.068448
26449 0.068045
10658 0.068045
19740 0.067760
2568 0.067713
25696 0.067713
2747 0.067647
19832 0.067647
10922 0.067647
23679 0.067647
23400 0.067385
20154 0.067385
26869 0.067254
22820 0.067254
11659 0.067059
3749 0.066865
3287 0.066737
13759 0.066645
28537 0.066481
17160 0.066417
6924 0.066372
9667 0.066101
20779 0.066101
13725 0.066101
9289 0.066101
20820 0.066101
27102 0.066101
547 0.065832
4214 0.065788
12494 0.065725
1234 0.065566
26836 0.065566
5637 0.065354
28192 0.065354
12417 0.065354
15873 0.065170
15137 0.064987
16529 0.064987
28200 0.064987
10255 0.064779
21895 0.064779
676 0.064779
8499 0.064624
27885 0.064564
18404 0.064265
12749 0.064265
19545 0.064265
17365 0.063675
14623 0.063675
17107 0.063675
8564 0.063675
937 0.063675
21974 0.063675
11440 0.063385
879 0.063385
16422 0.063385
15876 0.063385
3343 0.063211
657 0.062868
627 0.062811
19547 0.062528
25415 0.062528
15707 0.062528
1761 0.062248
3785 0.061970
19779 0.061970
29952 0.061859
6113 0.061694
15688 0.061530
13627 0.061530
17201 0.061286
3113 0.061205
6814 0.061151
25192 0.060883
4953 0.060883
2503 0.060883
14499 0.060883
1631 0.060883
1501 0.060617
24605 0.060564
2684 0.060564
3061 0.060564
7217 0.060353
3352 0.060353
13726 0.060353
12407 0.060248
18013 0.059936
17356 0.059936
25484 0.059833
5562 0.059833
17738 0.059704
29161 0.059704
21664 0.059576
11308 0.059321
7252 0.059321
13987 0.059321
17584 0.059321
590 0.059321
26851 0.059321
25460 0.059321
22940 0.059321
13637 0.059019
26898 0.058819
24231 0.058819
24250 0.058324
28654 0.058202
1750 0.058129
25903 0.058080
27143 0.058080
28539 0.058080
5534 0.057838
25569 0.057551
15766 0.057551
26053 0.057479
12924 0.057360
29517 0.057266
29723 0.057266
12196 0.057124
20074 0.057124
14577 0.056774
11165 0.056774
15792 0.056774
16887 0.056428
5110 0.056428
13388 0.056154
3171 0.056154
29397 0.056086
13361 0.056086
11846 0.056086
12573 0.055748
10625 0.055748
14205 0.055614
19380 0.055614
4357 0.055525
22601 0.055348
5972 0.055084
25357 0.054823
27776 0.054823
22604 0.054308
18912 0.053803
376 0.053803
29878 0.053554
21523 0.053554
12188 0.053554
14215 0.053492
14551 0.052820
27486 0.052580
28135 0.052580
9678 0.052342
29214 0.052342
14426 0.051990
15120 0.051412
19016 0.051412
16171 0.051184
13603 0.051184
14932 0.051184
13400 0.051128
29797 0.051128
25110 0.051128
299 0.050847
3181 0.050735
7656 0.050569
24091 0.050514
28440 0.050294
368 0.050294
28208 0.050022
28816 0.049753
21708 0.049753
11169 0.049435
21324 0.049435
6583 0.049224
9959 0.049016
19390 0.049016
12846 0.048964
3635 0.048964
24682 0.048809
29398 0.048706
14997 0.048706
25487 0.048604
19312 0.048604
16311 0.048451
20693 0.048400
4301 0.048400
11986 0.048199
25617 0.048199
301 0.048199
3876 0.047999
5377 0.047949
12373 0.047800
21517 0.047800
17978 0.047702
16420 0.047702
3788 0.047702
29148 0.047409
19199 0.047215
15779 0.047215
25855 0.047215
5421 0.047023
10877 0.046975
10444 0.046738
9636 0.046644
15983 0.046503
21696 0.046457
29154 0.046457
27011 0.045813
10869 0.045662
17567 0.045363
1987 0.045363
27666 0.045363
29852 0.045363
26404 0.045363
4489 0.045069
7685 0.045069
27749 0.045069
17607 0.045069
20483 0.044706
27562 0.044278
15219 0.044208
17119 0.044208
25993 0.044208
29969 0.044208
22900 0.043928
13129 0.043652
4178 0.043652
25602 0.043379
20121 0.043244
10124 0.043244
24233 0.043109
5601 0.042843
17557 0.042843
21145 0.042843
3663 0.042843
6359 0.042580
5849 0.042450
5541 0.042321
19924 0.042321
22154 0.042256
25126 0.042256
25235 0.042256
22476 0.042064
23162 0.042064
18279 0.041811
23230 0.041811
22481 0.041561
20961 0.041561
3850 0.041498
29020 0.041498
3869 0.041313
20946 0.040827
15988 0.040827
7528 0.040827
16491 0.040827
11044 0.040588
19503 0.040588
4107 0.040588
20610 0.040352
5128 0.040235
16402 0.040119
24896 0.039717
7663 0.039548
14572 0.039548
7132 0.039435
11667 0.039435
18299 0.039212
16201 0.039212
17775 0.039047
6890 0.039047
13423 0.038883
20747 0.038559
20916 0.038399
6104 0.038399
21133 0.038083
12486 0.037927
13132 0.037721
5261 0.037721
5388 0.037618
10243 0.037618
22191 0.037618
11063 0.037618
13183 0.037517
14961 0.037517
13868 0.037517
15391 0.037315
8709 0.037315
17092 0.037116
10064 0.037116
24469 0.036918
8301 0.036918
23088 0.036918
13324 0.036918
25924 0.036149
6736 0.036149
13431 0.036149
18073 0.035962
24641 0.035776
27946 0.035411
12221 0.035054
8002 0.035054
21823 0.035054
27180 0.034703
19255 0.034530
20096 0.034530
4960 0.034359
10369 0.034359
7315 0.034190
6232 0.034190
13179 0.033857
7533 0.033692
24026 0.033692
8062 0.033530
11780 0.033530
8825 0.033368
18218 0.033368
6991 0.033209
3026 0.033209
18596 0.033209
13479 0.033051
11675 0.033051
20743 0.032894
7485 0.032739
1355 0.032585
12676 0.032585
10213 0.031984
23231 0.031692
22294 0.031548
22328 0.030985
17758 0.030847
14402 0.030711
16426 0.030575
19636 0.030441
10118 0.030441
12128 0.030441
11790 0.030441
28391 0.030308
18254 0.030242
6319 0.030242
4570 0.030242
1673 0.030177
27657 0.030046
14673 0.029852
20090 0.029661
16755 0.029409
7439 0.029285
21254 0.029285
170 0.029285
5887 0.029162
28478 0.029101
25773 0.029101
16520 0.028919
11323 0.028919
8813 0.028919
12528 0.028799
17166 0.028799
15555 0.028799
20650 0.028680
4258 0.028680
15625 0.028680
26266 0.028329
24123 0.027986
10222 0.027874
17039 0.027874
26103 0.027874
26465 0.027874
26892 0.027762
18589 0.027542
17145 0.027542
1689 0.027542
15311 0.027218
29589 0.027059
5101 0.026746
24277 0.026746
17730 0.026592
20502 0.026290
20385 0.026290
21151 0.026142
7039 0.026142
5435 0.025706
20951 0.025423
9387 0.025423
15730 0.025285
17606 0.025147
14300 0.025147
9647 0.025147
29679 0.025011
29481 0.025011
4424 0.024877
22895 0.024612
4826 0.024612
11620 0.024482
16356 0.024226
15481 0.024099
28682 0.024099
21421 0.023608
16041 0.023369
13959 0.023252
13030 0.023135
23844 0.023135
8786 0.022793
14678 0.022793
15761 0.022571
19402 0.022462
1676 0.022462
22292 0.022034
11526 0.021929
17547 0.021622
2021 0.021622
17062 0.021521
26533 0.021521
16409 0.021521
13914 0.021323
13666 0.020937
6541 0.020657
7009 0.020657
4091 0.020657
28888 0.020657
23475 0.020474
8695 0.020384
18575 0.020294
29891 0.020206
3596 0.020031
17809 0.019944
1978 0.019859
17515 0.019859
3341 0.019524
19417 0.019199
9421 0.019041
24497 0.018963
18577 0.018583
4351 0.018508
28579 0.018508
27114 0.018508
1936 0.015424
23729 0.015424
17626 0.015321
20383 0.015321
23289 0.015221
10518 0.014736
18189 0.014643
5538 0.014643
3303 0.014643
29019 0.014643
17267 0.014551
3634 0.014551
18252 0.014551
24342 0.014551
15670 0.014460
29809 0.014460
16109 0.014460
18528 0.014281
16952 0.014193
14978 0.014193
3832 0.014021
18209 0.014021
2433 0.014021
2194 0.013937
10874 0.013854
20756 0.013854
17077 0.013771
21514 0.013771
6282 0.013690
197 0.013609
14696 0.013609
19042 0.013451
13180 0.013451
15109 0.013451
21209 0.013373
2344 0.013373
17745 0.013071
18868 0.012997
14634 0.012925
22697 0.012925
12332 0.012853
24690 0.012853
27529 0.012712
8466 0.012712
22870 0.012642
18890 0.012642
29437 0.012506
29746 0.012506
16456 0.012372
185 0.012372
7944 0.012306
8299 0.012306
11786 0.012050
25473 0.012050
14153 0.011925
4639 0.011864
22190 0.011685
29508 0.011568
12938 0.011510
22351 0.011510
11459 0.011397
16720 0.011286
28846 0.011231
22469 0.011177
26519 0.011177
10081 0.011070
18812 0.011017
25102 0.011017
3064 0.010862
10391 0.010811
6447 0.010711
4598 0.010661
27856 0.010613
10571 0.010564
22767 0.010516
13342 0.010468
9583 0.010421
17046 0.010282
9511 0.010237
4690 0.010147
3586 0.010147
27324 0.010015
23140 0.010015
16050 0.009929
18388 0.009929
22340 0.009887
18989 0.009887
29676 0.009887
16694 0.009887
7707 0.009887
15409 0.009803
11293 0.009803
4895 0.009762
26850 0.009721
8741 0.009680
5423 0.009640
9346 0.009640
17556 0.009600
5614 0.009560
26343 0.009560
17335 0.009482
17360 0.009405
27375 0.009367
5550 0.009329
