5964
1 0.976729
9 1.143524
16 1.049738
20 0.449274
21 1.030476
35 0.371248
42 0.403375
53 0.359345
55 0.211874
60 0.117263
65 1.100891
67 0.422810
68 0.322540
69 0.104161
72 0.533513
90 0.242772
91 0.526267
101 0.592050
102 0.498454
107 0.568669
110 0.069226
115 0.257763
118 0.010222
131 0.158251
137 0.388435
140 0.043767
142 0.384303
144 1.039811
154 0.156117
156 0.509339
170 0.162258
175 0.466122
176 0.569931
181 0.143108
192 0.530319
196 0.050013
202 0.230753
203 0.605353
204 0.521960
206 1.111356
215 0.282906
220 1.107759
224 1.141028
239 0.172638
244 0.405776
248 0.324662
249 0.597592
252 1.036968
254 0.094740
261 0.361080
262 0.555379
271 0.246009
276 0.128184
277 0.140398
289 0.427279
291 0.069779
301 0.572942
302 0.433602
304 0.505792
309 0.521461
314 0.582653
317 0.167219
323 0.487136
325 1.214371
336 0.275346
340 0.009671
344 1.102654
345 0.261189
352 0.076728
363 0.214959
366 0.477491
372 0.575459
374 0.388435
376 1.073165
377 0.361646
379 1.011976
380 0.179278
381 0.503527
384 0.495590
389 0.377937
390 0.366064
396 1.179516
397 0.322318
398 1.128889
400 0.218069
403 1.096758
407 0.052373
418 0.182079
419 0.200175
424 0.156117
426 0.393352
440 0.536040
441 0.091998
452 0.138257
453 0.196676
455 0.490026
456 0.010840
460 1.180439
464 0.248231
466 0.127356
467 0.310748
472 0.128927
476 0.451997
478 0.194218
479 0.222467
489 1.252431
491 0.435389
494 1.121331
497 0.172213
499 0.301146
503 0.558925
504 0.589672
506 0.961660
515 0.103124
546 0.134458
550 0.342737
555 0.284221
557 1.190749
561 0.102319
567 0.351970
569 0.450232
573 0.356840
579 0.140861
592 1.061358
593 0.561593
600 0.250603
601 0.902492
602 0.591349
603 1.183802
605 0.438703
606 0.369760
607 1.042333
611 0.436050
614 0.171229
622 1.178398
625 0.223901
626 0.349029
639 0.171729
652 0.024277
659 0.407857
660 0.185279
661 1.101920
664 0.067554
666 0.027581
674 1.088351
676 1.202595
690 1.124177
700 0.181901
701 0.274189
703 0.029133
720 1.188894
724 0.182518
736 0.566317
738 1.027371
739 0.446700
741 0.318277
746 0.513524
751 0.570762
753 0.428071
764 0.087126
765 0.218495
769 0.434899
770 0.268123
771 0.448194
772 0.466122
773 0.471081
776 0.353123
778 0.596525
782 0.336146
789 0.567713
790 0.338752
796 0.171229
800 1.059368
804 0.024794
806 0.452804
810 1.108837
811 0.274189
816 0.551624
823 0.134224
824 0.010740
833 0.056386
844 0.484684
850 0.352799
854 0.319627
855 0.582653
861 0.486773
864 0.327277
867 0.530861
870 0.044534
871 0.431163
882 0.502287
890 0.579570
893 1.012392
898 0.393480
899 0.366064
902 1.157689
917 1.000220
918 0.478720
934 0.213817
935 0.047563
944 0.438432
947 0.305654
949 0.443245
950 0.034785
953 0.302116
960 0.309983
963 1.077468
965 0.475029
968 1.207938
970 0.326044
977 0.137095
985 0.424918
987 0.554907
992 0.617752
1010 0.331192
1017 0.258957
1022 0.372898
1025 1.017734
1027 0.393352
1031 0.195030
1032 0.597592
1036 0.022410
1040 0.270652
1057 0.209023
1063 0.582653
1071 0.409778
1080 0.550283
1081 0.115250
1093 1.060237
1104 0.095966
1106 0.081571
1107 0.371116
1118 0.196740
1128 0.341065
1133 0.302531
1141 0.169499
1147 0.183306
1151 0.287899
1152 0.292991
1157 0.411284
1165 0.950058
1172 0.050229
1175 0.169499
1178 0.621496
1181 0.249708
1182 1.218274
1188 0.388435
1197 0.429826
1198 0.466122
1207 0.329182
1209 0.240377
1210 0.412042
1213 0.277741
1217 0.463227
1218 0.493251
1228 0.460120
1230 0.247937
1232 0.477220
1233 1.149195
1238 0.504787
1244 0.095966
1249 0.621496
1250 0.011952
1251 1.207570
1252 0.341823
1258 0.428947
1262 0.056159
1264 0.210597
1277 1.015633
1278 0.568207
1281 1.286691
1292 0.352302
1294 0.553681
1303 0.400574
1306 0.324662
1307 1.008437
1309 0.448674
1311 0.251958
1313 0.271288
1314 0.021987
1318 1.086871
1322 0.131921
1323 0.177008
1325 1.236360
1329 0.260660
1335 0.056500
1337 0.605959
1342 0.153908
1343 0.576996
1345 1.032726
1347 1.000791
1349 0.302116
1354 1.116343
1355 0.339197
1361 0.120757
1367 0.585050
1373 0.393480
1404 1.134906
1409 0.013791
1412 0.997422
1418 0.543809
1419 0.121071
1430 1.088975
1433 0.058265
1443 0.329803
1447 0.348894
1458 0.154516
1464 0.250828
1466 0.339559
1471 0.137673
1472 0.570762
1473 1.207570
1476 0.370097
1477 0.051110
1482 0.235302
1483 0.543332
1484 1.152639
1496 1.009931
1507 0.965342
1508 0.523853
1509 0.338524
1515 0.080366
1517 0.023542
1523 0.033615
1527 0.451086
1537 0.158905
1538 0.596460
1542 0.217363
1546 0.075181
1549 1.118154
1552 0.443245
1555 1.007298
1558 0.207895
1561 0.113688
1562 1.213860
1565 0.035492
1567 0.552773
1579 1.022198
1581 1.101277
1582 0.262194
1593 1.041006
1600 0.598232
1601 0.337325
1602 0.509526
1613 1.106451
1619 0.377153
1622 0.621496
1623 0.366239
1634 0.053949
1642 0.248900
1645 0.932244
1646 0.171175
1657 1.096758
1659 0.486487
1662 0.229994
1677 0.307027
1685 0.033454
1687 0.132547
1690 0.508497
1692 0.149251
1693 0.411284
1699 0.543809
1704 0.129478
1712 0.036227
1728 0.307217
1732 0.485544
1736 0.475173
1741 0.397385
1742 0.420274
1744 0.288836
1748 0.493676
1752 0.076413
1753 0.295281
1754 1.043136
1769 0.155374
1776 0.263133
1787 0.059003
1791 0.230862
1792 0.608548
1799 0.268503
1809 0.024926
1821 0.075998
1824 0.193211
1834 0.524640
1839 1.019642
1845 0.262320
1846 0.434521
1847 0.199467
1861 0.571659
1869 0.024277
1875 0.533513
1877 0.585175
1882 0.114246
1884 1.128660
1886 0.315318
1888 0.486714
1891 0.561465
1893 1.010380
1897 0.156068
1905 0.555925
1911 0.344525
1912 0.183996
1914 0.565414
1920 0.094357
1922 0.116531
1929 0.424605
1937 1.055568
1941 0.196033
1943 0.321053
1947 1.092885
1953 0.102220
1958 0.051110
1965 0.488676
1971 0.012397
1979 0.519563
1997 0.461618
2007 1.142751
2016 0.210597
2025 1.034752
2031 0.012331
2032 0.415224
2038 0.995707
2042 0.609879
2045 1.099344
2048 1.133466
2055 0.225116
2058 1.153292
2060 0.468525
2067 0.309459
2070 0.320084
2085 0.292918
2088 0.319627
2089 0.221343
2101 0.491318
2103 0.218495
2106 0.367482
2111 0.379402
2112 0.019103
2113 1.098334
2115 0.213724
2116 0.548379
2117 0.511358
2123 0.222521
2127 0.399533
2134 1.257607
2137 0.561073
2143 0.593246
2152 0.372898
2158 0.395250
2166 0.303393
2167 0.579361
2169 1.071545
2173 0.222670
2174 0.070199
2175 0.582653
2187 0.563612
2189 1.123474
2190 0.545704
2199 0.337325
2201 0.592698
2202 1.141278
2203 0.393480
2236 0.545462
2237 0.255409
2244 0.301941
2246 0.009917
2265 0.592363
2268 0.440926
2271 0.184744
2275 0.113688
2287 0.178420
2291 0.471671
2297 0.561073
2298 1.117038
2301 0.558230
2302 0.048303
2310 1.029101
2318 0.122664
2329 0.420274
2342 0.370428
2348 0.555426
2350 0.314240
2351 1.002283
2356 1.034442
2364 0.379991
2380 1.127715
2381 0.334537
2384 0.412497
2391 0.354658
2402 0.201119
2412 0.558801
2414 0.089639
2415 0.489140
2422 0.555925
2425 0.011481
2427 1.197856
2430 0.447601
2440 0.401829
2444 1.146044
2455 0.348390
2456 0.566905
2462 0.112319
2465 0.029880
2478 1.240974
2484 0.029133
2488 1.181873
2490 0.336956
2500 0.514676
2506 0.564029
2511 0.549576
2513 0.380257
2523 0.194218
2531 0.104982
2537 0.472022
2538 0.181745
2543 0.071554
2555 0.256367
2557 0.120549
2559 0.095343
2560 0.229617
2561 0.135501
2566 0.198632
2571 0.020809
2581 1.081525
2582 1.132755
2585 0.165776
2586 0.032520
2600 0.018720
2609 0.167469
2612 0.213258
2619 0.312643
2627 0.535260
2635 0.525342
2643 0.023423
2644 1.096132
2646 0.032073
2651 1.207570
2652 0.343085
2658 0.289817
2677 0.554460
2690 1.053733
2694 0.452867
2704 0.223483
2715 0.152327
2717 1.068196
2732 0.127839
2745 0.589507
2754 0.332944
2757 0.599300
2764 0.290117
2767 0.971088
2772 0.025333
2774 1.103973
2776 0.511358
2780 0.161159
2781 0.414648
2786 0.353123
2806 0.544969
2810 0.275346
2812 1.101385
2819 0.272852
2823 0.561737
2832 0.251204
2835 0.390349
2840 0.166472
2847 1.182526
2849 0.268447
2854 0.115481
2879 0.356272
2883 0.526267
2886 0.489535
2890 1.054575
2893 0.139837
2901 0.962947
2904 0.085921
2906 0.278084
2908 0.384664
2919 0.225543
2921 0.274893
2925 0.209336
2929 0.451086
2935 1.020846
2937 0.247698
2941 0.213166
2946 1.125122
2948 0.039953
2952 0.132421
2958 0.552773
2966 0.211874
2967 0.332944
2968 1.033738
2987 0.010312
2992 0.474754
2996 0.132756
2997 1.095850
2999 0.977353
3000 0.208267
3004 0.076833
3006 0.021580
3007 0.968100
3008 1.136026
3013 0.289817
3017 0.015333
3022 0.257763
3025 0.293951
3028 0.066318
3030 0.286029
3038 0.288748
3045 0.470123
3048 0.324873
3059 1.068196
3060 0.191403
3065 0.093224
3070 0.565346
3076 0.481089
3084 0.054200
3086 1.196242
3088 0.339881
3111 1.091552
3112 0.133815
3114 0.397909
3115 0.187024
3121 1.209004
3125 0.495255
3129 0.279673
3131 0.162892
3133 0.478720
3140 1.172634
3147 1.141764
3170 0.527162
3171 0.214959
3179 1.172120
3188 0.185142
3190 0.932244
3193 0.206249
3203 0.417208
3206 0.554907
3221 0.137095
3224 0.167326
3231 0.257855
3241 0.538954
3244 0.336146
3254 1.014157
3255 1.007556
3261 0.527685
3264 0.531741
3272 0.538954
3282 0.320459
3292 0.512734
3301 0.503200
3304 0.115092
3305 0.247698
3310 0.575086
3316 0.424851
3321 1.207938
3329 0.927363
3335 0.048554
3339 0.189238
3341 0.373684
3350 0.208090
3354 0.030801
3355 0.384431
3360 0.105937
3373 0.551327
3377 1.192094
3380 0.198149
3381 0.115807
3382 1.029353
3383 1.099095
3394 0.536954
3400 0.496461
3403 0.010222
3408 0.267049
3413 1.084939
3415 0.200915
3424 0.250486
3425 0.083663
3432 0.315760
3446 0.310748
3450 1.065422
3454 0.194218
3460 1.045117
3461 0.321463
3462 0.577991
3479 0.120031
3481 0.449969
3488 0.010177
3492 0.084970
3495 0.565346
3501 0.189701
3503 0.336956
3510 0.307442
3514 0.455989
3517 1.210125
3518 0.023190
3522 0.296155
3528 0.260565
3540 0.381620
3542 1.032884
3543 0.174484
3544 0.483306
3547 1.204585
3549 0.508271
3555 0.463744
3558 0.179278
3564 0.013472
3566 1.092169
3567 0.283453
3578 0.408614
3587 0.215548
3591 0.116531
3598 0.281281
3601 0.010089
3608 1.149628
3609 0.341427
3619 0.433378
3651 0.392524
3653 0.442012
3654 0.293951
3660 1.202896
3669 1.115868
3670 0.390021
3694 0.527928
3700 0.519044
3703 0.180006
3707 0.521461
3708 0.024926
3721 1.146610
3736 0.356840
3740 0.520542
3742 0.030666
3748 0.562949
3749 0.471511
3756 0.360185
3767 0.339197
3769 0.439962
3776 0.060535
3784 0.995806
3789 0.277963
3798 0.027419
3799 1.211917
3836 1.025975
3844 0.534729
3847 0.455407
3850 1.097373
3858 0.517913
3860 0.449274
3867 0.253829
3869 0.388435
3870 1.137427
3874 1.113283
3875 0.533513
3880 1.119306
3903 0.233061
3913 0.459234
3916 0.437626
3919 1.015174
3920 0.202199
3921 1.034112
3922 0.110981
3926 0.466122
3927 0.148762
3933 0.150362
3934 0.585703
3967 0.211874
3981 0.104161
3985 0.445279
3992 0.485544
4005 0.421921
4011 0.185279
4021 1.024444
4028 0.027100
4031 0.225999
4044 0.283932
4052 0.339559
4056 0.214803
4060 0.589787
4068 0.324662
4077 0.524387
4078 0.510252
4082 0.564632
4083 0.118006
4088 0.041618
4093 0.426517
4099 0.013629
4111 1.054802
4126 1.086871
4129 0.530545
4135 0.011952
4138 0.011151
4139 1.095942
4140 0.284221
4142 0.463134
4145 0.300724
4148 0.226177
4155 0.473045
4156 0.009360
4159 0.593442
4160 1.111219
4166 0.523733
4167 1.099522
4168 0.439487
4182 0.130034
4196 0.162129
4202 0.555836
4207 0.098650
4216 0.352529
4217 0.448615
4219 0.226177
4222 0.074836
4225 0.146316
4228 0.543809
4232 0.449017
4242 0.478893
4245 0.121951
4246 0.214803
4255 0.194218
4256 0.416583
4257 0.332944
4272 0.205642
4277 0.404098
4283 1.071139
4286 1.151265
4288 0.947491
4301 0.312048
4305 0.424918
4311 0.570762
4313 0.436989
4314 0.276693
4323 1.129265
4326 0.260113
4334 0.517913
4335 0.426331
4339 0.075485
4343 0.466122
4345 0.450359
4363 0.135326
4367 1.123186
4376 0.009711
4384 1.159984
4386 1.063341
4388 0.402822
4389 0.144276
4391 0.580108
4394 0.214036
4402 0.403375
4408 0.106475
4414 0.231902
4422 0.405324
4432 0.405324
4441 0.014040
4443 0.231841
4450 0.430776
4453 1.182358
4473 0.279673
4489 0.438881
4493 1.263436
4496 1.004942
4514 0.150736
4519 1.032669
4523 0.228305
4527 0.086319
4529 0.233061
4530 0.161159
4534 0.149051
4536 0.424918
4545 0.350623
4560 1.020594
4567 0.553808
4575 0.405893
4577 0.275993
4593 1.018109
4595 1.189890
4596 1.046396
4606 0.572059
4614 0.596203
4621 1.075666
4627 0.195381
4631 0.033454
4635 0.109819
4637 0.188968
4640 0.050942
4643 0.883583
4658 0.334715
4664 1.050685
4669 0.301372
4672 0.402185
4673 0.082395
4680 0.109034
4688 0.310035
4695 0.532300
4699 0.570149
4703 0.163361
4704 0.228305
4706 0.129478
4721 0.452058
4732 1.140511
4735 0.399225
4740 0.163721
4741 0.012076
4745 0.212795
4747 0.058558
4748 0.181018
4749 0.163291
4750 1.109814
4754 0.982512
4761 1.048775
4766 0.013791
4776 0.272586
4784 1.028532
4789 0.200175
4797 0.018948
4805 0.045402
4813 0.459851
4815 0.193412
4817 0.409096
4821 0.137997
4832 0.445406
4839 0.154729
4845 1.140772
4850 0.204889
4860 0.593246
4861 0.022302
4864 0.551080
4869 0.607371
4870 0.404398
4874 0.535664
4887 0.375268
4892 0.216505
4894 1.037324
4900 0.345750
4902 1.095106
4907 0.167269
4918 0.604639
4920 1.218938
4924 0.028596
4928 0.986027
4930 1.147913
4933 0.360094
4940 0.037999
4943 0.240123
4951 0.559867
4952 0.497386
4954 0.379402
4957 0.250762
4959 0.318327
4974 0.565813
4979 0.472022
4981 0.156984
4983 0.595319
4986 0.145663
4988 0.244570
4989 1.020846
4991 0.559346
4994 1.211917
4999 0.367991
5000 1.042641
5008 0.289422
5013 0.495255
5016 0.537095
5023 0.463964
5039 0.531543
5043 0.401383
5045 0.173710
5059 0.171229
5061 0.244338
5062 0.011425
5064 0.585703
5065 0.492018
5067 0.207165
5068 0.063274
5077 0.545909
5080 0.219869
5085 0.306958
5090 0.241514
5091 0.066211
5096 0.340426
5102 0.414648
5104 0.258957
5106 0.243901
5112 0.069918
5121 1.194078
5136 1.278077
5140 0.332944
5145 0.396298
5155 0.466122
5157 0.102605
5161 1.046681
5162 0.403375
5165 0.296155
5169 0.369206
5171 0.506143
5182 0.199197
5185 1.208465
5186 1.165305
5187 0.447152
5188 0.081776
5191 0.054967
5199 0.014658
5204 0.181745
5207 1.103156
5210 0.559952
5212 0.077045
5213 0.183996
5214 0.399812
5217 0.434521
5218 0.357668
5226 0.523853
5228 0.346702
5233 0.369206
5243 0.525627
5247 0.038051
5252 0.202662
5254 0.977353
5258 0.013629
5263 0.337325
5275 0.556168
5302 0.238358
5303 0.530245
5307 0.195381
5322 0.060274
5323 0.391873
5324 0.224097
5326 0.942433
5342 1.033157
5344 0.317313
5346 0.208528
5347 0.413310
5348 0.237011
5350 0.338636
5356 0.142690
5363 0.021680
5368 0.089210
5372 0.367991
5375 0.364158
5377 0.265665
5389 1.159621
5408 0.487190
5410 0.224883
5411 1.299191
5413 0.458481
5414 0.394601
5418 0.209493
5419 0.224097
5421 0.265273
5423 0.369013
5424 0.533374
5442 0.543055
5444 0.156768
5446 0.311579
5447 0.527928
5450 0.476146
5451 0.287021
5452 0.230500
5481 0.088504
5482 0.156321
5491 0.375041
5495 0.564996
5498 0.018795
5504 0.418315
5508 0.122021
5513 0.466122
5515 1.186114
5518 0.943801
5520 0.207385
5525 0.341065
5526 1.145098
5531 0.069422
5533 1.143923
5536 0.380819
5540 0.370284
5542 0.345750
5543 0.021884
5555 0.375487
5565 0.349592
5568 0.409778
5576 0.061011
5577 0.274836
5578 1.150678
5583 1.036884
5584 0.341555
5585 0.103792
5589 0.491256
5605 0.452546
5607 0.576250
5608 0.542343
5609 1.091408
5610 0.556407
5619 0.569705
5620 1.040216
5621 1.054634
5625 0.175133
5631 0.175069
5633 0.594077
5637 0.316015
5648 0.569986
5655 1.231722
5659 0.363575
5668 0.262941
5669 1.201346
5672 1.071212
5673 0.177008
5697 1.080283
5700 0.161428
5706 1.186493
5711 0.330974
5726 0.160042
5727 0.527287
5736 0.348252
5738 0.336505
5741 1.193385
5746 0.421921
5748 0.240720
5750 0.566905
5756 0.502681
5757 0.277690
5761 0.120549
5766 0.938871
5768 0.176877
5771 0.523400
5775 0.986942
5785 0.047563
5792 1.086212
5806 1.067380
5817 0.616360
5820 0.466122
5825 0.235415
5830 0.173774
5834 0.405893
5836 0.442521
5841 0.402475
5846 0.420647
5855 0.509482
5856 1.060372
5858 0.128927
5862 0.321463
5870 0.558925
5873 0.167269
5881 0.524387
5885 0.210747
5888 0.553226
5889 0.460855
5892 0.346882
5899 0.572607
5911 0.317256
5919 0.069422
5921 0.605353
5922 0.365035
5928 1.120486
5937 0.310748
5940 0.282498
5948 0.151996
5949 1.029805
5953 0.501806
5958 1.297453
5959 0.087126
5961 0.117182
5965 0.215133
5967 0.260113
5970 0.530733
5977 0.523198
5981 0.288323
5983 0.274189
5989 0.372022
5996 1.122146
6001 0.237817
6007 0.122664
6012 0.328800
6014 0.416944
6017 0.188121
6029 0.093641
6030 0.487575
6038 0.182982
6041 0.207385
6042 0.449128
6045 0.238481
6049 0.390848
6051 1.103973
6055 0.049065
6061 0.362539
6063 1.219088
6068 1.078986
6070 0.019668
6071 0.206510
6083 0.468032
6095 0.621496
6099 0.025471
6100 0.011538
6101 1.085688
6112 0.060379
6124 0.559346
6127 0.395019
6130 0.498526
6133 1.121606
6137 0.219216
6138 0.492382
6142 0.554907
6145 0.058265
6149 0.412712
6156 0.951270
6157 0.400105
6161 1.066550
6169 0.559346
6175 0.420647
6176 0.169262
6182 0.261726
6184 0.921404
6187 0.444567
6189 0.210507
6190 1.057974
6191 0.354658
6194 1.088472
6196 0.118757
6197 0.495875
6198 0.538869
6200 0.524387
6205 0.568207
6206 0.606434
6208 0.434521
6209 0.191403
6214 0.032073
6215 0.461618
6216 0.126770
6219 0.386358
6224 0.493251
6237 0.250762
6242 0.108042
6259 1.314356
6262 1.190099
6264 0.167175
6265 0.234079
6271 0.365035
6284 1.054908
6297 0.545172
6298 0.267630
6304 0.413990
6313 1.056675
6314 0.396298
6319 0.609310
6323 0.189701
6325 1.087618
6332 0.370097
6336 0.261599
6337 0.085965
6341 0.095615
6343 0.489140
6344 0.494089
6353 1.295819
6362 0.402308
6368 0.386823
6379 0.420647
6385 0.317811
6386 1.056398
6387 0.291326
6402 0.124299
6403 0.235199
6423 1.075666
6425 1.093960
6428 1.153414
6430 0.186947
6436 0.554460
6439 0.021187
6448 0.256367
6467 0.134274
6469 0.324125
6470 0.574884
6477 0.530545
6478 0.336505
6479 0.978417
6496 1.082524
6498 0.329696
6500 0.427770
6506 0.968748
6510 1.084541
6512 1.149972
6519 0.401829
6523 0.176561
6525 0.175311
6537 0.572942
6539 0.139330
6545 0.570953
6547 0.383256
6548 0.255799
6551 0.265159
6559 0.183996
6560 0.319685
6563 0.386540
6566 0.542002
6571 0.123253
6574 0.386739
6579 0.991532
6584 0.585219
6586 0.134224
6594 0.594077
6599 0.421493
6607 1.211507
6608 0.452804
6610 0.186449
6617 0.374347
6618 0.383324
6619 1.141028
6625 1.072493
6636 0.075998
6646 0.481746
6655 0.304406
6665 1.020594
6668 0.090635
6684 0.313067
6689 0.490655
6690 0.137673
6695 0.204889
6697 0.260214
6698 0.135644
6700 0.445745
6704 0.439277
6705 0.024533
6706 0.486063
6721 1.080556
6729 1.159204
6738 0.260565
6739 0.116531
6741 0.258957
6742 1.165305
6743 1.154414
6746 0.186449
6751 1.248940
6753 1.165305
6755 0.406757
6770 0.567713
6775 0.110981
6776 0.180006
6803 0.567184
6819 0.039170
6822 1.068196
6823 0.418315
6839 1.012285
6842 0.087535
6844 0.496687
6849 0.045109
6852 0.591349
6854 0.592101
6857 0.449559
6858 0.319424
6872 0.523198
6873 0.265665
6875 0.562561
6877 0.028596
6879 1.082524
6884 0.163361
6914 0.347852
6922 0.088785
6927 0.012076
6939 1.171406
6940 0.608434
6950 0.116531
6961 0.072832
6964 1.155513
6970 0.562949
6972 0.418986
6975 0.295143
6983 0.061332
6988 0.541709
6994 0.097690
7000 1.074593
7001 0.547693
7002 0.229020
7011 0.224637
7012 0.156984
7014 0.450454
7018 0.390848
7021 0.144966
7026 1.016255
7029 0.523198
7032 0.060799
7034 0.109247
7037 1.314703
7041 0.384431
7045 0.543407
7056 0.390349
7057 1.085626
7058 1.135729
7059 1.172727
7066 0.544274
7072 0.549038
7076 0.155374
7081 1.095260
7083 0.176151
7088 0.386422
7091 0.500131
7108 0.090412
7115 1.141905
7125 0.266638
7132 0.198632
7135 0.066050
7136 0.231902
7138 1.067570
7143 0.019103
7144 1.038642
7145 0.031637
7158 0.110397
7163 0.104356
7191 0.199767
7195 1.036968
7199 0.209965
7203 0.527022
7204 0.173926
7215 0.175895
7219 1.127098
7227 0.216083
7229 0.095517
7230 1.074670
7243 0.257526
7246 0.449559
7255 0.115250
7261 0.435389
7262 0.361482
7265 0.502921
7278 1.108182
7279 0.377209
7281 0.511597
7282 0.579634
7288 1.007054
7292 0.307593
7293 0.312484
7296 0.214309
7304 0.103010
7311 0.087242
7319 0.969369
7320 1.048158
7321 0.420647
7325 1.187292
7333 0.439377
7344 0.013550
7347 0.195234
7354 0.203082
7358 0.474372
7366 0.170532
7369 0.262456
7373 1.068196
7385 0.528452
7391 0.417057
7393 1.035827
7401 0.604699
7408 0.367991
7409 0.367991
7410 0.497903
7416 0.329581
7424 0.571448
7426 1.150365
7427 1.042980
7431 0.069226
7432 0.410574
7441 0.257526
7442 1.050856
7446 0.530733
7452 0.159358
7455 0.084970
7461 1.052987
7469 0.271527
7489 0.472215
7496 1.186753
7510 0.351601
7516 0.077365
7521 0.202145
7525 1.188457
7532 0.502123
7533 1.153992
7541 0.473859
7542 0.547092
7553 0.048054
7559 0.508497
7585 0.279673
7592 1.315037
7603 0.028655
7613 1.289755
7615 0.402956
7616 0.032672
7627 0.586317
7633 0.030008
7636 0.988297
7639 0.588786
7641 1.165305
7643 0.433602
7652 1.031582
7670 0.582653
7694 0.274189
7695 1.112117
7697 0.398657
7698 0.458877
7700 0.338752
7706 0.334349
7709 0.230753
7717 0.504718
7722 0.249708
7723 0.477220
7726 1.025469
7735 0.284735
7743 0.052023
7746 1.134906
7749 0.510515
7774 0.609544
7777 0.544535
7779 0.572431
7785 0.453174
7798 1.046681
7804 0.428498
7807 0.142426
7812 0.537095
7814 1.158646
7815 0.546029
7828 0.108762
7830 1.086871
7831 0.394065
7832 0.037590
7836 0.582653
7842 0.430053
7844 0.043159
7848 0.320139
7853 1.236859
7856 0.488451
7861 0.485544
7864 1.060489
7876 0.553026
7877 0.019103
7879 0.429826
7886 0.493014
7888 1.041006
7890 0.371248
7902 0.195073
7903 0.585982
7904 0.487526
7906 0.338636
7914 0.411284
7917 0.143108
7921 0.403133
7923 0.484684
7936 0.012076
7937 0.038682
7940 0.273634
7944 1.177702
7946 0.432628
7948 0.112590
7949 0.107774
7950 0.538679
7951 0.417990
7956 0.907593
7968 0.177329
7969 0.324941
7970 0.061064
7978 0.983054
7980 1.123687
7994 0.020444
8008 0.529112
8009 0.498731
8028 0.345276
8032 0.401829
8034 0.222467
8036 1.199918
8037 0.473220
8038 0.382067
8039 0.014658
8043 0.332944
8044 0.611138
8045 0.243724
8048 0.447394
8055 0.932244
8056 0.121071
8065 0.217067
8066 0.217138
8080 0.289817
8095 0.267886
8111 0.093599
8119 0.144840
8126 0.318236
8127 1.056736
8130 0.028655
8133 0.249366
8142 0.091198
8157 0.519255
8160 1.123186
8166 0.365586
8168 0.265159
8177 0.248167
8188 1.122146
8198 0.306371
8200 1.272266
8202 0.247023
8205 1.172283
8214 1.148417
8215 0.339881
8216 0.358555
8221 1.091552
8222 0.363851
8223 0.246325
8224 0.590155
8226 0.295211
8241 0.020444
8256 0.014125
8261 1.180309
8272 0.318327
8282 0.384664
8287 0.233997
8290 1.236859
8294 0.133943
8302 0.570953
8316 0.452546
8326 0.098279
8329 0.472022
8330 0.177670
8332 0.610640
8333 0.236439
8334 0.942162
8344 0.397144
8347 0.457410
8349 0.011595
8351 0.531543
8355 0.119010
8357 0.609879
8359 0.377010
8369 1.145775
8371 0.058558
8374 0.573305
8382 0.426517
8384 1.087618
8391 0.193412
8394 1.099522
8400 0.078813
8401 0.376865
8407 1.201051
8411 0.243655
8414 1.109814
8415 0.601861
8426 0.182793
8427 0.490655
8428 0.618917
8429 0.618062
8433 0.169940
8434 0.120360
8437 0.515791
8439 1.229450
8444 1.126462
8454 0.183306
8469 0.329458
8471 0.221461
8473 0.546411
8480 0.362850
8483 0.163143
8489 0.209336
8498 0.013394
8501 0.328096
8507 0.075669
8508 1.107617
8512 0.495590
8519 0.614666
8523 0.182793
8533 0.117263
8544 0.009711
8550 0.116531
8553 0.126358
8555 0.541709
8561 0.091998
8564 0.320726
8570 0.326721
8573 1.203891
8574 0.385143
8588 0.980755
8594 1.148417
8601 0.026187
8609 0.541303
8632 0.569705
8635 0.986027
8638 0.059759
8640 0.998833
8641 0.554231
8642 0.441589
8645 0.087948
8648 0.278139
8654 0.383755
8656 0.177458
8667 1.055909
8668 0.426731
8670 0.026943
8676 0.400350
8686 0.220911
8696 0.012397
8698 0.456800
8700 1.023726
8702 0.461267
8710 0.192332
8717 1.138205
8721 0.276513
8730 0.026943
8738 0.341823
8741 0.351054
8742 1.058287
8753 0.322700
8756 0.536333
8760 0.232052
8764 0.268917
8768 0.287730
8771 0.298796
8776 0.473045
8779 0.476423
8784 0.291326
8787 0.242141
8795 0.283982
8798 0.328544
8803 0.485544
8804 0.395019
8816 0.310748
8821 0.472718
8822 0.112049
8826 0.558925
8831 0.498690
8835 0.013791
8844 0.065651
8848 0.373413
8850 0.334392
8860 0.237514
8864 0.604639
8867 0.565346
8869 0.098755
8871 0.135952
8887 0.451425
8890 0.336956
8896 1.068670
8911 0.085789
8912 0.286444
8915 0.105937
8917 1.217328
8919 0.364158
8926 0.240766
8928 0.382806
8931 1.283525
8933 0.316782
8935 1.038642
8936 0.374562
8941 0.339881
8946 0.091141
8950 0.985633
8951 0.526692
8957 0.580152
8958 0.984765
8970 0.388435
8981 0.336793
8984 0.109819
9002 0.422810
9003 0.537833
9026 1.046617
9031 0.514105
9033 0.300724
9049 0.342737
9056 0.169940
9077 0.086778
9078 1.049824
9081 0.409563
9082 1.165305
9085 0.221343
9093 0.297525
9101 0.455090
9103 0.204782
9106 1.154993
9118 0.320613
9121 0.575633
9124 1.115185
9137 0.587809
9143 0.534894
9147 0.546686
9154 0.542271
9163 0.439738
9168 0.078340
9169 0.228772
9176 0.177329
9178 0.183428
9185 1.129051
9190 0.302297
9191 0.203181
9195 1.149768
9199 1.073909
9212 0.011952
9213 0.162837
9217 0.214309
9221 1.074670
9229 0.049799
9231 0.274189
9234 0.134458
9236 0.420947
9241 1.118317
9249 0.140921
9250 0.223644
9251 0.188668
9252 0.544446
9253 0.373495
9254 0.316015
9255 0.509821
9256 0.247023
9259 0.396298
9261 0.424918
9266 0.394855
9268 0.579205
9270 1.124315
9272 0.303993
9273 0.245327
9276 0.418559
9277 0.516788
9280 0.110397
9281 0.125602
9283 0.434041
9291 0.475398
9295 0.493773
9316 1.157588
9326 0.267447
9327 0.013791
9334 0.305199
9336 0.572248
9338 0.433602
9341 0.403375
9342 1.075666
9343 0.285180
9354 0.360094
9356 0.165487
9358 0.048554
9359 0.350996
9363 0.216801
9364 0.041618
9379 0.525934
9380 0.595264
9381 1.110396
9386 1.097373
9392 0.280649
9393 0.091847
9420 0.178298
9421 0.546686
9423 1.185282
9428 0.122664
9430 0.305468
9437 0.269747
9440 0.444442
9444 0.568442
9445 0.454753
9447 0.040415
9454 1.174936
9455 0.606786
9464 1.225235
9467 0.270517
9486 1.145720
9490 0.514105
9494 0.177570
9499 0.025896
9512 0.464060
9515 1.132387
9518 0.121071
9522 0.291326
9538 0.360806
9539 0.179278
9545 0.557631
9549 1.043919
9556 0.483028
9559 0.111869
9565 1.052863
9567 0.486773
9573 0.210677
9576 0.416732
9579 0.012806
9590 0.509339
9591 0.344425
9592 0.560147
9594 0.482601
9601 0.249708
9602 0.590421
9608 0.560527
9611 0.474022
9612 0.207165
9616 0.395498
9621 0.411284
9628 0.501978
9629 1.011397
9630 0.144840
9635 0.475884
9637 0.532711
9638 0.296893
9642 0.526267
9643 0.230633
9645 0.546029
9651 0.450232
9655 0.202662
9678 0.527287
9680 1.108335
9687 0.043767
9695 0.143738
9699 0.159813
9706 0.219869
9711 0.555642
9717 0.554460
9719 0.470499
9720 0.507954
9724 0.347112
9730 0.571659
9734 0.556407
9741 0.048554
9752 0.260113
9755 0.560527
9758 0.082257
9759 0.084239
9772 1.052534
9773 0.274788
9778 1.263040
9780 0.580152
9784 0.339559
9787 0.225543
9796 0.036994
9797 0.430656
9800 0.468588
9806 0.466122
9807 1.172543
9811 0.586317
9813 0.405828
9815 0.426517
9818 0.291326
9823 1.165305
9835 1.146808
9843 0.214959
9849 0.377937
9852 0.562902
9859 0.048809
9860 0.067694
9864 0.588786
9868 0.018871
9875 0.593442
9881 0.415224
9886 0.884437
9889 0.044252
9890 0.577207
9891 0.408614
9897 0.195234
9904 0.234232
9913 0.449274
9916 1.012706
9920 1.084005
9924 0.300390
9925 0.221963
9928 0.152599
9933 0.523198
9936 1.199435
9940 0.568159
9946 0.554418
9967 0.258957
9970 0.112937
9973 0.431595
9983 0.097560
9984 0.082814
9986 1.034617
9990 0.549919
9993 0.585703
9994 0.151490
9995 0.603356
9999 0.242291
10001 0.200915
10011 0.482549
10020 0.323696
10032 0.148132
10033 0.061738
10040 0.507555
10043 1.119904
10051 0.410574
10055 0.379879
10062 0.488451
10069 0.263843
10070 0.118006
10071 0.474372
10073 1.115718
10075 0.445745
10079 0.501524
10081 1.338149
10086 1.165305
10088 0.028193
10090 0.447289
10102 0.068547
10106 0.087764
10108 0.360869
10119 0.218897
10121 0.486063
10125 1.018965
10142 1.125122
10147 0.456411
10162 0.082866
10170 0.525627
10171 0.234125
10176 0.058023
10178 1.086871
10182 0.514105
10184 0.359662
10185 0.418315
10198 0.152660
10207 0.345276
10212 0.056844
10217 0.129478
10224 1.136532
10227 0.493541
10229 0.577104
10233 0.348894
10248 0.171175
10250 0.451997
10251 0.090217
10260 0.145663
10263 0.118305
10264 0.447477
10267 0.202662
10271 0.336505
10274 0.009398
10287 0.101331
10288 0.416645
10298 0.586317
10299 0.204889
10310 0.316372
10314 1.084295
10317 0.099599
10320 0.418315
10321 0.401829
10322 0.186449
10323 1.200016
10324 0.484283
10334 0.479070
10335 0.293774
10338 0.130202
10341 0.556704
10345 0.263843
10348 0.028250
10360 1.160304
10362 0.306659
10365 0.248900
10368 1.165305
10369 0.438432
10370 0.447753
10381 0.243724
10384 0.214036
10388 0.575798
10389 0.503324
10391 0.359393
10409 0.043563
10418 0.027967
10423 0.022962
10425 0.366239
10427 0.351790
10430 1.080039
10435 0.046846
10438 0.491690
10441 0.188968
10442 0.373777
10443 0.139438
10450 0.334858
10460 1.084005
10467 0.019835
10468 0.113997
10469 0.252717
10470 0.155374
10471 0.119241
10489 0.460483
10490 0.861620
10495 0.243357
10500 1.179692
10504 0.258957
10508 0.242491
10510 0.458684
10511 0.068261
10520 0.395764
10525 0.065467
10526 0.187520
10527 0.381373
10530 0.350996
10531 0.392657
10533 0.568442
10534 0.615186
10535 0.240720
10537 0.517913
10543 0.349029
10558 0.349029
10562 1.142456
10569 0.034106
10570 0.162129
10573 0.119518
10578 0.126914
10579 0.484283
10595 1.285440
10596 1.119104
10598 0.427075
10599 0.101964
10600 0.559867
10602 1.155831
10608 0.512957
10616 0.306659
10623 0.473405
10624 0.234440
10630 1.069962
10635 0.618917
10639 0.316015
10641 0.209755
10643 0.582653
10658 1.124177
10661 0.512734
10663 1.321373
10665 0.989088
10676 0.133724
10678 0.873979
10692 1.077907
10701 0.180434
10704 1.050685
10717 0.014211
10724 0.121192
10728 0.284852
10730 1.137112
10731 0.886017
10735 0.458266
10736 0.444498
10741 0.414873
10742 0.512490
10747 1.286840
10748 1.199246
10751 0.158251
10752 1.077907
10759 0.180006
10772 0.120549
10777 0.477584
10780 0.443926
10789 0.041128
10792 0.527454
10794 0.180202
10801 0.109676
10806 0.451479
10807 0.231773
10808 0.315497
10826 1.159885
10827 0.091998
10830 0.070625
10832 1.010380
10833 1.172922
10836 0.156680
10845 0.942377
10847 0.029133
10859 0.350265
10860 0.165398
10863 0.371361
10866 0.344765
10879 0.600780
10880 1.115076
10882 0.575214
10884 0.061332
10902 0.441750
10904 0.198026
10905 0.156242
10906 0.556757
10911 0.500357
10961 0.950889
10963 0.427448
10968 0.209157
10979 0.457272
11001 0.380257
11006 0.345276
11010 0.230060
11025 0.090951
11027 1.060489
11036 0.028596
11037 1.178398
11038 0.199329
11039 0.402308
11044 0.422508
11048 0.138577
11058 0.504173
11059 1.026236
11066 0.558171
11068 0.090134
11071 0.368562
11072 0.075181
11073 0.507124
11082 0.475173
11089 1.025915
11093 0.056500
11095 1.079340
11098 0.171368
11099 1.073165
11100 0.248231
11110 0.155374
11121 0.551080
11122 0.434899
11125 0.049799
11129 0.419930
11130 0.244159
11133 0.047322
11134 0.454753
11139 0.319888
11142 0.489140
11143 0.511597
11149 0.082744
11152 0.506654
11160 0.057404
11162 0.257712
11165 0.457543
11175 0.485104
11183 1.150554
11191 0.529684
11195 0.162601
11197 0.097560
11201 0.454170
11210 0.443245
11228 0.408879
11229 0.065519
11236 0.206356
11239 0.370156
11244 0.148519
11247 0.329182
11251 1.111105
11252 1.088303
11258 0.055935
11261 0.936929
11262 0.480126
11264 0.423747
11266 0.014476
11270 0.208323
11271 0.558033
11278 0.120757
11282 0.237011
11284 0.127302
11287 0.989410
11291 0.382459
11295 0.326511
11296 0.009513
11298 1.132325
11325 0.980163
11327 0.503649
11329 1.137427
11335 0.024794
11342 1.047465
11346 1.179015
11347 1.258726
11353 0.481531
11359 0.041433
11368 0.539399
11376 0.148189
11379 0.028080
11381 0.141579
11390 0.275540
11395 1.084447
11401 0.430113
11412 0.598121
11423 0.404848
11424 0.093224
11430 0.535772
11433 0.196262
11437 0.461725
11438 0.174796
11450 0.345276
11460 1.208926
11465 0.507954
11469 0.316015
11478 0.256762
11484 1.230885
11492 0.392281
11495 0.293951
11499 0.335944
11503 0.474252
11524 0.036227
11534 0.019422
11537 0.122664
11538 0.290076
11542 0.150686
11549 0.098131
11552 0.421195
11555 1.237238
11558 0.014940
11563 1.011164
11565 0.568442
11567 0.113941
11568 0.133178
11569 0.598121
11575 0.621496
11579 0.477354
11582 0.359662
11591 0.214959
11600 0.513162
11603 0.225543
11605 0.183624
11608 1.146660
11609 0.235105
11611 0.396204
11613 0.306659
11616 0.336956
11618 1.179015
11623 0.477026
11629 0.417624
11633 0.293860
11634 0.562209
11638 0.336377
11642 0.515710
11647 0.179278
11650 0.493773
11655 0.480688
11659 1.159676
11666 0.198102
11670 0.073598
11690 1.041337
11692 1.140245
11693 0.010089
11701 1.103973
11702 0.194218
11705 1.197496
11707 1.035827
11710 0.356272
11711 0.282794
11717 0.206748
11718 0.088185
11720 0.176265
11731 0.154638
11740 0.201784
11750 1.124417
11756 0.124115
11758 0.010133
11764 0.115250
11766 0.171579
11769 0.566317
11771 0.502681
11772 0.498642
11778 1.194078
11781 0.352181
11791 0.073820
11793 0.231613
11794 0.450585
11798 0.395764
11800 0.141579
11820 0.459234
11822 0.048153
11823 0.142690
11837 0.060145
11841 0.531025
11843 0.397263
11846 0.268373
11847 0.414068
11852 0.091596
11853 0.014751
11861 1.192660
11873 0.579865
11876 0.318926
11880 0.308756
11891 1.170181
11893 0.926001
11895 0.568442
11902 0.132833
11910 0.149990
11913 1.170881
11922 1.031419
11933 0.061656
11939 0.024027
11943 0.384021
11945 0.553681
11947 0.081776
11960 0.556339
11964 0.482671
11965 0.428275
11969 0.264296
11973 0.496194
11976 0.607985
11982 0.536040
11987 1.146610
11998 0.316659
12000 0.519321
12017 0.258957
12019 0.100705
12023 0.209336
12031 0.272531
12040 0.390193
12042 0.302677
12049 0.303993
12062 0.308756
12065 0.404848
12069 0.383755
12074 0.121597
12083 1.096079
12084 0.241098
12090 0.234176
12093 0.590562
12099 0.095127
12103 0.390193
12112 1.135928
12118 0.275436
12128 0.265771
12151 0.473045
12155 0.265513
12167 0.477775
12176 0.395764
12178 0.052491
12183 0.093224
12184 0.455528
12187 0.570360
12190 1.062484
12206 0.009671
12210 0.243724
12213 0.486388
12214 0.146887
12216 0.454517
12223 0.988744
12228 0.102670
12230 0.139438
12231 0.497197
12235 0.564996
12240 0.365586
12241 0.137095
12242 0.294269
12244 0.130283
12245 0.047758
12246 1.117935
12262 0.185389
12264 0.592996
12267 0.374562
12268 0.576996
12270 0.307816
12276 0.367248
12290 0.151175
12292 0.950996
12299 0.428498
12306 1.012778
12312 0.405893
12339 0.127124
12342 0.519473
12347 0.369206
12348 1.103381
12349 0.059759
12356 0.010405
12364 0.257855
12377 1.004942
12392 0.040183
12401 0.363851
12408 0.332944
12413 1.139972
12421 0.220649
12426 1.223307
12427 0.297978
12437 0.470714
12447 0.385961
12464 0.531162
12465 0.237817
12467 0.462270
12484 0.186947
12485 0.512332
12506 1.157883
12512 0.089639
12517 0.148312
12520 0.393290
12524 0.043159
12525 1.052534
12539 0.479070
12548 0.604639
12552 1.080335
12558 0.140964
12570 0.404717
12571 0.482919
12577 0.294528
12586 0.339266
12587 1.125803
12589 0.611308
12590 1.089307
12599 1.054324
12602 0.157341
12605 0.984035
12609 1.004351
12616 1.052534
12621 1.264060
12623 0.162837
12625 0.198350
12628 0.384771
12634 0.409563
12640 0.012266
12641 0.390242
12644 0.128290
12645 0.161661
12651 0.504787
12655 0.054709
12659 0.564996
12667 0.399533
12673 0.559346
12675 0.512734
12681 0.412042
12684 1.073493
12685 1.159449
12687 1.070029
12696 0.153330
12697 0.935121
12703 0.326582
12704 0.582653
12707 0.430113
12708 0.330796
12713 0.516638
12714 1.018228
12716 1.134147
12733 0.155374
12735 0.481531
12738 0.439914
12742 0.061738
12743 0.309922
12756 0.422762
12757 0.854557
12760 1.250275
12764 0.027259
12765 0.556168
12779 0.523453
12784 0.208323
12789 0.080366
12791 1.071418
12792 0.227377
12799 0.134717
12808 0.563323
12819 0.429066
12820 0.337938
12821 0.514902
12836 0.142915
12837 0.145663
12840 0.289602
12844 0.291326
12853 0.377937
12879 0.544818
12882 1.068620
12883 0.208090
12890 0.469958
12895 0.026636
12899 0.128381
12907 1.175351
12922 0.589055
12925 0.390680
12927 0.331551
12939 0.522378
12948 0.566616
12952 0.091653
12960 0.098476
12968 0.520226
12969 0.094644
12970 0.053210
12974 0.411284
12976 0.128927
12977 1.040272
12982 0.129478
12989 0.568442
12996 0.172638
12998 0.549919
12999 0.510989
13000 0.489428
13003 0.031637
13007 0.135326
13009 0.214533
13012 0.519473
13018 0.314361
13021 1.170881
13022 0.539399
13023 0.568442
13026 0.998833
13033 0.373684
13034 0.225543
13036 1.109814
13039 0.196557
13043 1.105238
13061 1.159267
13063 1.085991
13064 0.597592
13067 0.040532
13068 0.128763
13069 1.185397
13072 0.050121
13078 1.021144
13080 1.010995
13081 0.152827
13082 0.143738
13085 0.451997
13093 0.231773
13096 0.411284
13099 0.364791
13106 0.413718
13113 0.066907
13114 1.002869
13117 0.122080
13118 0.040415
13122 0.589672
13123 0.266687
13125 1.175265
13127 0.051791
13128 0.163361
13132 0.392657
13144 0.329027
13147 0.285128
13150 0.372898
13156 1.092885
13159 1.089513
13161 0.345276
13175 0.060931
13181 1.195185
13183 0.466122
13186 0.166472
13188 0.079340
13200 0.341992
13202 0.286550
13204 1.136603
13214 0.972374
13230 0.521461
13231 0.183693
13234 0.428618
13243 0.554907
13247 0.122664
13248 0.060535
13254 0.480920
13263 1.045117
13265 1.083660
13275 0.284735
13280 0.073598
13296 0.082866
13298 0.363737
13302 1.189582
13307 0.040183
13308 1.115261
13311 0.556871
13315 0.294269
13324 0.991749
13335 0.459708
13338 0.059505
13339 0.263133
13341 0.221343
13343 0.309765
13346 0.061984
13349 0.529684
13358 0.494997
13365 1.105546
13366 0.466122
13370 0.085415
13371 0.269435
13383 0.197116
13389 0.376296
13394 0.597592
13398 1.129265
13399 0.407538
13400 0.180268
13410 0.372114
13415 1.159074
13428 0.088504
13433 0.507555
13435 1.089457
13447 0.590028
13454 0.226762
13457 0.495395
13459 0.190254
13462 1.201495
13463 1.224060
13469 0.195234
13475 0.294528
13480 0.114620
13489 0.038682
13494 0.425785
13498 0.188968
13500 0.587809
13501 0.589350
13503 0.241098
13516 0.094484
13518 0.098941
13519 0.214533
13523 0.103328
13526 0.271001
13529 0.296623
13530 0.456609
13531 0.332944
13534 0.191403
13542 0.528452
13543 0.435234
13545 0.441299
13547 0.284221
13551 1.084240
13554 0.051335
13564 0.930200
13565 0.111464
13566 0.489012
13570 0.532711
13574 0.149251
13576 1.103321
13580 0.188432
13581 0.194218
13583 1.182194
13584 1.184100
13590 0.388435
13602 0.350353
13617 0.537833
13626 0.275993
13631 0.233061
13634 1.040107
13646 0.155374
13651 0.561593
13654 0.390060
13659 0.463682
13671 0.304406
13673 0.519321
13674 0.419510
13686 0.296823
13687 0.119179
13691 0.344765
13699 0.111951
13704 0.052968
13705 1.056058
13706 0.044252
13707 0.211874
13708 1.326464
13709 0.339684
13716 0.128763
13730 0.601861
13732 0.403186
13739 1.110965
13745 1.037183
13749 1.026055
13750 0.187634
13757 0.493014
13765 0.149990
13769 0.260113
13771 0.345641
13779 0.320613
13783 0.214661
13794 0.341065
13797 0.393480
13800 0.010312
13802 0.314947
13806 0.565346
13831 1.026701
13834 0.444847
13841 0.449274
13848 0.139558
13854 0.347852
13857 1.165305
13859 0.135764
13860 0.052081
13863 0.023661
13864 0.074580
13882 0.444567
13891 0.272852
13895 1.222615
13896 0.118909
13897 0.298230
13906 0.532711
13916 0.050665
13925 0.043563
13930 0.515622
13931 0.159813
13933 0.200369
13937 0.221461
13941 0.060535
13946 1.089070
13957 0.100361
13960 0.519090
13961 0.159813
13962 0.567238
13965 0.149159
13974 1.111728
13977 0.012530
13981 1.212456
13983 0.327333
13984 0.250762
13989 0.487802
13993 0.557859
13998 0.513737
14000 0.580194
14004 0.327742
14011 0.361482
14014 0.214803
14015 1.056795
14018 0.151058
14020 0.513289
14021 0.091998
14030 0.588918
14031 0.564632
14032 0.381175
14052 1.103973
14054 0.437729
14055 0.496334
14061 0.308756
14066 0.585414
14068 0.506654
14071 0.303993
14072 0.202662
14073 0.076164
14083 1.336848
14088 0.034274
14097 1.179692
14107 0.037743
14108 0.565297
14116 1.159508
14118 0.385225
14122 0.477703
14129 0.991179
14136 0.280263
14139 0.357456
14140 0.412596
14141 1.158937
14143 1.304696
14144 0.428744
14153 1.237386
14155 0.608812
14158 0.329998
14159 0.125302
14166 0.040183
14173 0.233061
14183 0.151697
14187 1.197856
14191 0.562209
14198 0.483712
14203 1.105546
14216 0.403972
14222 0.473220
14225 1.062914
14231 0.440226
14242 0.249708
14246 0.585175
14250 0.077173
14253 0.866019
14254 0.154345
14257 0.222423
14259 0.238792
14260 0.247023
14261 1.178398
14262 0.507250
14264 0.165562
14265 0.128290
14269 0.475029
14270 1.170935
14273 0.532424
14277 0.868868
14280 0.366384
14284 0.301084
14285 0.103839
14287 0.519393
14289 0.524043
14299 1.063974
14302 0.475833
14305 0.037794
14313 1.284985
14317 0.396204
14318 0.212841
14320 0.346882
14323 1.114640
14325 0.252359
14328 0.101773
14329 1.107040
14332 0.388435
14342 0.409622
14364 0.150039
14366 0.345750
14368 0.451086
14373 0.400206
14375 0.181425
14378 0.470830
14390 1.251411
14399 0.956939
14403 0.197686
14404 1.165305
14425 1.052534
14430 1.027309
14433 0.392399
14434 0.211874
14436 0.112937
14449 0.213084
14450 0.440926
14453 1.207298
14455 0.413495
14457 0.568975
14458 0.597292
14461 0.266355
14481 0.233061
14482 0.270727
14484 0.119798
14490 0.175133
14504 0.358555
14505 0.575086
14507 0.405324
14508 0.339881
14514 0.176877
14519 0.493541
14521 0.436370
14525 0.307027
14534 1.045507
14535 0.190686
14538 0.011151
14542 0.099477
14547 0.362271
14551 0.244767
14554 0.370779
14558 0.037794
14569 0.433602
14570 0.270402
14572 1.205145
14576 0.403819
14578 0.127899
14590 0.146273
14600 0.251143
14605 0.593786
14608 1.055857
14613 0.028080
14614 0.586511
14616 0.919646
14619 0.921886
14622 0.269435
14632 0.331366
14637 0.169780
14643 0.294393
14646 0.154005
14647 0.323055
14650 1.254944
14652 1.111991
14655 0.513350
14661 0.370284
14663 0.564558
14668 1.085152
14671 0.367991
14679 0.174251
14681 0.323322
14689 0.048353
14707 0.253977
14730 0.587468
14734 0.504787
14735 0.178298
14743 0.140921
14744 0.163047
14749 0.393290
14755 0.090024
14761 0.077365
14762 0.390294
14774 0.106376
14784 0.572664
14786 0.406502
14788 1.098334
14792 1.275703
14799 0.438155
14800 1.137338
14802 0.938298
14807 0.346882
14810 0.555426
14816 1.132633
14826 0.208090
14831 0.078813
14833 0.011046
14834 0.930365
14835 0.154345
14839 0.468880
14851 0.294393
14859 0.507954
14864 0.523853
14868 0.285964
14872 1.086301
14875 0.482195
14879 0.143592
14882 0.306040
14883 0.024926
14884 0.385057
14892 0.112049
14896 0.203251
14905 0.180345
14912 0.442521
14915 0.173351
14923 0.386823
14924 0.351790
14929 0.107899
14933 0.288442
14944 1.060637
14946 0.230351
14948 0.075998
14949 0.434275
14950 0.525934
14953 0.453856
14959 0.339684
14963 0.621496
14965 0.028538
14966 0.046612
14977 0.489140
14978 0.157280
14984 0.227703
14985 1.185397
14994 0.288748
14995 0.410722
15001 0.115092
15008 0.532711
15015 0.946369
15018 0.474252
15026 1.127306
15031 0.205287
15036 0.199097
15037 0.204889
15041 0.172638
15045 0.377337
15047 0.888884
15048 0.112999
15051 0.479279
15065 1.025037
15068 0.885632
15071 1.309109
15082 0.575955
15087 1.185056
15089 0.141249
15094 0.121597
15098 0.461000
15100 0.010942
15103 0.246887
15119 1.056736
15120 0.517913
15121 0.569410
15124 0.248598
15129 0.290076
15133 0.504461
15147 0.038629
15157 0.455706
15159 0.013242
15166 0.225543
15169 0.531379
15175 0.218897
15178 0.525028
15183 0.073820
15184 0.531025
15185 0.404398
15188 0.219639
15196 1.094985
15204 0.103792
15208 0.136205
15211 0.110981
15218 1.077907
15229 0.402671
15231 0.248167
15234 0.554368
15236 0.432016
15255 0.574208
15257 0.521960
15259 0.408355
15263 0.512541
15269 0.922533
15274 0.254492
15288 1.085490
15294 0.225227
15296 0.183996
15300 0.251706
15304 0.074156
15305 0.983054
15313 0.519393
15314 0.378724
15320 0.453856
15322 0.024404
15327 0.268447
15337 0.075792
15340 0.236011
15341 0.188604
15345 0.092812
15354 0.053454
15361 0.336146
15365 0.171175
15370 0.214661
15372 1.060278
15375 0.456753
15378 0.235415
15379 0.222586
15381 1.067570
15389 0.503412
15390 0.509339
15395 0.287730
15396 0.462348
15399 0.050013
15400 0.177458
15402 0.241098
15412 0.516638
15416 0.397909
15425 1.118154
15433 0.121386
15434 0.506654
15443 0.262021
15448 0.357607
15449 1.082524
15457 1.131737
15459 0.565414
15464 0.530861
15465 0.343157
15475 0.510183
15478 1.032549
15480 0.926268
15487 1.003243
15499 0.009474
15502 0.098874
15505 0.232052
15508 0.153667
15511 0.336377
15517 1.095106
15519 0.015537
15530 0.457201
15532 0.503916
15533 0.609879
15535 0.552773
15543 0.111512
15544 0.275664
15547 0.146426
15549 0.341555
15553 0.024404
15560 0.511307
15563 0.400865
15577 0.169318
15582 0.230862
15584 0.059003
15594 0.230184
15600 0.612743
15602 0.146579
15604 1.053383
15606 0.085921
15615 0.161661
15623 0.344835
15636 0.468032
15637 0.534729
15638 0.054967
15639 1.253142
15642 0.194218
15644 0.038207
15648 0.293159
15654 1.159885
15657 0.585641
15658 0.103792
15660 0.029377
15663 0.374049
15671 0.302116
15676 0.125602
15677 0.460540
15682 0.038417
15687 0.043699
15696 0.959663
15699 1.038947
15702 0.233061
15703 0.010089
15718 0.507179
15722 0.229240
15723 1.301138
15729 0.564685
15731 0.284221
15732 0.101331
15736 0.227703
15737 1.165305
15742 0.082257
15748 0.239360
15750 0.565813
15751 0.115092
15753 0.332944
15755 1.068815
15757 0.117708
15758 0.291326
15759 1.180571
15761 0.181901
15767 0.078670
15768 0.199467
15769 1.098504
15772 0.012598
15775 1.296951
15809 0.176265
15811 0.526921
15816 0.488860
15821 0.559346
15823 0.067750
15824 0.019341
15828 0.528119
15829 1.004146
15832 0.345276
15836 0.366613
15849 0.526628
15862 0.479549
15866 0.141639
15871 0.528272
15875 0.027100
15883 0.284965
15886 0.202145
15888 1.172543
15893 0.490655
15900 1.171281
15901 0.553387
15905 0.202243
15916 0.354994
15928 0.565587
15936 0.235105
15937 1.175527
15942 1.084939
15943 0.027419
15950 0.066211
15957 0.456411
15960 0.012806
15963 0.450454
15973 0.418047
15978 0.292633
15982 0.559867
15984 0.166472
15989 0.235892
15993 0.493988
16009 0.123665
16028 0.574208
16030 0.594077
16033 0.280447
16035 0.329182
16037 0.230862
16040 1.215971
16048 0.377337
16050 0.240063
16058 0.285180
16078 0.236011
16079 0.439277
16081 1.183233
16082 1.090124
16095 1.149768
16099 0.308282
16104 0.950346
16105 0.386289
16107 0.599959
16109 1.238137
16114 0.426517
16126 0.334858
16130 0.203127
16131 0.271905
16132 1.150301
16134 0.300336
16144 0.509209
16152 0.362037
16158 0.229240
16162 0.125198
16167 0.203251
16174 1.070520
16175 0.477491
16178 0.376561
16179 0.468203
16185 0.327103
16186 0.399860
16196 1.132011
16200 1.272542
16201 0.335766
16217 0.373495
16223 0.010740
16226 1.109330
16230 0.499417
16232 0.177838
16238 1.127306
16239 0.416645
16241 0.368617
16242 0.463547
16248 0.212753
16251 0.248441
16260 0.379142
16261 0.187952
16270 0.479832
16271 0.299516
16277 1.093751
16279 0.529222
16280 0.411284
16283 0.185389
16290 1.068196
16308 0.085921
16312 0.314561
16314 0.086319
16318 0.036994
16322 1.232968
16329 0.241588
16331 0.400965
16332 0.028655
16346 0.045255
16348 0.074779
16352 0.379075
16359 0.011369
16363 0.447601
16364 0.373777
16365 1.151911
16369 1.303562
16391 0.054200
16394 0.608434
16395 1.131626
16396 0.279115
16397 0.339684
16398 0.179278
16399 0.433254
16403 0.238745
16408 0.441232
16416 0.202662
16417 0.060931
16427 1.085853
16434 0.495255
16444 0.087242
16458 0.373350
16462 0.077365
16465 0.030465
16474 0.310748
16479 0.264397
16481 0.479191
16493 0.443245
16495 0.291326
16498 0.579634
16501 0.605959
16516 0.135326
16524 0.243655
16541 0.146367
16542 0.022627
16543 0.022196
16551 0.545776
16554 0.591179
16557 0.206021
16562 0.582653
16566 0.604639
16567 0.545704
16568 1.080039
16574 0.395764
16579 0.309983
16584 0.539315
16590 0.487448
16591 0.419731
16596 0.072832
16613 0.470303
16617 0.344765
16622 0.607505
16623 1.198286
16646 0.094484
16648 0.015333
16654 0.183306
16658 0.354425
16659 1.091552
16665 0.155374
16668 0.175069
16677 0.507658
16678 0.052256
16679 0.363060
16680 0.492758
16683 1.082806
16702 0.027745
16711 1.117742
16712 0.513027
16714 1.042641
16717 0.104045
16718 0.171054
16719 0.332944
16721 0.939970
16729 1.103381
16744 0.569705
16746 1.064848
16749 0.367991
16757 0.132547
16761 0.176729
16762 0.577496
16769 0.452867
16770 0.360185
16773 0.579634
16804 0.375549
16809 0.564253
16812 0.458877
16814 0.503916
16820 0.214533
16824 0.280796
16829 0.485147
16831 0.451853
16840 1.057184
16847 1.076801
16848 0.422583
16850 0.079453
16855 1.054324
16857 0.422423
16861 0.561737
16863 0.475173
16864 0.306659
16872 0.062316
16883 0.220463
16884 0.346130
16886 0.348252
16892 0.590562
16902 1.094374
16903 1.219391
16909 0.998833
16910 0.528272
16914 0.300724
16916 0.154687
16925 0.187520
16926 0.246771
16928 0.506654
16930 0.093693
16936 0.537833
16948 1.058345
16961 0.981310
16969 1.257790
16970 0.402475
16977 0.012530
16984 0.522057
16990 0.590028
16993 0.484582
16998 1.132011
17002 0.077687
17003 0.565682
17006 0.579570
17013 0.327277
17017 0.388435
17021 1.023908
17025 0.554231
17029 0.444396
17033 0.472566
17037 0.076593
17038 0.517913
17047 0.365586
17051 0.416583
17053 0.172147
17054 0.078059
17055 0.229438
17063 0.513524
17064 0.402308
17082 0.462348
17085 0.569705
17088 0.331366
17089 0.090072
17092 0.174484
17096 0.369332
17099 0.009917
17100 0.203547
17102 0.491162
17107 0.459708
17116 1.242308
17126 0.501524
17133 1.225928
17135 0.391784
17142 0.066589
17153 1.151755
17157 0.086676
17158 0.564253
17161 0.422810
17162 0.285614
17164 0.145663
17166 1.141129
17168 0.585836
17172 0.309031
17173 0.346702
17175 0.321846
17176 0.476146
17187 0.214533
17195 1.160587
17227 0.372114
17228 1.047598
17239 0.938298
17245 0.617380
17246 0.246009
17249 0.107018
17255 0.126664
17263 0.529684
17266 0.288323
17269 1.314703
17270 0.055491
17277 0.111869
17296 0.336041
17298 0.102605
17308 0.432166
17318 1.122930
17319 1.002869
17323 0.531379
17333 0.538797
17349 0.180093
17353 0.587549
17356 0.350195
17360 0.577916
17362 1.131175
17366 0.293071
17368 0.206249
17370 0.075181
17376 0.422709
17384 0.360935
17388 0.230961
17389 0.021091
17391 0.046612
17399 0.365339
17402 0.040532
17403 0.171175
17404 0.039502
17405 0.137770
17407 0.200369
17411 0.598572
17421 0.594641
17423 0.551690
17426 0.335025
17431 0.554231
17432 1.060372
17434 0.525808
17436 0.091198
17438 1.232534
17441 0.313067
17460 0.083236
17469 0.464227
17477 0.411835
17479 0.246408
17488 1.051617
17493 0.108042
17496 0.384303
17501 0.316372
17505 0.407155
17511 1.054634
17518 1.047235
17520 0.370995
17523 0.249366
17525 0.180093
17527 0.507179
17534 1.150554
17535 0.553998
17542 0.077045
17548 0.381373
17553 0.490026
17569 0.038844
17607 1.150171
17614 0.258957
17619 0.125979
17624 0.311579
17636 0.073158
17638 0.553998
17647 1.204712
17653 0.341992
17661 0.092761
17667 0.521778
17669 0.044819
17670 0.452058
17675 1.149905
17680 0.423747
17685 0.300079
17694 0.508095
17699 0.437584
17705 1.095106
17710 0.361432
17712 0.135259
17717 0.357030
17718 0.076593
17719 0.076164
17727 0.495875
17734 0.047563
17736 1.083734
17741 0.381373
17744 0.440926
17747 0.267772
17750 0.408457
17756 0.477220
17762 0.076954
17768 1.134639
17774 1.029472
17777 0.444396
17779 0.473859
17781 0.549919
17786 0.384021
17792 0.438234
17807 0.257275
17814 0.384021
17816 0.582653
17823 1.190099
17840 0.028655
17843 0.030801
17844 1.051763
17848 0.474559
17852 0.327103
17858 0.238481
17860 1.124177
17861 0.224637
17864 0.517913
17866 0.500357
17876 0.146273
17879 1.177835
17884 0.237817
17891 1.236360
17897 0.482919
17900 0.456800
17901 0.509339
17904 0.206021
17916 1.102161
17925 0.241098
17926 0.370156
17927 0.220649
17928 0.187386
17932 0.566317
17943 0.182229
17951 0.077365
17959 1.025975
17966 0.267630
17972 0.272731
17978 0.444498
17984 0.248773
17986 0.335608
17991 0.571863
17994 0.582653
18003 0.305054
18004 0.380965
18006 0.338636
18007 0.436272
18014 1.009573
18015 0.026789
18016 0.047178
18017 1.265629
18019 1.122146
18025 0.098874
18026 0.590562
18028 0.179278
18031 0.494997
18033 0.412042
18034 1.111105
18040 0.049325
18041 0.237514
18054 0.556757
18056 0.458481
18067 0.507954
18071 0.508867
18074 0.582653
18075 0.144966
18083 1.079199
18085 0.180047
18090 0.481746
18094 0.015537
18099 1.098193
18115 0.527162
18120 0.336793
18133 0.407538
18134 1.122146
18139 0.032073
18143 0.582653
18144 0.426331
18152 0.270776
18153 0.479279
18165 1.179932
18171 1.044756
18173 1.068733
18175 0.277963
18196 0.525881
18207 0.411284
18208 0.264136
18218 0.571448
18224 0.261377
18230 0.123969
18234 0.400350
18237 0.125979
18240 0.562902
18241 0.009834
18248 0.180144
18256 0.565346
18260 0.441822
18262 0.495875
18263 0.290076
18264 0.981310
18268 0.070625
18276 0.274788
18283 0.447097
18289 0.118006
18303 0.484582
18306 0.481219
18309 0.201119
18311 0.116531
18314 0.022849
18315 0.135259
18328 0.587314
18329 0.198820
18335 0.023904
18346 0.324042
18348 0.033454
18351 1.087618
18354 0.206859
18374 0.150804
18377 0.185389
18379 0.262194
18393 1.171343
18397 0.516274
18401 0.536150
18404 0.233061
18408 0.068213
18425 0.027912
18430 0.407857
18431 0.359580
18434 0.430656
18437 0.478074
18439 0.558925
18444 0.307442
18447 0.426026
18448 1.059368
18455 0.282182
18459 0.167219
18462 1.182194
18467 0.383865
18469 0.070983
18476 0.551690
18477 0.044534
18481 0.167392
18497 0.554907
18502 0.284221
18517 1.177319
18521 0.281475
18524 0.194218
18526 0.268447
18545 0.210055
18552 0.010594
18555 1.006167
18559 0.120549
18562 0.553520
18565 0.497197
18573 0.071241
18580 0.282906
18583 0.121246
18584 0.252283
18588 0.612079
18594 0.037999
18598 1.170725
18599 0.142244
18606 0.037290
18614 0.375905
18616 0.455989
18620 0.595049
18622 0.043428
18624 1.213860
18630 1.241635
18632 0.377937
18633 0.576519
18639 0.225543
18642 0.331312
18645 0.079453
18649 0.110981
18664 0.990509
18665 1.231516
18666 0.028655
18670 0.111572
18675 0.091141
18676 0.459851
18678 0.064739
18687 0.123204
18692 0.466122
18701 0.009960
18708 0.332944
18710 0.448751
18712 0.332944
18717 0.341065
18718 1.052534
18721 0.174796
18722 0.188968
18729 0.267204
18742 0.200649
18748 0.437584
18753 1.054093
18758 0.094850
18766 0.113997
18767 0.410574
18783 0.215548
18787 0.225927
18791 0.009552
18793 0.551223
18796 0.388435
18802 0.289932
18815 0.291326
18822 0.054517
18833 0.571077
18837 0.116531
18839 0.370507
18845 0.219117
18849 0.210507
18857 1.197086
18859 0.280447
18860 0.504219
18863 1.081211
18867 0.111512
18872 1.122930
18878 0.511597
18883 0.019103
18886 1.137951
18891 1.136532
18914 1.087618
18921 0.167175
18922 0.540859
18926 0.270216
18936 0.323696
18939 0.217524
18944 0.029689
18947 0.072081
18964 0.145663
18966 0.470714
18967 0.478470
18978 1.107617
18981 0.296623
18987 1.112337
18991 0.404717
18994 0.291326
18995 0.494372
18997 0.121678
19004 1.165305
19020 0.537833
19028 1.009238
19032 0.542745
19033 0.358555
19034 0.367248
19036 0.306659
19044 0.138257
19053 0.026040
19056 0.511597
19061 0.419101
19062 0.307333
19071 0.111951
19074 0.392399
19075 0.301084
19079 1.131364
19089 0.614053
19091 0.220058
19097 0.171368
19107 0.441589
19115 0.398933
19117 0.050887
19135 0.254048
19136 0.322318
19140 0.210507
19142 0.128056
19166 0.398195
19178 0.425898
19183 0.466122
19185 1.209187
19189 0.954440
19194 0.189995
19210 0.195771
19211 0.010740
19213 0.341065
19214 1.158067
19229 0.081571
19230 0.483478
19236 0.361245
19237 0.055491
19241 0.340426
19246 0.510134
19252 0.442012
19253 0.336793
19256 0.516830
19258 1.203201
19260 0.401383
19261 0.151697
19268 1.165305
19273 0.052256
19277 0.408457
19284 0.468655
19286 0.202199
19297 0.045923
19298 1.102964
19300 0.962643
19302 0.028422
19306 1.171889
19307 0.244812
19309 0.591525
19313 0.446287
19323 0.210865
19326 0.051505
19339 0.087764
19340 1.110467
19342 0.189362
19351 0.160732
19359 0.462189
19361 0.109559
19362 0.052373
19363 0.075181
19367 0.546237
19395 0.195073
19396 0.269860
19399 0.998833
19403 0.123253
19428 0.069226
19429 0.567864
19436 1.218938
19438 0.324363
19442 0.935213
19448 0.110503
19449 0.146367
19451 0.288654
19455 0.144374
19458 0.222467
19460 0.142690
19461 0.362964
19462 0.019668
19464 0.260565
19466 1.009130
19468 0.401297
19479 0.343861
19481 0.381106
19482 0.400105
19495 0.412120
19513 0.593786
19516 0.556407
19519 0.511231
19530 0.555482
19533 0.114620
19537 1.179345
19555 1.187932
19563 0.040357
19580 0.192612
19583 1.207298
19590 0.039280
19595 0.420471
19598 0.576646
19610 0.371248
19617 0.474372
19627 0.901794
19636 0.490655
19642 1.052216
19643 0.102220
19650 0.103010
19662 0.253038
19666 0.587633
19668 0.377209
19673 0.340426
19693 0.260027
19697 0.127356
19698 0.981310
19706 0.383698
19717 0.574814
19718 0.246952
19719 0.268503
19723 0.323696
19731 0.102821
19743 0.447753
19747 0.470398
19748 0.447289
19753 0.209632
19762 0.547793
19765 0.458266
19767 1.013309
19768 0.098131
19770 0.195073
19772 0.550144
19774 0.359302
19780 0.590562
19781 1.245121
19816 0.117600
19829 0.514414
19833 0.538586
19834 0.224097
19837 0.953432
19838 1.224558
19844 0.964823
19846 1.044423
19847 1.069198
19869 0.429918
19871 0.304568
19873 0.512332
19879 1.157689
19891 0.530545
19892 0.998833
19901 0.984960
19914 0.429323
19917 0.475833
19918 0.500438
19923 0.018645
19924 1.207938
19928 0.427508
19931 0.296378
19934 0.166472
19935 0.281475
19938 0.193323
19939 0.405977
19942 0.119241
19952 0.546411
19953 0.282841
19956 0.503599
19959 0.103328
19965 0.152470
19967 0.107154
19977 0.533513
19979 0.593246
19981 0.958949
19992 0.262387
19993 0.590028
19994 0.141863
20004 1.070280
20013 0.011205
20017 1.051060
20018 0.983380
20020 0.466122
20023 0.381175
20027 0.338811
20030 0.575086
20035 0.194218
20049 1.159390
20052 1.154901
20053 0.356272
20056 0.327596
20061 0.179278
20066 0.012397
20075 0.012139
20079 0.325504
20084 0.575576
20092 0.087948
20093 0.585641
20097 0.206923
20099 0.598989
20103 0.354915
20109 0.364565
20116 1.279815
20123 1.089776
20127 0.120360
20134 0.592101
20155 0.215548
20156 0.118506
20165 0.015134
20169 1.260582
20179 1.111284
20182 0.312350
20199 0.024663
20201 0.509821
20211 0.030268
20212 0.268447
20221 0.282906
20230 0.162892
20231 0.097515
20239 1.082069
20245 0.242772
20246 1.031362
20250 0.100361
20252 1.084240
20254 1.157689
20255 0.015134
20266 0.092695
20267 1.159984
20270 0.174796
20277 0.223292
20278 0.247627
20285 1.137226
20290 0.474193
20292 1.027049
20293 0.147640
20307 0.319424
20311 0.409563
20316 0.076164
20323 0.407857
20324 1.260330
20325 0.607371
20332 0.418315
20335 0.014845
20338 0.437584
20340 1.028828
20341 1.211003
20350 0.014298
20351 0.144161
20353 0.401445
20365 0.588309
20366 1.186239
20367 0.225543
20373 0.348502
20376 0.248598
20378 0.436989
20381 0.331254
20382 1.112117
20388 0.443926
20411 1.090124
20412 0.347420
20414 0.072454
20416 0.186842
20422 0.555482
20427 0.466122
20429 0.065651
20432 0.255409
20452 0.111512
20458 0.090134
20461 1.134639
20463 1.074737
20468 0.372898
20469 1.151265
20471 0.480433
20473 0.085789
20479 0.142483
20496 0.193270
20499 0.527022
20500 0.228256
20518 0.098755
20523 0.274893
20526 1.181124
20527 0.468964
20531 0.460367
20536 0.347852
20538 0.994394
20540 0.217260
20541 0.399225
20544 0.123969
20558 0.218837
20560 0.440115
20562 0.393480
20565 0.028773
20567 0.437584
20574 0.230633
20575 0.435047
20582 0.057193
20594 0.073290
20595 0.399533
20599 0.270652
20600 0.061984
20603 0.515423
20608 0.230500
20610 0.528452
20612 0.220113
20613 0.525208
20617 1.176730
20624 0.078012
20626 0.265273
20631 0.180915
20637 0.107401
20638 0.077687
20642 0.478074
20644 0.209755
20652 0.120360
20656 0.578844
20666 0.914217
20667 0.176371
20674 0.263346
20677 1.141278
20679 0.338470
20680 0.403625
20684 0.380257
20685 1.103973
20686 1.211917
20688 0.479279
20692 0.320813
20701 0.154516
20710 0.576646
20715 0.461137
20731 0.416180
20733 0.513686
20737 1.281836
20744 0.334537
20747 0.375487
20749 0.169499
20751 1.011215
20758 0.251340
20767 0.144758
20778 0.228491
20807 0.079004
20813 0.128927
20814 1.193385
20818 0.365035
20845 0.128381
20848 0.122664
20849 0.205961
20853 0.225999
20857 0.360690
20861 0.471783
20863 0.593786
20868 1.102504
20880 0.539859
20882 0.390021
20893 0.247186
20895 0.301941
20899 0.329027
20900 0.503916
20902 1.106234
20904 0.013550
20906 0.843459
20915 0.517913
20919 0.427770
20920 0.144840
20924 0.438703
20934 0.037191
20935 1.062484
20937 0.084239
20939 0.528452
20945 0.466122
20954 0.589672
20955 0.052729
20956 0.103583
20957 0.441750
20969 0.321463
20976 1.112603
20999 0.324662
21003 0.352019
21016 0.189823
21019 0.592875
21021 0.478074
21022 1.150429
21024 0.446519
21027 0.073290
21032 1.037924
21038 1.277747
21039 1.086665
21040 0.179278
21043 0.374924
21047 0.379706
21054 0.479832
21058 1.150171
21061 0.219117
21065 0.301472
21066 0.024277
21091 0.384664
21096 0.287730
21104 0.577991
21108 0.323386
21118 0.051791
21119 0.170830
21126 0.192215
21129 0.525398
21130 0.071345
21132 0.358555
21142 0.533146
21149 0.538586
21164 0.377645
21166 0.167175
21170 0.266355
21177 0.167804
21178 0.154345
21181 0.055491
21182 0.527873
21183 0.170532
21185 0.532424
21188 0.156024
21201 0.529684
21205 0.020996
21214 0.466122
21229 0.494089
21241 0.984035
21252 0.435723
21254 0.590028
21278 0.420647
21280 1.122146
21282 0.184806
21285 0.525881
21286 1.260582
21293 0.341823
21304 1.155983
21311 0.012530
21318 0.271905
21325 0.355141
21334 0.294393
21339 0.971088
21345 0.015537
21349 0.488860
21352 0.360013
21359 0.507555
21360 0.516579
21363 0.366448
21364 0.257712
21373 0.011098
21385 0.371692
21389 0.009474
21396 0.489299
21398 0.055823
21400 0.044252
21408 0.074836
21410 0.436370
21418 0.597592
21426 0.372472
21433 0.127124
21437 0.481659
21438 0.170045
21448 0.015036
21449 0.150804
21463 0.106475
21465 0.448929
21469 1.303562
21483 0.326094
21486 0.564253
21487 0.354017
21490 0.301146
21497 1.133810
21500 0.249321
21510 0.614053
21516 0.135501
21520 0.264611
21529 1.237788
21531 0.260334
21533 0.992923
21542 0.500131
21549 0.173015
21555 1.008625
21562 0.466122
21564 0.621496
21569 0.081571
21575 0.432828
21582 0.501656
21589 0.208090
21594 0.009631
21596 0.020266
21609 0.592310
21611 0.537833
21615 0.045999
21621 0.370156
21625 1.050275
21626 0.159813
21633 0.313067
21651 0.378724
21653 0.126549
21657 0.257368
21662 0.573305
21663 0.272954
21680 0.256479
21681 0.090635
21683 0.035492
21689 0.173556
21693 0.513524
21695 0.428071
21727 0.608434
21730 0.330974
21740 1.051485
21749 1.040645
21754 0.204440
21755 0.540605
21756 0.155374
21772 0.143222
21773 1.016146
21778 0.062316
21785 0.162379
21786 0.439914
21808 0.282048
21810 1.064600
21814 0.514105
21815 0.461137
21816 0.085789
21819 1.211917
21820 0.273042
21832 0.042375
21837 0.009917
21842 0.115481
21853 0.300724
21863 0.110397
21870 1.238137
21872 0.112319
21880 1.093373
21882 0.469054
21885 1.011584
21889 0.280183
21890 0.208267
21891 0.954832
21899 0.537833
21908 0.239720
21910 0.211002
21912 0.242772
21913 0.037290
21916 0.378961
21920 0.390021
21922 1.120731
21924 1.105685
21934 0.027419
21937 0.310122
21938 0.565414
21948 0.592875
21952 0.476255
21953 0.503599
21957 0.605959
21967 1.101743
21971 1.023195
21972 0.158905
21973 0.100026
21977 0.410680
21984 0.415356
21991 0.463913
22002 0.174796
22010 0.414331
22012 0.137770
22015 0.996070
22018 1.149045
22021 0.013550
22022 1.122845
22023 0.501978
22026 0.238745
22031 0.145663
22042 0.402822
22046 0.053577
22048 0.476255
22058 0.535664
22059 0.449274
22060 0.023306
22062 0.526628
22065 0.328676
22077 0.115377
22080 0.348010
22083 0.296437
22094 0.121071
22097 0.455528
22100 0.077687
22106 0.027967
22109 1.059368
22112 0.071932
22114 1.065422
22116 0.472421
22125 0.301084
22129 0.293695
22132 0.026040
22135 0.303169
22139 0.371042
22141 1.190973
22149 0.241856
22162 0.497327
22163 0.595264
22175 0.019182
22178 0.287543
22179 0.093224
22180 0.463314
22197 1.084240
22199 1.207938
22204 0.010942
22212 0.498454
22222 0.482671
22229 0.470604
22230 0.946441
22243 0.570564
22247 0.446584
22248 0.336377
22251 0.554907
22256 0.270652
22257 0.426026
22259 0.105457
22261 0.914909
22264 0.536954
22265 0.123969
22266 0.135764
22268 0.171054
22269 0.295014
22271 0.350092
22284 0.525530
22285 0.144908
22295 0.479504
22300 0.515052
22303 1.266011
22304 0.449767
22317 1.085152
22318 0.562902
22321 1.136650
22325 0.068953
22329 1.080039
22330 1.047300
22331 0.329027
22332 0.097690
22335 0.231956
22349 0.995707
22351 0.371042
22352 0.155374
22357 0.152203
22371 0.341352
22372 0.475445
22380 0.515188
22385 0.294836
22387 1.178398
22388 0.243070
22389 0.072081
22391 0.461000
22395 0.409563
22406 0.361482
22407 0.030268
22408 0.229240
22411 0.116531
22412 1.059368
22415 0.585265
22417 0.267049
22421 0.282498
22426 1.148252
22430 0.515311
22431 0.109676
22445 0.270517
22465 0.179278
22480 0.363737
22488 0.371754
22496 0.398498
22499 0.544535
22509 1.262414
22525 0.119010
22538 0.614053
22543 0.058023
22548 0.406617
22551 0.208875
22563 0.545235
22569 0.944430
22572 1.093960
22580 0.422508
22581 0.338998
22583 0.522754
22584 0.975310
22596 0.251435
22598 0.383390
22599 0.544818
22611 0.145663
22621 0.575798
22629 0.552233
22635 0.913506
22645 0.169060
22648 0.122169
22652 0.126770
22658 0.585132
22659 0.438432
22664 0.402822
22668 0.516579
22683 0.561299
22692 0.448569
22698 0.576767
22699 1.160510
22702 0.219117
22712 0.227136
22720 1.160261
22726 0.468655
22727 0.021987
22732 0.362322
22736 0.141249
22743 1.103973
22758 0.417423
22759 0.208875
22761 0.205211
22768 0.494372
22769 0.534894
22774 0.499417
22778 0.503200
22783 0.560527
22787 0.541765
22793 0.533146
22794 0.443384
22795 0.593646
22796 0.434275
22797 0.945192
22803 0.257855
22804 0.435805
22805 1.160587
22806 0.332944
22809 0.147337
22819 1.062662
22824 0.497994
22825 0.140268
22841 1.118317
22844 0.451748
22851 0.129478
22853 1.034442
22866 0.283932
22870 0.445745
22873 1.125122
22875 1.037324
22886 0.183996
22887 0.313254
22900 1.194807
22904 0.234036
22909 0.575798
22912 0.156242
22913 0.172263
22914 0.039335
22918 0.131921
22920 0.292991
22926 0.337325
22934 0.238677
22941 0.577673
22947 1.155908
22953 0.329581
22961 0.130202
22963 0.582653
22972 0.330974
22975 0.009322
22978 1.085688
22982 0.184744
22997 0.149558
22999 1.075666
23003 0.416857
23008 0.198632
23010 0.354253
23016 0.534894
23018 0.361080
23022 1.132280
23028 1.104612
23029 0.600097
23035 0.391619
23064 0.350539
23067 0.202145
23070 0.023782
23074 0.466122
23082 0.390941
23084 0.551223
23094 0.432687
23098 0.492018
23105 0.572431
23106 0.380508
23107 0.411875
23113 0.489140
23118 0.489624
23121 0.118506
23127 0.181606
23133 0.361245
23140 0.423747
23145 0.046151
23152 0.468352
23153 1.106052
23157 0.552233
23158 0.247627
23163 0.158007
23173 0.014040
23174 0.530139
23176 0.328676
23179 0.325890
23181 1.085746
23190 0.388435
23195 1.172543
23201 0.262765
23210 1.237725
23212 0.319072
23218 0.916780
23223 0.104640
23224 0.180006
23228 0.484767
23230 1.081066
23233 0.228102
23240 0.618062
23241 0.607043
23242 0.477026
23247 0.474372
23249 0.027419
23261 0.574368
23276 0.551080
23281 0.146316
23284 0.220649
23285 0.539315
23287 1.064600
23292 0.478074
23294 0.243655
23295 0.475635
23298 0.012202
23308 0.282498
23319 0.276999
23320 0.149398
23325 0.564029
23327 1.129633
23332 0.087764
23333 0.019422
23340 0.072454
23342 0.949917
23356 0.342737
23360 0.147507
23361 0.284735
23365 0.388435
23369 0.131730
23372 0.139622
23377 0.555642
23379 1.100048
23381 0.496687
23384 1.089636
23387 1.048158
23392 0.105937
23397 0.055756
23407 0.600097
23408 0.484453
23409 0.542470
23413 0.051505
23415 0.010691
23436 0.500438
23444 0.239916
23447 0.515423
23453 0.145059
23456 0.201986
23464 0.266355
23470 0.310748
23473 0.553387
23476 0.011653
23482 0.544535
23486 1.089307
23487 0.516692
23492 0.494372
23505 0.573255
23506 0.384431
23511 0.401829
23518 0.230633
23524 0.618062
23533 1.227956
23536 1.071212
23547 0.196807
23553 0.466122
23554 1.199378
23555 0.224097
23570 0.225180
23578 0.304655
23579 0.561073
23580 0.076413
23587 0.305893
23590 1.000515
23591 1.139409
23593 0.288442
23594 0.994394
23598 0.339881
23603 1.184409
23605 0.273343
23607 0.404486
23608 0.474754
23611 0.358555
23616 0.287476
23619 1.012778
23622 0.204889
23626 0.148762
23633 0.457272
23638 1.186493
23641 0.059759
23642 0.545172
23654 0.363737
23655 0.388435
23656 1.183419
23658 0.130595
23661 0.303567
23663 0.468964
23666 0.235020
23672 0.580063
23675 1.083048
23683 0.029880
23684 0.266687
23695 1.253437
23703 0.582653
23710 0.043159
23711 1.004752
23719 0.216242
23720 0.078121
23723 0.135108
23735 0.379075
23736 0.144276
23743 0.348894
23747 0.526267
23758 0.126358
23762 0.503412
23770 0.130514
23774 0.452413
23777 0.075529
23783 0.270517
23792 0.996983
23805 0.132547
23809 0.258957
23810 0.045999
23812 0.484283
23816 0.498588
23820 0.494372
23825 0.550639
23833 0.256581
23836 0.441185
23838 1.131364
23841 1.264060
23842 0.015435
23846 0.433837
23850 0.450731
23854 0.361245
23856 0.439914
23860 0.014658
23870 0.214416
23878 0.199767
23897 0.137832
23905 0.533146
23910 0.386645
23915 0.364158
23916 0.579865
23919 1.137338
23925 0.476716
23930 0.585265
23931 0.142244
23954 0.043360
23960 0.525028
23963 0.249185
23968 0.208711
23970 1.165305
23980 0.610398
23982 1.105546
23989 0.231052
23992 0.480176
23994 1.264782
23996 1.063085
24004 0.541553
24016 1.160510
24017 0.158628
24020 0.038844
24037 0.449274
24039 0.057193
24040 0.183741
24041 1.202496
24058 0.078560
24064 1.281154
24082 0.291326
24085 0.494372
24086 1.070455
24096 0.574814
24102 0.062989
24103 0.136365
24108 0.091653
24112 0.180202
24121 0.142690
24122 0.064739
24128 0.196400
24135 0.332944
24140 0.621496
24141 1.154807
24144 0.057546
24160 0.585414
24171 0.395371
24177 1.128395
24188 0.587390
24190 0.278139
24192 0.363737
24193 0.450359
24204 0.012530
24206 0.365586
24212 1.081718
24218 1.216608
24220 0.334858
24222 0.087242
24229 0.586142
24233 0.318468
24247 1.187292
24250 0.274189
24255 0.484283
24256 0.115092
24258 0.496687
24259 0.577496
24261 0.334784
24264 0.366855
24266 0.510183
24268 1.144118
24275 0.166472
24277 0.377209
24279 0.579570
24293 0.208090
24295 0.618551
24301 1.132011
24308 0.521613
24321 0.553387
24331 0.523617
24333 0.435723
24335 0.467994
24337 0.429323
24341 0.582653
24343 0.348502
24344 0.234294
24345 0.101773
24349 0.166472
24350 0.951270
24352 0.231773
24359 0.282841
24364 0.170532
24367 0.544274
24369 1.158569
24373 0.022849
24374 1.290159
24375 0.589350
24377 1.237238
24389 0.138981
24394 0.124683
24395 0.126358
24399 0.450359
24400 0.248231
24401 0.350996
24404 0.235105
24405 0.233061
24408 0.967423
24416 0.020178
24417 0.901462
24418 0.298796
24421 0.104045
24431 0.148519
24439 0.344889
24444 0.185953
24447 0.912588
24448 0.124299
24462 0.323322
24464 0.137997
24477 1.102161
24480 0.585175
24509 0.262194
24511 0.032520
24512 0.147077
24525 0.046612
24535 1.248940
24542 0.274788
24543 1.140299
24546 0.142690
24547 0.152827
24552 0.312048
24568 0.093224
24577 0.156768
24578 0.155374
24580 0.180202
24581 0.209157
24583 0.395562
24585 0.190050
24592 0.426169
24608 0.331192
24610 0.373495
24615 0.112771
24616 0.947611
24621 0.059454
24623 0.495650
24627 0.374395
24634 0.236011
24637 0.163143
24639 0.546980
24643 0.238073
24647 0.457272
24650 0.173015
24654 0.377010
24663 0.318236
24665 0.086855
24673 1.054093
24677 0.407857
24684 0.346316
24690 0.297800
24691 0.429826
24697 0.238481
24698 0.582653
24704 0.394601
24708 1.094374
24713 0.131097
24716 0.358555
24718 0.260480
24722 0.348141
24724 1.186493
24729 0.018871
24730 1.293428
24731 0.466122
24732 1.129993
24737 0.358555
24741 0.175422
24744 0.579503
24746 0.599300
24747 0.320613
24749 0.566193
24765 0.079004
24768 0.407538
24771 1.094681
24775 0.508497
24780 1.051868
24795 0.309983
24796 0.391699
24802 0.258957
24804 0.351790
24805 0.535772
24807 0.609310
24819 0.011369
24822 1.082524
24827 1.205488
24844 0.531543
24849 0.552773
24850 1.159074
24854 0.542002
24857 1.188154
24859 0.032220
24866 0.199767
24888 0.250179
24902 0.093693
24903 0.527287
24926 0.347420
24931 0.106820
24932 0.226402
24937 1.179178
24938 0.404894
24940 0.337770
24946 0.156321
24947 0.366448
24957 0.353862
24961 0.610398
24964 0.099175
24977 1.150554
24979 0.592310
24983 0.495590
24992 0.515622
25002 0.090509
25004 0.362539
25005 0.337325
25006 0.537833
25008 0.192083
25014 0.072832
25015 0.041618
25017 0.204063
25019 0.520428
25020 0.207585
25021 0.298432
25042 1.134230
25045 1.010867
25046 0.339559
25048 0.090803
25055 0.270776
25058 1.103473
25063 0.577207
25068 0.032825
25071 0.460184
25074 0.303084
25093 0.506654
25096 0.319519
25106 0.269860
25109 0.248598
25115 1.113409
25116 1.227732
25117 0.321800
25119 0.057903
25124 0.127124
25129 0.377337
25130 0.076164
25138 1.214742
25141 0.489140
25142 0.083236
25146 0.398146
25149 0.164400
25152 0.486993
25161 0.429666
25162 0.475322
25163 0.149758
25189 0.408685
25203 0.193068
25205 0.011653
25211 0.422583
25214 1.115506
25220 0.158628
25225 0.039502
25227 0.045109
25240 1.151755
25248 0.358555
25251 0.356065
25255 1.059368
25259 1.170531
25260 0.293256
25267 0.028892
25271 0.085266
25279 1.132633
25280 0.187281
25288 0.209336
25289 0.332944
25290 0.138727
25298 1.334804
25309 0.481659
25311 0.107774
25313 0.319888
25314 0.184744
25322 0.315603
25323 0.052669
25325 0.011425
25327 0.531025
25331 0.577991
25332 0.547630
25335 0.975604
25353 0.290032
25354 0.334593
25356 0.110455
25368 0.234294
25374 1.008568
25376 0.484582
25377 0.114152
25378 0.440926
25379 0.557562
25383 0.401171
25387 0.521321
25389 0.477220
25391 1.056795
25392 1.194078
25398 1.117849
25406 0.600157
25408 0.418605
25410 1.114640
25411 0.610398
25412 0.501207
25413 0.286389
25423 0.329027
25424 0.506654
25429 1.012706
25431 0.296378
25452 0.423747
25457 0.403375
25458 0.503649
25460 0.517913
25462 0.590708
25478 0.404790
25480 0.274189
25486 0.377937
25488 0.177458
25491 0.178223
25492 0.167469
25493 0.035492
25494 0.358555
25497 0.422508
25508 0.243305
25514 0.301037
25515 1.159508
25519 0.099410
25521 0.509821
25523 0.156868
25526 0.220463
25531 1.231722
25547 0.502287
25548 1.034442
25551 1.047235
25552 0.089257
25558 1.049738
25563 1.070029
25578 0.950058
25579 0.339197
25584 0.323322
25585 0.205917
25586 1.187572
25590 1.165305
25593 1.149768
25598 0.372898
25600 0.184281
25607 1.012706
25610 0.082136
25626 0.052373
25627 0.186947
25638 0.538586
25644 0.354994
25648 0.247498
25650 0.553998
25651 0.501207
25667 1.032127
25668 0.332944
25674 1.055009
25677 1.110965
25686 1.073493
25688 0.567238
25690 0.160307
25691 1.117416
25696 1.114145
25701 0.338524
25702 0.509114
25707 0.030801
25708 0.228705
25710 0.367991
25712 0.130688
25713 0.558871
25715 0.431096
25717 0.429323
25724 0.029501
25734 0.431595
25750 1.047300
25751 0.370779
25754 1.151094
25757 0.986027
25761 0.441822
25766 0.044605
25777 1.176730
25778 0.244570
25784 1.179516
25786 0.391543
25794 0.041805
25799 0.278660
25803 0.386645
25811 0.211874
25821 0.182518
25835 0.029752
25842 1.193051
25852 0.501978
25865 0.585132
25869 0.240579
25871 1.083529
25874 1.252703
25875 0.572942
25876 0.251143
25879 0.171229
25880 1.269144
25883 0.255615
25888 0.507078
25893 0.593786
25894 0.191759
25897 0.352302
25901 1.220215
25902 1.081006
25904 0.140964
25905 0.140398
25912 0.449767
25915 0.038417
25917 1.107362
25920 0.461390
25926 0.535410
25937 0.031781
25949 0.544203
25961 0.377937
25976 0.258957
25981 0.430267
25983 0.596864
25984 0.471783
25985 1.097555
25987 0.547747
25988 0.415835
25993 0.564097
26010 0.241856
26015 1.059368
26016 0.167269
26027 0.277154
26029 0.549919
26033 0.225543
26037 0.421493
26038 0.116531
26054 0.370507
26060 1.073493
26063 0.471671
26070 0.137095
26073 0.128184
26074 0.335025
26075 0.184281
26085 0.030666
26092 0.435723
26094 0.348010
26099 0.963319
26101 0.135326
26103 1.123186
26109 1.048775
26113 1.141523
26114 0.448194
26122 1.171343
26129 0.519141
26133 0.538630
26142 0.161058
26147 0.426026
26151 0.028773
26152 0.131921
26170 0.167560
26173 1.136317
26174 0.123385
26183 0.082744
26198 0.517913
26204 0.185214
26209 0.459399
26212 0.307593
26213 0.576388
26214 0.867505
26217 0.427770
26218 0.175422
26219 0.486773
26223 0.537833
26229 0.585414
26236 0.098279
26237 1.193453
26240 0.572777
26241 0.142110
26247 0.153330
26248 0.521321
26249 0.234294
26255 0.515423
26257 0.364458
26269 1.108182
26270 1.083048
26271 0.097617
26284 0.329458
26287 0.074494
26288 0.517913
26289 0.423747
26290 0.151697
26291 0.129478
26297 0.075669
26300 0.892574
26301 0.390680
26312 0.528272
26314 0.033941
26320 0.345276
26322 0.550693
26325 0.601756
26331 0.435047
26338 0.371754
26339 0.034613
26341 0.344930
26343 0.520054
26344 0.431163
26346 0.072508
26348 1.112678
26360 0.182982
26364 0.426894
26372 0.456982
26377 0.071491
26382 0.312135
26393 1.050416
26395 0.073213
26397 0.537833
26401 0.009398
26406 0.472718
26415 0.101331
26417 0.183996
26421 0.502123
26424 0.517913
26429 0.103839
26430 1.127365
26439 1.325796
26441 0.916961
26442 0.397385
26452 0.137718
26457 0.293695
26459 0.940668
26460 1.158156
26465 0.290156
26466 0.170045
26467 0.946369
26473 0.215548
26482 0.509821
26483 0.353862
26486 0.443384
26497 0.488318
26499 0.032073
26501 1.171964
26502 0.350539
26503 0.183996
26504 0.352799
26536 0.210960
26539 0.575633
26540 1.155983
26544 0.324941
26545 0.347852
26546 0.324125
26548 0.592875
26550 0.386782
26555 0.269435
26556 0.059759
26559 0.391619
26575 1.091552
26576 0.437794
26581 0.227994
26585 0.037999
26587 0.085614
26588 0.139622
26589 0.978132
26595 0.091198
26611 0.320459
26627 0.371361
26630 0.336377
26636 0.353123
26639 0.410631
26644 0.466122
26660 1.172454
26665 0.028892
26675 0.219869
26679 0.441750
26683 0.167326
26688 1.172200
26689 1.030622
26699 0.153186
26701 1.311933
26703 0.486004
26706 0.143108
26707 0.196953
26708 1.170394
26709 1.208013
26710 0.274836
26711 0.335766
26717 0.260334
26718 0.014476
26720 0.264136
26723 0.086319
26724 0.279673
26728 0.946441
26731 0.536826
26735 1.215349
26737 0.360806
26745 1.113641
26766 0.191557
26773 0.216242
26782 0.146426
26788 1.068733
26790 0.104045
26796 0.167469
26810 0.579570
26817 1.202104
26823 0.019751
26825 0.585580
26833 0.137095
26835 1.270121
26838 0.374562
26842 0.271288
26848 0.473701
26849 1.170140
26850 0.528794
26852 0.248167
26855 0.434899
26864 0.047563
26865 1.117251
26866 0.535089
26868 0.270216
26870 0.407291
26875 0.133815
26878 0.243002
26892 0.307641
26894 0.460184
26895 0.594543
26896 0.091653
26897 1.170101
26901 1.117849
26905 1.041006
26907 0.220058
26910 0.098874
26911 0.379879
26926 0.103328
26934 0.202243
26948 0.209493
26953 0.598989
26954 0.409622
26963 1.115718
26967 0.160406
26985 0.621496
26988 0.346262
26991 0.183624
27007 1.237386
27008 0.088879
27010 0.180202
27012 0.462189
27028 0.959099
27029 0.401297
27036 0.197350
27037 0.153797
27041 1.191492
27049 0.605353
27053 1.063341
27056 0.408879
27057 0.098755
27058 0.588538
27064 1.096132
27078 1.201495
27082 0.152203
27088 0.163361
27090 0.408879
27100 0.221963
27104 0.041250
27114 0.419510
27116 0.497386
27129 0.161661
27132 0.305468
27138 0.502287
27139 0.455989
27143 0.156024
27146 0.378724
27149 0.258957
27150 0.416583
27154 1.037066
27155 0.314947
27159 0.092403
27168 0.459234
27172 1.044423
27192 0.397575
27193 0.163963
27211 1.000220
27213 0.228899
27215 0.042763
27218 0.457798
27230 0.228899
27232 0.061011
27239 0.038682
27240 0.090024
27251 0.496521
27254 1.140511
27256 1.217796
27258 0.102547
27260 0.158186
27269 0.281929
27270 0.012876
27271 1.079340
27273 1.026578
27283 0.381851
27286 0.159234
27290 0.087398
27291 1.055152
27295 0.960416
27299 0.214473
27300 0.418865
27304 0.563857
27322 1.018910
27323 0.323986
27327 1.062325
27330 0.288996
27342 0.297272
27345 1.105851
27348 0.192083
27350 0.199329
27353 0.326285
27360 0.439277
27361 0.415356
27371 0.313736
27382 0.332944
27386 0.185389
27397 0.013791
27401 0.248900
27402 0.270652
27406 0.140398
27422 1.165305
27425 0.295951
27427 0.044819
27430 0.524043
27431 0.334309
27432 0.215797
27435 0.021987
27442 0.214473
27443 1.055371
27476 0.364158
27477 0.373350
27480 0.096306
27487 0.169060
27498 0.615633
27502 0.278282
27508 0.022738
27516 0.175895
27519 1.119154
27521 0.526921
27546 1.151094
27554 0.043159
27558 0.339559
27564 0.185142
27567 0.501806
27571 0.119518
27581 0.591901
27590 0.372346
27594 0.316015
27596 0.224508
27598 0.152660
27601 0.458266
27602 0.053210
27610 0.234440
27611 0.395371
27613 0.511597
27616 0.070625
27620 0.210597
27634 0.447601
27638 0.094302
27644 1.039811
27650 0.120031
27656 0.441185
27658 0.175674
27662 0.081300
27664 0.224508
27668 0.046799
27671 1.140511
27688 1.043226
27690 1.007556
27694 0.319888
27698 0.201784
27699 0.431595
27705 0.038522
27715 0.235540
27717 0.081776
27726 0.226273
27734 1.134477
27740 0.564996
27743 1.152063
27745 0.964068
27748 0.504966
27758 0.321908
27760 1.004942
27762 0.288194
27765 0.203646
27772 0.352799
27784 0.043360
27792 1.081066
27796 0.511863
27799 0.009671
27802 0.983699
27809 1.097423
27817 0.198955
27826 0.150804
27827 0.532711
27831 0.383518
27836 0.500877
27837 0.405977
27840 0.561249
27852 1.172120
27856 1.186687
27857 0.168188
27858 0.220649
27865 1.148252
27867 0.209157
27873 0.585982
27876 0.918467
27879 0.998833
27883 0.042895
27886 0.261377
27890 0.503083
27892 0.575633
27894 0.947611
27896 1.076801
27898 0.879767
27899 0.295590
27903 0.219117
27907 0.567453
27917 1.121053
27919 0.302979
27922 1.018770
27924 0.501524
27934 0.461137
27936 0.508867
27937 0.327103
27938 0.285688
27939 0.229617
27941 0.577586
27944 0.416180
27947 0.510252
27949 0.256245
27959 0.055756
27961 0.987082
27966 0.916780
27971 0.511597
27972 0.974272
27985 0.108121
27994 0.214309
27995 0.052729
27996 0.597004
28006 0.427075
28012 0.548379
28013 0.137095
28017 0.060799
28021 0.182518
28025 0.312048
28031 0.122664
28050 1.133524
28051 0.153513
28052 0.481158
28055 0.180345
28057 0.202199
28065 0.557001
28066 0.480247
28072 1.134639
28075 0.197749
28089 0.363212
28092 0.122664
28097 0.342108
28098 0.367439
28103 0.218069
28104 0.095517
28106 0.956430
28112 0.077687
28113 0.499417
28121 1.035827
28123 0.099477
28127 0.517913
28129 0.455989
28139 1.202215
28148 0.454170
28163 0.071055
28167 0.082136
28172 0.400806
28178 0.054967
28179 0.129478
28180 0.294528
28182 0.956148
28185 0.068147
28189 0.260214
28199 0.399927
28201 0.418986
28203 0.529684
28204 1.221389
28225 0.209157
28238 0.490655
28243 0.998833
28260 0.982323
28262 0.368515
28263 1.178398
28273 1.287474
28278 0.179278
28288 0.262456
28291 0.211874
28294 1.003312
28295 0.253327
28299 0.341823
28302 0.209965
28303 0.276309
28313 0.495104
28329 1.142751
28332 0.291326
28353 0.243901
28356 0.543809
28361 0.025896
28365 0.332944
28367 1.170439
28368 0.358555
28371 0.366448
28373 0.214661
28377 0.365035
28385 0.479832
28395 0.284221
28397 1.136532
28399 0.413990
28401 1.148084
28402 0.326918
28415 0.262765
28419 0.372022
28420 0.875744
28426 0.371754
28429 0.335025
28439 0.586060
28440 0.597852
28442 1.149195
28448 0.012876
28466 1.230044
28469 0.252717
28471 1.272944
28474 0.048758
28476 0.457798
28483 0.049325
28489 0.579434
28499 0.383390
28510 0.050229
28517 1.254140
28519 0.246089
28520 0.053210
28523 0.432628
28524 0.974619
28526 1.024056
28528 1.196380
28529 1.214683
28533 0.183192
28538 0.284221
28547 0.172638
28548 0.298432
28551 0.551987
28552 1.141716
28557 0.283158
28569 1.186302
28581 1.115600
28582 0.097617
28592 0.519255
28596 0.012598
28597 0.204639
28599 0.586317
28609 0.460702
28618 0.553520
28619 0.269657
28625 1.043136
28630 0.266757
28637 0.353753
28640 0.278660
28643 0.148762
28649 0.154638
28655 0.205340
28656 0.305054
28667 0.247498
28670 1.024214
28675 0.926070
28678 0.994939
28683 0.441822
28690 0.330086
28693 0.285614
28695 0.439100
28703 0.236610
28706 0.479832
28707 0.024663
28709 0.415169
28715 0.022410
28720 0.082866
28723 0.462015
28724 1.135168
28732 0.398195
28760 0.123385
28766 0.594077
28769 0.198632
28771 0.149051
28778 0.297743
28787 1.283145
28788 0.501081
28798 0.073988
28812 0.562088
28813 0.009671
28824 1.097555
28833 1.252703
28835 0.336257
28841 1.020227
28843 0.468250
28844 0.424994
28859 0.377937
28865 0.042375
28869 1.106302
28874 0.308282
28875 0.053577
28880 0.332944
28884 0.344295
28885 0.029501
28886 0.220649
28890 0.070625
28892 0.188604
28900 0.037743
28911 0.233061
28915 1.125122
28917 0.260565
28925 1.049385
28927 1.109814
28929 0.156117
28942 0.345750
28960 0.052256
28961 0.575955
28976 0.087035
28978 1.020846
28980 0.493988
28994 0.248773
28997 0.416857
29002 0.459989
29009 1.091552
29014 1.079340
29016 0.282906
29029 0.330248
29033 0.575633
29035 1.075666
29045 0.268123
29050 0.537833
29051 0.564996
29071 0.044819
29074 0.319072
29081 1.201240
29085 1.027236
29092 0.295429
29095 1.016543
29097 0.526267
29098 0.482671
29103 0.492382
29112 0.978856
29129 0.027259
29133 0.504966
29138 0.152327
29143 0.099175
29149 0.569986
29150 0.463035
29159 0.588202
29165 1.159834
29167 0.234440
29174 1.073165
29175 0.997053
29182 0.478074
29191 0.440542
29195 0.516869
29205 0.039726
29211 1.121331
29213 0.076164
29215 0.087035
29218 1.038786
29220 0.508322
29222 1.114640
29224 0.169842
29230 0.401829
29233 0.615186
29234 0.084366
29236 1.150799
29239 0.178223
29242 0.018645
29249 1.258530
29252 0.590286
29255 0.009875
29277 1.155430
29283 0.332944
29284 0.497327
29285 0.098338
29286 0.508712
29287 0.185279
29293 0.291326
29295 0.395764
29300 0.051335
29317 0.365339
29320 0.271905
29321 0.263133
29324 0.320613
29327 0.320459
29334 0.288053
29337 1.188154
29341 0.189571
29342 0.424645
29346 0.201411
29347 0.420947
29351 0.507658
29355 0.045923
29356 0.084366
29358 1.176958
29360 0.303393
29377 1.189283
29381 0.479440
29384 0.113688
29387 0.180047
29393 0.587390
29395 0.579121
29397 0.324873
29400 0.011831
29403 0.110981
29405 0.289752
29408 1.155675
29412 0.468525
29414 0.390680
29417 1.179932
29422 0.146887
29428 0.984765
29431 0.507250
29432 1.038391
29436 0.959056
29440 0.280121
29444 0.569470
29452 0.010312
29454 1.180245
29461 0.327333
29462 0.190254
29463 0.261279
29469 0.026335
29483 0.221461
29485 0.544654
29486 0.110397
29487 0.485544
29489 1.189332
29494 0.028307
29503 0.449969
29510 0.155374
29512 1.170990
29514 1.111284
29519 0.533065
29523 0.386289
29543 1.085626
29546 0.560365
29550 1.196463
29551 0.431163
29552 0.029880
29557 0.264296
29566 0.242383
29574 0.597986
29576 0.597292
29585 0.209157
29593 1.233853
29596 0.071491
29600 0.466122
29601 0.480688
29603 0.235302
29613 0.421013
29615 0.011891
29624 1.002927
29625 0.424605
29636 0.512490
29641 0.260068
29654 0.161058
29657 0.262941
29659 0.346262
29661 0.463682
29663 0.150362
29666 1.181565
29674 0.021580
29678 0.341427
29684 0.397144
29685 0.129478
29689 0.089149
29692 0.050665
29698 0.113941
29707 0.124854
29727 0.117510
29728 0.298101
29730 0.523453
29731 0.185877
29736 0.203928
29738 0.390021
29749 0.117116
29751 0.263581
29757 0.440662
29758 0.035673
29776 0.209157
29780 0.107567
29782 0.014211
29787 1.107995
29795 0.562088
29798 0.603356
29800 0.229077
29804 0.134458
29810 0.335608
29818 0.241098
29822 0.414068
29824 0.174539
29826 0.130081
29837 0.218185
29839 1.165305
29846 0.561073
29853 0.191230
29855 0.473405
29857 0.361245
29863 1.077358
29866 0.525627
29867 0.051505
29868 0.403186
29870 0.971088
29886 0.186449
29893 0.043699
29898 0.590028
29900 0.156680
29915 0.056500
29917 0.031214
29918 0.428832
29920 0.515791
29921 0.571375
29922 1.175710
29928 0.353123
29929 1.083734
29931 1.158491
29937 0.072832
29948 0.382269
29949 0.071932
29951 0.976637
29952 1.159074
29955 0.461390
29959 0.357030
29963 0.089639
29965 0.381373
29971 0.169780
29973 1.185749
29980 0.167560
29982 1.134147
29985 0.413718
29989 0.554368
29991 1.170023
29998 0.601756
29999 0.091198
