5964
10081 1.338149
14083 1.336848
25298 1.334804
13708 1.326464
26439 1.325796
10663 1.321373
7592 1.315037
17269 1.314703
7037 1.314703
6259 1.314356
26701 1.311933
15071 1.309109
14143 1.304696
16369 1.303562
21469 1.303562
15723 1.301138
5411 1.299191
5958 1.297453
15775 1.296951
6353 1.295819
24730 1.293428
24374 1.290159
7613 1.289755
28273 1.287474
10747 1.286840
1281 1.286691
10595 1.285440
14313 1.284985
8931 1.283525
28787 1.283145
20737 1.281836
24064 1.281154
20116 1.279815
5136 1.278077
21038 1.277747
14792 1.275703
28471 1.272944
16200 1.272542
8200 1.272266
26835 1.270121
25880 1.269144
22303 1.266011
18017 1.265629
23994 1.264782
23841 1.264060
12621 1.264060
4493 1.263436
9778 1.263040
22509 1.262414
20169 1.260582
21286 1.260582
20324 1.260330
11347 1.258726
29249 1.258530
16969 1.257790
2134 1.257607
14650 1.254944
28517 1.254140
23695 1.253437
15639 1.253142
25874 1.252703
28833 1.252703
489 1.252431
14390 1.251411
12760 1.250275
6751 1.248940
24535 1.248940
19781 1.245121
17116 1.242308
18630 1.241635
2478 1.240974
16109 1.238137
21870 1.238137
21529 1.237788
23210 1.237725
27007 1.237386
14153 1.237386
11555 1.237238
24377 1.237238
8290 1.236859
7853 1.236859
17891 1.236360
1325 1.236360
29593 1.233853
16322 1.232968
17438 1.232534
5655 1.231722
25531 1.231722
18665 1.231516
11484 1.230885
28466 1.230044
8439 1.229450
23533 1.227956
25116 1.227732
17133 1.225928
9464 1.225235
19838 1.224558
13463 1.224060
12426 1.223307
13895 1.222615
28204 1.221389
25901 1.220215
16903 1.219391
6063 1.219088
4920 1.218938
19436 1.218938
1182 1.218274
27256 1.217796
8917 1.217328
24218 1.216608
16040 1.215971
26735 1.215349
25138 1.214742
28529 1.214683
325 1.214371
18624 1.213860
1562 1.213860
13981 1.212456
21819 1.211917
3799 1.211917
20686 1.211917
4994 1.211917
6607 1.211507
20341 1.211003
3517 1.210125
19185 1.209187
3121 1.209004
11460 1.208926
5185 1.208465
26709 1.208013
19924 1.207938
968 1.207938
22199 1.207938
3321 1.207938
1473 1.207570
2651 1.207570
1251 1.207570
14453 1.207298
19583 1.207298
24827 1.205488
14572 1.205145
17647 1.204712
3547 1.204585
8573 1.203891
19258 1.203201
3660 1.202896
676 1.202595
24041 1.202496
28139 1.202215
26817 1.202104
13462 1.201495
27078 1.201495
5669 1.201346
29081 1.201240
8407 1.201051
10323 1.200016
8036 1.199918
9936 1.199435
23554 1.199378
10748 1.199246
16623 1.198286
14187 1.197856
2427 1.197856
11705 1.197496
18857 1.197086
29550 1.196463
28528 1.196380
3086 1.196242
13181 1.195185
22900 1.194807
25392 1.194078
11778 1.194078
5121 1.194078
26237 1.193453
5741 1.193385
20814 1.193385
25842 1.193051
11861 1.192660
3377 1.192094
27041 1.191492
22141 1.190973
557 1.190749
17823 1.190099
6262 1.190099
4595 1.189890
13302 1.189582
29489 1.189332
29377 1.189283
720 1.188894
7525 1.188457
29337 1.188154
24857 1.188154
19555 1.187932
25586 1.187572
24247 1.187292
7325 1.187292
7496 1.186753
27856 1.186687
24724 1.186493
23638 1.186493
5706 1.186493
28569 1.186302
20366 1.186239
5515 1.186114
29973 1.185749
14985 1.185397
13069 1.185397
9423 1.185282
15087 1.185056
23603 1.184409
13584 1.184100
603 1.183802
23656 1.183419
16081 1.183233
2847 1.182526
4453 1.182358
13583 1.182194
18462 1.182194
2488 1.181873
29666 1.181565
20526 1.181124
15759 1.180571
460 1.180439
8261 1.180309
29454 1.180245
18165 1.179932
29417 1.179932
14097 1.179692
10500 1.179692
396 1.179516
25784 1.179516
19537 1.179345
24937 1.179178
11346 1.179015
11618 1.179015
28263 1.178398
22387 1.178398
14261 1.178398
622 1.178398
11037 1.178398
17879 1.177835
7944 1.177702
18517 1.177319
29358 1.176958
20617 1.176730
25777 1.176730
29922 1.175710
15937 1.175527
12907 1.175351
13125 1.175265
9454 1.174936
10833 1.172922
7059 1.172727
3140 1.172634
9807 1.172543
23195 1.172543
15888 1.172543
26660 1.172454
8205 1.172283
26688 1.172200
3179 1.172120
27852 1.172120
26501 1.171964
19306 1.171889
6939 1.171406
18393 1.171343
26122 1.171343
15900 1.171281
29512 1.170990
14270 1.170935
11913 1.170881
13021 1.170881
18598 1.170725
25259 1.170531
28367 1.170439
26708 1.170394
11891 1.170181
26849 1.170140
26897 1.170101
29991 1.170023
25590 1.165305
5186 1.165305
27422 1.165305
9823 1.165305
7641 1.165305
15737 1.165305
9082 1.165305
10086 1.165305
29839 1.165305
6753 1.165305
13857 1.165305
14404 1.165305
19268 1.165305
6742 1.165305
23970 1.165305
10368 1.165305
19004 1.165305
17195 1.160587
22805 1.160587
24016 1.160510
22699 1.160510
10360 1.160304
22720 1.160261
4384 1.159984
20267 1.159984
15654 1.159885
10826 1.159885
29165 1.159834
11659 1.159676
5389 1.159621
14116 1.159508
25515 1.159508
12685 1.159449
20049 1.159390
13061 1.159267
6729 1.159204
13415 1.159074
29952 1.159074
24850 1.159074
14141 1.158937
7814 1.158646
24369 1.158569
29931 1.158491
26460 1.158156
19214 1.158067
12506 1.157883
902 1.157689
20254 1.157689
19879 1.157689
9316 1.157588
26540 1.155983
21304 1.155983
22947 1.155908
10602 1.155831
29408 1.155675
6964 1.155513
29277 1.155430
9106 1.154993
20052 1.154901
24141 1.154807
6743 1.154414
7533 1.153992
6428 1.153414
2058 1.153292
1484 1.152639
27743 1.152063
16365 1.151911
25240 1.151755
17153 1.151755
20469 1.151265
4286 1.151265
25754 1.151094
27546 1.151094
29236 1.150799
5578 1.150678
17534 1.150554
24977 1.150554
11183 1.150554
21022 1.150429
7426 1.150365
16132 1.150301
17607 1.150171
21058 1.150171
6512 1.149972
17675 1.149905
25593 1.149768
16095 1.149768
9195 1.149768
3608 1.149628
28442 1.149195
1233 1.149195
22018 1.149045
8214 1.148417
8594 1.148417
22426 1.148252
27865 1.148252
28401 1.148084
4930 1.147913
9835 1.146808
11608 1.146660
11987 1.146610
3721 1.146610
2444 1.146044
8369 1.145775
9486 1.145720
5526 1.145098
24268 1.144118
5533 1.143923
9 1.143524
28329 1.142751
2007 1.142751
10562 1.142456
7115 1.141905
3147 1.141764
28552 1.141716
26113 1.141523
20677 1.141278
2202 1.141278
17166 1.141129
6619 1.141028
224 1.141028
4845 1.140772
27254 1.140511
27671 1.140511
4732 1.140511
24543 1.140299
11692 1.140245
12413 1.139972
23591 1.139409
8717 1.138205
18886 1.137951
3870 1.137427
11329 1.137427
23919 1.137338
14800 1.137338
20285 1.137226
10730 1.137112
22321 1.136650
13204 1.136603
28397 1.136532
10224 1.136532
18891 1.136532
26173 1.136317
3008 1.136026
12112 1.135928
7058 1.135729
28724 1.135168
7746 1.134906
1404 1.134906
17768 1.134639
20461 1.134639
28072 1.134639
27734 1.134477
25042 1.134230
12716 1.134147
29982 1.134147
21497 1.133810
28050 1.133524
2048 1.133466
2582 1.132755
14816 1.132633
25279 1.132633
9515 1.132387
11298 1.132325
23022 1.132280
16196 1.132011
24301 1.132011
16998 1.132011
15457 1.131737
16395 1.131626
23838 1.131364
19079 1.131364
17362 1.131175
24732 1.129993
23327 1.129633
13398 1.129265
4323 1.129265
9185 1.129051
398 1.128889
1884 1.128660
24177 1.128395
2380 1.127715
26430 1.127365
16238 1.127306
15026 1.127306
7219 1.127098
8444 1.126462
12587 1.125803
10142 1.125122
22873 1.125122
28915 1.125122
2946 1.125122
11750 1.124417
9270 1.124315
17860 1.124177
10658 1.124177
690 1.124177
7980 1.123687
2189 1.123474
8160 1.123186
26103 1.123186
4367 1.123186
17318 1.122930
18872 1.122930
22022 1.122845
5996 1.122146
18019 1.122146
8188 1.122146
18134 1.122146
21280 1.122146
6133 1.121606
494 1.121331
29211 1.121331
27917 1.121053
21922 1.120731
5928 1.120486
10043 1.119904
3880 1.119306
27519 1.119154
10596 1.119104
9241 1.118317
22841 1.118317
15425 1.118154
1549 1.118154
12246 1.117935
26901 1.117849
25398 1.117849
16711 1.117742
25691 1.117416
26865 1.117251
2298 1.117038
1354 1.116343
3669 1.115868
10073 1.115718
26963 1.115718
28581 1.115600
25214 1.115506
13308 1.115261
9124 1.115185
10880 1.115076
29222 1.114640
14323 1.114640
25410 1.114640
25696 1.114145
26745 1.113641
25115 1.113409
3874 1.113283
26348 1.112678
20976 1.112603
18987 1.112337
7695 1.112117
20382 1.112117
14652 1.111991
13974 1.111728
206 1.111356
29514 1.111284
20179 1.111284
4160 1.111219
11251 1.111105
18034 1.111105
25677 1.110965
13739 1.110965
19340 1.110467
9381 1.110396
4750 1.109814
8414 1.109814
28927 1.109814
13036 1.109814
16226 1.109330
810 1.108837
9680 1.108335
7278 1.108182
26269 1.108182
29787 1.107995
220 1.107759
18978 1.107617
8508 1.107617
25917 1.107362
14329 1.107040
1613 1.106451
28869 1.106302
20902 1.106234
23153 1.106052
27345 1.105851
21924 1.105685
23982 1.105546
14203 1.105546
13365 1.105546
13043 1.105238
23028 1.104612
6051 1.103973
14052 1.103973
2774 1.103973
20685 1.103973
11701 1.103973
22743 1.103973
25058 1.103473
12348 1.103381
16729 1.103381
13576 1.103321
5207 1.103156
19298 1.102964
344 1.102654
20868 1.102504
24477 1.102161
17916 1.102161
661 1.101920
21967 1.101743
2812 1.101385
1581 1.101277
65 1.100891
23379 1.100048
8394 1.099522
4167 1.099522
2045 1.099344
3383 1.099095
15769 1.098504
2113 1.098334
14788 1.098334
18099 1.098193
28824 1.097555
25985 1.097555
27809 1.097423
9386 1.097373
3850 1.097373
1657 1.096758
403 1.096758
27064 1.096132
2644 1.096132
12083 1.096079
4139 1.095942
2997 1.095850
7081 1.095260
15517 1.095106
4902 1.095106
17705 1.095106
15196 1.094985
24771 1.094681
16902 1.094374
24708 1.094374
22572 1.093960
6425 1.093960
16277 1.093751
21880 1.093373
1947 1.092885
13156 1.092885
3566 1.092169
3111 1.091552
16659 1.091552
8221 1.091552
26575 1.091552
29009 1.091552
5609 1.091408
16082 1.090124
20411 1.090124
20123 1.089776
23384 1.089636
13159 1.089513
13435 1.089457
12590 1.089307
23486 1.089307
13946 1.089070
1430 1.088975
6194 1.088472
674 1.088351
11252 1.088303
6325 1.087618
8384 1.087618
18914 1.087618
18351 1.087618
1318 1.086871
7830 1.086871
10178 1.086871
4126 1.086871
21039 1.086665
14872 1.086301
5792 1.086212
13063 1.085991
16427 1.085853
23181 1.085746
22978 1.085688
6101 1.085688
7057 1.085626
29543 1.085626
15288 1.085490
14668 1.085152
22317 1.085152
15942 1.084939
3413 1.084939
6510 1.084541
11395 1.084447
10314 1.084295
20252 1.084240
13551 1.084240
22197 1.084240
9920 1.084005
10460 1.084005
17736 1.083734
29929 1.083734
13265 1.083660
25871 1.083529
23675 1.083048
26270 1.083048
16683 1.082806
6496 1.082524
24822 1.082524
15449 1.082524
6879 1.082524
20239 1.082069
24212 1.081718
2581 1.081525
18863 1.081211
27792 1.081066
23230 1.081066
25902 1.081006
6721 1.080556
12552 1.080335
5697 1.080283
22329 1.080039
10430 1.080039
16568 1.080039
27271 1.079340
11095 1.079340
29014 1.079340
18083 1.079199
6068 1.078986
10692 1.077907
10752 1.077907
15218 1.077907
963 1.077468
29863 1.077358
27896 1.076801
16847 1.076801
9342 1.075666
6423 1.075666
29035 1.075666
22999 1.075666
4621 1.075666
20463 1.074737
9221 1.074670
7230 1.074670
7000 1.074593
9199 1.073909
12684 1.073493
25686 1.073493
26060 1.073493
29174 1.073165
11099 1.073165
376 1.073165
6625 1.072493
2169 1.071545
12791 1.071418
5672 1.071212
23536 1.071212
4283 1.071139
16174 1.070520
24086 1.070455
20004 1.070280
25563 1.070029
12687 1.070029
10630 1.069962
19847 1.069198
15755 1.068815
26788 1.068733
18173 1.068733
8896 1.068670
12882 1.068620
16290 1.068196
2717 1.068196
3059 1.068196
7373 1.068196
6822 1.068196
15381 1.067570
7138 1.067570
5806 1.067380
6161 1.066550
22114 1.065422
3450 1.065422
16746 1.064848
23287 1.064600
21810 1.064600
14299 1.063974
27053 1.063341
4386 1.063341
23996 1.063085
14225 1.062914
22819 1.062662
12190 1.062484
20935 1.062484
27327 1.062325
592 1.061358
14944 1.060637
7864 1.060489
11027 1.060489
17432 1.060372
5856 1.060372
15372 1.060278
1093 1.060237
22412 1.059368
22109 1.059368
800 1.059368
18448 1.059368
26015 1.059368
25255 1.059368
16948 1.058345
8742 1.058287
6190 1.057974
16840 1.057184
25391 1.056795
14015 1.056795
8127 1.056736
15119 1.056736
6313 1.056675
6386 1.056398
13705 1.056058
8667 1.055909
14608 1.055857
1937 1.055568
27443 1.055371
27291 1.055152
25674 1.055009
6284 1.054908
4111 1.054802
5621 1.054634
17511 1.054634
2890 1.054575
16855 1.054324
12599 1.054324
24673 1.054093
18753 1.054093
2690 1.053733
15604 1.053383
7461 1.052987
9565 1.052863
18718 1.052534
12616 1.052534
9772 1.052534
14425 1.052534
12525 1.052534
19642 1.052216
24780 1.051868
17844 1.051763
17488 1.051617
21740 1.051485
20017 1.051060
7442 1.050856
4664 1.050685
10704 1.050685
26393 1.050416
21625 1.050275
9078 1.049824
16 1.049738
25558 1.049738
28925 1.049385
4761 1.048775
26109 1.048775
23387 1.048158
7320 1.048158
17228 1.047598
11342 1.047465
25750 1.047300
22330 1.047300
17518 1.047235
25551 1.047235
7798 1.046681
5161 1.046681
9026 1.046617
4596 1.046396
14534 1.045507
3460 1.045117
13263 1.045117
18171 1.044756
27172 1.044423
19846 1.044423
9549 1.043919
27688 1.043226
1754 1.043136
28625 1.043136
7427 1.042980
5000 1.042641
16714 1.042641
607 1.042333
11690 1.041337
7888 1.041006
1593 1.041006
26905 1.041006
21749 1.040645
12977 1.040272
5620 1.040216
13634 1.040107
27644 1.039811
144 1.039811
15699 1.038947
29218 1.038786
8935 1.038642
7144 1.038642
29432 1.038391
21032 1.037924
22875 1.037324
4894 1.037324
13745 1.037183
27154 1.037066
252 1.036968
7195 1.036968
5583 1.036884
11707 1.035827
7393 1.035827
28121 1.035827
2025 1.034752
9986 1.034617
22853 1.034442
2356 1.034442
25548 1.034442
3921 1.034112
2968 1.033738
5342 1.033157
3542 1.032884
1345 1.032726
4519 1.032669
15478 1.032549
25667 1.032127
7652 1.031582
11922 1.031419
20246 1.031362
26689 1.030622
21 1.030476
5949 1.029805
17774 1.029472
3382 1.029353
2310 1.029101
20340 1.028828
4784 1.028532
738 1.027371
14430 1.027309
29085 1.027236
20292 1.027049
13831 1.026701
27273 1.026578
11059 1.026236
13749 1.026055
17959 1.025975
3836 1.025975
11089 1.025915
7726 1.025469
15065 1.025037
4021 1.024444
28670 1.024214
28526 1.024056
17021 1.023908
8700 1.023726
21971 1.023195
1579 1.022198
13078 1.021144
2935 1.020846
4989 1.020846
28978 1.020846
4560 1.020594
6665 1.020594
28841 1.020227
1839 1.019642
10125 1.018965
27322 1.018910
27922 1.018770
12714 1.018228
4593 1.018109
1025 1.017734
29095 1.016543
7026 1.016255
21773 1.016146
1277 1.015633
3919 1.015174
3254 1.014157
19767 1.013309
12306 1.012778
23619 1.012778
9916 1.012706
25607 1.012706
25429 1.012706
893 1.012392
6839 1.012285
379 1.011976
21885 1.011584
9629 1.011397
20751 1.011215
11563 1.011164
13080 1.010995
25045 1.010867
10832 1.010380
1893 1.010380
1496 1.009931
18014 1.009573
19028 1.009238
19466 1.009130
21555 1.008625
25374 1.008568
1307 1.008437
3255 1.007556
27690 1.007556
1555 1.007298
7288 1.007054
18555 1.006167
12377 1.004942
4496 1.004942
27760 1.004942
23711 1.004752
12609 1.004351
15829 1.004146
28294 1.003312
15487 1.003243
29624 1.002927
13114 1.002869
17319 1.002869
2351 1.002283
1347 1.000791
23590 1.000515
917 1.000220
27211 1.000220
16909 0.998833
27879 0.998833
8640 0.998833
28243 0.998833
13026 0.998833
19399 0.998833
19892 0.998833
1412 0.997422
29175 0.997053
23792 0.996983
22015 0.996070
3784 0.995806
2038 0.995707
22349 0.995707
28678 0.994939
20538 0.994394
23594 0.994394
21533 0.992923
13324 0.991749
6579 0.991532
14129 0.991179
18664 0.990509
11287 0.989410
10665 0.989088
12223 0.988744
7636 0.988297
27961 0.987082
5775 0.986942
8635 0.986027
25757 0.986027
4928 0.986027
8950 0.985633
19901 0.984960
29428 0.984765
8958 0.984765
12605 0.984035
21241 0.984035
27802 0.983699
20018 0.983380
15305 0.983054
7978 0.983054
4754 0.982512
28260 0.982323
16961 0.981310
19698 0.981310
18264 0.981310
8588 0.980755
11325 0.980163
29112 0.978856
6479 0.978417
26589 0.978132
5254 0.977353
2999 0.977353
1 0.976729
29951 0.976637
25335 0.975604
22584 0.975310
28524 0.974619
27972 0.974272
13214 0.972374
21339 0.971088
2767 0.971088
29870 0.971088
7319 0.969369
6506 0.968748
3007 0.968100
24408 0.967423
1507 0.965342
19844 0.964823
27745 0.964068
26099 0.963319
2901 0.962947
19300 0.962643
506 0.961660
27295 0.960416
15696 0.959663
27028 0.959099
29436 0.959056
19981 0.958949
14399 0.956939
28106 0.956430
28182 0.956148
21891 0.954832
19189 0.954440
19837 0.953432
6156 0.951270
24350 0.951270
12292 0.950996
10961 0.950889
16104 0.950346
1165 0.950058
25578 0.950058
23342 0.949917
24616 0.947611
27894 0.947611
4288 0.947491
22230 0.946441
26728 0.946441
26467 0.946369
15015 0.946369
22797 0.945192
22569 0.944430
5518 0.943801
5326 0.942433
10845 0.942377
8334 0.942162
26459 0.940668
16721 0.939970
5766 0.938871
17239 0.938298
14802 0.938298
11261 0.936929
19442 0.935213
12697 0.935121
8055 0.932244
1645 0.932244
3190 0.932244
14834 0.930365
13564 0.930200
3329 0.927363
15480 0.926268
28675 0.926070
11893 0.926001
15269 0.922533
14619 0.921886
6184 0.921404
14616 0.919646
27876 0.918467
26441 0.916961
27966 0.916780
23218 0.916780
22261 0.914909
20666 0.914217
22635 0.913506
24447 0.912588
7956 0.907593
601 0.902492
19627 0.901794
24417 0.901462
26300 0.892574
15047 0.888884
10731 0.886017
15068 0.885632
9886 0.884437
4643 0.883583
27898 0.879767
28420 0.875744
10678 0.873979
14277 0.868868
26214 0.867505
14253 0.866019
10490 0.861620
12757 0.854557
20906 0.843459
24140 0.621496
11575 0.621496
21564 0.621496
1622 0.621496
26985 0.621496
1178 0.621496
6095 0.621496
1249 0.621496
14963 0.621496
10635 0.618917
8428 0.618917
24295 0.618551
8429 0.618062
23524 0.618062
23240 0.618062
992 0.617752
17245 0.617380
5817 0.616360
27498 0.615633
10534 0.615186
29233 0.615186
8519 0.614666
21510 0.614053
19089 0.614053
22538 0.614053
15600 0.612743
18588 0.612079
12589 0.611308
8044 0.611138
8332 0.610640
23980 0.610398
25411 0.610398
24961 0.610398
8357 0.609879
15533 0.609879
2042 0.609879
7774 0.609544
24807 0.609310
6319 0.609310
14155 0.608812
1792 0.608548
6940 0.608434
16394 0.608434
21727 0.608434
11976 0.607985
16622 0.607505
4869 0.607371
20325 0.607371
23241 0.607043
9455 0.606786
6206 0.606434
16501 0.605959
1337 0.605959
21957 0.605959
27049 0.605353
203 0.605353
5921 0.605353
7401 0.604699
4918 0.604639
16566 0.604639
8864 0.604639
12548 0.604639
29798 0.603356
9995 0.603356
13730 0.601861
8415 0.601861
29998 0.601756
26325 0.601756
10879 0.600780
25406 0.600157
23407 0.600097
23029 0.600097
16107 0.599959
24746 0.599300
2757 0.599300
20099 0.598989
26953 0.598989
17411 0.598572
1600 0.598232
11569 0.598121
11412 0.598121
29574 0.597986
28440 0.597852
249 0.597592
13064 0.597592
21418 0.597592
1032 0.597592
13394 0.597592
29576 0.597292
14458 0.597292
27996 0.597004
25983 0.596864
778 0.596525
1538 0.596460
4614 0.596203
4983 0.595319
9380 0.595264
22163 0.595264
18620 0.595049
17421 0.594641
26895 0.594543
5633 0.594077
6594 0.594077
28766 0.594077
16030 0.594077
14605 0.593786
25893 0.593786
19513 0.593786
20863 0.593786
22795 0.593646
4159 0.593442
9875 0.593442
2143 0.593246
19979 0.593246
4860 0.593246
12264 0.592996
21948 0.592875
21019 0.592875
26548 0.592875
2201 0.592698
2265 0.592363
21609 0.592310
24979 0.592310
6854 0.592101
20134 0.592101
101 0.592050
27581 0.591901
19309 0.591525
602 0.591349
6852 0.591349
16554 0.591179
25462 0.590708
12093 0.590562
18026 0.590562
19780 0.590562
16892 0.590562
9602 0.590421
29252 0.590286
8224 0.590155
21254 0.590028
29898 0.590028
16990 0.590028
13447 0.590028
19993 0.590028
4060 0.589787
504 0.589672
20954 0.589672
13122 0.589672
2745 0.589507
24375 0.589350
13501 0.589350
12922 0.589055
14030 0.588918
7639 0.588786
9864 0.588786
27058 0.588538
20365 0.588309
29159 0.588202
9137 0.587809
13500 0.587809
19666 0.587633
17353 0.587549
14730 0.587468
24188 0.587390
29393 0.587390
18328 0.587314
14614 0.586511
7627 0.586317
10298 0.586317
9811 0.586317
28599 0.586317
24229 0.586142
28439 0.586060
27873 0.585982
7903 0.585982
17168 0.585836
9993 0.585703
5064 0.585703
3934 0.585703
20093 0.585641
15657 0.585641
26825 0.585580
14066 0.585414
24160 0.585414
26229 0.585414
22415 0.585265
23930 0.585265
6584 0.585219
14246 0.585175
1877 0.585175
24480 0.585175
25865 0.585132
22658 0.585132
1367 0.585050
2175 0.582653
7670 0.582653
18074 0.582653
24698 0.582653
314 0.582653
17994 0.582653
1063 0.582653
855 0.582653
23703 0.582653
16562 0.582653
7836 0.582653
17816 0.582653
24341 0.582653
12704 0.582653
10643 0.582653
22963 0.582653
18143 0.582653
14000 0.580194
8957 0.580152
9780 0.580152
4391 0.580108
23672 0.580063
11873 0.579865
23916 0.579865
16773 0.579634
16498 0.579634
7282 0.579634
890 0.579570
17006 0.579570
26810 0.579570
24279 0.579570
24744 0.579503
28489 0.579434
2167 0.579361
9268 0.579205
29395 0.579121
20656 0.578844
25331 0.577991
21104 0.577991
3462 0.577991
17360 0.577916
22941 0.577673
27941 0.577586
16762 0.577496
24259 0.577496
9890 0.577207
25063 0.577207
10229 0.577104
1343 0.576996
12268 0.576996
22698 0.576767
20710 0.576646
19598 0.576646
18633 0.576519
26213 0.576388
5607 0.576250
28961 0.575955
15082 0.575955
22909 0.575798
10388 0.575798
22621 0.575798
27892 0.575633
9121 0.575633
29033 0.575633
26539 0.575633
20084 0.575576
372 0.575459
10882 0.575214
3310 0.575086
20030 0.575086
14505 0.575086
6470 0.574884
19717 0.574814
24096 0.574814
23261 0.574368
15255 0.574208
16028 0.574208
8374 0.573305
21662 0.573305
23505 0.573255
25875 0.572942
6537 0.572942
301 0.572942
26240 0.572777
14784 0.572664
5899 0.572607
7779 0.572431
23105 0.572431
9336 0.572248
4606 0.572059
17991 0.571863
1861 0.571659
9730 0.571659
18218 0.571448
7424 0.571448
29921 0.571375
18833 0.571077
8302 0.570953
6545 0.570953
1472 0.570762
751 0.570762
4311 0.570762
22243 0.570564
12187 0.570360
4699 0.570149
29149 0.569986
5648 0.569986
176 0.569931
8632 0.569705
16744 0.569705
17085 0.569705
5619 0.569705
29444 0.569470
15121 0.569410
14457 0.568975
107 0.568669
10533 0.568442
13023 0.568442
9444 0.568442
11565 0.568442
12989 0.568442
11895 0.568442
6205 0.568207
1278 0.568207
9940 0.568159
19429 0.567864
6770 0.567713
789 0.567713
27907 0.567453
25688 0.567238
13962 0.567238
6803 0.567184
2456 0.566905
5750 0.566905
12948 0.566616
17932 0.566317
736 0.566317
11769 0.566317
24749 0.566193
15750 0.565813
4974 0.565813
17003 0.565682
15928 0.565587
21938 0.565414
1914 0.565414
15459 0.565414
3070 0.565346
8867 0.565346
18256 0.565346
13806 0.565346
3495 0.565346
14108 0.565297
5495 0.564996
27740 0.564996
29051 0.564996
12659 0.564996
12235 0.564996
15729 0.564685
14031 0.564632
4082 0.564632
14663 0.564558
17158 0.564253
16809 0.564253
21486 0.564253
25993 0.564097
23325 0.564029
2506 0.564029
27304 0.563857
2187 0.563612
12808 0.563323
3748 0.562949
6970 0.562949
22318 0.562902
9852 0.562902
18240 0.562902
6875 0.562561
11634 0.562209
14191 0.562209
28812 0.562088
29795 0.562088
2823 0.561737
16861 0.561737
13651 0.561593
593 0.561593
1891 0.561465
22683 0.561299
27840 0.561249
23579 0.561073
29846 0.561073
2137 0.561073
2297 0.561073
9608 0.560527
9755 0.560527
22783 0.560527
29546 0.560365
9592 0.560147
5210 0.559952
15982 0.559867
4951 0.559867
10600 0.559867
15821 0.559346
4991 0.559346
12673 0.559346
6124 0.559346
6169 0.559346
8826 0.558925
18439 0.558925
5870 0.558925
503 0.558925
25713 0.558871
2412 0.558801
2301 0.558230
11066 0.558171
11271 0.558033
13993 0.557859
9545 0.557631
25379 0.557562
28065 0.557001
13311 0.556871
10906 0.556757
18054 0.556757
10341 0.556704
19516 0.556407
9734 0.556407
5610 0.556407
11960 0.556339
5275 0.556168
12765 0.556168
1905 0.555925
2422 0.555925
4202 0.555836
9711 0.555642
23377 0.555642
20422 0.555482
19530 0.555482
2348 0.555426
14810 0.555426
262 0.555379
18497 0.554907
13243 0.554907
6142 0.554907
987 0.554907
22251 0.554907
3206 0.554907
2677 0.554460
6436 0.554460
9717 0.554460
9946 0.554418
29989 0.554368
15234 0.554368
17431 0.554231
17025 0.554231
8641 0.554231
17638 0.553998
25650 0.553998
17535 0.553998
4567 0.553808
11945 0.553681
1294 0.553681
18562 0.553520
28618 0.553520
15901 0.553387
24321 0.553387
23473 0.553387
5888 0.553226
7876 0.553026
1567 0.552773
24849 0.552773
2958 0.552773
15535 0.552773
22629 0.552233
23157 0.552233
28551 0.551987
17423 0.551690
18476 0.551690
816 0.551624
3373 0.551327
23084 0.551223
18793 0.551223
11121 0.551080
23276 0.551080
4864 0.551080
26322 0.550693
23825 0.550639
1080 0.550283
19772 0.550144
12998 0.549919
9990 0.549919
17781 0.549919
26029 0.549919
2511 0.549576
7072 0.549038
28012 0.548379
2116 0.548379
19762 0.547793
25987 0.547747
7001 0.547693
25332 0.547630
7542 0.547092
24639 0.546980
9421 0.546686
9147 0.546686
8473 0.546411
19952 0.546411
19367 0.546237
9645 0.546029
7815 0.546029
5077 0.545909
16551 0.545776
16567 0.545704
2190 0.545704
2236 0.545462
22563 0.545235
6297 0.545172
23642 0.545172
2806 0.544969
22599 0.544818
12879 0.544818
29485 0.544654
23482 0.544535
7777 0.544535
22499 0.544535
9252 0.544446
7066 0.544274
24367 0.544274
25949 0.544203
4228 0.543809
1418 0.543809
28356 0.543809
1699 0.543809
7045 0.543407
1483 0.543332
5442 0.543055
19032 0.542745
23409 0.542470
5608 0.542343
9154 0.542271
24854 0.542002
6566 0.542002
22787 0.541765
8555 0.541709
6988 0.541709
24004 0.541553
8609 0.541303
18922 0.540859
21755 0.540605
20880 0.539859
11368 0.539399
13022 0.539399
23285 0.539315
16584 0.539315
3241 0.538954
3272 0.538954
6198 0.538869
17333 0.538797
7950 0.538679
26133 0.538630
25638 0.538586
21149 0.538586
19833 0.538586
9003 0.537833
29050 0.537833
26397 0.537833
21611 0.537833
25006 0.537833
26223 0.537833
21899 0.537833
19020 0.537833
13617 0.537833
16936 0.537833
5016 0.537095
7812 0.537095
22264 0.536954
3394 0.536954
26731 0.536826
8756 0.536333
18401 0.536150
440 0.536040
11982 0.536040
24805 0.535772
11430 0.535772
22058 0.535664
4874 0.535664
25926 0.535410
2627 0.535260
26866 0.535089
9143 0.534894
23016 0.534894
22769 0.534894
3844 0.534729
15637 0.534729
3875 0.533513
1875 0.533513
19977 0.533513
72 0.533513
5424 0.533374
21142 0.533146
23905 0.533146
22793 0.533146
29519 0.533065
13906 0.532711
15008 0.532711
9637 0.532711
27827 0.532711
13570 0.532711
14273 0.532424
21185 0.532424
4695 0.532300
3264 0.531741
24844 0.531543
5039 0.531543
8351 0.531543
15169 0.531379
17323 0.531379
12464 0.531162
11841 0.531025
25327 0.531025
15184 0.531025
867 0.530861
15464 0.530861
5970 0.530733
7446 0.530733
19891 0.530545
6477 0.530545
4129 0.530545
192 0.530319
5303 0.530245
23174 0.530139
21201 0.529684
11191 0.529684
13349 0.529684
17263 0.529684
28203 0.529684
16279 0.529222
8008 0.529112
26850 0.528794
20939 0.528452
7385 0.528452
20610 0.528452
13542 0.528452
26312 0.528272
15871 0.528272
16910 0.528272
15828 0.528119
3694 0.527928
5447 0.527928
21182 0.527873
3261 0.527685
10792 0.527454
9678 0.527287
5727 0.527287
24903 0.527287
3170 0.527162
18115 0.527162
20499 0.527022
7203 0.527022
27521 0.526921
15811 0.526921
8951 0.526692
22062 0.526628
15849 0.526628
9642 0.526267
91 0.526267
23747 0.526267
2883 0.526267
29097 0.526267
9379 0.525934
14950 0.525934
18196 0.525881
21285 0.525881
17434 0.525808
29866 0.525627
5243 0.525627
10170 0.525627
22284 0.525530
21129 0.525398
2635 0.525342
20613 0.525208
15178 0.525028
23960 0.525028
1834 0.524640
4077 0.524387
6200 0.524387
5881 0.524387
27430 0.524043
14289 0.524043
14864 0.523853
1508 0.523853
5226 0.523853
4166 0.523733
24331 0.523617
29730 0.523453
12779 0.523453
5771 0.523400
9933 0.523198
6872 0.523198
5977 0.523198
7029 0.523198
22583 0.522754
12939 0.522378
16984 0.522057
204 0.521960
15257 0.521960
17667 0.521778
24308 0.521613
309 0.521461
13230 0.521461
3707 0.521461
26248 0.521321
25387 0.521321
3740 0.520542
25019 0.520428
12968 0.520226
26343 0.520054
1979 0.519563
12342 0.519473
13012 0.519473
15313 0.519393
14287 0.519393
13673 0.519321
12000 0.519321
28592 0.519255
8157 0.519255
26129 0.519141
13960 0.519090
3700 0.519044
3858 0.517913
20915 0.517913
10537 0.517913
26288 0.517913
25460 0.517913
26198 0.517913
28127 0.517913
26424 0.517913
17038 0.517913
15120 0.517913
4334 0.517913
17864 0.517913
29195 0.516869
19256 0.516830
9277 0.516788
23487 0.516692
15412 0.516638
12713 0.516638
22668 0.516579
21360 0.516579
18397 0.516274
29920 0.515791
8437 0.515791
11642 0.515710
13930 0.515622
24992 0.515622
23447 0.515423
20603 0.515423
26255 0.515423
22430 0.515311
22380 0.515188
22300 0.515052
12821 0.514902
2500 0.514676
19829 0.514414
10182 0.514105
9490 0.514105
9031 0.514105
21814 0.514105
13998 0.513737
20733 0.513686
21693 0.513524
746 0.513524
17063 0.513524
14655 0.513350
14020 0.513289
11600 0.513162
16712 0.513027
10608 0.512957
3292 0.512734
10661 0.512734
12675 0.512734
15263 0.512541
10742 0.512490
29636 0.512490
19873 0.512332
12485 0.512332
27796 0.511863
7281 0.511597
27971 0.511597
27613 0.511597
18878 0.511597
19056 0.511597
11143 0.511597
2117 0.511358
2776 0.511358
15560 0.511307
19519 0.511231
12999 0.510989
7749 0.510515
27947 0.510252
4078 0.510252
24266 0.510183
15475 0.510183
19246 0.510134
9255 0.509821
26482 0.509821
20201 0.509821
25521 0.509821
1602 0.509526
5855 0.509482
9590 0.509339
15390 0.509339
17901 0.509339
156 0.509339
16144 0.509209
25702 0.509114
18071 0.508867
27936 0.508867
29286 0.508712
7559 0.508497
1690 0.508497
24775 0.508497
29220 0.508322
3549 0.508271
17694 0.508095
9720 0.507954
14859 0.507954
11465 0.507954
18067 0.507954
29351 0.507658
16677 0.507658
10040 0.507555
21359 0.507555
13433 0.507555
29431 0.507250
14262 0.507250
15718 0.507179
17527 0.507179
11073 0.507124
25888 0.507078
25093 0.506654
11152 0.506654
14068 0.506654
16928 0.506654
25424 0.506654
15434 0.506654
5171 0.506143
304 0.505792
29133 0.504966
27748 0.504966
14734 0.504787
1238 0.504787
12651 0.504787
7717 0.504718
15133 0.504461
18860 0.504219
11058 0.504173
20900 0.503916
15532 0.503916
16814 0.503916
25458 0.503649
11327 0.503649
19956 0.503599
21953 0.503599
381 0.503527
15389 0.503412
23762 0.503412
10389 0.503324
3301 0.503200
22778 0.503200
27890 0.503083
7265 0.502921
5756 0.502681
11771 0.502681
27138 0.502287
882 0.502287
25547 0.502287
26421 0.502123
7532 0.502123
9628 0.501978
25852 0.501978
22023 0.501978
5953 0.501806
27567 0.501806
21582 0.501656
10079 0.501524
17126 0.501524
27924 0.501524
25651 0.501207
25412 0.501207
28788 0.501081
27836 0.500877
23436 0.500438
19918 0.500438
10911 0.500357
17866 0.500357
7091 0.500131
21542 0.500131
16230 0.499417
22774 0.499417
28113 0.499417
8009 0.498731
8831 0.498690
11772 0.498642
23816 0.498588
6130 0.498526
22212 0.498454
102 0.498454
22824 0.497994
7410 0.497903
4952 0.497386
27116 0.497386
22162 0.497327
29284 0.497327
18565 0.497197
12231 0.497197
24258 0.496687
6844 0.496687
23381 0.496687
27251 0.496521
3400 0.496461
14055 0.496334
11973 0.496194
18262 0.495875
6197 0.495875
17727 0.495875
24623 0.495650
8512 0.495590
24983 0.495590
384 0.495590
13457 0.495395
16434 0.495255
5013 0.495255
3125 0.495255
28313 0.495104
18031 0.494997
13358 0.494997
23820 0.494372
18995 0.494372
22768 0.494372
24085 0.494372
23492 0.494372
21229 0.494089
6344 0.494089
15993 0.493988
28980 0.493988
11650 0.493773
9295 0.493773
1748 0.493676
14519 0.493541
10227 0.493541
1218 0.493251
6224 0.493251
13757 0.493014
7886 0.493014
16680 0.492758
6138 0.492382
29103 0.492382
23098 0.492018
5065 0.492018
10438 0.491690
2101 0.491318
5589 0.491256
17102 0.491162
6689 0.490655
19636 0.490655
28238 0.490655
15893 0.490655
8427 0.490655
455 0.490026
17553 0.490026
23118 0.489624
2886 0.489535
13000 0.489428
21396 0.489299
11142 0.489140
14977 0.489140
23113 0.489140
25141 0.489140
2415 0.489140
6343 0.489140
13566 0.489012
21349 0.488860
15816 0.488860
1965 0.488676
10062 0.488451
7856 0.488451
26497 0.488318
13989 0.487802
6030 0.487575
7904 0.487526
16590 0.487448
5408 0.487190
323 0.487136
25152 0.486993
861 0.486773
9567 0.486773
26219 0.486773
1888 0.486714
1659 0.486487
12213 0.486388
10121 0.486063
6706 0.486063
26703 0.486004
7861 0.485544
29487 0.485544
3992 0.485544
1732 0.485544
8803 0.485544
16829 0.485147
11175 0.485104
23228 0.484767
7923 0.484684
844 0.484684
18303 0.484582
25376 0.484582
16993 0.484582
23408 0.484453
23812 0.484283
24255 0.484283
10579 0.484283
10324 0.484283
14198 0.483712
19230 0.483478
3544 0.483306
9556 0.483028
12571 0.482919
17897 0.482919
29098 0.482671
11964 0.482671
22222 0.482671
9594 0.482601
10011 0.482549
14875 0.482195
6646 0.481746
18090 0.481746
21437 0.481659
25309 0.481659
11353 0.481531
12735 0.481531
18306 0.481219
28052 0.481158
3076 0.481089
13254 0.480920
11655 0.480688
29601 0.480688
20471 0.480433
28066 0.480247
23992 0.480176
11262 0.480126
16270 0.479832
21054 0.479832
28706 0.479832
28385 0.479832
15862 0.479549
22295 0.479504
29381 0.479440
20688 0.479279
18153 0.479279
15051 0.479279
16481 0.479191
12539 0.479070
10334 0.479070
4242 0.478893
918 0.478720
3133 0.478720
18967 0.478470
23292 0.478074
21021 0.478074
20642 0.478074
29182 0.478074
18437 0.478074
12167 0.477775
14122 0.477703
10777 0.477584
366 0.477491
16175 0.477491
11579 0.477354
25389 0.477220
17756 0.477220
7723 0.477220
1232 0.477220
11623 0.477026
23242 0.477026
23925 0.476716
8779 0.476423
21952 0.476255
22048 0.476255
5450 0.476146
17176 0.476146
9635 0.475884
19917 0.475833
14302 0.475833
23295 0.475635
22372 0.475445
9291 0.475398
25162 0.475322
11082 0.475173
16863 0.475173
1736 0.475173
14269 0.475029
965 0.475029
2992 0.474754
23608 0.474754
17848 0.474559
7358 0.474372
19617 0.474372
23247 0.474372
10071 0.474372
15018 0.474252
11503 0.474252
20290 0.474193
9611 0.474022
17779 0.473859
7541 0.473859
26848 0.473701
29855 0.473405
10623 0.473405
8037 0.473220
14222 0.473220
8776 0.473045
12151 0.473045
4155 0.473045
8821 0.472718
26406 0.472718
17033 0.472566
22116 0.472421
7489 0.472215
8329 0.472022
4979 0.472022
2537 0.472022
20861 0.471783
25984 0.471783
2291 0.471671
26063 0.471671
3749 0.471511
773 0.471081
14378 0.470830
12437 0.470714
18966 0.470714
22229 0.470604
9719 0.470499
19747 0.470398
16613 0.470303
3045 0.470123
12890 0.469958
21882 0.469054
23663 0.468964
20527 0.468964
14839 0.468880
22726 0.468655
19284 0.468655
9800 0.468588
29412 0.468525
2060 0.468525
23152 0.468352
28843 0.468250
16179 0.468203
6083 0.468032
15636 0.468032
24335 0.467994
23553 0.466122
21214 0.466122
19183 0.466122
5820 0.466122
5513 0.466122
3926 0.466122
13183 0.466122
5155 0.466122
18692 0.466122
4343 0.466122
21562 0.466122
23074 0.466122
9806 0.466122
1198 0.466122
20945 0.466122
26644 0.466122
13366 0.466122
772 0.466122
20020 0.466122
20427 0.466122
175 0.466122
24731 0.466122
29600 0.466122
17469 0.464227
9512 0.464060
5023 0.463964
21991 0.463913
3555 0.463744
13659 0.463682
29661 0.463682
16242 0.463547
22180 0.463314
1217 0.463227
4142 0.463134
29150 0.463035
17082 0.462348
15396 0.462348
12467 0.462270
27012 0.462189
19359 0.462189
28723 0.462015
11437 0.461725
6215 0.461618
1997 0.461618
29955 0.461390
25920 0.461390
8702 0.461267
21815 0.461137
20715 0.461137
27934 0.461137
22391 0.461000
15098 0.461000
5889 0.460855
28609 0.460702
15677 0.460540
10489 0.460483
20531 0.460367
25071 0.460184
26894 0.460184
1228 0.460120
29002 0.459989
4813 0.459851
18676 0.459851
17107 0.459708
13335 0.459708
26209 0.459399
27168 0.459234
11820 0.459234
3913 0.459234
16812 0.458877
7698 0.458877
10510 0.458684
5413 0.458481
18056 0.458481
10735 0.458266
27601 0.458266
19765 0.458266
28476 0.457798
27218 0.457798
11165 0.457543
8347 0.457410
24647 0.457272
23633 0.457272
10979 0.457272
15530 0.457201
26372 0.456982
17900 0.456800
8698 0.456800
15375 0.456753
13530 0.456609
10147 0.456411
15957 0.456411
3514 0.455989
28129 0.455989
18616 0.455989
27139 0.455989
15157 0.455706
12184 0.455528
22097 0.455528
3847 0.455407
9101 0.455090
9445 0.454753
11134 0.454753
12216 0.454517
28148 0.454170
11201 0.454170
15320 0.453856
14953 0.453856
7785 0.453174
16769 0.452867
2694 0.452867
806 0.452804
6608 0.452804
5605 0.452546
8316 0.452546
23774 0.452413
4721 0.452058
17670 0.452058
10250 0.451997
476 0.451997
13085 0.451997
16831 0.451853
22844 0.451748
10806 0.451479
8887 0.451425
1527 0.451086
14368 0.451086
2929 0.451086
23850 0.450731
11794 0.450585
7014 0.450454
15963 0.450454
24193 0.450359
24399 0.450359
4345 0.450359
569 0.450232
9651 0.450232
29503 0.449969
3481 0.449969
22304 0.449767
25912 0.449767
7246 0.449559
6857 0.449559
9913 0.449274
3860 0.449274
20 0.449274
13841 0.449274
24037 0.449274
22059 0.449274
6042 0.449128
4232 0.449017
21465 0.448929
18710 0.448751
1309 0.448674
4217 0.448615
22692 0.448569
26114 0.448194
771 0.448194
10370 0.447753
19743 0.447753
16363 0.447601
27634 0.447601
2430 0.447601
10264 0.447477
8048 0.447394
10090 0.447289
19748 0.447289
5187 0.447152
18283 0.447097
739 0.446700
22247 0.446584
21024 0.446519
19313 0.446287
6700 0.445745
22870 0.445745
10075 0.445745
4832 0.445406
3985 0.445279
13834 0.444847
13882 0.444567
6187 0.444567
10736 0.444498
17978 0.444498
9440 0.444442
17029 0.444396
17777 0.444396
20388 0.443926
10780 0.443926
22794 0.443384
26486 0.443384
949 0.443245
16493 0.443245
1552 0.443245
11210 0.443245
14912 0.442521
5836 0.442521
19252 0.442012
3653 0.442012
25761 0.441822
28683 0.441822
18260 0.441822
26679 0.441750
10902 0.441750
20957 0.441750
19107 0.441589
8642 0.441589
13545 0.441299
16408 0.441232
27656 0.441185
23836 0.441185
14450 0.440926
17744 0.440926
25378 0.440926
2268 0.440926
29757 0.440662
29191 0.440542
14231 0.440226
20560 0.440115
3769 0.439962
23856 0.439914
21786 0.439914
12738 0.439914
9163 0.439738
4168 0.439487
7333 0.439377
27360 0.439277
6704 0.439277
16079 0.439277
28695 0.439100
4489 0.438881
20924 0.438703
605 0.438703
22659 0.438432
10369 0.438432
944 0.438432
17792 0.438234
14799 0.438155
26576 0.437794
14054 0.437729
3916 0.437626
20338 0.437584
17699 0.437584
20567 0.437584
18748 0.437584
20378 0.436989
4313 0.436989
21410 0.436370
14521 0.436370
18007 0.436272
611 0.436050
22804 0.435805
24333 0.435723
21252 0.435723
26092 0.435723
7261 0.435389
491 0.435389
13543 0.435234
26331 0.435047
20575 0.435047
26855 0.434899
769 0.434899
11122 0.434899
5217 0.434521
6208 0.434521
1846 0.434521
14949 0.434275
22796 0.434275
9283 0.434041
23846 0.433837
14569 0.433602
9338 0.433602
302 0.433602
7643 0.433602
3619 0.433378
16399 0.433254
21575 0.432828
23094 0.432687
7946 0.432628
28523 0.432628
17308 0.432166
15236 0.432016
27699 0.431595
9973 0.431595
25734 0.431595
29551 0.431163
26344 0.431163
871 0.431163
25715 0.431096
4450 0.430776
18434 0.430656
9797 0.430656
25981 0.430267
11401 0.430113
12707 0.430113
7842 0.430053
19869 0.429918
7879 0.429826
1197 0.429826
24691 0.429826
25161 0.429666
24337 0.429323
25717 0.429323
19914 0.429323
12819 0.429066
1258 0.428947
29918 0.428832
14144 0.428744
13234 0.428618
7804 0.428498
12299 0.428498
11965 0.428275
21695 0.428071
753 0.428071
20919 0.427770
6500 0.427770
26217 0.427770
19928 0.427508
10963 0.427448
289 0.427279
28006 0.427075
10598 0.427075
26364 0.426894
8668 0.426731
8382 0.426517
9815 0.426517
4093 0.426517
16114 0.426517
4335 0.426331
18144 0.426331
24592 0.426169
18447 0.426026
26147 0.426026
22257 0.426026
19178 0.425898
13494 0.425785
28844 0.424994
985 0.424918
4536 0.424918
4305 0.424918
9261 0.424918
3316 0.424851
29342 0.424645
29625 0.424605
1929 0.424605
25452 0.423747
11264 0.423747
26289 0.423747
23140 0.423747
17680 0.423747
9002 0.422810
67 0.422810
17161 0.422810
12756 0.422762
17376 0.422709
16848 0.422583
25211 0.422583
25497 0.422508
11044 0.422508
22580 0.422508
16857 0.422423
4005 0.421921
5746 0.421921
26037 0.421493
6599 0.421493
11552 0.421195
29613 0.421013
29347 0.420947
9236 0.420947
6379 0.420647
7321 0.420647
21278 0.420647
6175 0.420647
5846 0.420647
19595 0.420471
2329 0.420274
1742 0.420274
11129 0.419930
16591 0.419731
13674 0.419510
27114 0.419510
19061 0.419101
6972 0.418986
28201 0.418986
27300 0.418865
25408 0.418605
9276 0.418559
10185 0.418315
5504 0.418315
20332 0.418315
10320 0.418315
6823 0.418315
15973 0.418047
7951 0.417990
11629 0.417624
22758 0.417423
3203 0.417208
7391 0.417057
6014 0.416944
23003 0.416857
28997 0.416857
9576 0.416732
16239 0.416645
10288 0.416645
4256 0.416583
27150 0.416583
17051 0.416583
27944 0.416180
20731 0.416180
25988 0.415835
27361 0.415356
21984 0.415356
9881 0.415224
2032 0.415224
28709 0.415169
10741 0.414873
5102 0.414648
2781 0.414648
22010 0.414331
29822 0.414068
11847 0.414068
6304 0.413990
28399 0.413990
13106 0.413718
29985 0.413718
14455 0.413495
5347 0.413310
6149 0.412712
14140 0.412596
2384 0.412497
19495 0.412120
1210 0.412042
18033 0.412042
12681 0.412042
23107 0.411875
17477 0.411835
16280 0.411284
1693 0.411284
1157 0.411284
9621 0.411284
13096 0.411284
18207 0.411284
7914 0.411284
12974 0.411284
14995 0.410722
21977 0.410680
26639 0.410631
10051 0.410574
18767 0.410574
7432 0.410574
5568 0.409778
1071 0.409778
14342 0.409622
26954 0.409622
12634 0.409563
20311 0.409563
22395 0.409563
9081 0.409563
4817 0.409096
11228 0.408879
27056 0.408879
27090 0.408879
25189 0.408685
9891 0.408614
3578 0.408614
17750 0.408457
19277 0.408457
15259 0.408355
659 0.407857
18430 0.407857
24677 0.407857
20323 0.407857
24768 0.407538
13399 0.407538
18133 0.407538
26870 0.407291
17505 0.407155
6755 0.406757
22548 0.406617
14786 0.406502
27837 0.405977
19939 0.405977
12312 0.405893
5834 0.405893
4575 0.405893
9813 0.405828
244 0.405776
14507 0.405324
4432 0.405324
4422 0.405324
24938 0.404894
12065 0.404848
11423 0.404848
25478 0.404790
18991 0.404717
12570 0.404717
23607 0.404486
4870 0.404398
15185 0.404398
4277 0.404098
14216 0.403972
14576 0.403819
20680 0.403625
4402 0.403375
42 0.403375
5162 0.403375
25457 0.403375
9341 0.403375
13732 0.403186
29868 0.403186
7921 0.403133
7615 0.402956
4388 0.402822
22664 0.402822
22042 0.402822
15229 0.402671
16970 0.402475
5841 0.402475
6362 0.402308
17064 0.402308
11039 0.402308
4672 0.402185
29230 0.401829
10321 0.401829
2440 0.401829
6519 0.401829
8032 0.401829
23511 0.401829
20353 0.401445
5043 0.401383
19260 0.401383
27029 0.401297
19468 0.401297
25383 0.401171
16331 0.400965
15563 0.400865
28172 0.400806
1303 0.400574
18234 0.400350
8676 0.400350
14373 0.400206
19482 0.400105
6157 0.400105
28199 0.399927
16186 0.399860
5214 0.399812
20595 0.399533
2127 0.399533
12667 0.399533
4735 0.399225
20541 0.399225
19115 0.398933
7697 0.398657
22496 0.398498
19166 0.398195
28732 0.398195
25146 0.398146
15416 0.397909
3114 0.397909
27192 0.397575
1741 0.397385
26442 0.397385
11843 0.397263
29684 0.397144
8344 0.397144
9259 0.396298
6314 0.396298
5145 0.396298
14317 0.396204
11611 0.396204
16574 0.395764
11798 0.395764
10520 0.395764
12176 0.395764
29295 0.395764
24583 0.395562
9616 0.395498
27611 0.395371
24171 0.395371
2158 0.395250
8804 0.395019
6127 0.395019
9266 0.394855
24704 0.394601
5414 0.394601
7831 0.394065
13797 0.393480
2203 0.393480
1373 0.393480
20562 0.393480
898 0.393480
1027 0.393352
426 0.393352
12520 0.393290
14749 0.393290
13132 0.392657
10531 0.392657
3651 0.392524
14433 0.392399
19074 0.392399
11492 0.392281
5323 0.391873
17135 0.391784
24796 0.391699
23035 0.391619
26559 0.391619
25786 0.391543
23082 0.390941
6049 0.390848
7018 0.390848
26301 0.390680
12925 0.390680
29414 0.390680
7056 0.390349
2835 0.390349
14762 0.390294
12641 0.390242
12040 0.390193
12103 0.390193
13654 0.390060
3670 0.390021
29738 0.390021
20882 0.390021
21920 0.390021
374 0.388435
13590 0.388435
8970 0.388435
137 0.388435
23365 0.388435
18796 0.388435
23190 0.388435
14332 0.388435
1188 0.388435
23655 0.388435
17017 0.388435
3869 0.388435
6368 0.386823
14923 0.386823
26550 0.386782
6574 0.386739
25803 0.386645
23910 0.386645
6563 0.386540
7088 0.386422
6219 0.386358
29523 0.386289
16105 0.386289
12447 0.385961
14118 0.385225
8574 0.385143
14884 0.385057
12628 0.384771
2908 0.384664
8282 0.384664
21091 0.384664
23506 0.384431
7041 0.384431
3355 0.384431
17496 0.384303
142 0.384303
11943 0.384021
17786 0.384021
17814 0.384021
18467 0.383865
8654 0.383755
12069 0.383755
19706 0.383698
27831 0.383518
28499 0.383390
22598 0.383390
6618 0.383324
6547 0.383256
8928 0.382806
11291 0.382459
29948 0.382269
8038 0.382067
27283 0.381851
3540 0.381620
17548 0.381373
29965 0.381373
10527 0.381373
17741 0.381373
20023 0.381175
14032 0.381175
19481 0.381106
18004 0.380965
5536 0.380819
23106 0.380508
20684 0.380257
11001 0.380257
2513 0.380257
2364 0.379991
10055 0.379879
26911 0.379879
21047 0.379706
4954 0.379402
2111 0.379402
16260 0.379142
23735 0.379075
16352 0.379075
21916 0.378961
21651 0.378724
15314 0.378724
27146 0.378724
18632 0.377937
25486 0.377937
28859 0.377937
12853 0.377937
389 0.377937
25961 0.377937
9849 0.377937
21164 0.377645
15045 0.377337
25129 0.377337
16048 0.377337
19668 0.377209
7279 0.377209
24277 0.377209
1619 0.377153
24654 0.377010
8359 0.377010
8401 0.376865
16178 0.376561
13389 0.376296
18614 0.375905
16804 0.375549
20747 0.375487
5555 0.375487
4887 0.375268
5491 0.375041
21043 0.374924
12267 0.374562
26838 0.374562
8936 0.374562
24627 0.374395
6617 0.374347
15663 0.374049
16364 0.373777
10442 0.373777
3341 0.373684
13033 0.373684
9253 0.373495
16217 0.373495
24610 0.373495
8848 0.373413
27477 0.373350
16458 0.373350
20468 0.372898
2152 0.372898
13150 0.372898
25598 0.372898
1022 0.372898
21426 0.372472
27590 0.372346
13410 0.372114
17227 0.372114
5989 0.372022
28419 0.372022
22488 0.371754
28426 0.371754
26338 0.371754
21385 0.371692
26627 0.371361
10863 0.371361
19610 0.371248
7890 0.371248
35 0.371248
1107 0.371116
22139 0.371042
22351 0.371042
17520 0.370995
25751 0.370779
14554 0.370779
26054 0.370507
18839 0.370507
2342 0.370428
5540 0.370284
14661 0.370284
11239 0.370156
17926 0.370156
21621 0.370156
1476 0.370097
6332 0.370097
606 0.369760
17096 0.369332
12347 0.369206
5169 0.369206
5233 0.369206
5423 0.369013
16241 0.368617
11071 0.368562
28262 0.368515
4999 0.367991
5372 0.367991
7409 0.367991
16749 0.367991
7408 0.367991
25710 0.367991
14671 0.367991
2106 0.367482
28098 0.367439
19034 0.367248
12276 0.367248
24264 0.366855
15836 0.366613
24947 0.366448
21363 0.366448
28371 0.366448
14280 0.366384
10425 0.366239
1623 0.366239
390 0.366064
899 0.366064
17047 0.365586
8166 0.365586
12240 0.365586
24206 0.365586
29317 0.365339
17399 0.365339
6271 0.365035
28377 0.365035
5922 0.365035
20818 0.365035
13099 0.364791
20109 0.364565
26257 0.364458
23915 0.364158
8919 0.364158
27476 0.364158
5375 0.364158
8222 0.363851
12401 0.363851
23654 0.363737
22480 0.363737
13298 0.363737
24192 0.363737
5659 0.363575
28089 0.363212
16679 0.363060
19461 0.362964
8480 0.362850
25004 0.362539
6061 0.362539
22732 0.362322
14547 0.362271
16152 0.362037
377 0.361646
22406 0.361482
14011 0.361482
7262 0.361482
17710 0.361432
19236 0.361245
23133 0.361245
29857 0.361245
23854 0.361245
23018 0.361080
261 0.361080
17384 0.360935
10108 0.360869
9538 0.360806
26737 0.360806
20857 0.360690
3756 0.360185
16770 0.360185
4933 0.360094
9354 0.360094
21352 0.360013
11582 0.359662
10184 0.359662
18431 0.359580
10391 0.359393
53 0.359345
19774 0.359302
23611 0.358555
8216 0.358555
14504 0.358555
25248 0.358555
19033 0.358555
21132 0.358555
24716 0.358555
28368 0.358555
25494 0.358555
24737 0.358555
5218 0.357668
15448 0.357607
14139 0.357456
17717 0.357030
29959 0.357030
3736 0.356840
573 0.356840
11710 0.356272
2879 0.356272
20053 0.356272
25251 0.356065
21325 0.355141
25644 0.354994
15916 0.354994
20103 0.354915
6191 0.354658
2391 0.354658
16658 0.354425
23010 0.354253
21487 0.354017
26483 0.353862
24957 0.353862
28637 0.353753
2786 0.353123
29928 0.353123
776 0.353123
26636 0.353123
26504 0.352799
850 0.352799
27772 0.352799
4216 0.352529
1292 0.352302
25897 0.352302
11781 0.352181
21003 0.352019
567 0.351970
14924 0.351790
24804 0.351790
10427 0.351790
7510 0.351601
8741 0.351054
24401 0.350996
10530 0.350996
9359 0.350996
4545 0.350623
23064 0.350539
26502 0.350539
13602 0.350353
10859 0.350265
17356 0.350195
22271 0.350092
5565 0.349592
626 0.349029
10543 0.349029
10558 0.349029
10233 0.348894
23743 0.348894
1447 0.348894
20373 0.348502
24343 0.348502
2455 0.348390
16886 0.348252
5736 0.348252
24722 0.348141
22080 0.348010
26094 0.348010
20536 0.347852
13854 0.347852
6914 0.347852
26545 0.347852
20412 0.347420
24926 0.347420
9724 0.347112
5892 0.346882
14807 0.346882
14320 0.346882
17173 0.346702
5228 0.346702
24684 0.346316
29659 0.346262
26988 0.346262
16884 0.346130
28942 0.345750
14366 0.345750
4900 0.345750
5542 0.345750
13771 0.345641
10207 0.345276
11006 0.345276
26320 0.345276
13161 0.345276
11450 0.345276
8028 0.345276
15832 0.345276
26341 0.344930
24439 0.344889
15623 0.344835
16617 0.344765
13691 0.344765
10866 0.344765
1911 0.344525
9591 0.344425
28884 0.344295
19479 0.343861
15465 0.343157
2652 0.343085
550 0.342737
9049 0.342737
23356 0.342737
28097 0.342108
17653 0.341992
13200 0.341992
1252 0.341823
21293 0.341823
28299 0.341823
8738 0.341823
5584 0.341555
15549 0.341555
3609 0.341427
29678 0.341427
22371 0.341352
5525 0.341065
13794 0.341065
1128 0.341065
19213 0.341065
18717 0.341065
19673 0.340426
5096 0.340426
19241 0.340426
3088 0.339881
14508 0.339881
8215 0.339881
23598 0.339881
8941 0.339881
14959 0.339684
13709 0.339684
16397 0.339684
1466 0.339559
4052 0.339559
9784 0.339559
25046 0.339559
27558 0.339559
12586 0.339266
3767 0.339197
1355 0.339197
25579 0.339197
22581 0.338998
20027 0.338811
790 0.338752
7700 0.338752
5350 0.338636
18006 0.338636
7906 0.338636
1509 0.338524
25701 0.338524
20679 0.338470
12820 0.337938
24940 0.337770
2199 0.337325
22926 0.337325
25005 0.337325
5263 0.337325
1601 0.337325
3503 0.336956
2490 0.336956
8890 0.336956
11616 0.336956
8981 0.336793
19253 0.336793
18120 0.336793
6478 0.336505
5738 0.336505
10271 0.336505
15511 0.336377
26630 0.336377
22248 0.336377
11638 0.336377
28835 0.336257
15361 0.336146
782 0.336146
3244 0.336146
17296 0.336041
11499 0.335944
16201 0.335766
26711 0.335766
17986 0.335608
29810 0.335608
28429 0.335025
17426 0.335025
26074 0.335025
16126 0.334858
10450 0.334858
24220 0.334858
24261 0.334784
4658 0.334715
25354 0.334593
20744 0.334537
2381 0.334537
8850 0.334392
7706 0.334349
27431 0.334309
12408 0.332944
25668 0.332944
25289 0.332944
29283 0.332944
5140 0.332944
18712 0.332944
13531 0.332944
28880 0.332944
18708 0.332944
16719 0.332944
8043 0.332944
24135 0.332944
4257 0.332944
15753 0.332944
2967 0.332944
2754 0.332944
27382 0.332944
22806 0.332944
28365 0.332944
12927 0.331551
14632 0.331366
17088 0.331366
18642 0.331312
20381 0.331254
1010 0.331192
24608 0.331192
5711 0.330974
21730 0.330974
22972 0.330974
12708 0.330796
29029 0.330248
28690 0.330086
14158 0.329998
1443 0.329803
6498 0.329696
7416 0.329581
22953 0.329581
8469 0.329458
26284 0.329458
1207 0.329182
16035 0.329182
11247 0.329182
20899 0.329027
13144 0.329027
22331 0.329027
25423 0.329027
6012 0.328800
22065 0.328676
23176 0.328676
8798 0.328544
8501 0.328096
14004 0.327742
20056 0.327596
13983 0.327333
29461 0.327333
17013 0.327277
864 0.327277
16185 0.327103
27937 0.327103
17852 0.327103
28402 0.326918
8570 0.326721
12703 0.326582
11295 0.326511
27353 0.326285
21483 0.326094
970 0.326044
23179 0.325890
20079 0.325504
26544 0.324941
7969 0.324941
29397 0.324873
3048 0.324873
1306 0.324662
4068 0.324662
20999 0.324662
248 0.324662
19438 0.324363
26546 0.324125
6469 0.324125
18346 0.324042
27323 0.323986
10020 0.323696
18936 0.323696
19723 0.323696
21108 0.323386
14681 0.323322
25584 0.323322
24462 0.323322
14647 0.323055
8753 0.322700
68 0.322540
397 0.322318
19136 0.322318
27758 0.321908
17175 0.321846
25117 0.321800
3461 0.321463
5862 0.321463
20969 0.321463
1943 0.321053
20692 0.320813
8564 0.320726
13779 0.320613
24747 0.320613
29324 0.320613
9118 0.320613
29327 0.320459
26611 0.320459
3282 0.320459
7848 0.320139
2070 0.320084
27694 0.319888
25313 0.319888
11139 0.319888
6560 0.319685
2088 0.319627
854 0.319627
25096 0.319519
20307 0.319424
6858 0.319424
23212 0.319072
29074 0.319072
11876 0.318926
24233 0.318468
4959 0.318327
8272 0.318327
741 0.318277
24663 0.318236
8126 0.318236
6385 0.317811
5344 0.317313
5911 0.317256
8933 0.316782
11998 0.316659
10310 0.316372
17501 0.316372
11469 0.316015
27594 0.316015
10639 0.316015
5637 0.316015
9254 0.316015
3432 0.315760
25322 0.315603
10808 0.315497
1886 0.315318
27155 0.314947
13802 0.314947
16312 0.314561
13018 0.314361
2350 0.314240
27371 0.313736
22887 0.313254
17441 0.313067
6684 0.313067
21633 0.313067
2619 0.312643
7293 0.312484
20182 0.312350
26382 0.312135
28025 0.312048
24552 0.312048
4301 0.312048
17624 0.311579
5446 0.311579
5937 0.310748
3446 0.310748
16474 0.310748
8816 0.310748
23470 0.310748
467 0.310748
21937 0.310122
4688 0.310035
16579 0.309983
24795 0.309983
960 0.309983
12743 0.309922
13343 0.309765
2067 0.309459
17172 0.309031
11880 0.308756
14061 0.308756
12062 0.308756
28874 0.308282
16099 0.308282
12270 0.307816
26892 0.307641
7292 0.307593
26212 0.307593
18444 0.307442
3510 0.307442
19062 0.307333
1728 0.307217
1677 0.307027
14525 0.307027
5085 0.306958
10362 0.306659
11613 0.306659
16864 0.306659
10616 0.306659
19036 0.306659
8198 0.306371
14882 0.306040
23587 0.305893
947 0.305654
9430 0.305468
27132 0.305468
9334 0.305199
28656 0.305054
18003 0.305054
23578 0.304655
19871 0.304568
13671 0.304406
6655 0.304406
12049 0.303993
14071 0.303993
9272 0.303993
23661 0.303567
2166 0.303393
29360 0.303393
22135 0.303169
25074 0.303084
27919 0.302979
12042 0.302677
1133 0.302531
9190 0.302297
1349 0.302116
15671 0.302116
953 0.302116
20895 0.301941
2244 0.301941
21065 0.301472
4669 0.301372
21490 0.301146
499 0.301146
14284 0.301084
22125 0.301084
19075 0.301084
25514 0.301037
4145 0.300724
9033 0.300724
16914 0.300724
21853 0.300724
9924 0.300390
16134 0.300336
17685 0.300079
16271 0.299516
8771 0.298796
24418 0.298796
25021 0.298432
28548 0.298432
13897 0.298230
29728 0.298101
12427 0.297978
24690 0.297800
28778 0.297743
9093 0.297525
27342 0.297272
9638 0.296893
13686 0.296823
13529 0.296623
18981 0.296623
22083 0.296437
25431 0.296378
19931 0.296378
5165 0.296155
3522 0.296155
27425 0.295951
27899 0.295590
29092 0.295429
1753 0.295281
8226 0.295211
6975 0.295143
22269 0.295014
22385 0.294836
13475 0.294528
28180 0.294528
12577 0.294528
14851 0.294393
21334 0.294393
14643 0.294393
13315 0.294269
12242 0.294269
3025 0.293951
11495 0.293951
3654 0.293951
11633 0.293860
10335 0.293774
22129 0.293695
26457 0.293695
25260 0.293256
15648 0.293159
17366 0.293071
1152 0.292991
22920 0.292991
2085 0.292918
15978 0.292633
15758 0.291326
18815 0.291326
12844 0.291326
9818 0.291326
6387 0.291326
29293 0.291326
24082 0.291326
28332 0.291326
9522 0.291326
8784 0.291326
18994 0.291326
16495 0.291326
26465 0.290156
2764 0.290117
11538 0.290076
18263 0.290076
15129 0.290076
25353 0.290032
18802 0.289932
3013 0.289817
8080 0.289817
2658 0.289817
29405 0.289752
12840 0.289602
5008 0.289422
27330 0.288996
1744 0.288836
3038 0.288748
14994 0.288748
19451 0.288654
14933 0.288442
23593 0.288442
17266 0.288323
5981 0.288323
27762 0.288194
29334 0.288053
1151 0.287899
15395 0.287730
8768 0.287730
21096 0.287730
22178 0.287543
23616 0.287476
5451 0.287021
13202 0.286550
8912 0.286444
25413 0.286389
3030 0.286029
14868 0.285964
27938 0.285688
17162 0.285614
28693 0.285614
9343 0.285180
16058 0.285180
13147 0.285128
15883 0.284965
10728 0.284852
23361 0.284735
13275 0.284735
7735 0.284735
555 0.284221
15731 0.284221
4140 0.284221
18502 0.284221
13547 0.284221
28395 0.284221
28538 0.284221
8795 0.283982
4044 0.283932
22866 0.283932
3567 0.283453
28557 0.283158
18580 0.282906
29016 0.282906
215 0.282906
20221 0.282906
24359 0.282841
19953 0.282841
11711 0.282794
22421 0.282498
23308 0.282498
5940 0.282498
18455 0.282182
21808 0.282048
27269 0.281929
19935 0.281475
18521 0.281475
3598 0.281281
16824 0.280796
9392 0.280649
16033 0.280447
18859 0.280447
14136 0.280263
21889 0.280183
29440 0.280121
7585 0.279673
4473 0.279673
3129 0.279673
26724 0.279673
16396 0.279115
28640 0.278660
25799 0.278660
27502 0.278282
8648 0.278139
24190 0.278139
2906 0.278084
3789 0.277963
18175 0.277963
1213 0.277741
5757 0.277690
26027 0.277154
23319 0.276999
4314 0.276693
8721 0.276513
28303 0.276309
4577 0.275993
13626 0.275993
15544 0.275664
11390 0.275540
12118 0.275436
2810 0.275346
336 0.275346
2921 0.274893
20523 0.274893
5577 0.274836
26710 0.274836
9773 0.274788
24542 0.274788
18276 0.274788
24250 0.274189
701 0.274189
7694 0.274189
5983 0.274189
811 0.274189
9231 0.274189
25480 0.274189
7940 0.273634
23605 0.273343
21820 0.273042
21663 0.272954
13891 0.272852
2819 0.272852
17972 0.272731
4776 0.272586
12031 0.272531
16131 0.271905
21318 0.271905
29320 0.271905
7469 0.271527
1313 0.271288
26842 0.271288
13526 0.271001
18152 0.270776
25055 0.270776
14482 0.270727
1040 0.270652
27402 0.270652
22256 0.270652
20599 0.270652
22445 0.270517
9467 0.270517
23783 0.270517
14570 0.270402
18926 0.270216
26868 0.270216
25106 0.269860
19396 0.269860
9437 0.269747
28619 0.269657
26555 0.269435
13371 0.269435
14622 0.269435
8764 0.268917
19719 0.268503
1799 0.268503
20212 0.268447
2849 0.268447
18526 0.268447
15327 0.268447
11846 0.268373
29045 0.268123
770 0.268123
8095 0.267886
17747 0.267772
17966 0.267630
6298 0.267630
9326 0.267447
18729 0.267204
22417 0.267049
3408 0.267049
28630 0.266757
13123 0.266687
23684 0.266687
7125 0.266638
23464 0.266355
14461 0.266355
21170 0.266355
12128 0.265771
6873 0.265665
5377 0.265665
12155 0.265513
5421 0.265273
20626 0.265273
8168 0.265159
6551 0.265159
21520 0.264611
16479 0.264397
11969 0.264296
29557 0.264296
18208 0.264136
26720 0.264136
10069 0.263843
10345 0.263843
29751 0.263581
20674 0.263346
13339 0.263133
29321 0.263133
1776 0.263133
29657 0.262941
5668 0.262941
23201 0.262765
28415 0.262765
28288 0.262456
7369 0.262456
19992 0.262387
1845 0.262320
1582 0.262194
24509 0.262194
18379 0.262194
15443 0.262021
6182 0.261726
6336 0.261599
18224 0.261377
27886 0.261377
29463 0.261279
345 0.261189
1329 0.260660
19464 0.260565
28917 0.260565
6738 0.260565
3528 0.260565
24718 0.260480
26717 0.260334
21531 0.260334
28189 0.260214
6697 0.260214
9752 0.260113
13769 0.260113
5967 0.260113
4326 0.260113
29641 0.260068
19693 0.260027
5104 0.258957
27149 0.258957
10504 0.258957
12017 0.258957
25976 0.258957
24802 0.258957
9967 0.258957
23809 0.258957
6741 0.258957
17614 0.258957
1017 0.258957
3231 0.257855
22803 0.257855
12364 0.257855
3022 0.257763
115 0.257763
21364 0.257712
11162 0.257712
7243 0.257526
7441 0.257526
21657 0.257368
17807 0.257275
11478 0.256762
23833 0.256581
21680 0.256479
6448 0.256367
2555 0.256367
27949 0.256245
6548 0.255799
25883 0.255615
2237 0.255409
20432 0.255409
15274 0.254492
19135 0.254048
14707 0.253977
3867 0.253829
28295 0.253327
19662 0.253038
28469 0.252717
10469 0.252717
14325 0.252359
18584 0.252283
1311 0.251958
15300 0.251706
22596 0.251435
20758 0.251340
2832 0.251204
14600 0.251143
25876 0.251143
1464 0.250828
6237 0.250762
4957 0.250762
13984 0.250762
600 0.250603
3424 0.250486
24888 0.250179
14242 0.249708
1181 0.249708
9601 0.249708
7722 0.249708
8133 0.249366
17523 0.249366
21500 0.249321
23963 0.249185
1642 0.248900
27401 0.248900
10365 0.248900
17984 0.248773
28994 0.248773
15124 0.248598
25109 0.248598
20376 0.248598
16251 0.248441
24400 0.248231
464 0.248231
11100 0.248231
8177 0.248167
15231 0.248167
26852 0.248167
1230 0.247937
2937 0.247698
3305 0.247698
20278 0.247627
23158 0.247627
28667 0.247498
25648 0.247498
20893 0.247186
8202 0.247023
14260 0.247023
9256 0.247023
19718 0.246952
15103 0.246887
16926 0.246771
17479 0.246408
8223 0.246325
28519 0.246089
17246 0.246009
271 0.246009
9273 0.245327
19307 0.244812
14551 0.244767
4988 0.244570
25778 0.244570
5061 0.244338
11130 0.244159
5106 0.243901
28353 0.243901
12210 0.243724
8045 0.243724
10381 0.243724
8411 0.243655
23294 0.243655
16524 0.243655
10495 0.243357
25508 0.243305
22388 0.243070
26878 0.243002
90 0.242772
20245 0.242772
21912 0.242772
10508 0.242491
29566 0.242383
9999 0.242291
8787 0.242141
22149 0.241856
26010 0.241856
16329 0.241588
5090 0.241514
29818 0.241098
15402 0.241098
13503 0.241098
17925 0.241098
12084 0.241098
8926 0.240766
10535 0.240720
5748 0.240720
25869 0.240579
1209 0.240377
4943 0.240123
16050 0.240063
23444 0.239916
21908 0.239720
15748 0.239360
14259 0.238792
16403 0.238745
22026 0.238745
22934 0.238677
24697 0.238481
17858 0.238481
6045 0.238481
5302 0.238358
24643 0.238073
17884 0.237817
12465 0.237817
6001 0.237817
8860 0.237514
18041 0.237514
5348 0.237011
11282 0.237011
28703 0.236610
8333 0.236439
15340 0.236011
24634 0.236011
16078 0.236011
15989 0.235892
27715 0.235540
15378 0.235415
5825 0.235415
1482 0.235302
29603 0.235302
6403 0.235199
11609 0.235105
15936 0.235105
24404 0.235105
23666 0.235020
29167 0.234440
27610 0.234440
10624 0.234440
25368 0.234294
26249 0.234294
24344 0.234294
9904 0.234232
12090 0.234176
10171 0.234125
6265 0.234079
22904 0.234036
8287 0.233997
14481 0.233061
4529 0.233061
14173 0.233061
13631 0.233061
18404 0.233061
24405 0.233061
28911 0.233061
15702 0.233061
3903 0.233061
15505 0.232052
8760 0.232052
22335 0.231956
4414 0.231902
7136 0.231902
4443 0.231841
24352 0.231773
10807 0.231773
13093 0.231773
11793 0.231613
23989 0.231052
17388 0.230961
15582 0.230862
1791 0.230862
16037 0.230862
202 0.230753
7709 0.230753
9643 0.230633
23518 0.230633
20574 0.230633
20608 0.230500
5452 0.230500
14946 0.230351
15594 0.230184
11010 0.230060
1662 0.229994
2560 0.229617
27939 0.229617
17055 0.229438
22408 0.229240
15722 0.229240
16158 0.229240
29800 0.229077
7002 0.229020
27230 0.228899
27213 0.228899
9169 0.228772
25708 0.228705
20778 0.228491
4704 0.228305
4523 0.228305
20500 0.228256
23233 0.228102
26581 0.227994
15736 0.227703
14984 0.227703
12792 0.227377
22712 0.227136
13454 0.226762
24932 0.226402
27726 0.226273
4219 0.226177
4148 0.226177
4031 0.225999
20853 0.225999
18787 0.225927
2919 0.225543
9787 0.225543
20367 0.225543
18639 0.225543
26033 0.225543
13034 0.225543
11603 0.225543
15166 0.225543
15294 0.225227
23570 0.225180
2055 0.225116
5410 0.224883
17861 0.224637
7011 0.224637
27596 0.224508
27664 0.224508
23555 0.224097
5324 0.224097
5419 0.224097
19834 0.224097
625 0.223901
9250 0.223644
2704 0.223483
20277 0.223292
2173 0.222670
15379 0.222586
2123 0.222521
479 0.222467
8034 0.222467
19458 0.222467
14257 0.222423
9925 0.221963
27100 0.221963
8471 0.221461
13937 0.221461
29483 0.221461
2089 0.221343
13341 0.221343
9085 0.221343
8686 0.220911
28886 0.220649
27858 0.220649
17927 0.220649
12421 0.220649
23284 0.220649
25526 0.220463
16883 0.220463
20612 0.220113
19091 0.220058
26907 0.220058
5080 0.219869
9706 0.219869
26675 0.219869
15188 0.219639
6137 0.219216
18845 0.219117
21061 0.219117
27903 0.219117
22702 0.219117
10119 0.218897
15175 0.218897
20558 0.218837
765 0.218495
2103 0.218495
29837 0.218185
400 0.218069
28103 0.218069
18939 0.217524
1542 0.217363
20540 0.217260
8066 0.217138
8065 0.217067
9363 0.216801
4892 0.216505
26773 0.216242
23719 0.216242
7227 0.216083
27432 0.215797
20155 0.215548
18783 0.215548
3587 0.215548
26473 0.215548
5965 0.215133
3171 0.214959
363 0.214959
11591 0.214959
9843 0.214959
14014 0.214803
4246 0.214803
4056 0.214803
28373 0.214661
15370 0.214661
13783 0.214661
16820 0.214533
13009 0.214533
13519 0.214533
17187 0.214533
27442 0.214473
27299 0.214473
23870 0.214416
9217 0.214309
7296 0.214309
27994 0.214309
10384 0.214036
4394 0.214036
934 0.213817
2115 0.213724
2612 0.213258
2941 0.213166
14449 0.213084
14318 0.212841
4745 0.212795
16248 0.212753
3967 0.211874
2966 0.211874
55 0.211874
14434 0.211874
13707 0.211874
28291 0.211874
25811 0.211874
21910 0.211002
26536 0.210960
19323 0.210865
5885 0.210747
9573 0.210677
27620 0.210597
1264 0.210597
2016 0.210597
18849 0.210507
6189 0.210507
19140 0.210507
18545 0.210055
7199 0.209965
28302 0.209965
20644 0.209755
10641 0.209755
19753 0.209632
26948 0.209493
5418 0.209493
12023 0.209336
8489 0.209336
2925 0.209336
25288 0.209336
28225 0.209157
27867 0.209157
24581 0.209157
10968 0.209157
29585 0.209157
29776 0.209157
1057 0.209023
22551 0.208875
22759 0.208875
23968 0.208711
5346 0.208528
11270 0.208323
12784 0.208323
21890 0.208267
3000 0.208267
14826 0.208090
21589 0.208090
12883 0.208090
24293 0.208090
3350 0.208090
1558 0.207895
25020 0.207585
6041 0.207385
5520 0.207385
9612 0.207165
5067 0.207165
20097 0.206923
18354 0.206859
11717 0.206748
6071 0.206510
11236 0.206356
3193 0.206249
17368 0.206249
16557 0.206021
17904 0.206021
20849 0.205961
25585 0.205917
4272 0.205642
28655 0.205340
15031 0.205287
22761 0.205211
23622 0.204889
15037 0.204889
10299 0.204889
4850 0.204889
6695 0.204889
9103 0.204782
28597 0.204639
21754 0.204440
25017 0.204063
29736 0.203928
27765 0.203646
17100 0.203547
16167 0.203251
14896 0.203251
9191 0.203181
16130 0.203127
7354 0.203082
5252 0.202662
16416 0.202662
14072 0.202662
10267 0.202662
9655 0.202662
15905 0.202243
26934 0.202243
3920 0.202199
19286 0.202199
28057 0.202199
15886 0.202145
23067 0.202145
7521 0.202145
23456 0.201986
11740 0.201784
27698 0.201784
29346 0.201411
2402 0.201119
18309 0.201119
10001 0.200915
3415 0.200915
18742 0.200649
13933 0.200369
17407 0.200369
419 0.200175
4789 0.200175
7191 0.199767
24866 0.199767
23878 0.199767
15768 0.199467
1847 0.199467
27350 0.199329
11038 0.199329
5182 0.199197
15036 0.199097
27817 0.198955
18329 0.198820
2566 0.198632
7132 0.198632
28769 0.198632
23008 0.198632
12625 0.198350
3380 0.198149
11666 0.198102
10904 0.198026
28075 0.197749
14403 0.197686
27036 0.197350
13383 0.197116
26707 0.196953
23547 0.196807
1118 0.196740
453 0.196676
13039 0.196557
24128 0.196400
11433 0.196262
1941 0.196033
19210 0.195771
4627 0.195381
5307 0.195381
13469 0.195234
9897 0.195234
7347 0.195234
19395 0.195073
7902 0.195073
19770 0.195073
1031 0.195030
18524 0.194218
2523 0.194218
478 0.194218
15642 0.194218
11702 0.194218
3454 0.194218
13581 0.194218
20035 0.194218
4255 0.194218
4815 0.193412
8391 0.193412
19938 0.193323
20496 0.193270
1824 0.193211
25203 0.193068
19580 0.192612
8710 0.192332
21126 0.192215
27348 0.192083
25008 0.192083
25894 0.191759
26766 0.191557
3060 0.191403
6209 0.191403
13534 0.191403
29853 0.191230
14535 0.190686
13459 0.190254
29462 0.190254
24585 0.190050
19194 0.189995
21016 0.189823
6323 0.189701
3501 0.189701
29341 0.189571
19342 0.189362
3339 0.189238
13498 0.188968
4637 0.188968
18722 0.188968
10441 0.188968
9251 0.188668
28892 0.188604
15341 0.188604
13580 0.188432
6017 0.188121
16261 0.187952
13750 0.187634
16925 0.187520
10526 0.187520
17928 0.187386
25280 0.187281
3115 0.187024
25627 0.186947
12484 0.186947
6430 0.186947
20416 0.186842
6610 0.186449
10322 0.186449
29886 0.186449
6746 0.186449
24444 0.185953
29731 0.185877
27386 0.185389
12262 0.185389
16283 0.185389
18377 0.185389
660 0.185279
4011 0.185279
29287 0.185279
26204 0.185214
3188 0.185142
27564 0.185142
21282 0.184806
25314 0.184744
22982 0.184744
2271 0.184744
25600 0.184281
26075 0.184281
26417 0.183996
22886 0.183996
15296 0.183996
26503 0.183996
6559 0.183996
1912 0.183996
5213 0.183996
24040 0.183741
13231 0.183693
26991 0.183624
11605 0.183624
9178 0.183428
8454 0.183306
16654 0.183306
1147 0.183306
28533 0.183192
6038 0.182982
26360 0.182982
8523 0.182793
8426 0.182793
28021 0.182518
25821 0.182518
724 0.182518
17943 0.182229
418 0.182079
700 0.181901
15761 0.181901
5204 0.181745
2538 0.181745
23127 0.181606
14375 0.181425
4748 0.181018
20631 0.180915
10701 0.180434
28055 0.180345
14905 0.180345
13400 0.180268
27010 0.180202
24580 0.180202
24112 0.180202
10794 0.180202
18248 0.180144
17525 0.180093
17349 0.180093
18085 0.180047
29387 0.180047
3703 0.180006
23224 0.180006
6776 0.180006
10759 0.180006
16398 0.179278
3558 0.179278
18028 0.179278
9539 0.179278
21040 0.179278
380 0.179278
11647 0.179278
20061 0.179278
28278 0.179278
22465 0.179278
2287 0.178420
14735 0.178298
9420 0.178298
25491 0.178223
29239 0.178223
16232 0.177838
8330 0.177670
9494 0.177570
15400 0.177458
25488 0.177458
8656 0.177458
9176 0.177329
7968 0.177329
5673 0.177008
1323 0.177008
5768 0.176877
14514 0.176877
16761 0.176729
6523 0.176561
20667 0.176371
15809 0.176265
11720 0.176265
7083 0.176151
7215 0.175895
27516 0.175895
27658 0.175674
24741 0.175422
26218 0.175422
6525 0.175311
5625 0.175133
14490 0.175133
16668 0.175069
5631 0.175069
11438 0.174796
18721 0.174796
22002 0.174796
20270 0.174796
29824 0.174539
3543 0.174484
17092 0.174484
14679 0.174251
7204 0.173926
5830 0.173774
5045 0.173710
21689 0.173556
14915 0.173351
24650 0.173015
21549 0.173015
28547 0.172638
239 0.172638
15041 0.172638
12996 0.172638
22913 0.172263
497 0.172213
17053 0.172147
639 0.171729
11766 0.171579
19097 0.171368
11098 0.171368
5059 0.171229
796 0.171229
614 0.171229
25879 0.171229
10248 0.171175
17403 0.171175
1646 0.171175
15365 0.171175
22268 0.171054
16718 0.171054
21119 0.170830
24364 0.170532
7366 0.170532
21183 0.170532
26466 0.170045
21438 0.170045
9056 0.169940
8433 0.169940
29224 0.169842
14637 0.169780
29971 0.169780
1141 0.169499
20749 0.169499
1175 0.169499
15577 0.169318
6176 0.169262
27487 0.169060
22645 0.169060
27857 0.168188
21177 0.167804
26170 0.167560
29980 0.167560
25492 0.167469
2609 0.167469
26796 0.167469
18481 0.167392
3224 0.167326
26683 0.167326
26016 0.167269
4907 0.167269
5873 0.167269
317 0.167219
18459 0.167219
6264 0.167175
18921 0.167175
21166 0.167175
2840 0.166472
24275 0.166472
13186 0.166472
24349 0.166472
15984 0.166472
19934 0.166472
2585 0.165776
14264 0.165562
9356 0.165487
10860 0.165398
25149 0.164400
27193 0.163963
4740 0.163721
13128 0.163361
4703 0.163361
27088 0.163361
6884 0.163361
4749 0.163291
8483 0.163143
24637 0.163143
14744 0.163047
3131 0.162892
20230 0.162892
12623 0.162837
9213 0.162837
11195 0.162601
21785 0.162379
170 0.162258
4196 0.162129
10570 0.162129
27129 0.161661
12645 0.161661
15615 0.161661
5700 0.161428
2780 0.161159
4530 0.161159
26142 0.161058
29654 0.161058
19351 0.160732
26967 0.160406
25690 0.160307
5726 0.160042
13931 0.159813
13961 0.159813
21626 0.159813
9699 0.159813
7452 0.159358
27286 0.159234
1537 0.158905
21972 0.158905
24017 0.158628
25220 0.158628
10751 0.158251
131 0.158251
27260 0.158186
23163 0.158007
12602 0.157341
14978 0.157280
7012 0.156984
4981 0.156984
25523 0.156868
24577 0.156768
5444 0.156768
10836 0.156680
29900 0.156680
5482 0.156321
24946 0.156321
22912 0.156242
10905 0.156242
28929 0.156117
424 0.156117
154 0.156117
1897 0.156068
27143 0.156024
21188 0.156024
7076 0.155374
24578 0.155374
29510 0.155374
21756 0.155374
11110 0.155374
16665 0.155374
13646 0.155374
12733 0.155374
22352 0.155374
1769 0.155374
10470 0.155374
4839 0.154729
16916 0.154687
28649 0.154638
11731 0.154638
1458 0.154516
20701 0.154516
14254 0.154345
21178 0.154345
14835 0.154345
14646 0.154005
1342 0.153908
27037 0.153797
15508 0.153667
28051 0.153513
12696 0.153330
26247 0.153330
26699 0.153186
24547 0.152827
13081 0.152827
27598 0.152660
10198 0.152660
9928 0.152599
19965 0.152470
29138 0.152327
2715 0.152327
22357 0.152203
27082 0.152203
5948 0.151996
26290 0.151697
19261 0.151697
14183 0.151697
9994 0.151490
12290 0.151175
14018 0.151058
21449 0.150804
27826 0.150804
18374 0.150804
4514 0.150736
11542 0.150686
3933 0.150362
29663 0.150362
14364 0.150039
13765 0.149990
11910 0.149990
25163 0.149758
22997 0.149558
23320 0.149398
13574 0.149251
1692 0.149251
13965 0.149159
28771 0.149051
4534 0.149051
23626 0.148762
3927 0.148762
28643 0.148762
11244 0.148519
24431 0.148519
12517 0.148312
11376 0.148189
10032 0.148132
20293 0.147640
23360 0.147507
22809 0.147337
24512 0.147077
12214 0.146887
29422 0.146887
15602 0.146579
26782 0.146426
15547 0.146426
16541 0.146367
19449 0.146367
4225 0.146316
23281 0.146316
14590 0.146273
17876 0.146273
22611 0.145663
22031 0.145663
17164 0.145663
18964 0.145663
12837 0.145663
10260 0.145663
4986 0.145663
23453 0.145059
18075 0.144966
7021 0.144966
22285 0.144908
9630 0.144840
8119 0.144840
20920 0.144840
20767 0.144758
19455 0.144374
23736 0.144276
4389 0.144276
20351 0.144161
9695 0.143738
13082 0.143738
14879 0.143592
21772 0.143222
26706 0.143108
7917 0.143108
181 0.143108
12836 0.142915
5356 0.142690
11823 0.142690
24121 0.142690
24546 0.142690
19460 0.142690
20479 0.142483
7807 0.142426
23931 0.142244
18599 0.142244
26241 0.142110
19994 0.141863
15866 0.141639
11381 0.141579
11800 0.141579
22736 0.141249
15089 0.141249
25904 0.140964
12558 0.140964
9249 0.140921
14743 0.140921
579 0.140861
277 0.140398
25905 0.140398
27406 0.140398
22825 0.140268
2893 0.139837
26588 0.139622
23372 0.139622
13848 0.139558
10443 0.139438
12230 0.139438
6539 0.139330
24389 0.138981
25290 0.138727
11048 0.138577
19044 0.138257
452 0.138257
24464 0.137997
4821 0.137997
23897 0.137832
17405 0.137770
22012 0.137770
26452 0.137718
1471 0.137673
6690 0.137673
26070 0.137095
12241 0.137095
28013 0.137095
3221 0.137095
977 0.137095
26833 0.137095
24103 0.136365
15208 0.136205
8871 0.135952
22266 0.135764
13859 0.135764
6698 0.135644
2561 0.135501
21516 0.135501
16516 0.135326
26101 0.135326
13007 0.135326
4363 0.135326
18315 0.135259
17712 0.135259
23723 0.135108
12799 0.134717
9234 0.134458
29804 0.134458
546 0.134458
6467 0.134274
6586 0.134224
823 0.134224
8294 0.133943
26875 0.133815
3112 0.133815
10676 0.133724
11568 0.133178
11902 0.132833
2996 0.132756
23805 0.132547
16757 0.132547
1687 0.132547
2952 0.132421
22918 0.131921
1322 0.131921
26152 0.131921
23369 0.131730
24713 0.131097
25712 0.130688
23658 0.130595
23770 0.130514
12244 0.130283
10338 0.130202
22961 0.130202
29826 0.130081
4182 0.130034
29685 0.129478
4706 0.129478
22851 0.129478
26291 0.129478
1704 0.129478
10217 0.129478
28179 0.129478
12982 0.129478
5858 0.128927
12976 0.128927
20813 0.128927
472 0.128927
13068 0.128763
13716 0.128763
12899 0.128381
20845 0.128381
12644 0.128290
14265 0.128290
276 0.128184
26073 0.128184
19142 0.128056
14578 0.127899
2732 0.127839
19697 0.127356
466 0.127356
11284 0.127302
21433 0.127124
12339 0.127124
25124 0.127124
10578 0.126914
22652 0.126770
6216 0.126770
17255 0.126664
21653 0.126549
24395 0.126358
8553 0.126358
23758 0.126358
18237 0.125979
17619 0.125979
15676 0.125602
9281 0.125602
14159 0.125302
16162 0.125198
29707 0.124854
24394 0.124683
6402 0.124299
24448 0.124299
11756 0.124115
18230 0.123969
22265 0.123969
20544 0.123969
16009 0.123665
28760 0.123385
26174 0.123385
6571 0.123253
19403 0.123253
18687 0.123204
6007 0.122664
28092 0.122664
2318 0.122664
13247 0.122664
9428 0.122664
20848 0.122664
11537 0.122664
28031 0.122664
22648 0.122169
13117 0.122080
5508 0.122021
4245 0.121951
18997 0.121678
15094 0.121597
12074 0.121597
15433 0.121386
18583 0.121246
10724 0.121192
1419 0.121071
9518 0.121071
8056 0.121071
22094 0.121071
1361 0.120757
11278 0.120757
10772 0.120549
2557 0.120549
18559 0.120549
5761 0.120549
20127 0.120360
8434 0.120360
20652 0.120360
27650 0.120031
3479 0.120031
14484 0.119798
10573 0.119518
27571 0.119518
10471 0.119241
19942 0.119241
13687 0.119179
22525 0.119010
8355 0.119010
13896 0.118909
6196 0.118757
23121 0.118506
20156 0.118506
10263 0.118305
18289 0.118006
4083 0.118006
10070 0.118006
15757 0.117708
19816 0.117600
29727 0.117510
60 0.117263
8533 0.117263
5961 0.117182
29749 0.117116
18837 0.116531
22411 0.116531
8550 0.116531
26038 0.116531
18311 0.116531
1922 0.116531
6739 0.116531
6950 0.116531
3591 0.116531
3381 0.115807
2854 0.115481
21842 0.115481
22077 0.115377
7255 0.115250
1081 0.115250
11764 0.115250
3304 0.115092
15001 0.115092
24256 0.115092
15751 0.115092
19533 0.114620
13480 0.114620
1882 0.114246
25377 0.114152
18766 0.113997
10468 0.113997
29698 0.113941
11567 0.113941
1561 0.113688
29384 0.113688
2275 0.113688
15048 0.112999
14436 0.112937
9970 0.112937
24615 0.112771
7948 0.112590
2462 0.112319
21872 0.112319
8822 0.112049
14892 0.112049
19071 0.111951
13699 0.111951
9559 0.111869
17277 0.111869
18670 0.111572
15543 0.111512
18867 0.111512
20452 0.111512
13565 0.111464
3922 0.110981
15211 0.110981
29403 0.110981
6775 0.110981
18649 0.110981
19448 0.110503
25356 0.110455
29486 0.110397
7158 0.110397
9280 0.110397
21863 0.110397
8984 0.109819
4635 0.109819
22431 0.109676
10801 0.109676
19361 0.109559
7034 0.109247
4680 0.109034
7828 0.108762
27985 0.108121
6242 0.108042
17493 0.108042
14929 0.107899
7949 0.107774
25311 0.107774
29780 0.107567
20637 0.107401
19967 0.107154
17249 0.107018
24931 0.106820
4408 0.106475
21463 0.106475
14774 0.106376
23392 0.105937
8915 0.105937
3360 0.105937
22259 0.105457
2531 0.104982
23223 0.104640
7163 0.104356
69 0.104161
3981 0.104161
24421 0.104045
16717 0.104045
26790 0.104045
26429 0.103839
14285 0.103839
15658 0.103792
5585 0.103792
15204 0.103792
20956 0.103583
19959 0.103328
26926 0.103328
13523 0.103328
515 0.103124
19650 0.103010
7304 0.103010
19731 0.102821
12228 0.102670
5157 0.102605
17298 0.102605
27258 0.102547
561 0.102319
19643 0.102220
1953 0.102220
10599 0.101964
24345 0.101773
14328 0.101773
10287 0.101331
15732 0.101331
26415 0.101331
12019 0.100705
20250 0.100361
13957 0.100361
21973 0.100026
10317 0.099599
28123 0.099477
14542 0.099477
25519 0.099410
24964 0.099175
29143 0.099175
13518 0.098941
18025 0.098874
26910 0.098874
15502 0.098874
8869 0.098755
27057 0.098755
20518 0.098755
4207 0.098650
12960 0.098476
29285 0.098338
26236 0.098279
8326 0.098279
11549 0.098131
19768 0.098131
22332 0.097690
6994 0.097690
26271 0.097617
28582 0.097617
11197 0.097560
9983 0.097560
20231 0.097515
27480 0.096306
1104 0.095966
1244 0.095966
6341 0.095615
28104 0.095517
7229 0.095517
2559 0.095343
12099 0.095127
18758 0.094850
254 0.094740
12969 0.094644
13516 0.094484
16646 0.094484
1920 0.094357
27638 0.094302
24902 0.093693
16930 0.093693
6029 0.093641
8111 0.093599
24568 0.093224
3065 0.093224
22179 0.093224
12183 0.093224
11424 0.093224
15345 0.092812
17661 0.092761
20266 0.092695
27159 0.092403
14021 0.091998
10827 0.091998
441 0.091998
8561 0.091998
9393 0.091847
24108 0.091653
26896 0.091653
12952 0.091653
11852 0.091596
29999 0.091198
8142 0.091198
26595 0.091198
17436 0.091198
8946 0.091141
18675 0.091141
11025 0.090951
25048 0.090803
6668 0.090635
21681 0.090635
25002 0.090509
7108 0.090412
10251 0.090217
20458 0.090134
11068 0.090134
17089 0.090072
27240 0.090024
14755 0.090024
29963 0.089639
12512 0.089639
2414 0.089639
25552 0.089257
5368 0.089210
29689 0.089149
27008 0.088879
6922 0.088785
13428 0.088504
5481 0.088504
11718 0.088185
8645 0.087948
20092 0.087948
10106 0.087764
19339 0.087764
23332 0.087764
6842 0.087535
27290 0.087398
7311 0.087242
16444 0.087242
24222 0.087242
5959 0.087126
764 0.087126
28976 0.087035
29215 0.087035
24665 0.086855
9077 0.086778
17157 0.086676
26723 0.086319
4527 0.086319
16314 0.086319
6337 0.085965
15606 0.085921
2904 0.085921
16308 0.085921
20473 0.085789
21816 0.085789
8911 0.085789
26587 0.085614
13370 0.085415
25271 0.085266
7455 0.084970
3492 0.084970
29356 0.084366
29234 0.084366
9759 0.084239
20937 0.084239
3425 0.083663
25142 0.083236
17460 0.083236
10162 0.082866
28720 0.082866
13296 0.082866
9984 0.082814
11149 0.082744
26183 0.082744
4673 0.082395
15742 0.082257
9758 0.082257
28167 0.082136
25610 0.082136
27717 0.081776
11947 0.081776
5188 0.081776
21569 0.081571
19229 0.081571
1106 0.081571
27662 0.081300
1515 0.080366
12789 0.080366
18645 0.079453
16850 0.079453
13188 0.079340
20807 0.079004
24765 0.079004
8400 0.078813
14831 0.078813
15767 0.078670
24058 0.078560
9168 0.078340
23720 0.078121
17054 0.078059
20624 0.078012
22100 0.077687
17002 0.077687
20638 0.077687
28112 0.077687
7516 0.077365
16462 0.077365
17951 0.077365
14761 0.077365
14250 0.077173
17542 0.077045
5212 0.077045
17762 0.076954
3004 0.076833
352 0.076728
17718 0.076593
17037 0.076593
23580 0.076413
1752 0.076413
17719 0.076164
29213 0.076164
20316 0.076164
25130 0.076164
14073 0.076164
6636 0.075998
1821 0.075998
14948 0.075998
15337 0.075792
26297 0.075669
8507 0.075669
23777 0.075529
4339 0.075485
19363 0.075181
1546 0.075181
11072 0.075181
17370 0.075181
4222 0.074836
21408 0.074836
16348 0.074779
13864 0.074580
26287 0.074494
15304 0.074156
28798 0.073988
11791 0.073820
15183 0.073820
11670 0.073598
13280 0.073598
20594 0.073290
21027 0.073290
26395 0.073213
17636 0.073158
29937 0.072832
25014 0.072832
16596 0.072832
6961 0.072832
26346 0.072508
23340 0.072454
20414 0.072454
18947 0.072081
22389 0.072081
22112 0.071932
29949 0.071932
2543 0.071554
29596 0.071491
26377 0.071491
21130 0.071345
18573 0.071241
28163 0.071055
18469 0.070983
28890 0.070625
27616 0.070625
10830 0.070625
18268 0.070625
2174 0.070199
5112 0.069918
291 0.069779
5919 0.069422
5531 0.069422
7431 0.069226
110 0.069226
19428 0.069226
22325 0.068953
10102 0.068547
10511 0.068261
18408 0.068213
28185 0.068147
15823 0.067750
9860 0.067694
664 0.067554
13113 0.066907
17142 0.066589
3028 0.066318
15950 0.066211
5091 0.066211
7135 0.066050
8844 0.065651
20429 0.065651
11229 0.065519
10525 0.065467
18678 0.064739
24122 0.064739
5068 0.063274
24102 0.062989
16872 0.062316
21778 0.062316
20600 0.061984
13346 0.061984
12742 0.061738
10033 0.061738
11933 0.061656
6983 0.061332
10884 0.061332
7970 0.061064
27232 0.061011
5576 0.061011
16417 0.060931
13175 0.060931
7032 0.060799
28017 0.060799
3776 0.060535
13941 0.060535
13248 0.060535
6112 0.060379
5322 0.060274
11837 0.060145
23641 0.059759
12349 0.059759
8638 0.059759
26556 0.059759
13338 0.059505
24621 0.059454
1787 0.059003
15584 0.059003
8371 0.058558
4747 0.058558
1433 0.058265
6145 0.058265
22543 0.058023
10176 0.058023
25119 0.057903
24144 0.057546
11160 0.057404
24039 0.057193
20582 0.057193
10212 0.056844
29915 0.056500
1335 0.056500
11093 0.056500
833 0.056386
1262 0.056159
11258 0.055935
21398 0.055823
23397 0.055756
27959 0.055756
17270 0.055491
19237 0.055491
21181 0.055491
15638 0.054967
5191 0.054967
28178 0.054967
12655 0.054709
18822 0.054517
3084 0.054200
16391 0.054200
1634 0.053949
22046 0.053577
28875 0.053577
15354 0.053454
27602 0.053210
12970 0.053210
28520 0.053210
13704 0.052968
27995 0.052729
20955 0.052729
25323 0.052669
12178 0.052491
25626 0.052373
19362 0.052373
407 0.052373
19273 0.052256
28960 0.052256
16678 0.052256
13860 0.052081
7743 0.052023
13127 0.051791
21118 0.051791
19326 0.051505
29867 0.051505
23413 0.051505
29300 0.051335
13554 0.051335
1477 0.051110
1958 0.051110
4640 0.050942
19117 0.050887
13916 0.050665
29692 0.050665
28510 0.050229
1172 0.050229
13072 0.050121
196 0.050013
15399 0.050013
11125 0.049799
9229 0.049799
28483 0.049325
18040 0.049325
6055 0.049065
9859 0.048809
28474 0.048758
9358 0.048554
3335 0.048554
9741 0.048554
14689 0.048353
2302 0.048303
11822 0.048153
7553 0.048054
12245 0.047758
26864 0.047563
17734 0.047563
935 0.047563
5785 0.047563
11133 0.047322
18016 0.047178
10435 0.046846
27668 0.046799
14966 0.046612
17391 0.046612
24525 0.046612
23145 0.046151
21615 0.045999
23810 0.045999
19297 0.045923
29355 0.045923
4805 0.045402
16346 0.045255
25227 0.045109
6849 0.045109
17669 0.044819
27427 0.044819
29071 0.044819
25766 0.044605
18477 0.044534
870 0.044534
21400 0.044252
13706 0.044252
9889 0.044252
9687 0.043767
140 0.043767
29893 0.043699
15687 0.043699
10409 0.043563
13925 0.043563
18622 0.043428
27784 0.043360
23954 0.043360
27554 0.043159
7844 0.043159
12524 0.043159
23710 0.043159
27883 0.042895
27215 0.042763
28865 0.042375
21832 0.042375
25794 0.041805
9364 0.041618
4088 0.041618
25015 0.041618
11359 0.041433
27104 0.041250
10789 0.041128
17402 0.040532
13067 0.040532
13118 0.040415
9447 0.040415
19563 0.040357
13307 0.040183
12392 0.040183
14166 0.040183
2948 0.039953
29205 0.039726
25225 0.039502
17404 0.039502
22914 0.039335
19590 0.039280
6819 0.039170
24020 0.038844
17569 0.038844
13489 0.038682
7937 0.038682
27239 0.038682
15147 0.038629
27705 0.038522
25915 0.038417
15682 0.038417
15644 0.038207
5247 0.038051
18594 0.037999
4940 0.037999
26585 0.037999
14558 0.037794
14305 0.037794
28900 0.037743
14107 0.037743
7832 0.037590
21913 0.037290
18606 0.037290
20934 0.037191
9796 0.036994
16318 0.036994
1712 0.036227
11524 0.036227
29758 0.035673
25493 0.035492
21683 0.035492
1565 0.035492
950 0.034785
26339 0.034613
14088 0.034274
10569 0.034106
26314 0.033941
1523 0.033615
18348 0.033454
4631 0.033454
1685 0.033454
25068 0.032825
7616 0.032672
2586 0.032520
24511 0.032520
24859 0.032220
18139 0.032073
2646 0.032073
26499 0.032073
6214 0.032073
25937 0.031781
7145 0.031637
13003 0.031637
29917 0.031214
25707 0.030801
17843 0.030801
3354 0.030801
26085 0.030666
3742 0.030666
16465 0.030465
22407 0.030268
20211 0.030268
7633 0.030008
2465 0.029880
29552 0.029880
23683 0.029880
25835 0.029752
18944 0.029689
25724 0.029501
28885 0.029501
15660 0.029377
10847 0.029133
703 0.029133
2484 0.029133
26665 0.028892
25267 0.028892
20565 0.028773
26151 0.028773
16332 0.028655
18666 0.028655
7603 0.028655
8130 0.028655
17840 0.028655
4924 0.028596
6877 0.028596
11036 0.028596
14965 0.028538
19302 0.028422
29494 0.028307
10348 0.028250
10088 0.028193
11379 0.028080
14613 0.028080
10418 0.027967
22106 0.027967
18425 0.027912
16702 0.027745
666 0.027581
23249 0.027419
3798 0.027419
21934 0.027419
15943 0.027419
29129 0.027259
12764 0.027259
4028 0.027100
15875 0.027100
8730 0.026943
8670 0.026943
18015 0.026789
12895 0.026636
29469 0.026335
8601 0.026187
22132 0.026040
19053 0.026040
9499 0.025896
28361 0.025896
6099 0.025471
2772 0.025333
14883 0.024926
1809 0.024926
3708 0.024926
804 0.024794
11335 0.024794
28707 0.024663
20199 0.024663
6705 0.024533
15322 0.024404
15553 0.024404
652 0.024277
21066 0.024277
1869 0.024277
11939 0.024027
18335 0.023904
23070 0.023782
13863 0.023661
1517 0.023542
2643 0.023423
22060 0.023306
3518 0.023190
10423 0.022962
18314 0.022849
24373 0.022849
27508 0.022738
16542 0.022627
1036 0.022410
28715 0.022410
4861 0.022302
16543 0.022196
1314 0.021987
27435 0.021987
22727 0.021987
5543 0.021884
5363 0.021680
3006 0.021580
29674 0.021580
6439 0.021187
17389 0.021091
21205 0.020996
2571 0.020809
7994 0.020444
8241 0.020444
21596 0.020266
24416 0.020178
10467 0.019835
26823 0.019751
19462 0.019668
6070 0.019668
23333 0.019422
11534 0.019422
15824 0.019341
22175 0.019182
7143 0.019103
2112 0.019103
7877 0.019103
18883 0.019103
4797 0.018948
9868 0.018871
24729 0.018871
5498 0.018795
2600 0.018720
29242 0.018645
19923 0.018645
21345 0.015537
18094 0.015537
15519 0.015537
23842 0.015435
3017 0.015333
16648 0.015333
20255 0.015134
20165 0.015134
21448 0.015036
11558 0.014940
20335 0.014845
11853 0.014751
5199 0.014658
8039 0.014658
23860 0.014658
11266 0.014476
26718 0.014476
20350 0.014298
10717 0.014211
29782 0.014211
8256 0.014125
23173 0.014040
4441 0.014040
1409 0.013791
4766 0.013791
8835 0.013791
27397 0.013791
9327 0.013791
4099 0.013629
5258 0.013629
20904 0.013550
7344 0.013550
22021 0.013550
3564 0.013472
8498 0.013394
15159 0.013242
27270 0.012876
28448 0.012876
15960 0.012806
9579 0.012806
28596 0.012598
15772 0.012598
21311 0.012530
16977 0.012530
24204 0.012530
13977 0.012530
20066 0.012397
8696 0.012397
1971 0.012397
2031 0.012331
12640 0.012266
23298 0.012202
20075 0.012139
4741 0.012076
6927 0.012076
7936 0.012076
4135 0.011952
9212 0.011952
1250 0.011952
29615 0.011891
29400 0.011831
25205 0.011653
23476 0.011653
8349 0.011595
6100 0.011538
2425 0.011481
5062 0.011425
25325 0.011425
24819 0.011369
16359 0.011369
20013 0.011205
14538 0.011151
4138 0.011151
21373 0.011098
14833 0.011046
15100 0.010942
22204 0.010942
456 0.010840
824 0.010740
19211 0.010740
16223 0.010740
23415 0.010691
18552 0.010594
12356 0.010405
2987 0.010312
29452 0.010312
13800 0.010312
3403 0.010222
118 0.010222
3488 0.010177
11758 0.010133
15703 0.010089
11693 0.010089
3601 0.010089
18701 0.009960
2246 0.009917
21837 0.009917
17099 0.009917
29255 0.009875
18241 0.009834
8544 0.009711
4376 0.009711
340 0.009671
28813 0.009671
12206 0.009671
27799 0.009671
21594 0.009631
18791 0.009552
11296 0.009513
21389 0.009474
15499 0.009474
26401 0.009398
10274 0.009398
4156 0.009360
22975 0.009322
