5927
6 0.073572
13 0.445636
16 0.454383
19 1.067812
26 0.402929
35 0.548665
38 1.070338
42 0.119979
48 0.380863
49 0.588671
52 0.197156
60 0.294288
64 0.421417
67 0.289861
70 0.121854
80 0.463969
93 0.509205
96 0.233959
97 0.277578
98 0.511785
103 0.966146
111 0.138248
116 0.038354
118 1.077442
125 0.275951
131 0.505467
134 0.162339
135 0.320492
137 1.124802
147 1.335158
155 0.570631
161 0.508606
171 0.084563
174 0.416177
184 1.169794
187 0.550491
189 0.467918
195 0.452824
204 1.121053
209 1.026400
210 0.112300
214 0.587344
215 0.013524
224 0.511785
226 0.299125
231 0.383742
232 1.260652
235 0.438673
236 0.518503
242 0.376486
251 0.219740
252 0.185518
255 0.215787
257 0.251728
262 0.378316
268 0.483665
272 0.277578
277 0.253690
279 0.091949
281 0.213905
295 0.439559
304 1.124994
310 0.014997
311 1.186586
317 1.332411
321 0.287949
326 1.006567
334 0.121713
335 1.217737
337 0.158616
338 0.243487
342 0.548132
346 0.165147
347 0.326454
358 0.595933
361 1.033065
365 0.198789
373 1.192076
384 0.242026
395 0.993222
399 0.292449
404 0.292449
405 1.037365
409 0.163771
410 0.394995
416 0.069102
418 0.548341
422 0.484889
425 0.406276
433 0.261483
436 0.282700
439 0.190727
444 1.114090
447 0.559467
455 0.395930
465 0.557783
470 0.513898
480 1.084444
492 0.983305
500 1.012809
503 0.434041
513 1.102120
524 1.242906
525 0.458743
527 1.151611
530 0.160924
534 0.205427
541 0.597612
543 0.499302
544 0.056786
548 0.301493
549 0.308627
560 0.179158
563 0.516247
564 0.030253
572 0.037939
576 0.965703
583 1.072850
588 0.048741
590 1.199789
596 0.228253
606 0.168720
609 0.015192
613 1.192731
621 1.082954
627 1.175087
629 0.546371
630 0.057531
637 0.228253
642 0.014442
647 0.191216
665 0.398501
667 0.486148
671 0.301235
672 0.462141
673 0.140939
681 0.411594
683 0.209125
686 0.129977
693 0.458743
695 0.236920
697 0.440508
699 0.051307
703 0.497163
708 1.133074
718 0.325913
726 0.388229
727 0.507937
731 0.114891
741 1.216174
742 0.334227
747 0.515909
750 0.270473
751 0.047747
756 1.100983
758 0.239158
766 0.182181
770 0.124226
771 0.254955
779 1.162618
781 0.544090
782 0.494913
790 0.462477
796 0.372424
797 0.318406
805 0.486449
807 0.072210
811 0.571664
814 0.013602
815 0.009472
822 0.526795
826 0.097483
829 0.358485
833 0.556596
834 0.542100
835 0.539023
840 1.216586
841 1.107498
846 0.501340
849 0.554644
853 0.549662
854 1.123002
856 0.537473
859 1.264323
861 0.103653
867 0.987826
869 0.060376
875 0.290109
881 1.011714
888 0.392039
891 0.188676
892 0.418815
901 0.254955
903 0.194015
907 0.277057
908 0.414302
918 1.087593
919 0.461957
925 0.020889
928 0.033264
933 0.079117
938 0.176573
944 0.092657
951 0.314743
959 0.566808
972 0.266689
974 0.549903
996 1.154797
1002 1.021510
1004 0.076173
1008 0.266535
1009 1.085171
1012 0.228011
1013 0.363936
1014 0.271819
1033 0.183497
1035 0.071516
1041 1.066273
1047 1.111569
1049 0.535200
1059 0.297520
1060 0.599593
1065 0.954306
1067 0.982904
1068 0.098302
1075 0.331175
1083 0.208236
1085 0.054409
1087 0.072658
1088 0.346164
1089 0.412869
1106 0.233959
1120 0.073882
1122 0.057343
1124 0.281527
1139 0.009396
1141 0.404111
1145 0.033583
1159 0.467918
1164 0.238734
1167 0.254303
1168 0.433257
1170 0.495891
1172 1.038697
1175 1.176884
1181 0.438673
1185 0.505589
1186 0.213987
1194 0.566029
1201 0.612993
1216 0.411594
1218 0.408500
1221 0.283269
1222 0.464051
1228 0.130535
1231 0.486919
1232 0.256241
1233 0.388135
1240 0.202343
1242 0.515004
1248 0.222818
1249 0.311945
1250 1.163795
1254 1.099807
1256 0.215488
1259 0.386627
1261 0.111409
1266 0.385500
1269 0.013926
1271 0.476583
1277 0.536603
1278 1.053782
1279 0.054157
1280 0.074509
1283 0.424439
1287 0.140375
1288 0.526407
1296 0.442359
1298 0.071767
1302 0.089006
1307 0.359937
1310 0.412087
1319 1.193190
1321 0.525750
1332 0.413708
1335 1.148525
1337 0.093584
1341 0.527422
1347 0.082574
1348 0.565720
1358 0.239958
1360 0.396894
1370 1.067009
1382 0.137003
1397 1.241123
1399 0.600425
1406 0.318406
1407 0.382433
1412 0.287492
1414 0.534763
1419 1.033065
1420 1.023570
1421 0.393681
1424 0.490200
1430 0.612993
1437 0.092201
1442 1.156032
1443 1.147723
1445 0.539905
1452 0.958021
1459 0.497011
1474 0.321555
1478 0.138363
1487 1.100983
1488 0.231942
1495 0.102357
1509 0.156844
1514 0.099860
1515 0.426427
1516 0.567475
1517 0.389931
1523 1.226034
1534 0.187167
1535 0.089984
1539 0.211318
1555 0.446108
1556 0.554113
1558 0.461327
1559 0.104313
1593 0.311945
1597 0.184704
1599 0.558176
1611 1.114090
1613 0.496276
1619 0.533931
1625 0.496904
1626 1.236368
1628 1.164816
1633 0.327840
1649 0.499912
1650 0.257467
1653 0.303280
1660 0.938724
1664 0.531725
1665 0.014179
1666 0.449012
1667 0.199114
1669 1.028612
1674 0.414441
1676 1.283367
1679 0.280190
1681 0.360894
1689 0.306375
1695 0.527050
1697 1.133074
1700 0.526128
1701 0.210439
1709 0.258848
1711 0.436574
1721 0.128677
1733 0.163920
1739 0.595729
1747 0.044423
1748 0.126776
1752 0.447462
1754 0.386787
1757 0.316819
1760 0.261216
1762 0.519909
1766 0.099860
1768 0.317722
1773 0.547563
1779 1.059436
1781 0.530740
1784 0.123136
1791 0.132430
1797 1.232091
1804 0.347464
1807 0.610327
1809 0.250223
1818 0.072210
1819 1.039817
1821 0.381455
1827 1.279462
1833 0.993222
1840 0.387624
1842 0.220060
1847 1.148717
1862 1.244781
1871 0.354158
1878 0.436194
1886 0.123861
1888 0.357046
1889 0.187167
1890 0.138528
1891 0.308400
1901 0.574132
1903 0.132074
1912 1.157481
1923 0.372207
1932 0.595532
1934 1.050428
1939 1.156651
1941 0.437306
1956 0.231522
1960 0.512389
1968 0.336073
1976 0.179968
1977 1.075961
1980 0.188911
1982 0.051704
1985 1.169794
1991 0.357437
1992 0.892560
2011 0.144717
2014 0.582387
2018 0.032345
2021 0.557565
2023 1.169794
2024 1.123002
2028 0.296902
2030 0.053476
2033 0.145525
2039 0.080280
2041 0.117715
2050 1.198894
2052 0.106885
2054 0.113372
2058 0.217075
2059 0.518569
2064 1.151226
2070 1.214979
2071 0.137623
2074 0.497163
2089 0.470532
2091 0.355381
2093 0.486148
2098 0.987826
2099 0.041409
2107 0.098717
2110 0.570631
2115 0.367796
2124 0.420285
2125 0.322343
2128 0.171570
2131 0.010933
2133 0.207451
2136 0.491845
2138 0.388313
2140 0.556046
2145 0.456777
2155 0.383091
2156 1.104075
2158 0.574636
2160 0.964052
2164 0.453219
2171 1.085027
2175 1.095353
2177 0.258705
2178 1.184986
2180 0.264596
2182 0.393576
2183 0.264596
2188 0.184704
2192 0.320858
2193 0.156719
2194 0.620132
2197 0.264659
2200 1.066142
2201 0.322702
2211 0.325613
2212 0.530153
2214 1.169794
2217 1.175732
2226 1.111569
2245 0.290933
2250 0.304014
2260 0.310066
2262 0.353659
2264 0.938816
2266 0.284545
2269 0.560380
2270 0.227748
2274 0.413564
2289 0.431710
2290 0.484780
2302 1.139489
2306 0.472528
2311 0.389931
2313 0.403787
2314 0.123788
2321 0.574132
2333 0.176351
2335 0.458512
2342 0.542289
2343 0.115062
2345 1.251117
2347 0.338431
2350 0.197156
2356 0.225201
2357 0.226412
2359 0.536156
2366 0.120494
2371 0.183286
2376 0.537150
2381 1.276139
2383 0.180963
2394 0.286931
2396 0.141793
2400 0.060376
2402 1.045095
2403 0.444628
2404 1.182373
2407 1.160436
2417 0.042928
2418 0.188243
2420 0.547272
2427 0.326758
2429 0.087054
2441 0.429720
2444 0.348038
2451 1.141263
2454 0.476079
2456 0.231851
2462 0.465099
2463 1.190139
2466 0.215787
2472 0.062556
2480 0.161351
2495 0.181520
2501 0.437729
2508 0.047553
2511 0.153248
2517 0.570347
2519 0.325765
2524 0.128677
2526 0.346164
2530 0.413629
2534 0.229371
2536 0.974829
2537 0.118460
2539 0.445030
2540 0.108538
2547 0.374334
2558 0.364611
2559 0.404111
2568 1.152675
2581 0.045874
2587 0.533378
2590 0.279155
2591 0.442932
2595 0.220197
2596 1.162872
2602 0.539905
2606 0.069219
2609 0.420285
2615 0.029615
2616 0.209963
2626 0.068409
2627 0.279855
2636 0.439359
2638 0.087735
2641 0.492545
2649 0.533590
2651 0.048489
2653 0.285647
2664 0.178985
2666 0.413564
2675 0.184331
2685 0.307841
2709 0.340056
2716 0.567993
2720 0.946234
2721 0.265416
2726 1.150189
2732 0.236920
2740 0.112002
2742 1.102736
2750 0.197498
2753 0.299699
2755 0.130535
2763 0.382643
2776 1.056270
2779 0.174109
2783 0.379100
2785 0.011088
2791 0.481975
2792 0.385912
2794 0.257751
2801 0.177410
2802 0.244006
2805 1.058696
2807 1.055814
2808 0.543639
2812 0.039487
2815 0.545500
2816 0.059380
2817 1.131350
2821 0.985614
2826 0.206434
2834 1.008220
2837 0.307319
2843 0.168619
2846 0.038831
2855 0.489067
2857 1.159710
2859 0.105864
2869 1.184417
2870 0.424050
2871 0.419926
2879 1.028227
2884 0.895398
2888 1.149625
2890 0.381109
2893 0.187167
2896 0.500289
2897 0.263204
2898 0.283135
2899 0.445636
2904 0.366571
2905 1.298528
2918 0.125539
2923 0.515267
2930 0.452189
2934 0.049778
2940 0.160847
2968 0.066037
2980 0.020523
2984 0.324299
2986 0.545904
3001 1.011178
3005 0.532287
3015 1.189621
3026 0.324632
3028 1.074689
3029 0.145398
3034 0.534475
3037 0.584897
3042 0.404373
3058 0.096906
3060 0.565118
3061 0.416471
3063 0.011141
3065 1.154197
3067 1.214217
3070 0.196896
3083 0.081614
3105 0.081377
3106 0.262195
3113 0.396121
3119 0.334227
3120 0.318478
3130 0.386787
3131 0.389931
3138 1.055814
3143 0.593627
3147 0.366299
3153 0.056832
3176 1.288469
3189 0.027687
3193 0.155282
3197 0.419926
3200 0.085076
3201 0.570631
3204 0.428095
3206 0.389931
3223 0.566808
3229 0.342110
3242 1.229275
3246 0.528294
3247 1.219785
3249 1.005804
3252 0.538894
3253 1.078732
3270 0.311945
3273 0.392185
3291 0.915039
3293 0.328363
3302 0.599894
3306 0.442999
3307 0.988079
3311 0.110242
3318 0.472211
3327 0.109454
3328 0.510945
3331 0.605680
3353 0.446210
3357 1.046998
3361 0.291274
3364 0.145574
3370 1.279954
3376 0.283586
3380 1.070338
3385 1.169794
3392 1.174689
3402 0.479193
3405 0.519909
3406 0.545500
3414 0.353145
3416 1.157216
3421 0.427974
3422 0.336316
3429 0.394036
3431 0.584897
3438 0.436194
3442 0.227882
3463 0.224506
3467 0.115694
3468 0.512149
3474 0.242444
3475 0.203865
3477 0.246891
3479 0.301235
3481 0.301135
3483 0.439923
3485 0.278522
3490 0.232506
3493 1.000667
3499 0.532589
3500 0.417784
3506 0.589896
3523 0.019827
3525 0.303280
3529 0.500374
3535 1.083877
3537 0.095493
3543 0.337802
3550 0.129977
3552 0.113818
3555 0.262607
3569 0.550491
3574 0.153609
3584 0.384439
3591 0.409428
3593 0.217636
3597 0.143533
3605 1.054843
3611 0.463397
3617 0.441657
3627 0.463397
3634 0.485575
3641 1.100164
3642 1.122156
3645 0.587568
3650 0.279951
3655 0.429155
3656 0.598823
3667 0.556366
3672 0.292449
3683 0.213987
3685 0.088845
3686 1.180429
3692 0.558482
3693 0.024889
3699 1.064723
3701 0.307489
3704 1.008115
3711 0.434924
3713 0.254012
3718 0.029429
3720 0.190432
3737 1.163259
3746 0.279573
3749 0.311044
3757 0.508606
3767 0.483295
3771 1.105402
3781 1.077629
3782 0.105387
3801 1.079810
3806 0.446154
3809 0.252928
3813 0.193724
3815 0.509205
3819 1.118033
3820 0.615681
3828 1.221555
3835 0.404222
3839 0.579628
3841 0.562305
3845 1.124218
3849 0.981118
3867 0.486449
3874 0.135780
3878 0.129977
3880 0.200096
3882 0.022605
3885 1.118033
3892 0.019996
3896 0.135910
3899 0.990552
3906 1.069526
3911 0.273150
3914 1.255389
3918 0.386032
3923 0.058858
3927 0.248892
3928 0.051083
3929 0.335941
3945 0.579628
3947 0.029003
3949 0.502058
3963 0.040807
3968 1.131440
3970 1.082682
3972 0.011194
3973 0.354881
3974 0.570275
3975 0.415585
3976 1.224915
3980 0.417332
3981 0.379039
3982 0.126728
3984 0.449921
3987 0.386450
3990 0.275246
3994 0.025430
3996 0.598499
3997 1.121341
4004 0.429720
4009 0.109454
4011 0.088102
4014 1.334765
4018 1.238606
4019 0.512218
4036 1.028287
4042 1.239425
4046 1.002681
4053 0.058490
4064 0.118161
4067 0.406044
4072 0.467918
4075 0.264147
4085 0.512218
4093 1.024526
4095 0.590263
4099 1.203999
4104 0.342871
4106 1.118934
4111 0.433631
4112 1.029419
4123 0.567861
4124 0.389931
4136 0.410622
4138 0.559710
4143 1.238606
4148 0.335637
4153 0.543317
4154 0.110881
4160 0.542942
4162 0.207305
4165 0.042345
4182 0.220905
4184 0.977122
4188 0.096478
4199 0.354017
4200 0.518732
4209 0.209515
4214 1.086634
4224 0.033744
4233 0.160077
4235 0.427425
4238 0.263954
4239 0.536603
4241 0.584897
4252 0.060769
4258 0.609066
4260 1.169794
4262 1.089671
4265 0.393792
4266 0.990744
4268 0.167863
4269 0.224152
4271 0.273150
4275 0.579982
4290 0.957726
4293 0.218533
4306 0.303280
4328 0.573577
4333 0.132180
4337 0.371363
4349 0.325234
4350 0.502058
4352 0.504110
4356 0.972480
4359 0.412213
4365 0.376617
4375 0.069150
4379 1.006023
4385 0.484460
4387 0.147453
4391 0.459744
4395 1.148780
4401 0.034406
4403 0.467918
4406 0.257832
4407 0.558067
4415 0.113372
4420 0.459744
4422 0.495891
4424 0.276726
4425 0.144581
4426 0.542100
4431 0.332786
4433 0.283586
4449 0.402843
4450 0.587669
4451 0.012185
4455 0.277759
4456 0.295182
4457 0.919489
4461 0.990199
4463 0.090565
4466 0.142658
4468 0.176098
4471 0.106831
4474 1.062563
4475 0.420878
4480 0.098657
4491 0.358914
4497 0.511385
4499 1.236853
4503 0.537150
4506 1.039817
4513 0.254955
4532 0.400703
4540 0.149563
4544 0.482026
4549 0.422267
4550 1.099479
4551 0.148545
4560 0.458743
4568 0.322219
4569 0.090565
4580 0.155973
4587 0.368025
4590 1.196023
4598 0.560639
4599 0.502058
4611 1.127513
4612 0.224506
4613 1.162705
4628 0.623890
4630 0.290796
4634 0.433831
4642 0.873705
4646 0.134976
4665 0.405847
4670 1.176403
4678 1.158212
4682 0.140631
4683 0.139111
4692 0.239276
4701 1.196381
4704 0.563411
4705 1.224344
4717 1.026878
4718 0.620707
4720 0.574636
4721 0.514306
4725 0.120597
4726 0.012926
4730 0.285832
4735 0.584897
4742 0.248452
4744 0.030123
4747 0.611350
4748 0.442932
4749 0.581172
4754 0.286714
4756 0.500289
4762 0.517696
4764 0.530433
4765 0.294826
4771 0.121537
4780 1.095612
4783 0.398916
4796 0.123136
4802 0.040688
4808 0.085595
4809 0.463605
4813 0.041966
4828 0.381455
4837 0.234898
4843 0.437306
4845 0.381722
4848 0.242518
4850 0.372792
4852 0.570396
4854 0.403734
4863 0.082091
4873 0.283015
4880 1.237878
4883 0.214547
4892 0.511385
4895 0.592301
4897 0.535428
4898 0.255892
4902 0.493287
4918 0.927007
4920 0.391563
4921 0.349482
4923 0.195873
4927 0.225646
4944 0.289304
4947 0.212690
4948 0.070897
4952 0.399442
4954 1.218762
4966 0.263031
4969 0.391696
4974 0.027047
4975 0.358833
4998 1.100983
4999 0.513068
5007 0.381722
5010 0.309809
5022 0.427539
5024 0.256784
5028 0.481680
5032 0.322049
5033 0.175807
5041 0.475526
5047 1.031005
5049 0.354483
5052 0.202764
5053 0.182306
5060 0.964116
5061 0.132074
5073 0.272952
5074 1.143087
5075 0.084563
5076 0.427810
5082 0.457746
5084 1.113191
5100 0.105811
5103 0.327542
5104 0.990302
5107 0.449921
5108 0.300670
5117 0.088049
5124 0.423354
5125 1.124218
5126 0.231642
5130 0.136952
5132 0.099982
5143 0.253551
5144 1.188168
5152 0.060611
5155 0.402409
5164 0.277374
5168 0.587897
5171 1.016185
5172 0.223324
5178 0.216915
5184 0.316161
5187 0.489681
5195 0.492016
5206 0.259954
5211 0.530488
5214 0.234938
5219 0.596595
5223 0.012249
5232 0.305579
5236 0.399442
5241 0.011582
5244 0.441238
5246 0.074668
5250 0.442359
5255 0.409428
5260 0.300498
5263 1.118488
5280 1.036704
5283 0.013293
5297 1.147442
5299 1.088933
5301 0.384996
5308 0.426487
5313 0.326193
5314 0.176944
5318 0.479543
5319 0.224764
5332 0.551368
5348 0.505589
5349 0.039993
5352 0.511785
5353 0.194966
5359 0.054409
5368 0.246272
5377 1.066755
5406 1.100302
5407 0.105659
5412 0.118294
5414 0.482772
5416 0.083557
5420 1.080788
5447 0.090481
5450 1.169794
5452 1.015536
5456 0.047942
5464 1.223237
5467 0.591944
5468 0.498246
5469 0.245512
5470 0.287757
5484 0.245197
5495 0.439559
5497 0.010307
5499 0.571167
5502 0.354881
5506 1.138738
5522 0.122492
5538 1.273447
5542 0.064274
5554 0.556554
5564 0.107430
5566 1.250074
5567 0.059989
5568 0.591325
5570 1.222748
5572 0.208236
5573 1.017212
5580 0.047169
5582 0.071205
5584 0.060507
5593 0.150941
5597 0.050045
5601 0.418815
5605 0.261216
5607 0.038565
5621 0.496672
5634 1.019021
5635 0.327542
5637 1.229275
5639 0.072787
5647 1.094486
5650 0.137623
5656 0.615103
5661 0.245512
5663 0.197156
5664 0.511785
5675 0.311276
5676 0.488869
5677 1.145675
5697 0.010041
5700 0.364611
5702 0.530740
5705 1.042391
5706 0.499821
5709 0.399442
5710 0.991540
5714 1.117101
5716 0.169312
5728 0.496276
5734 1.042391
5742 0.239158
5746 1.028612
5749 0.282559
5752 0.535428
5753 0.386627
5756 0.244663
5762 0.449921
5766 0.543317
5777 0.431575
5788 0.551368
5797 0.425380
5798 0.321120
5801 1.242493
5809 0.480451
5812 0.470461
5813 0.084691
5816 0.149625
5821 1.181854
5823 0.300670
5833 1.006732
5845 0.334227
5846 0.159777
5858 0.467918
5859 0.050206
5863 0.284545
5865 0.557565
5866 0.217636
5872 0.278221
5878 0.998359
5879 0.275847
5883 0.010307
5887 0.570152
5891 0.592837
5892 0.500563
5907 0.269538
5923 0.178822
5924 0.147644
5930 1.097585
5948 0.953637
5951 0.598251
5959 1.213525
5965 0.455920
5970 0.335882
5973 0.535568
5976 0.265217
5981 0.494449
5992 0.347165
5993 0.397289
5997 0.131665
6002 0.277578
6005 0.367475
6012 0.242696
6014 0.160981
6018 0.154259
6024 0.476020
6026 0.425380
6028 0.317722
6030 1.174689
6042 0.377746
6047 0.402991
6049 1.147997
6053 0.312779
6056 0.521044
6062 0.080675
6071 0.384996
6075 0.197712
6093 0.437953
6094 0.240282
6106 1.138178
6130 0.087578
6138 1.087414
6141 1.042949
6150 0.075168
6152 0.415927
6153 0.337146
6163 0.963910
6174 0.467918
6177 0.344939
6181 0.499463
6193 0.309256
6198 0.202854
6206 1.062364
6213 0.449921
6214 0.246837
6215 0.350373
6224 0.272333
6226 1.111569
6243 0.272333
6247 1.014272
6257 0.009830
6260 0.529486
6270 0.419926
6272 1.127366
6277 0.190301
6284 0.517172
6295 0.533378
6296 1.136687
6299 0.554644
6301 0.414441
6305 0.534763
6307 1.201698
6315 1.122242
6319 1.085691
6325 0.168970
6329 1.116011
6342 0.227882
6344 0.290109
6351 0.506227
6352 0.588671
6370 1.213583
6374 0.212690
6385 0.491845
6389 0.249956
6393 0.535428
6398 0.183497
6407 0.609124
6415 0.089984
6417 0.623890
6419 0.139867
6428 0.501340
6440 0.542888
6441 0.376934
6442 1.132540
6446 1.258971
6450 0.495151
6453 0.031195
6461 0.252171
6462 0.421126
6465 0.387972
6467 0.365862
6468 0.154259
6469 0.542289
6472 0.506161
6474 0.217903
6482 0.339240
6483 0.397289
6486 1.117638
6487 1.058866
6489 0.558550
6493 0.518732
6494 0.170434
6495 0.505263
6496 0.191770
6503 0.545904
6508 1.007108
6510 0.567524
6513 1.232895
6514 0.582151
6515 0.189967
6516 0.588771
6538 0.591778
6548 0.142658
6563 0.467918
6568 0.605420
6577 0.432756
6581 1.028160
6589 0.389931
6590 0.327542
6592 0.328538
6613 1.100071
6620 0.475849
6624 0.530307
6631 1.155233
6633 0.415585
6639 0.513068
6642 0.549662
6643 0.528950
6646 0.222196
6649 0.073112
6664 0.373455
6673 0.315336
6682 0.357046
6688 0.211318
6703 0.254713
6708 1.196686
6715 1.240999
6718 1.203603
6726 0.072733
6732 0.319035
6752 0.096906
6757 0.249187
6759 0.123728
6760 0.218533
6766 0.990244
6783 0.272333
6785 0.387703
6789 1.012454
6792 0.113372
6795 0.960114
6803 1.149090
6807 0.155233
6812 0.150941
6817 0.623890
6820 0.142080
6826 0.397503
6828 0.960463
6831 0.306229
6833 0.013446
6837 0.335774
6838 0.288442
6842 0.307552
6844 0.402716
6851 0.959231
6854 0.278221
6857 1.009467
6864 0.084057
6866 0.080214
6900 0.477153
6902 1.265864
6904 0.330184
6909 0.363936
6912 0.974829
6922 0.523622
6923 0.121222
6924 0.517778
6928 1.015874
6937 0.343309
6951 0.131808
6965 0.053172
6975 0.398445
6983 1.067181
6985 0.010586
6987 1.249660
6993 1.018853
6999 0.115406
7003 1.101871
7012 0.315178
7015 0.460644
7017 1.067812
7018 1.046276
7023 1.208238
7028 0.497163
7031 0.028532
7032 1.057901
7034 0.475229
7052 0.146880
7056 0.057625
7058 0.581928
7065 0.187167
7067 0.503137
7069 0.420285
7071 1.141606
7076 0.894243
7080 0.470771
7082 0.026738
7083 0.530488
7084 0.565720
7085 0.402843
7090 0.411594
7091 0.341399
7093 0.036747
7096 0.187745
7097 0.077342
7099 1.169794
7100 0.505021
7109 0.943868
7115 0.131543
7118 0.584897
7128 0.389931
7131 0.558902
7132 1.143208
7135 0.236800
7140 0.095493
7146 0.332589
7150 0.407818
7153 1.087414
7160 0.433631
7161 1.112885
7162 1.150298
7181 0.177809
7189 0.518732
7191 0.105043
7193 0.438673
7198 1.250723
7199 0.316161
7215 0.022072
7220 0.937897
7221 0.276497
7222 1.062563
7225 0.169970
7227 0.108458
7232 0.209963
7236 0.248581
7238 0.380035
7240 0.557622
7248 0.549903
7249 0.618393
7250 0.012855
7259 0.992851
7260 0.058126
7262 0.534763
7266 1.023570
7269 0.224960
7270 0.916681
7278 0.584897
7280 0.136287
7292 1.045095
7293 0.287547
7294 0.252569
7302 0.519909
7305 0.105659
7306 0.488869
7307 0.392185
7312 0.465530
7317 1.066022
7319 0.569369
7320 0.148545
7323 0.209070
7332 0.335597
7334 0.115062
7341 0.149625
7349 0.136729
7356 0.196525
7358 0.175987
7359 0.246272
7363 0.233959
7365 0.172926
7367 0.054409
7371 0.176944
7385 0.421670
7391 0.233959
7392 0.028707
7398 0.417251
7399 0.121013
7403 0.036941
7411 1.118934
7417 1.208974
7418 0.477873
7424 0.326193
7445 0.571899
7448 0.084057
7451 0.148883
7457 0.127614
7458 0.365862
7466 0.494279
7472 0.442999
7478 0.487414
7483 0.356024
7484 0.327980
7501 0.167863
7502 0.089984
7515 0.070897
7530 1.059924
7534 0.310958
7536 0.026141
7537 0.311945
7541 1.126109
7545 0.309809
7552 0.197315
7562 0.577301
7576 0.552994
7577 0.197565
7582 1.024864
7584 1.181376
7585 0.477276
7586 0.617034
7587 1.121053
7591 0.278891
7592 0.013070
7593 0.423354
7600 0.402929
7603 1.121852
7604 0.103407
7606 0.176351
7608 0.425380
7610 0.319944
7611 0.415252
7632 1.057043
7637 0.250145
7638 0.255414
7649 0.445636
7651 0.023996
7656 0.600878
7663 0.429924
7665 0.267382
7680 0.551103
7686 1.126005
7704 0.244727
7706 0.454097
7708 1.243565
7711 0.385783
7717 0.074509
7719 0.372472
7725 1.061662
7727 1.030809
7732 0.193177
7742 0.301882
7753 0.228760
7766 0.384996
7768 0.255892
7773 0.456220
7791 0.238162
7794 1.004823
7801 1.042949
7809 0.307841
7814 0.147060
7821 1.069084
7823 1.086238
7826 0.461169
7835 0.410454
7836 0.299250
7850 0.391852
7855 1.051633
7857 0.055375
7858 0.255414
7866 0.483602
7869 0.421670
7879 0.258889
7887 0.434354
7895 0.467918
7901 0.105473
7905 0.153609
7908 0.293715
7912 0.108132
7926 0.245100
7927 0.371855
7934 0.116397
7938 0.058784
7941 1.164404
7951 0.254303
7956 0.146224
7957 0.495950
7963 1.243976
7968 1.131649
7971 0.532229
7975 1.012871
7976 0.214860
7977 0.350938
7980 0.348153
7982 0.337059
7987 0.135176
7989 1.050428
7993 1.297078
7995 0.519909
7999 0.434924
8002 0.449012
8004 0.983455
8015 0.139446
8033 0.010352
8039 0.544433
8042 0.113206
8044 0.135176
8046 0.073112
8049 0.046328
8051 1.073206
8059 0.490559
8061 0.623890
8063 0.566029
8068 0.980737
8072 0.486973
8081 0.026738
8083 1.322376
8084 0.011469
8096 0.416246
8097 0.320654
8100 0.292449
8101 0.359937
8105 0.204331
8106 0.985090
8111 0.986573
8132 0.369409
8140 0.471934
8145 0.601999
8147 0.012060
8149 0.046792
8156 0.591778
8163 0.409758
8176 1.029928
8185 0.251956
8188 0.014442
8191 0.339071
8197 1.096329
8198 0.417391
8213 0.398674
8214 0.384280
8223 1.188815
8231 0.212690
8232 1.246502
8234 1.087593
8235 1.238606
8237 0.506161
8243 0.058490
8251 0.067618
8255 1.104476
8258 0.522548
8259 0.088845
8260 0.595280
8270 0.533071
8278 0.194966
8281 0.212690
8285 0.482097
8286 0.443451
8291 0.553816
8296 0.380603
8299 1.082682
8306 0.514933
8308 0.217636
8322 0.383208
8328 0.305622
8329 0.384996
8339 0.848101
8340 0.479916
8341 0.472114
8344 1.101600
8346 0.112076
8350 0.531725
8351 0.123136
8352 0.369409
8353 0.558482
8356 0.170152
8363 0.375789
8367 1.110813
8372 1.134650
8376 0.304251
8378 0.104914
8387 1.169794
8389 0.360894
8402 1.133074
8408 1.152159
8409 0.071329
8421 0.286480
8430 1.220031
8433 0.523970
8435 0.482540
8439 0.504407
8443 0.394629
8446 0.514709
8451 1.099479
8463 0.577301
8471 1.037465
8472 1.094136
8482 0.601608
8486 0.288651
8490 0.131303
8494 0.592493
8496 0.938724
8502 0.430977
8505 0.573577
8515 0.504617
8517 0.605420
8523 0.516086
8531 1.201410
8532 0.418139
8543 0.139446
8559 0.109668
8561 0.174443
8566 1.143507
8572 0.595280
8574 0.465935
8576 0.264475
8579 0.040688
8580 0.573152
8583 0.039156
8587 0.490896
8598 1.065966
8603 0.340503
8605 0.245592
8610 0.243707
8614 0.150617
8623 0.057768
8629 0.493675
8631 0.909224
8637 0.457962
8639 1.101711
8641 0.313847
8658 0.273782
8659 0.300804
8660 0.111942
8662 1.252955
8669 0.190092
8675 0.079759
8683 0.362875
8691 0.095277
8696 1.157350
8698 1.085569
8699 0.194966
8701 0.510827
8707 0.523199
8713 0.473841
8720 0.071829
8725 0.306831
8734 0.376005
8739 1.083706
8749 1.182792
8752 0.963360
8755 0.233959
8756 0.097891
8767 0.349938
8772 0.456505
8775 0.019497
8777 0.121659
8780 0.523199
8785 1.220655
8786 0.380327
8789 0.310066
8796 0.361676
8812 0.487414
8813 0.233959
8814 1.089671
8822 0.168720
8823 0.057063
8828 0.315178
8832 1.137598
8848 0.594592
8854 1.283000
8866 0.446154
8872 0.389931
8880 0.462141
8887 0.305622
8889 0.264360
8890 0.563756
8893 0.066090
8895 0.325613
8897 0.028884
8899 0.235925
8904 0.539905
8906 0.138437
8907 0.559219
8912 0.300618
8913 0.368662
8917 0.156669
8918 1.061741
8920 0.160924
8924 0.110242
8928 1.175445
8932 0.076084
8962 0.331175
8968 0.300943
8976 0.447274
8977 0.052932
8978 0.352196
8982 1.241190
8988 0.283586
8990 0.285316
8994 0.028188
9000 0.340056
9001 0.093118
9003 0.989826
9006 0.548516
9008 0.340717
9010 0.280190
9014 0.229960
9016 0.140375
9024 1.156651
9027 0.087735
9037 0.449921
9038 1.145115
9039 0.070048
9043 1.034072
9045 0.494449
9046 1.292649
9050 0.255228
9053 0.404929
9071 0.463285
9072 0.322219
9081 1.008275
9082 0.434924
9083 0.259954
9088 0.447768
9092 0.205427
9094 0.182985
9101 0.567592
9105 0.042538
9106 0.362326
9107 0.374851
9109 0.047264
9110 1.163670
9115 0.283883
9118 1.188362
9137 0.072465
9142 0.102942
9150 0.202343
9151 0.346606
9160 0.280319
9161 0.268661
9164 0.152073
9167 0.581867
9169 0.114826
9186 0.509910
9187 0.433257
9202 0.080675
9207 0.488648
9212 0.623890
9215 0.302306
9218 1.038777
9219 0.981792
9220 1.075215
9226 0.024371
9228 0.269953
9241 0.150941
9246 0.109981
9249 0.457036
9251 0.557045
9253 0.044992
9255 0.243707
9256 0.571420
9258 0.159239
9265 1.146162
9273 0.041045
9277 0.417057
9279 0.482606
9284 0.090984
9285 0.570904
9290 0.489454
9300 0.546917
9301 0.154684
9302 0.549803
9313 0.080675
9315 0.387539
9317 0.528294
9322 0.574984
9325 0.251728
9333 0.592178
9335 0.039156
9336 0.240226
9339 1.049962
9350 0.048741
9351 0.253551
9359 0.014094
9367 1.174569
9371 0.121537
9378 0.202562
9393 0.299652
9401 0.600289
9410 0.379393
9415 1.235513
9419 0.201893
9430 0.238502
9439 0.087872
9456 0.513835
9459 0.323148
9468 0.522230
9472 0.997404
9474 0.014094
9483 0.381169
9485 0.247357
9489 0.233959
9493 0.269953
9499 1.169794
9500 0.198789
9502 1.154602
9508 1.048340
9514 1.233423
9524 0.994872
9527 0.252111
9537 0.376713
9538 0.039156
9548 0.294826
9557 0.496566
9561 0.521195
9563 0.108818
9574 0.486851
9575 1.004207
9576 0.263397
9578 1.129801
9598 1.048401
9604 0.310467
9607 0.487414
9612 0.405529
9614 0.291235
9615 0.116397
9622 0.581074
9623 0.133398
9625 0.470771
9627 0.235343
9637 0.044564
9641 1.041402
9644 1.149967
9655 0.589983
9657 0.026586
9660 0.105864
9665 0.551693
9672 0.374334
9675 0.446369
9688 0.259954
9689 0.406885
9695 0.381343
9701 0.600995
9702 0.086651
9705 0.173303
9707 1.107025
9711 0.402843
9716 0.317232
9718 1.154861
9720 0.309945
9722 0.150335
9723 0.400470
9732 0.208892
9739 0.227460
9741 0.365561
9742 1.213583
9748 0.275246
9757 1.258971
9764 0.236920
9768 0.497163
9771 0.599894
9779 0.269053
9780 1.134650
9783 0.357046
9789 1.164816
9792 0.389931
9795 0.334227
9798 0.373907
9802 0.995775
9803 1.264250
9805 0.623890
9807 0.334227
9820 0.010128
9821 0.010984
9829 1.118488
9840 0.505539
9848 0.149091
9852 1.080573
9858 1.123002
9862 0.223280
9869 0.554113
9874 0.169127
9878 0.511489
9883 0.159848
9897 0.489966
9905 1.119372
9906 0.522674
9911 0.215630
9917 0.407541
9921 0.309002
9928 0.974829
9929 0.019743
9935 0.295182
9936 0.117469
9942 0.125784
9943 0.127846
9944 0.415441
9947 0.582548
9953 1.189621
9958 0.313971
9965 1.108226
9967 0.992553
9968 0.311945
9995 0.059380
10008 1.163259
10016 0.332868
10033 1.193035
10035 0.157725
10036 0.223884
10047 0.591778
10056 0.037534
10058 0.479616
10063 0.343426
10065 0.485575
10066 0.594486
10067 0.093584
10079 0.340573
10092 0.292449
10099 0.293633
10102 0.324397
10112 0.108538
10114 0.067230
10117 0.405847
10131 0.465976
10144 0.603765
10151 0.593627
10152 0.094665
10157 0.328858
10163 0.107567
10165 0.140375
10168 0.054663
10171 0.117514
10179 0.226047
10181 0.069395
10195 0.229653
10200 0.294288
10208 0.332249
10210 0.613663
10217 0.349938
10224 0.259954
10226 0.088286
10230 0.197156
10234 0.060376
10235 0.376995
10239 0.446369
10245 0.323148
10246 1.116622
10268 0.394629
10271 1.188561
10285 0.276726
10288 0.235266
10300 0.467918
10306 0.558420
10310 0.264659
10311 0.286788
10323 0.527652
10324 0.075961
10325 1.160046
10336 0.056376
10340 0.211621
10346 0.035994
10347 0.096478
10350 0.030384
10351 1.193914
10352 0.077617
10353 0.140939
10359 0.293760
10364 0.209332
10366 0.588318
10378 0.290868
10379 0.025022
10380 0.243074
10383 0.472896
10400 0.283931
10410 0.251569
10413 0.210947
10419 0.024627
10420 0.361676
10421 0.025157
10428 1.145424
10435 0.458512
10439 0.113372
10445 0.493287
10450 0.053784
10452 0.117633
10453 0.389931
10455 1.076742
10459 0.620443
10461 0.483515
10473 0.422426
10475 0.523622
10477 0.147763
10479 0.311945
10500 0.072210
10523 0.191421
10527 1.077629
10532 0.224764
10534 0.106885
10536 0.540809
10538 1.096023
10543 0.056512
10544 0.384732
10546 0.267970
10553 0.521001
10555 0.223444
10558 1.085027
10559 0.527422
10561 0.249859
10566 0.304562
10578 0.266389
10582 0.179968
10583 0.217903
10592 1.123002
10598 0.526714
10601 0.339940
10602 0.494547
10604 0.957104
10622 1.200417
10632 0.193812
10636 0.943382
10642 0.591778
10645 1.016292
10652 0.567766
10676 1.045144
10681 0.935835
10689 0.487016
10697 0.256074
10701 0.135847
10702 0.351614
10713 1.052815
10714 0.190987
10726 1.058972
10734 0.958386
10741 1.065676
10742 0.061246
10756 0.079888
10762 0.172593
10764 0.617034
10768 0.150941
10772 0.322702
10783 0.359937
10785 0.454097
10791 1.072787
10795 1.197982
10797 1.075265
10799 1.169794
10800 0.137623
10805 0.019996
10811 0.038565
10817 0.223787
10818 0.273782
10823 0.068811
10834 0.493913
10839 0.439359
10853 0.083557
10859 0.054095
10871 0.355116
10877 1.033219
10881 0.212690
10883 0.063576
10889 0.079308
10894 0.512389
10899 0.363040
10900 0.132608
10904 0.137623
10905 0.313688
10911 0.343668
10923 0.521195
10928 1.083706
10937 0.992553
10940 0.474387
10941 1.152675
10948 0.176829
10950 1.213120
10954 0.010882
10955 0.336316
10968 0.399930
10970 0.163771
10974 0.010984
10981 0.461957
10985 1.052815
10987 0.305829
10992 0.499821
11002 0.395930
11004 1.149509
11007 0.252309
11015 0.403377
11016 1.221951
11021 0.320492
11022 0.173798
11032 0.146224
11046 0.185992
11054 0.475631
11055 1.153003
11071 0.282927
11072 1.031432
11075 1.189848
11076 1.114568
11081 0.093584
11082 0.363431
11083 0.543119
11087 0.190782
11092 0.031195
11099 0.065291
11100 0.567592
11105 0.338254
11112 0.304562
11120 0.378662
11122 0.067165
11126 0.366994
11133 0.617556
11134 1.383781
11139 0.168206
11147 0.300943
11159 0.368662
11160 0.322702
11171 0.461623
11172 0.507103
11173 0.517778
11174 1.176556
11181 0.592428
11184 1.013822
11185 0.177242
11186 0.229371
11189 0.500611
11203 0.396772
11210 0.344479
11212 0.266114
11215 0.447768
11223 0.138528
11224 0.508606
11229 0.197315
11230 0.587778
11245 0.511075
11246 0.354881
11249 1.115565
11250 0.053476
11253 0.467918
11258 1.216586
11259 0.416246
11265 0.192823
11271 0.142792
11275 0.270405
11282 0.337059
11285 1.033438
11293 1.219362
11295 1.051119
11298 0.474539
11301 0.182780
11305 0.206434
11308 0.259954
11312 0.419926
11313 1.177440
11320 0.417391
11321 0.459804
11326 0.463702
11327 0.208184
11337 0.051139
11341 1.069084
11344 0.430484
11345 1.184792
11358 0.496276
11363 0.294200
11364 0.465099
11367 1.087957
11369 1.100239
11375 0.210300
11381 1.049535
11393 0.329360
11402 0.151921
11404 0.336005
11431 0.252111
11438 0.506911
11442 0.189696
11443 0.453219
11456 0.361925
11461 0.123136
11470 0.442310
11484 0.465892
11493 0.196788
11504 0.960902
11508 1.287333
11510 0.151385
11515 1.272151
11520 0.112751
11525 1.206735
11528 0.215242
11532 0.191770
11536 1.117638
11540 0.287131
11552 1.080533
11553 0.161351
11558 1.304771
11564 0.578016
11570 0.207656
11577 0.269582
11578 0.150941
11581 1.139410
11590 1.099607
11595 0.398228
11599 0.278522
11605 1.105987
11606 0.472114
11609 0.051307
11613 1.206735
11616 0.140939
11622 0.133344
11640 0.011998
11643 0.153187
11645 0.556046
11654 0.440508
11657 1.114090
11661 0.074867
11666 0.467918
11672 0.278891
11674 0.555357
11676 0.547878
11677 1.089119
11679 1.290319
11683 0.579106
11687 0.441811
11698 0.348999
11712 0.536466
11716 0.540873
11725 1.263575
11726 1.145167
11731 0.299379
11741 0.013844
11748 0.227960
11754 0.574263
11759 1.156501
11762 0.311945
11764 0.488486
11771 0.263777
11776 0.068011
11787 1.156192
11790 0.523329
11803 0.241506
11809 0.236448
11813 0.289304
11820 0.161351
11821 0.149625
11826 0.589983
11831 0.347020
11833 1.218033
11837 0.603765
11842 0.599303
11857 0.010539
11865 1.038357
11869 0.347464
11870 0.037584
11874 0.489067
11877 0.523329
11878 1.114615
11882 0.363290
11900 0.336228
11901 0.070591
11908 0.570396
11914 0.485037
11921 0.404929
11926 0.558420
11929 1.212222
11934 0.587836
11935 0.925437
11949 0.518432
11958 1.175040
11966 0.100412
11969 0.144717
11986 0.572712
12000 0.457746
12001 0.467918
12003 0.169711
12014 1.019821
12018 0.370435
12023 1.120761
12025 0.370910
12026 0.491913
12031 0.311316
12033 1.267906
12034 0.210947
12036 0.139111
12041 0.452320
12044 0.248138
12049 1.395034
12052 0.509510
12057 1.045095
12058 1.010277
12067 0.379670
12078 0.217974
12094 0.072358
12099 0.477467
12110 0.385233
12113 0.121537
12117 0.983939
12128 0.410454
12131 0.096279
12136 0.020983
12137 0.403377
12153 0.355526
12157 0.334227
12160 0.502156
12161 1.175673
12164 0.467918
12165 1.179228
12166 0.247721
12168 1.208787
12169 0.319503
12170 0.502156
12172 0.187167
12180 0.976721
12181 0.203442
12185 0.621302
12189 0.044143
12190 0.447274
12192 0.106345
12199 0.123861
12202 0.530831
12206 1.203772
12217 0.220961
12221 0.366299
12223 0.567173
12225 0.203442
12232 0.258889
12237 0.235430
12238 1.084837
12239 0.464918
12240 0.596366
12241 1.009234
12243 1.195561
12248 0.038778
12251 1.210601
12257 0.362196
12268 0.238502
12270 1.037365
12271 0.161723
12275 0.400033
12276 1.035091
12277 0.170152
12278 1.185819
12279 0.383742
12286 0.332401
12289 0.545426
12293 0.980399
12294 0.093584
12302 0.077986
12315 0.975753
12325 1.142902
12326 0.154598
12329 0.257664
12333 0.503284
12336 0.280751
12337 0.356024
12341 0.085856
12344 1.006144
12348 0.486001
12349 0.263954
12354 0.361925
12356 1.159350
12358 0.076529
12359 0.347939
12380 0.184704
12381 0.519909
12382 0.610327
12384 1.206580
12385 0.565070
12386 0.282927
12388 0.381722
12389 0.249859
12393 0.112480
12394 0.046482
12406 1.020459
12408 0.102839
12411 1.205243
12416 0.545554
12426 0.338764
12444 0.046792
12448 1.106218
12449 1.120366
12454 1.019021
12463 0.269053
12465 1.181731
12470 0.242787
12472 0.959831
12473 0.271694
12475 0.384867
12476 0.376617
12481 0.427539
12492 0.301135
12495 0.104982
12498 0.012379
12502 0.518569
12513 0.300498
12522 0.228580
12531 0.309469
12541 0.154389
12542 0.195926
12543 0.183098
12553 0.600536
12554 0.313847
12572 0.014622
12576 0.344057
12577 0.064274
12580 0.041531
12594 0.194966
12601 1.203217
12603 0.129259
12604 0.446280
12605 0.454920
12620 0.125680
12622 0.437729
12626 0.505857
12629 0.301135
12630 0.439359
12635 0.323445
12638 0.959831
12643 0.118460
12647 0.312717
12651 1.078151
12653 0.115694
12657 0.081377
12659 1.002681
12661 1.169794
12671 0.961316
12679 0.523470
12680 1.050649
12699 0.334227
12704 0.138789
12705 0.448522
12712 0.407729
12714 0.545147
12727 0.239958
12731 1.079810
12732 0.151552
12742 0.464819
12746 0.286788
12747 0.495442
12752 0.288651
12761 0.247037
12763 0.546752
12766 1.169794
12767 0.013144
12768 0.506509
12779 0.037534
12780 0.178012
12785 0.486973
12792 0.456505
12794 1.203866
12803 0.153920
12821 0.013602
12822 1.228775
12829 0.510456
12833 1.183087
12843 0.528721
12844 0.473488
12851 0.028188
12854 0.590363
12862 0.568498
12872 1.169794
12876 1.241123
12884 0.095983
12886 1.109026
12887 0.590073
12890 0.038512
12892 0.437729
12893 0.262384
12896 0.058199
12898 0.030253
12915 0.148209
12930 0.579327
12932 0.116253
12939 0.322702
12945 0.467918
12949 0.454289
12950 0.342045
12954 0.155973
12955 0.405956
12957 0.394466
12958 0.389931
12964 0.512958
12966 1.024244
12967 0.334227
12971 0.026141
12972 0.450746
12975 0.024371
12978 0.213833
12988 1.123531
12993 1.176050
13008 0.113435
13013 1.111569
13014 0.081614
13028 0.506404
13029 0.569900
13039 0.126845
13041 0.112601
13046 0.242390
13057 0.284370
13059 0.274544
13062 0.457461
13077 0.096279
13083 0.591778
13095 0.216438
13097 0.209125
13106 0.055375
13111 0.071987
13122 0.056376
13124 0.287318
13126 0.306645
13127 0.519909
13141 0.574453
13142 0.541571
13145 0.275847
13147 0.360894
13159 0.542100
13163 0.069631
13174 0.494656
13192 0.577029
13194 0.512958
13197 0.560183
13200 0.012715
13202 0.316420
13212 1.144364
13224 0.584897
13227 0.584897
13233 0.199586
13235 1.026329
13240 0.377353
13243 0.415252
13244 0.043527
13250 1.177245
13254 0.210439
13257 0.136023
13259 0.131808
13263 0.241303
13270 1.097032
13271 1.063449
13273 0.202464
13275 0.084691
13287 0.151921
13289 0.283135
13295 0.328858
13296 1.216586
13297 0.324678
13304 0.973839
13308 0.459306
13310 1.100239
13311 0.973103
13332 1.134949
13337 0.414902
13341 0.026141
13349 0.212690
13350 0.197315
13353 0.131808
13359 0.126728
13362 0.505467
13367 0.229135
13374 0.546300
13376 0.430977
13377 0.478552
13380 0.519909
13393 0.141793
13395 0.592059
13405 0.244593
13408 0.578740
13418 0.262875
13420 0.529486
13422 0.108132
13426 0.545904
13429 1.085838
13430 0.558176
13440 0.228873
13445 0.056038
13450 0.547335
13455 0.591778
13456 0.190987
13459 0.515664
13471 1.079810
13473 0.164971
13476 0.525416
13481 0.029995
13485 0.093118
13486 0.518352
13502 0.040338
13503 1.008443
13509 0.234938
13511 0.591778
13517 0.244727
13530 1.145921
13537 1.307417
13543 0.042282
13544 0.119468
13548 0.524981
13552 0.070897
13558 0.401748
13562 1.235186
13570 0.305579
13576 0.037334
13577 0.518503
13586 1.261437
13591 1.318677
13595 0.292449
13604 0.015392
13607 0.549857
13613 1.087221
13632 0.289553
13641 0.240518
13643 0.156719
13644 0.465847
13647 0.231238
13650 0.509743
13658 0.050422
13662 0.277202
13665 0.248652
13669 0.030784
13685 1.262790
13686 0.033107
13688 0.592493
13690 1.231362
13715 0.444391
13716 0.517036
13718 0.365862
13721 0.441070
13738 0.382286
13739 0.048489
13759 0.433257
13764 0.380183
13767 0.587520
13770 0.194966
13778 0.233959
13783 0.523329
13791 0.570152
13796 1.232376
13800 0.165635
13804 0.106953
13810 0.095216
13815 0.269538
13818 0.009358
13831 0.443182
13837 1.032171
13838 0.233959
13839 0.986108
13850 0.014010
13851 1.105776
13866 0.204554
13874 0.954459
13877 0.121537
13887 0.012646
13892 0.429924
13901 1.230721
13912 0.243225
13913 0.530628
13934 0.461169
13938 0.413708
13939 0.577793
13940 0.257467
13949 0.566733
13950 0.508606
13952 0.346973
13955 1.099714
13983 0.223444
13988 0.492545
13996 0.542942
13999 1.235513
14014 0.560639
14019 1.016737
14021 0.964567
14029 1.121053
14030 0.100627
14034 0.578470
14037 0.100089
14038 0.266181
14039 0.067488
14043 0.014353
14044 0.973839
14047 1.053590
14050 1.052123
14052 0.054727
14055 0.444089
14058 0.272952
14062 0.370523
14063 1.206123
14067 0.068476
14075 0.302533
14076 0.109513
14086 0.146224
14087 0.116333
14088 1.261543
14093 0.544836
14099 1.009234
14101 0.096478
14110 0.326454
14111 0.020523
14114 0.546371
14146 0.279951
14148 0.187668
14151 0.412305
14152 0.412869
14157 1.123002
14158 0.041409
14177 0.554113
14179 0.335597
14189 0.077251
14195 0.247576
14197 0.181833
14200 0.160924
14203 0.524908
14207 0.529193
14215 0.202854
14223 0.423117
14226 0.524908
14233 1.139800
14234 0.432213
14236 0.123952
14238 0.188108
14242 0.620707
14245 1.092495
14249 0.140939
14252 0.569424
14256 0.342618
14264 0.485816
14274 0.434354
14276 0.415663
14279 0.550491
14284 0.212690
14287 0.240643
14289 0.276874
14292 0.289766
14293 1.109805
14296 0.592059
14304 1.187429
14305 0.531150
14312 0.131602
14315 0.185455
14325 0.551368
14331 0.443715
14333 0.475631
14343 0.411356
14350 0.317232
14354 1.092600
14357 0.342110
14364 0.230947
14378 0.141793
14380 1.136996
14388 0.063518
14392 0.396894
14396 0.584897
14404 0.173303
14405 0.329942
14408 1.010933
14410 0.541030
14411 0.355381
14412 0.244243
14413 0.465646
14416 0.584897
14423 0.059989
14424 0.127258
14430 0.384801
14432 0.539905
14435 0.116979
14440 1.153770
14448 0.090481
14449 0.427810
14454 0.027852
14457 0.153776
14459 0.485037
14469 0.271694
14471 0.186774
14491 1.097722
14492 0.430977
14500 0.275847
14501 0.332164
14507 0.259954
14511 0.085248
14512 0.255228
14515 0.309469
14518 1.072311
14530 0.060769
14532 0.251569
14549 1.115131
14552 0.026141
14553 0.350465
14554 1.169794
14562 0.412869
14564 0.455920
14568 0.258266
14575 0.529537
14581 0.541477
14582 0.309879
14583 0.526714
14584 0.472417
14588 0.177050
14589 0.310958
14591 0.231238
14592 0.494715
14593 1.047244
14594 0.573199
14595 0.477230
14598 0.035270
14599 0.514080
14604 0.608770
14607 1.037721
14620 0.032049
14623 1.148330
14639 1.146162
14641 0.069838
14645 0.020704
14652 0.076457
14653 0.131665
14657 0.038197
14665 0.136023
14667 0.243938
14669 1.053427
14679 0.557565
14681 0.040571
14682 0.495807
14686 0.349419
14694 1.141606
14696 1.128507
14710 0.487414
14711 0.361573
14713 0.088845
14722 0.175807
14726 1.090294
14727 0.445143
14735 0.460247
14738 0.504342
14739 0.263031
14744 0.558420
14745 0.332071
14748 0.236920
14754 0.059607
14757 0.550491
14771 0.454920
14772 1.050428
14780 0.369409
14781 0.140631
14782 0.048741
14784 0.360965
14790 1.130615
14801 0.580142
14805 0.269953
14807 0.054409
14810 0.076529
14815 0.519909
14820 1.068701
14832 0.467918
14837 0.542100
14847 0.400470
14848 0.366442
14852 1.000749
14855 0.327542
14857 0.271050
14860 0.124929
14862 0.014808
14863 1.037365
14868 0.488012
14878 1.064321
14880 0.087872
14882 0.460828
14883 1.075961
14885 0.342110
14887 1.164549
14909 1.159964
14911 1.087221
14922 0.366994
14939 1.046658
14940 1.146857
14943 0.502156
14945 1.190080
14949 0.072658
14953 0.344781
14956 0.562024
14957 0.052932
14972 0.602409
14983 0.938556
14988 1.200179
14995 0.124650
14996 1.262290
15007 0.238937
15010 0.177863
15020 0.447768
15027 0.107981
15031 0.315178
15033 0.238937
15038 0.232591
15042 0.114826
15049 1.099063
15052 0.213615
15053 0.236208
15054 0.533426
15055 0.058858
15056 0.332164
15057 0.151267
15058 0.519909
15065 0.184134
15071 0.308627
15072 1.148330
15074 0.070897
15076 1.044865
15079 0.314273
15080 0.354774
15082 0.430269
15083 0.435562
15093 0.430149
15096 1.261663
15098 0.051420
15099 0.244243
15112 0.210563
15114 0.417784
15124 0.415927
15125 0.445030
15126 0.061246
15129 0.361481
15130 0.028301
15131 0.066037
15135 0.547272
15136 0.560008
15137 0.368025
15139 0.246957
15140 1.122156
15142 1.138600
15143 0.424522
15147 1.085776
15163 0.479330
15166 1.132059
15182 0.460247
15183 0.381109
15184 1.095757
15188 0.526714
15191 0.472767
15200 0.233959
15206 1.055668
15214 0.244663
15215 0.389931
15219 0.402350
15234 1.135723
15243 0.443451
15245 0.232025
15246 1.078732
15249 0.578867
15252 1.073724
15263 1.096985
15269 0.548341
15281 0.196896
15296 0.415585
15300 0.458559
15308 1.225499
15310 0.265862
15316 0.551060
15325 0.589652
15342 0.914322
15343 1.226703
15344 0.415441
15346 0.410672
15350 0.181968
15359 0.052872
15360 1.095353
15361 0.213712
15370 0.061568
15375 0.211621
15382 0.381455
15383 0.110242
15391 0.245279
15392 0.285950
15396 0.066304
15401 0.332694
15402 1.200048
15403 1.153162
15405 0.234981
15406 0.210774
15409 0.456021
15417 0.549295
15424 0.161723
15464 1.091808
15465 1.220031
15491 0.100089
15501 0.048741
15508 1.054100
15509 1.034818
15518 0.448304
15520 0.504222
15538 1.039817
15544 0.025157
15545 0.993808
15546 0.103726
15550 0.250326
15557 0.344939
15560 0.071620
15568 1.090175
15570 0.562524
15576 0.461761
15584 1.125372
15585 0.044706
15587 0.385500
15594 0.462141
15596 0.139380
15605 0.605680
15606 0.366571
15608 0.873446
15609 0.527907
15613 0.298671
15617 0.454097
15618 1.019545
15619 0.599593
15622 0.138528
15625 0.319035
15628 0.512149
15641 0.029429
15649 0.506509
15653 0.243707
15658 0.227328
15664 0.483295
15668 0.060507
15671 0.187745
15672 0.584897
15674 0.379100
15675 0.467918
15678 1.147723
15680 0.535568
15688 0.286226
15704 0.398445
15710 0.036367
15717 0.063807
15720 1.202902
15725 0.172240
15729 0.061839
15730 0.357970
15735 0.584897
15736 0.094121
15738 0.411485
15744 1.176556
15745 0.454549
15746 0.558420
15749 0.421126
15780 0.025430
15790 1.106751
15797 0.467918
15799 0.216915
15803 1.072311
15808 1.154733
15811 0.111893
15812 0.192956
15816 1.152675
15822 0.138789
15848 0.132430
15851 0.504859
15858 0.245512
15864 0.081075
15865 1.082189
15876 0.523470
15877 0.990885
15883 0.408662
15885 0.993524
15886 0.346164
15898 0.337336
15902 0.518263
15905 0.995775
15912 0.563055
15913 0.955332
15914 0.487936
15919 0.397577
15922 0.012855
15927 1.169794
15929 0.278221
15931 0.236588
15967 1.034818
15970 0.974829
15978 1.185531
15984 0.104446
15988 1.142270
15990 0.350938
16006 0.127846
16030 0.229371
16033 0.572762
16037 1.136687
16038 0.357046
16049 0.538963
16051 0.148209
16060 1.117219
16065 0.547335
16071 0.223787
16082 0.443390
16087 0.264859
16088 1.153003
16097 0.573577
16098 0.216915
16099 0.272333
16112 0.101721
16126 0.134459
16128 0.521394
16129 0.010172
16132 0.512099
16133 0.129259
16137 0.193956
16138 0.269953
16139 0.028707
16143 0.470771
16144 0.265416
16146 0.618393
16151 0.397730
16153 0.141463
16157 0.160981
16158 1.179383
16161 0.449921
16165 0.209125
16177 0.381722
16186 0.057343
16191 0.566861
16193 0.119146
16195 0.538963
16201 0.515503
16209 0.548012
16216 0.321693
16219 0.421893
16221 1.022771
16228 0.449921
16232 0.995969
16233 0.387448
16242 0.168037
16252 0.309256
16259 1.056971
16262 0.080214
16264 0.328594
16266 0.446756
16275 0.220485
16278 0.426427
16285 0.193956
16286 0.323717
16291 0.184134
16295 0.529537
16297 0.891887
16298 0.012785
16309 0.009956
16318 0.458015
16324 0.300213
16327 0.218909
16337 0.523329
16341 1.022694
16342 0.495807
16345 0.029995
16349 0.610778
16352 1.028855
16353 1.014890
16355 1.101871
16358 0.560728
16363 0.232409
16368 1.115244
16369 0.026436
16374 0.368662
16375 0.454612
16378 0.143774
16383 0.420600
16386 0.531072
16393 1.140549
16395 0.067618
16409 0.380863
16413 0.301547
16414 1.032494
16419 0.542222
16429 0.280751
16430 0.263397
16434 0.360687
16442 0.274600
16447 1.176187
16457 0.460644
16469 0.542222
16475 0.215135
16477 0.102839
16488 0.470771
16498 0.072733
16499 0.321555
16502 0.149734
16503 1.029419
16505 0.268477
16506 0.503589
16510 1.213937
16517 0.148209
16523 0.368898
16524 0.138248
16531 0.357970
16545 0.169809
16551 0.236920
16553 0.350938
16559 1.114673
16562 0.366800
16565 0.180896
16576 0.009511
16581 0.076291
16583 0.091153
16584 0.106345
16586 0.253551
16590 0.305829
16596 0.160847
16598 0.061246
16600 0.422635
16603 1.142840
16617 0.484530
16621 0.125784
16629 0.483012
16636 0.200823
16642 0.526061
16645 0.334227
16650 1.075673
16651 1.046998
16652 0.116333
16662 0.099255
16679 1.069862
16684 1.124218
16688 0.154501
16689 0.341190
16696 0.387911
16709 0.062113
16717 1.034015
16720 0.433680
16723 0.524391
16726 0.044143
16741 0.152582
16743 0.328113
16749 0.606209
16754 0.077251
16757 0.221762
16758 0.081025
16785 0.391852
16789 0.528721
16794 0.354483
16799 0.323560
16801 0.062389
16804 0.997929
16806 0.073112
16814 0.305622
16818 0.449921
16824 0.112751
16832 0.223324
16835 0.910543
16838 0.438673
16839 0.548516
16844 0.139867
16848 0.167113
16857 1.111305
16863 1.215223
16865 1.146304
16868 0.611594
16869 0.206711
16874 0.360894
16878 0.013293
16879 0.623890
16896 0.271050
16897 0.581074
16898 0.234981
16900 0.059607
16909 0.523622
16939 0.361400
16944 0.407541
16946 0.235430
16947 0.505589
16954 0.605066
16955 0.334227
16958 0.252309
16959 0.339940
16962 1.021719
16964 0.429924
16968 0.341453
16970 1.089929
16974 0.057063
16977 1.220108
16981 0.344406
16985 0.093584
16991 0.055179
16992 0.306114
16996 1.102206
16999 0.573861
17001 0.483712
17002 0.246957
17005 1.184728
17006 0.321848
17021 0.117469
17022 0.043326
17039 0.347650
17040 0.013926
17041 0.402350
17046 0.530307
17050 0.020256
17056 0.274396
17059 0.508606
17072 0.211621
17076 0.143659
17087 0.367919
17096 0.473032
17097 0.589896
17102 0.425380
17117 0.250145
17118 0.402350
17123 0.451966
17124 0.122331
17126 0.399803
17130 0.368269
17132 0.224344
17136 0.026586
17137 0.341453
17140 0.134976
17141 0.105811
17143 0.990637
17153 0.394466
17179 1.031432
17186 0.991351
17189 0.281343
17191 0.458368
17193 0.071829
17201 0.371855
17205 1.052196
17214 0.371985
17215 0.609711
17217 0.296728
17221 0.526661
17227 0.560322
17230 0.440970
17239 0.607685
17252 0.587304
17254 0.058247
17259 0.248581
17260 0.410260
17264 0.146224
17265 0.019335
17267 0.294288
17273 0.105150
17279 0.172178
17291 0.058126
17301 0.545904
17305 1.229955
17309 1.100983
17312 0.435948
17316 0.469876
17323 1.141719
17328 0.212690
17336 0.044992
17340 0.160924
17341 0.211815
17342 0.479616
17344 0.063576
17361 0.347596
17363 0.598757
17368 0.103522
17369 0.152837
17377 1.191592
17384 0.103522
17396 0.246272
17397 1.239234
17400 0.056150
17405 0.334227
17413 0.320154
17418 0.128197
17425 0.506911
17434 1.055668
17448 0.049778
17450 0.050640
17451 0.513568
17453 0.401072
17456 0.507937
17465 0.208892
17476 0.502366
17478 0.448522
17489 1.190560
17498 0.409758
17499 0.500563
17502 0.273903
17506 0.418337
17527 0.218200
17528 1.055109
17541 0.109181
17545 0.110098
17547 1.224458
17557 0.184134
17560 1.137118
17563 0.524068
17564 0.171435
17566 0.418337
17570 0.188498
17574 0.441432
17584 1.049815
17587 1.222967
17589 0.118597
17592 0.232734
17596 0.394995
17602 0.402716
17603 0.117962
17621 0.249859
17626 0.991614
17627 0.473841
17630 0.521394
17633 0.542888
17636 0.556046
17650 1.197982
17651 0.522674
17652 0.189967
17653 1.169794
17656 0.526714
17659 1.120761
17677 0.613663
17678 1.264250
17680 0.481351
17684 1.151611
17688 0.555157
17691 0.268078
17693 0.323717
17699 0.085944
17702 0.438005
17705 0.244294
17712 0.438673
17719 0.382286
17720 0.272777
17728 0.558849
17729 1.093710
17737 0.051139
17742 0.020344
17743 0.525416
17757 1.132742
17767 0.201141
17770 0.423117
17780 0.486001
17782 0.019099
17785 0.395930
17786 1.103329
17792 0.909840
17808 1.032450
17813 0.355225
17816 1.057314
17821 0.206434
17824 0.317722
17825 0.409698
17826 1.085885
17828 0.132180
17829 0.275805
17837 0.292449
17841 0.018944
17853 0.966656
17860 0.536729
17866 0.158616
17877 0.354881
17881 0.332589
17882 0.039211
17883 1.200100
17888 0.444089
17894 1.083599
17897 0.147542
17909 0.481037
17913 0.353375
17915 0.259954
17919 0.446888
17921 0.501340
17927 1.024435
17929 0.137623
17935 0.081142
17936 0.388272
17937 1.190317
17938 0.945791
17947 0.107567
17955 1.294240
17956 0.095277
17973 0.562686
17974 0.413708
17979 1.007108
17985 0.443922
17989 0.946976
17990 0.373907
17996 0.105473
17997 0.557693
17999 1.100983
18005 0.120753
18011 1.181492
18015 0.215135
18020 0.501340
18023 0.277578
18028 1.182649
18038 0.234938
18050 0.108189
18055 1.124994
18063 0.100412
18064 0.457283
18070 0.530307
18073 1.175855
18078 0.189395
18087 0.315128
18088 0.100627
18095 0.301000
18096 0.419926
18097 0.045576
18103 1.158212
18105 0.358984
18106 0.453219
18123 0.511301
18129 0.445636
18130 0.200874
18142 0.539905
18151 0.500563
18152 0.495100
18154 0.421728
18161 0.055179
18163 0.380183
18164 0.416177
18179 1.025077
18182 0.371985
18189 1.125372
18190 0.337238
18199 0.229653
18200 0.538215
18206 0.327039
18212 0.428160
18214 0.106345
18221 0.475684
18227 0.512389
18235 0.476583
18243 0.447699
18246 0.116450
18249 0.187668
18251 1.022890
18253 0.581074
18260 0.587669
18262 0.311115
18268 0.212690
18269 0.366442
18276 0.378012
18279 0.986573
18280 0.389931
18281 0.103653
18283 0.009549
18286 0.337238
18289 0.503456
18294 1.159964
18298 1.088417
18300 1.308583
18303 0.440121
18309 0.368159
18315 0.584897
18317 0.340945
18322 0.106345
18335 1.055814
18344 1.131566
18349 0.177863
18351 0.301547
18353 0.421126
18356 0.248138
18360 0.308094
18362 1.007478
18373 0.502285
18389 0.592178
18393 0.436400
18394 1.182938
18406 0.284712
18409 0.323086
18411 0.053476
18412 1.031266
18423 0.162049
18424 0.438673
18426 0.198060
18430 0.269053
18432 0.377353
18463 0.053660
18468 0.320359
18471 0.329942
18482 0.164182
18485 0.186728
18487 1.115804
18489 1.117803
18490 0.573429
18491 0.343426
18493 1.088865
18496 0.235078
18497 0.011141
18498 0.346259
18506 0.325913
18510 0.566270
18530 0.581593
18536 0.014010
18539 0.302243
18540 0.043595
18546 0.467918
18547 0.483602
18548 1.086587
18558 0.407818
18559 0.268918
18561 0.535568
18564 0.998224
18568 0.322290
18570 0.931695
18581 0.063923
18585 0.129324
18592 0.374739
18597 0.588671
18604 0.095105
18605 0.237522
18610 0.527652
18615 0.084691
18622 0.435948
18625 0.386032
18628 0.310222
18631 0.242696
18635 0.245512
18638 1.198096
18647 1.138460
18653 1.206735
18654 1.224023
18665 0.319035
18673 0.305164
18680 0.198270
18684 0.512149
18686 1.097436
18696 0.529718
18698 0.444522
18701 1.229784
18702 1.065446
18703 0.287318
18706 1.239234
18708 0.569424
18718 0.237193
18725 0.192956
18738 0.441811
18753 0.029124
18757 1.052815
18759 0.307841
18761 0.035628
18762 0.309367
18769 0.205015
18773 0.494715
18775 1.181151
18776 0.126728
18784 0.787821
18793 0.242696
18798 0.187562
18799 0.405956
18800 1.180239
18802 0.089554
18805 0.115251
18808 0.197156
18814 0.327300
18815 1.039817
18818 0.285584
18828 0.594982
18833 0.232409
18836 0.534763
18848 0.112382
18857 0.319035
18864 1.021654
18866 1.125372
18869 0.177050
18870 0.313847
18872 0.170152
18873 0.529193
18877 0.056038
18895 1.194064
18917 0.033264
18920 1.077442
18922 1.056270
18925 0.070897
18928 1.039817
18935 0.151921
18938 1.179793
18943 0.378791
18962 0.301882
18963 0.162645
18965 1.050428
18969 0.879934
18973 0.500289
18984 0.041287
19002 0.326124
19003 0.611350
19007 0.034406
19009 0.364459
19010 0.552201
19012 0.421417
19019 0.202464
19021 0.453800
19022 1.039817
19027 0.329520
19040 0.542100
19042 0.204034
19051 0.461169
19056 0.009511
19065 0.489326
19067 0.439359
19069 0.452513
19079 0.295288
19080 0.436911
19083 0.225503
19087 1.100302
19088 1.157079
19103 0.023279
19109 0.058490
19112 0.011036
19127 0.580218
19128 0.479616
19132 1.072737
19136 0.298671
19137 1.242153
19147 0.437891
19151 0.349845
19154 1.241123
19158 0.217636
19161 1.106406
19164 0.382643
19165 1.169794
19166 1.046349
19169 1.103221
19175 1.217127
19176 0.147644
19180 0.375490
19186 0.570904
19187 0.041287
19190 0.326454
19208 0.241049
19221 0.557693
19225 1.103806
19226 0.477153
19227 1.057043
19228 0.374334
19231 0.013762
19235 0.173732
19238 0.462141
19239 0.042797
19244 0.465751
19251 1.297501
19257 0.436194
19263 0.406885
19265 0.548954
19268 0.136023
19275 1.072737
19283 0.261483
19288 0.567524
19293 0.415663
19294 0.442042
19303 0.146224
19304 0.348449
19306 0.264360
19313 1.082682
19320 0.581172
19324 0.088102
19333 0.220060
19345 0.305675
19356 0.183286
19360 0.145467
19373 0.402929
19378 0.351703
19379 1.187791
19384 0.349594
19385 1.132742
19394 0.075067
19407 0.562109
19408 0.207305
19413 1.139800
19415 0.073112
19421 0.422267
19423 0.046176
19424 0.249123
19430 0.283213
19431 0.478258
19438 1.290392
19439 0.310354
19451 1.051742
19453 0.449325
19454 0.551903
19456 1.189291
19465 0.542100
19472 0.456505
19473 1.068305
19486 1.089808
19490 0.208696
19494 0.581264
19498 1.195225
19504 0.362471
19506 0.244593
19507 0.491761
19509 0.080675
19520 1.013822
19528 0.039654
19531 0.336148
19537 0.187919
19538 0.567861
19548 0.307071
19552 1.156797
19558 0.325613
19563 0.415252
19564 0.577676
19583 0.474241
19584 1.140104
19595 0.482389
19597 0.247576
19603 0.560954
19605 0.369409
19606 0.507381
19612 0.121713
19617 0.103522
19622 0.197498
19623 0.478316
19630 0.148364
19631 0.265862
19639 1.151797
19646 0.115535
19649 0.305742
19651 0.359937
19656 0.062556
19664 0.406885
19668 0.135236
19670 1.150825
19673 0.144581
19677 0.035994
19683 0.542359
19690 0.461169
19691 0.095105
19692 0.176829
19694 0.554405
19695 0.298466
19696 0.142658
19697 0.447462
19707 1.101600
19711 0.085856
19715 0.128549
19721 0.096478
19729 0.408068
19737 0.526661
19739 1.069526
19742 0.407928
19744 1.135243
19747 0.364890
19750 0.404686
19752 1.248436
19753 1.151226
19755 0.547806
19760 0.560008
19761 0.391605
19764 0.041045
19768 0.591054
19779 0.261115
19795 0.509032
19796 0.415927
19799 0.546633
19802 0.963360
19806 0.298417
19814 0.273150
19815 1.055304
19818 0.380183
19822 0.456220
19823 0.500509
19827 0.211677
19836 0.222818
19839 0.013369
19845 0.434495
19849 0.174225
19855 0.565401
19859 0.514709
19867 0.523329
19870 1.091808
19882 1.026135
19886 1.154987
19895 0.521001
19906 0.012314
19913 0.607685
19921 0.259954
19922 0.298671
19926 0.410260
19935 0.022605
19938 0.592983
19942 0.500563
19955 1.100983
19957 0.056512
19959 1.244707
19965 0.459172
19971 0.080280
19973 0.367860
19977 1.042949
19982 1.036647
19986 0.116979
19988 0.473841
20001 0.529718
20004 0.230947
20007 0.309197
20020 1.077629
20021 0.247456
20025 0.474699
20027 0.587474
20033 0.354774
20036 0.551282
20038 1.141942
20040 0.919124
20044 0.131665
20046 0.185518
20047 1.169794
20048 0.036367
20057 0.947533
20059 0.217856
20064 0.349482
20071 1.104806
20075 1.255092
20086 0.316161
20098 0.235430
20109 1.137118
20115 0.009472
20121 1.126064
20122 1.196748
20129 0.332828
20131 1.139800
20132 0.200946
20133 0.258889
20152 0.118460
20154 0.420217
20157 0.430269
20160 0.075471
20162 1.124994
20164 0.273316
20166 1.108226
20175 0.115821
20176 0.419176
20178 0.228253
20184 0.055049
20187 0.491184
20194 0.313438
20195 0.373780
20198 1.030008
20200 0.137623
20203 0.112076
20211 0.172178
20213 0.615681
20216 0.261569
20221 1.068367
20223 0.330126
20224 1.065813
20234 0.123136
20248 0.342379
20261 0.605541
20270 0.409428
20271 0.425380
20272 0.319035
20273 0.539905
20275 0.208626
20281 0.584897
20283 0.498031
20285 0.028188
20306 0.131602
20308 0.557783
20309 0.073882
20311 0.068524
20312 0.036747
20329 0.572126
20337 0.277826
20339 0.523138
20356 0.374739
20364 0.172240
20372 0.553862
20375 0.592696
20379 0.469917
20383 0.418337
20385 0.239276
20388 0.222818
20389 0.304634
20390 0.508606
20394 0.246272
20396 0.018868
20398 0.163990
20406 0.238162
20407 0.542513
20409 0.245755
20429 0.252632
20431 1.058866
20443 0.157886
20444 0.533071
20451 0.178354
20455 0.146224
20459 0.014997
20461 0.584897
20462 1.156348
20478 0.410454
20502 1.169794
20507 1.056270
20509 1.169794
20513 0.283931
20515 0.398794
20516 0.587474
20519 0.331074
20523 0.371935
20525 0.408500
20529 0.565182
20532 1.019821
20540 0.049568
20545 0.381343
20556 0.090858
20568 0.246792
20573 0.452513
20576 0.399729
20577 1.151797
20581 0.400033
20586 0.055440
20587 0.374334
20592 0.010984
20596 0.922838
20600 0.286226
20601 0.412087
20604 0.058490
20605 0.387972
20611 0.469835
20614 0.512481
20620 0.394806
20621 0.019996
20625 0.068409
20635 0.426241
20647 0.131192
20650 0.377041
20651 0.454657
20655 0.267970
20656 0.045874
20659 0.072733
20660 0.037939
20665 0.180896
20674 1.070659
20675 0.398501
20684 0.504859
20689 0.244727
20690 0.070188
20695 0.546300
20702 0.482284
20706 0.231238
20709 1.231957
20715 0.100089
20716 1.057494
20718 0.960355
20726 0.200536
20740 0.473718
20745 0.458270
20746 0.534350
20751 0.435047
20752 0.488486
20753 1.062563
20767 0.203442
20771 0.445636
20775 0.487414
20783 0.072465
20785 0.988382
20793 0.539905
20794 1.160206
20803 0.540873
20809 1.190560
20822 0.566427
20825 0.592178
20826 0.251794
20828 0.153776
20834 0.019099
20850 0.484053
20856 0.488012
20870 1.157216
20874 0.514709
20876 0.544433
20877 1.055535
20881 0.518503
20886 0.459562
20890 0.238100
20897 0.506227
20902 0.539076
20907 1.135243
20908 0.467918
20918 0.951433
20921 0.548792
20923 1.062521
20924 0.467918
20933 0.219336
20934 0.398228
20948 0.547162
20949 0.076395
20951 0.437066
20953 0.125784
20960 0.322702
20962 0.564008
20967 0.109181
20968 0.148760
20969 1.223578
20974 0.564323
20975 0.180786
20979 0.306022
20990 0.499463
20997 0.328807
21002 0.443451
21007 0.028707
21012 0.083185
21015 0.230811
21024 0.021865
21031 1.216586
21055 0.564254
21056 0.329005
21057 0.106831
21058 0.020256
21060 0.597557
21064 0.067119
21067 0.359937
21068 1.204200
21070 0.323233
21071 0.355381
21077 0.088525
21078 0.467918
21079 0.117567
21081 1.296522
21098 0.423546
21101 0.388272
21104 1.169794
21105 1.218247
21106 0.553749
21110 0.396540
21112 1.082954
21114 0.978373
21115 0.551368
21117 0.205678
21118 0.488714
21127 0.398674
21128 0.039879
21131 0.287066
21145 1.007323
21151 0.330450
21153 0.099255
21154 1.083706
21163 0.149335
21165 0.209963
21172 0.522813
21177 0.093584
21180 0.251029
21188 0.489454
21205 0.463702
21206 0.254955
21220 0.140095
21223 0.028188
21225 0.584897
21228 1.019545
21232 0.484053
21234 1.206735
21235 0.491845
21249 1.107571
21260 1.147442
21273 0.041045
21279 1.207530
21282 0.463795
21284 1.045807
21290 0.467918
21300 1.132059
21307 1.175919
21317 0.228580
21320 0.254073
21324 0.449921
21326 0.191604
21331 0.277374
21336 0.350938
21337 0.529962
21338 0.019021
21342 0.477873
21343 0.192498
21349 0.011413
21356 0.271694
21360 0.385912
21374 1.059814
21377 0.414001
21385 0.978190
21388 0.354483
21390 0.126464
21400 0.370188
21402 0.416246
21403 0.030920
21405 0.451291
21424 0.956632
21425 0.316977
21428 1.109805
21438 0.391605
21441 0.064274
21442 0.610893
21447 0.371855
21448 1.177341
21457 0.215300
21461 0.162883
21472 0.134459
21473 0.567861
21489 0.325373
21495 0.282927
21502 1.147929
21505 0.182445
21509 1.162149
21516 0.544090
21519 0.508146
21525 0.483602
21544 1.014206
21550 1.071137
21551 0.270405
21553 0.321372
21556 1.213583
21557 0.562686
21565 1.151611
21568 0.406276
21573 0.561910
21575 1.136372
21579 0.487414
21601 0.295288
21607 0.232946
21612 0.396121
21620 0.090481
21623 0.544312
21628 0.599163
21636 0.548188
21651 0.146224
21665 0.022496
21667 0.197434
21668 1.088625
21670 1.169794
21674 1.149272
21676 0.123637
21681 0.441922
21685 0.403787
21687 1.237938
21698 0.165147
21701 0.489067
21707 0.596595
21713 0.047360
21733 1.154602
21743 1.109633
21753 0.149018
21769 0.135450
21787 1.187254
21797 0.164182
21799 1.027385
21802 0.415927
21803 0.011088
21805 1.195504
21814 0.263777
21817 0.424482
21825 0.279573
21828 0.129180
21838 1.133465
21840 0.479916
21848 0.086651
21852 0.418139
21854 0.251078
21856 0.060769
21859 0.244983
21866 1.109944
21868 0.569089
21869 0.160246
21872 0.408723
21875 0.309197
21876 0.122420
21884 0.518569
21885 0.398228
21889 0.971632
21902 0.470054
21903 1.063449
21904 0.986421
21906 0.151921
21909 0.340717
21910 0.105907
21921 0.601999
21926 0.600536
21937 0.556596
21943 0.311945
21950 0.523329
21951 0.551060
21958 0.465011
21959 0.051420
21966 1.116352
21969 0.316819
21971 0.608673
21976 0.255472
21989 1.060468
21992 0.150941
21994 1.053590
22001 0.245279
22016 0.322702
22017 0.195926
22018 0.337336
22027 1.088181
22036 1.165020
22038 1.283319
22053 0.457036
22058 0.179243
22059 0.169127
22060 1.263378
22063 0.039823
22070 0.399680
22072 0.892738
22074 1.020061
22076 0.933278
22081 1.149798
22087 0.269953
22088 0.432086
22090 0.280263
22092 0.031195
22097 0.106345
22115 0.335941
22116 0.189696
22123 1.090294
22125 0.078359
22126 0.592301
22129 0.504058
22130 1.112263
22139 0.290994
22147 0.119215
22152 0.436911
22156 0.522813
22158 1.140304
22166 0.369981
22169 1.149967
22173 0.364181
22181 1.234384
22185 0.445092
22193 0.485037
22210 0.029245
22212 0.432756
22213 0.010445
22218 0.591186
22223 0.321372
22224 0.486001
22226 0.347650
22228 0.470461
22229 0.179968
22231 0.108818
22232 0.447121
22252 0.224706
22255 0.409758
22263 0.127258
22279 0.155973
22280 1.098398
22282 0.521044
22285 0.509133
22295 0.123136
22299 1.058030
22318 0.049568
22326 0.521321
22328 0.188003
22343 1.164143
22354 0.216158
22368 0.252569
22369 0.148883
22370 0.278277
22382 0.546752
22384 0.253551
22386 1.189848
22393 0.307219
22394 1.030656
22396 0.573429
22397 0.472896
22409 0.010539
22414 1.181854
22419 0.243487
22430 1.093376
22436 0.406885
22437 0.228518
22441 0.230880
22444 0.569369
22447 1.177341
22449 0.329810
22454 1.255144
22458 0.032645
22463 0.419926
22466 0.561960
22476 0.510456
22478 0.254303
22479 0.472114
22480 0.567993
22494 1.218311
22495 1.156032
22496 0.036367
22498 1.192509
22506 0.385912
22510 0.149091
22517 0.338254
22519 0.168450
22521 0.541392
22522 0.296280
22527 0.578174
22537 0.319035
22543 0.514515
22553 0.595280
22560 0.171189
22565 0.598823
22570 0.549662
22575 0.153416
22580 1.053499
22581 0.297766
22585 0.422569
22587 0.603094
22601 0.425380
22602 1.027670
22603 0.354483
22605 1.191592
22616 0.559710
22621 0.385344
22623 0.452189
22629 0.366442
22633 0.549295
22635 0.434999
22636 0.093584
22643 0.338494
22647 0.027687
22648 0.283015
22649 0.088049
22652 0.342618
22661 0.271050
22665 0.343309
22667 1.175673
22672 0.431710
22681 0.232409
22687 1.020561
22697 1.254751
22705 0.051991
22707 1.042949
22724 0.159239
22725 0.204430
22735 0.294385
22740 0.472644
22741 0.592696
22746 1.154334
22750 0.461169
22751 0.562109
22762 1.110496
22772 0.152345
22778 1.023570
22779 0.568186
22785 1.119898
22793 0.152914
22799 0.198447
22800 0.227460
22806 0.612749
22809 0.591620
22810 0.514709
22812 0.420878
22813 0.215242
22816 0.035994
22819 0.096978
22838 0.527960
22849 0.418463
22861 1.164143
22863 0.155973
22865 0.408068
22866 1.056971
22867 0.010217
22876 0.290537
22878 0.296150
22883 0.559147
22894 0.015094
22897 0.299947
22899 0.064274
22901 0.069988
22904 0.048945
22906 0.164182
22907 0.324678
22911 0.278221
22914 0.552814
22919 0.057063
22921 0.991614
22937 0.541799
22946 0.310354
22948 0.539023
22949 0.087112
22951 0.061976
22952 0.397289
22956 0.426487
22959 0.268477
22968 0.167113
22974 0.495318
22981 0.404373
22986 0.447462
22987 0.363667
22988 0.604394
22990 1.004497
22993 0.945288
22998 0.303280
22999 0.527050
23006 0.227748
23008 0.358914
23009 1.179624
23014 0.422976
23023 0.206434
23026 0.131303
23030 1.025077
23043 0.307841
23048 0.172178
23056 0.506227
23061 0.038512
23075 0.388183
23080 0.125784
23081 1.219422
23092 0.493287
23094 0.167819
23101 0.238937
23107 0.221858
23108 0.385176
23119 0.336073
23120 0.391797
23124 1.277362
23135 0.309197
23143 0.128037
23148 0.013844
23149 0.235925
23152 0.347020
23163 1.242493
23172 1.160360
23175 1.140982
23184 0.347082
23199 0.472896
23207 0.010172
23210 0.198270
23211 0.539905
23216 0.090419
23218 0.099793
23230 0.521475
23231 0.438005
23240 0.400703
23253 0.097483
23255 0.034575
23259 0.534475
23262 0.111409
23273 0.010882
23277 1.143328
23278 0.224960
23290 1.128016
23292 0.131977
23293 1.214595
23300 1.046998
23329 0.523079
23330 0.447055
23334 1.226170
23336 0.439481
23343 0.192434
23344 1.118934
23348 0.480178
23349 0.405529
23350 0.026141
23360 0.414611
23363 1.197319
23370 1.092834
23371 0.423629
23372 0.873303
23381 1.025967
23389 1.239782
23396 0.183497
23405 1.014761
23407 0.154105
23413 0.620443
23415 0.182445
23417 1.276139
23420 0.342045
23432 0.345752
23442 0.043867
23445 1.236260
23455 1.054633
23460 0.321693
23461 0.545243
23466 0.409108
23471 0.207451
23475 0.559017
23478 0.040165
23480 0.480313
23483 0.179050
23487 0.242787
23496 0.920494
23497 0.594486
23503 0.372978
23504 0.957104
23509 0.395930
23511 0.897515
23512 0.419031
23513 1.116841
23519 0.485168
23521 0.577301
23530 1.095414
23536 0.552201
23541 0.179968
23545 0.117633
23547 0.405529
23554 0.177863
23555 0.314945
23558 0.503456
23559 0.342379
23568 1.137833
23569 1.013822
23571 0.381169
23573 0.290796
23574 0.123952
23575 1.108938
23598 0.097483
23603 0.441070
23608 0.072210
23618 0.571899
23620 0.100748
23622 0.102839
23631 0.357644
23632 0.239400
23641 0.164971
23643 0.024627
23645 0.196788
23652 0.271257
23664 1.221657
23668 0.269953
23670 0.045576
23677 0.262490
23680 0.480313
23688 0.902999
23690 0.080675
23691 0.186236
23711 0.623890
23717 1.061125
23721 0.399442
23728 1.216174
23732 0.594181
23742 1.263916
23743 0.154105
23744 0.354483
23747 0.347165
23748 0.422699
23755 0.552143
23756 0.502058
23758 0.366442
23759 0.458743
23760 0.244006
23762 0.252676
23769 1.000482
23781 0.566029
23783 0.146224
23791 0.444226
23796 0.491970
23798 0.394313
23800 0.039823
23809 1.097585
23811 0.270352
23821 0.265314
23828 0.223787
23830 1.144364
23835 0.404025
23839 0.275246
23842 0.387349
23843 0.121013
23846 0.101281
23849 0.975753
23855 0.019497
23864 0.107040
23865 1.169794
23868 0.425380
23870 0.028075
23883 0.145316
23890 0.456505
23893 1.137300
23906 0.999642
23908 1.019821
23909 0.366994
23915 0.190092
23921 0.592983
23922 0.030583
23924 0.201422
23930 0.167863
23931 0.549199
23936 0.217075
23939 0.522327
23942 0.560954
23948 1.122156
23949 0.009830
23951 0.623890
23958 0.099030
23961 0.046792
23962 1.142334
23967 1.025573
23977 0.448819
23978 0.012060
23989 0.484053
23991 0.214080
23996 0.472022
24001 0.183098
24010 0.431261
24011 0.319695
24012 0.302243
24016 0.491025
24019 0.509910
24024 0.073882
24029 0.189440
24033 1.115637
24037 1.028855
24038 1.055109
24045 0.044992
24047 0.009588
24053 0.231388
24060 1.033438
24069 0.595158
24080 0.074038
24083 0.415252
24101 0.038354
24104 1.164900
24110 0.121713
24113 0.572762
24116 0.492545
24120 0.918786
24121 0.993131
24126 0.334227
24130 0.112875
24132 1.076742
24143 0.085464
24145 0.206814
24150 0.590263
24156 0.339829
24158 0.150335
24161 0.375335
24172 0.548341
24178 0.310066
24181 0.234938
24185 0.256784
24187 0.154940
24197 0.530307
24198 0.533426
24202 1.124802
24203 0.254012
24210 0.590468
24212 0.217177
24214 0.106345
24217 1.041061
24218 0.235430
24226 0.477153
24228 0.177863
24229 1.022694
24234 0.593627
24235 0.559710
24238 1.054462
24246 0.062668
24249 0.052693
24251 0.463397
24254 0.058199
24255 0.182306
24267 0.541392
24268 0.439559
24274 0.497163
24281 1.143208
24290 1.191324
24291 0.205797
24294 0.219336
24298 0.053476
24307 1.019821
24310 0.470054
24319 0.375124
24321 0.042732
24329 0.949598
24340 1.249718
24342 1.118294
24344 0.594181
24347 0.482772
24358 0.438673
24363 0.525214
24367 0.210143
24382 0.292449
24392 0.092352
24393 1.263378
24395 0.916104
24399 0.214745
24409 0.542513
24411 0.535941
24420 0.141182
24422 1.144637
24423 0.249731
24424 0.379724
24427 0.221645
24434 0.138363
24436 0.216158
24449 1.121456
24450 0.242518
24453 1.000667
24455 0.124446
24462 1.041320
24466 0.584897
24473 0.111409
24474 0.138363
24486 0.127614
24488 0.138437
24492 1.098589
24493 1.108226
24500 1.164143
24502 0.115694
24505 0.125163
24506 1.133465
24516 1.145921
24522 0.552201
24531 0.532361
24542 0.061299
24549 0.511075
24561 0.410454
24564 0.519909
24566 0.277826
24569 0.019021
24572 0.076888
24573 0.592493
24576 0.194966
24585 0.371523
24588 0.536466
24589 0.093169
24590 0.511785
24596 0.258586
24598 0.572712
24600 0.332164
24605 0.502215
24612 0.529193
24621 1.157858
24628 0.249300
24635 1.085376
24642 0.256664
24643 0.113206
24646 0.377746
24666 1.033065
24669 0.030384
24671 0.096978
24689 1.310170
24699 0.214462
24700 0.311945
24705 0.182306
24711 0.568740
24715 0.435272
24716 0.018944
24722 0.514515
24723 0.056038
24733 1.029419
24735 0.350238
24736 0.216629
24737 0.584897
24738 0.256600
24742 1.133074
24748 0.430977
24749 0.052872
24750 0.579982
24754 0.079308
24768 0.089492
24774 0.379393
24777 0.251078
24779 0.056376
24784 0.013070
24786 1.333021
24792 0.102942
24796 1.061662
24799 0.293672
24802 0.531211
24811 0.981118
24827 0.363040
24828 1.036527
24833 0.920802
24839 1.028160
24846 0.366994
24847 0.349350
24852 0.113372
24858 0.032494
24868 0.173303
24871 1.016737
24873 0.976971
24874 0.502806
24882 0.262034
24885 0.592493
24894 0.347650
24897 0.581867
24901 0.598823
24904 0.415441
24908 0.092964
24916 0.451131
24920 0.267970
24930 1.245755
24933 0.043731
24944 0.582387
24949 1.205678
24958 0.238291
24963 0.315773
24964 1.095127
24967 0.389931
24970 0.324943
24977 0.074038
24979 0.103407
24981 0.399930
24986 1.318497
24992 0.165635
24993 1.169794
24995 0.549377
24996 1.051394
25002 1.101651
25006 0.189967
25007 0.254516
25008 0.437066
25013 1.240385
25019 0.045429
25021 0.057063
25037 0.116979
25042 0.514709
25047 0.969258
25053 0.268804
25057 0.206078
25070 0.105811
25071 0.223528
25077 0.102839
25081 0.969829
25085 0.082817
25088 0.178523
25089 1.199535
25090 0.056717
25092 0.290868
25100 0.308094
25101 0.259954
25104 1.183087
25106 0.024627
25107 0.009956
25109 1.060613
25111 0.227960
25112 0.193354
25113 0.358984
25119 0.537669
25127 0.437818
25132 0.385117
25143 0.110358
25144 0.572960
25147 0.376617
25164 0.486449
25169 0.473032
25170 0.509743
25173 0.500289
25191 0.265862
25197 0.208892
25205 0.514709
25219 0.011582
25221 0.405529
25226 0.385344
25232 0.453164
25242 1.012871
25247 0.313847
25249 0.569505
25254 0.131192
25267 0.377041
25270 0.562524
25273 0.168206
25274 0.179968
25275 0.113435
25284 0.307552
25287 0.102277
25300 0.140375
25304 1.099714
25305 0.357095
25327 0.192498
25329 0.334227
25332 0.051139
25343 0.454097
25345 0.101721
25351 0.112751
25355 1.162343
25361 0.280751
25366 0.295972
25369 1.024198
25381 0.154105
25386 1.179793
25389 0.311945
25390 1.357539
25391 0.303105
25392 0.187745
25401 0.404508
25408 0.590576
25414 0.203442
25430 0.609845
25439 1.154402
25446 0.557045
25448 0.430719
25456 0.372978
25458 0.386627
25459 0.455764
25461 0.471934
25462 0.172504
25467 0.228518
25475 0.287318
25480 0.465800
25481 0.152582
25482 0.329810
25486 0.240282
25491 0.426631
25492 0.546371
25496 0.188243
25497 1.190317
25499 0.157886
25504 0.201141
25513 0.108588
25519 0.498964
25528 0.120597
25529 0.166125
25530 0.211621
25541 0.359937
25542 1.078988
25552 0.169247
25555 0.529907
25558 0.203022
25574 0.592560
25575 1.149741
25581 0.110242
25582 1.152507
25586 0.029804
25592 0.211773
25593 0.031195
25596 0.146990
25597 0.065719
25599 1.063449
25605 0.334227
25606 0.093584
25616 0.068143
25619 0.601296
25625 0.292449
25627 1.063449
25628 0.263467
25629 0.298037
25632 0.168114
25633 1.048401
25636 0.545904
25637 0.118761
25640 0.481680
25652 0.517778
25655 0.341399
25657 0.168206
25658 0.086651
25660 0.237924
25663 0.463044
25666 0.437484
25679 0.575710
25681 1.163110
25690 1.039817
25694 0.348759
25700 0.061894
25704 0.321555
25710 0.539905
25713 1.110111
25714 0.128549
25722 0.366994
25726 0.071767
25731 0.025995
25733 0.101171
25741 0.419926
25754 0.556366
25756 0.361925
25773 0.367860
25785 0.550491
25795 1.082895
25796 1.076742
25807 0.157947
25809 0.170496
25814 0.327350
25822 0.592301
25824 0.205227
25840 0.069219
25848 0.180741
25854 0.405847
25865 0.268804
25868 0.529962
25869 1.056588
25872 1.241414
25876 0.383208
25881 0.024244
25882 1.129055
25883 0.422635
25891 0.173732
25895 0.536955
25898 1.140982
25900 0.436194
25908 1.333173
25909 0.125335
25917 0.517036
25919 0.042155
25931 1.184002
25933 0.269582
25935 1.236260
25936 0.379393
25938 0.129977
25939 0.515139
25942 1.092742
25944 0.119215
25945 0.543541
25949 0.166265
25952 1.079810
25955 0.290994
25962 0.097993
25966 0.066466
25970 0.578470
25977 1.191324
25986 0.402929
25988 0.271819
25989 0.146224
25991 0.416823
25999 0.164760
26000 0.406885
26005 0.114826
26013 1.145167
26014 0.357277
26034 0.342379
26037 0.460451
26043 0.014442
26051 0.310222
26053 0.479543
26058 1.083498
26063 0.376005
26068 1.042949
26074 0.190092
26093 0.545500
26094 1.270365
26103 0.573152
26104 1.212722
26112 0.415585
26114 0.299947
26126 0.220905
26139 0.219336
26141 0.422817
26142 0.532589
26160 0.350373
26162 0.051991
26165 0.399442
26171 0.122599
26173 0.267714
26176 0.538814
26181 0.467918
26182 1.110714
26184 0.175807
26189 0.951261
26190 1.127366
26193 0.043867
26194 0.148209
26199 0.273782
26200 1.246323
26209 0.393681
26227 1.071285
26229 0.454612
26232 0.326699
26237 0.350373
26238 0.563411
26242 0.418337
26243 0.335637
26248 0.010261
26265 0.274647
26269 0.435806
26270 0.206434
26271 0.355225
26276 0.153609
26280 0.098302
26284 0.257232
26288 0.129977
26291 0.233959
26296 0.391797
26297 0.379803
26299 1.334765
26306 0.596595
26318 1.164453
26324 0.977122
26325 1.102675
26328 0.281152
26334 1.022694
26336 1.273622
26346 1.102206
26353 0.541678
26354 0.603765
26373 0.485037
26380 0.396221
26381 0.046559
26390 0.545904
26398 0.381564
26411 1.273912
26413 0.158080
26425 0.603765
26433 1.119481
26434 0.125680
26440 0.375124
26441 0.421893
26451 0.414611
26453 0.415663
26466 0.542222
26480 0.397577
26487 0.029995
26503 0.507937
26510 0.209963
26514 0.164594
26516 1.118117
26517 0.032952
26518 0.026288
26535 0.056512
26537 0.085595
26541 1.244661
26542 0.076395
26545 0.197876
26548 0.205227
26552 1.182649
26555 0.081142
26566 0.326699
26569 0.405847
26576 0.219740
26593 0.541392
26599 0.590263
26604 0.323233
26606 0.248138
26609 0.100412
26610 0.364247
26613 1.224089
26615 1.234069
26619 0.113206
26620 0.036367
26635 0.048489
26647 1.026135
26660 0.200946
26661 0.577676
26668 0.294288
26670 0.540809
26671 0.472211
26680 1.019821
26681 0.546633
26684 0.197498
26689 0.505539
26690 0.245657
26699 1.087414
26702 0.273903
26703 0.288291
26708 0.378012
26723 0.303280
26725 1.140549
26727 0.523138
26736 0.048140
26737 1.194267
26744 0.286480
26755 0.394745
26758 0.089006
26760 1.013822
26761 1.141809
26765 0.404929
26766 1.143087
26767 0.582470
26771 0.339774
26785 0.488486
26786 0.009396
26795 0.057063
26796 0.434295
26799 0.064989
26800 0.587344
26808 0.188108
26811 0.438673
26816 0.179968
26818 0.464918
26820 0.137623
26821 0.402350
26828 0.379803
26829 0.158616
26831 0.108588
26851 0.515909
26854 0.097936
26865 0.422091
26869 0.435272
26872 0.447055
26885 0.256600
26887 1.128016
26893 1.128228
26899 0.422091
26906 0.421893
26910 0.510456
26915 0.140375
26916 1.186586
26918 0.177050
26919 0.287318
26925 0.223324
26945 0.429155
26946 0.505138
26958 0.050314
26965 0.465590
26966 0.510945
26969 0.208236
26972 0.179968
26978 0.038197
26987 0.515503
26990 1.199186
26991 0.524635
27001 0.275246
27007 0.530628
27018 1.106218
27025 0.138880
27036 1.160360
27037 1.116352
27042 0.518503
27048 1.273566
27054 0.590576
27063 0.421728
27065 0.117715
27077 0.057413
27079 0.589896
27081 0.181129
27082 0.162339
27093 0.111942
27097 1.176635
27106 1.058637
27108 0.279951
27112 0.265575
27117 1.117698
27119 0.311945
27122 0.132238
27125 0.322290
27126 0.019177
27133 1.128987
27136 0.273903
27139 1.098589
27142 0.522140
27151 0.222818
27154 0.458962
27156 0.359937
27158 0.146224
27160 0.407456
27168 0.103726
27180 0.397730
27193 0.047027
27194 0.545904
27208 0.300670
27213 0.365561
27215 0.364890
27216 0.246272
27217 0.550491
27221 0.543541
27225 0.437066
27242 0.490896
27247 0.455920
27252 1.120167
27254 0.024889
27265 1.072311
27267 0.528294
27268 0.169809
27276 0.538312
27280 1.199789
27283 1.097095
27297 0.529537
27314 0.288838
27322 0.399729
27329 0.091301
27330 0.140375
27335 1.200578
27337 1.045016
27339 0.044706
27340 0.382286
27341 0.561501
27349 0.584897
27379 0.073882
27380 0.062668
27384 1.087909
27387 0.590576
27394 1.050428
27400 0.591944
27401 0.431575
27402 0.015094
27404 0.100089
27408 0.080675
27410 0.448239
27412 0.537836
27413 0.552263
27415 1.039817
27416 0.352955
27419 0.057063
27421 0.031056
27427 0.157472
27434 0.452824
27442 0.014353
27444 0.407541
27448 1.121908
27449 0.350465
27460 0.392185
27463 0.410454
27472 0.544559
27479 0.255026
27482 0.432529
27490 0.591778
27502 1.047577
27503 0.074781
27504 0.204714
27511 0.434791
27512 1.052196
27525 0.594811
27536 0.223280
27540 0.380183
27548 0.432086
27551 0.159092
27576 0.207963
27578 0.013524
27580 0.358737
27582 0.478258
27586 0.584897
27602 1.132404
27612 0.465259
27615 0.351440
27628 0.442932
27629 0.186728
27637 1.159796
27647 0.040165
27649 1.155700
27653 1.053321
27655 0.536603
27658 1.093376
27669 1.218762
27673 1.245755
27676 0.512218
27691 0.329188
27695 1.021146
27699 0.086651
27705 0.261028
27708 0.515004
27711 1.143799
27713 1.150189
27717 0.519909
27719 0.109181
27721 0.371985
27726 0.420217
27730 0.441811
27735 0.362471
27736 0.332071
27751 0.482540
27753 0.089127
27761 0.209680
27763 0.617034
27768 1.080863
27769 0.499600
27785 1.176050
27801 0.430396
27807 1.148525
27824 0.340056
27828 0.112480
27829 0.300618
27830 0.284249
27835 0.299652
27836 0.143659
27853 0.467918
27855 0.442239
27860 1.128386
27863 1.126469
27869 0.349594
27870 0.607685
27876 0.276602
27880 0.971524
27894 0.295662
27895 0.014442
27897 0.275895
27901 0.121854
27906 0.429418
27911 0.310651
27915 0.027525
27920 0.281731
27923 0.342667
27926 0.094338
27927 0.334227
27930 0.363290
27941 1.047729
27944 1.044459
27945 0.047942
27947 0.083062
27951 0.283015
27957 1.151226
27961 0.605541
27962 1.075961
27964 0.432875
27965 0.365561
27974 0.177809
27975 1.154987
27979 0.212690
27992 1.190809
27998 0.228011
28016 0.141793
28019 1.195336
28022 1.062521
28028 0.578740
28031 0.415585
28035 1.279462
28040 0.318536
28055 0.473488
28059 1.042087
28062 0.517172
28063 0.067230
28068 0.168114
28069 0.226744
28094 0.383030
28095 1.001074
28096 1.155111
28109 0.561960
28112 0.389931
28118 0.142513
28121 0.560954
28122 0.375217
28128 0.264360
28132 1.080788
28145 0.056038
28149 1.111884
28152 0.312664
28158 0.102357
28160 0.084563
28163 1.269655
28177 0.132430
28190 0.392039
28195 0.034919
28203 0.415712
28207 0.550491
28209 0.156777
28212 0.505857
28214 0.550491
28217 1.095414
28226 0.293861
28233 0.278891
28235 0.265314
28243 0.280319
28247 0.495151
28249 0.561960
28252 0.106345
28253 1.117101
28255 1.122242
28259 0.590166
28263 0.381169
28272 0.564374
28275 0.078422
28280 0.366994
28287 0.241195
28291 1.156501
28300 0.472417
28306 0.588318
28316 0.401400
28317 0.058784
28330 0.052872
28332 0.146224
28341 0.509613
28342 1.041178
28348 0.106345
28352 0.419360
28353 0.122420
28354 0.353145
28356 1.158653
28358 0.311230
28369 0.048741
28370 0.079117
28376 0.028532
28377 1.183888
28380 0.151921
28385 1.114745
28389 0.235266
28393 0.516886
28395 0.485037
28410 0.179968
28411 0.346606
28416 0.361792
28431 0.342976
28445 0.191287
28453 0.139867
28460 1.218536
28462 1.053973
28467 0.320654
28475 0.159972
28476 1.117571
28483 1.262635
28484 0.554902
28497 1.181731
28498 0.286063
28514 1.120366
28515 0.173732
28521 0.102215
28524 0.276497
28526 0.035448
28530 0.011248
28531 1.169794
28543 0.467918
28545 1.144691
28550 0.452094
28574 0.517513
28578 1.175732
28580 0.387349
28584 0.222818
28586 0.573199
28594 0.441432
28597 0.319554
28603 0.099557
28606 0.273636
28607 1.273316
28609 0.353659
28610 0.535330
28614 1.181854
28616 0.202562
28618 1.096682
28623 0.565493
28637 0.188003
28638 0.483712
28643 0.159291
28647 0.308209
28658 0.381564
28663 0.365561
28669 0.234938
28671 0.246272
28682 0.450858
28691 0.124446
28697 0.253455
28701 0.199337
28708 0.502366
28709 0.274689
28714 0.172391
28718 0.158410
28723 0.278277
28736 0.595280
28738 0.968436
28743 0.490559
28745 0.212690
28748 0.178254
28757 0.271257
28765 0.525469
28777 0.389931
28785 0.150941
28788 0.023396
28800 1.127256
28806 1.052304
28815 0.478552
28816 0.289304
28818 0.561501
28823 0.223378
28826 0.097483
28830 1.116011
28833 0.453295
28835 1.175614
28851 0.204714
28862 0.234981
28865 0.467918
28871 0.173798
28872 0.605420
28873 0.240840
28877 0.118294
28883 0.051704
28884 0.518432
28893 0.603765
28897 0.276019
28899 0.321120
28900 0.208384
28901 1.175185
28904 0.304014
28905 0.397971
28909 0.012122
28913 0.145467
28918 0.218097
28920 0.119638
28922 0.330184
28924 1.098702
28925 0.575710
28928 0.522057
28935 1.228775
28937 0.174923
28940 0.407456
28942 0.025710
28944 1.088933
28953 0.083931
28956 1.105132
28973 0.532287
28976 0.572762
28977 1.035556
28979 0.498246
28984 0.448421
28985 0.222196
28996 0.337941
29000 0.125680
29001 0.179968
29004 0.135847
29006 0.584897
29015 0.275951
29020 0.304251
29023 0.972422
29030 0.079888
29044 1.136096
29049 0.358984
29053 0.237193
29056 0.160847
29057 1.169794
29059 0.019911
29068 0.290537
29076 0.047504
29077 0.092352
29082 0.424278
29087 0.953909
29093 0.432153
29115 0.194966
29116 0.494279
29121 0.965760
29141 0.417437
29146 1.169794
29148 0.210947
29151 0.403377
29155 0.057768
29158 0.452824
29171 0.507530
29173 0.223787
29177 0.342110
29185 0.406044
29194 0.391911
29196 0.616419
29197 1.007108
29200 0.115062
29201 0.222818
29202 0.519909
29218 0.254012
29220 0.163675
29227 0.192498
29228 0.101093
29241 0.527652
29253 0.283586
29267 0.502215
29272 0.015392
29273 0.497011
29280 0.445636
29281 0.147060
29285 0.542942
29286 1.199484
29289 0.407928
29290 0.267018
29295 0.500289
29297 0.178354
29306 0.029995
29307 0.099557
29316 0.497011
29324 0.061894
29328 1.193284
29333 1.135590
29339 0.359937
29340 1.198326
29349 0.041045
29360 0.609124
29371 1.030533
29373 0.133147
29378 0.225503
29379 0.489326
29380 0.413462
29381 1.149741
29384 1.141263
29396 0.041045
29399 0.514933
29402 0.012445
29407 0.309002
29410 0.598823
29420 0.012445
29421 0.183737
29423 0.384996
29435 0.353145
29438 1.022341
29439 0.112076
29448 0.272045
29457 0.397086
29460 0.364775
29480 1.072311
29485 0.152582
29486 0.504859
29488 0.252111
29491 0.186236
29498 1.184986
29506 1.092834
29507 0.266295
29515 0.507647
29518 0.196133
29523 0.995295
29538 0.565182
29539 0.609711
29548 0.184449
29551 0.093584
29565 1.048781
29569 0.465333
29577 0.178141
29578 1.136372
29590 1.053590
29598 0.352348
29599 0.268804
29605 0.237051
29606 0.399930
29621 1.013822
29628 0.066466
29635 0.269953
29637 0.969443
29641 1.044280
29645 0.555942
29652 1.079810
29654 0.485037
29656 0.417332
29657 0.467918
29668 0.047942
29669 0.493584
29683 0.111893
29685 1.198678
29691 0.073771
29695 0.598499
29702 1.037557
29707 0.529193
29719 1.249295
29720 0.604394
29729 0.610327
29734 0.035994
29745 0.344672
29750 1.052815
29752 0.567592
29755 0.155177
29760 0.880131
29762 0.140631
29763 0.312664
29766 1.048051
29783 1.093834
29796 0.222113
29805 1.115385
29813 0.442625
29817 0.217075
29820 0.608087
29824 0.360730
29829 1.164730
29833 0.207963
29834 0.401468
29835 0.067618
29842 0.316466
29844 0.070188
29848 0.038831
29852 0.428160
29858 0.445030
29862 1.097032
29864 0.269481
29874 0.377041
29876 1.056157
29877 0.102614
29881 0.037334
29887 0.102277
29890 1.146857
29892 1.169794
29893 0.584897
29894 0.413564
29900 1.140304
29902 0.122331
29909 1.199039
29913 0.346606
29922 0.208892
29923 0.186593
29927 0.027047
29929 0.011698
29930 0.048489
29932 0.217636
29935 0.514080
29940 0.066845
29948 0.247576
29950 0.536156
29952 0.287757
29962 1.108721
29967 1.176635
29968 0.331442
29971 0.433831
29972 0.415927
29974 1.179879
29980 0.489326
29988 1.052815
29992 0.222818
29993 0.292449
29994 1.199789
29996 1.199789
29998 0.028765
