5927
12049 1.395034
11134 1.383781
25390 1.357539
147 1.335158
4014 1.334765
26299 1.334765
25908 1.333173
24786 1.333021
317 1.332411
8083 1.322376
13591 1.318677
24986 1.318497
24689 1.310170
18300 1.308583
13537 1.307417
11558 1.304771
2905 1.298528
19251 1.297501
7993 1.297078
21081 1.296522
17955 1.294240
9046 1.292649
19438 1.290392
11679 1.290319
3176 1.288469
11508 1.287333
1676 1.283367
22038 1.283319
8854 1.283000
3370 1.279954
1827 1.279462
28035 1.279462
23124 1.277362
23417 1.276139
2381 1.276139
26411 1.273912
26336 1.273622
27048 1.273566
5538 1.273447
28607 1.273316
11515 1.272151
26094 1.270365
28163 1.269655
12033 1.267906
6902 1.265864
859 1.264323
17678 1.264250
9803 1.264250
23742 1.263916
11725 1.263575
22060 1.263378
24393 1.263378
13685 1.262790
28483 1.262635
14996 1.262290
15096 1.261663
14088 1.261543
13586 1.261437
232 1.260652
9757 1.258971
6446 1.258971
3914 1.255389
22454 1.255144
20075 1.255092
22697 1.254751
8662 1.252955
2345 1.251117
7198 1.250723
5566 1.250074
24340 1.249718
6987 1.249660
29719 1.249295
19752 1.248436
8232 1.246502
26200 1.246323
24930 1.245755
27673 1.245755
1862 1.244781
19959 1.244707
26541 1.244661
7963 1.243976
7708 1.243565
524 1.242906
5801 1.242493
23163 1.242493
19137 1.242153
25872 1.241414
8982 1.241190
12876 1.241123
1397 1.241123
19154 1.241123
6715 1.240999
25013 1.240385
23389 1.239782
4042 1.239425
18706 1.239234
17397 1.239234
4143 1.238606
8235 1.238606
4018 1.238606
21687 1.237938
4880 1.237878
4499 1.236853
1626 1.236368
23445 1.236260
25935 1.236260
9415 1.235513
13999 1.235513
13562 1.235186
22181 1.234384
26615 1.234069
9514 1.233423
6513 1.232895
13796 1.232376
1797 1.232091
20709 1.231957
13690 1.231362
13901 1.230721
17305 1.229955
18701 1.229784
5637 1.229275
3242 1.229275
28935 1.228775
12822 1.228775
15343 1.226703
23334 1.226170
1523 1.226034
15308 1.225499
3976 1.224915
17547 1.224458
4705 1.224344
26613 1.224089
18654 1.224023
20969 1.223578
5464 1.223237
17587 1.222967
5570 1.222748
11016 1.221951
23664 1.221657
3828 1.221555
8785 1.220655
16977 1.220108
8430 1.220031
15465 1.220031
3247 1.219785
23081 1.219422
11293 1.219362
27669 1.218762
4954 1.218762
28460 1.218536
22494 1.218311
21105 1.218247
11833 1.218033
335 1.217737
19175 1.217127
11258 1.216586
13296 1.216586
840 1.216586
21031 1.216586
741 1.216174
23728 1.216174
16863 1.215223
2070 1.214979
23293 1.214595
3067 1.214217
16510 1.213937
21556 1.213583
6370 1.213583
9742 1.213583
5959 1.213525
10950 1.213120
26104 1.212722
11929 1.212222
12251 1.210601
7417 1.208974
12168 1.208787
7023 1.208238
21279 1.207530
11613 1.206735
18653 1.206735
11525 1.206735
21234 1.206735
12384 1.206580
14063 1.206123
24949 1.205678
12411 1.205243
21068 1.204200
4099 1.203999
12794 1.203866
12206 1.203772
6718 1.203603
12601 1.203217
15720 1.202902
6307 1.201698
8531 1.201410
27335 1.200578
10622 1.200417
14988 1.200179
17883 1.200100
15402 1.200048
29994 1.199789
27280 1.199789
29996 1.199789
590 1.199789
25089 1.199535
29286 1.199484
26990 1.199186
29909 1.199039
2050 1.198894
29685 1.198678
29340 1.198326
18638 1.198096
17650 1.197982
10795 1.197982
23363 1.197319
20122 1.196748
6708 1.196686
4701 1.196381
4590 1.196023
12243 1.195561
21805 1.195504
28019 1.195336
19498 1.195225
26737 1.194267
18895 1.194064
10351 1.193914
29328 1.193284
1319 1.193190
10033 1.193035
613 1.192731
22498 1.192509
373 1.192076
17377 1.191592
22605 1.191592
25977 1.191324
24290 1.191324
27992 1.190809
20809 1.190560
17489 1.190560
17937 1.190317
25497 1.190317
2463 1.190139
14945 1.190080
11075 1.189848
22386 1.189848
9953 1.189621
3015 1.189621
19456 1.189291
8223 1.188815
10271 1.188561
9118 1.188362
5144 1.188168
19379 1.187791
14304 1.187429
21787 1.187254
26916 1.186586
311 1.186586
12278 1.185819
15978 1.185531
29498 1.184986
2178 1.184986
11345 1.184792
17005 1.184728
2869 1.184417
25931 1.184002
28377 1.183888
25104 1.183087
12833 1.183087
18394 1.182938
8749 1.182792
18028 1.182649
26552 1.182649
2404 1.182373
28614 1.181854
5821 1.181854
22414 1.181854
12465 1.181731
28497 1.181731
18011 1.181492
7584 1.181376
18775 1.181151
3686 1.180429
18800 1.180239
29974 1.179879
18938 1.179793
25386 1.179793
23009 1.179624
16158 1.179383
12165 1.179228
11313 1.177440
22447 1.177341
21448 1.177341
13250 1.177245
1175 1.176884
27097 1.176635
29967 1.176635
15744 1.176556
11174 1.176556
4670 1.176403
16447 1.176187
27785 1.176050
12993 1.176050
21307 1.175919
18073 1.175855
2217 1.175732
28578 1.175732
22667 1.175673
12161 1.175673
28835 1.175614
8928 1.175445
28901 1.175185
627 1.175087
11958 1.175040
6030 1.174689
3392 1.174689
9367 1.174569
23865 1.169794
8387 1.169794
14554 1.169794
28531 1.169794
1985 1.169794
29057 1.169794
4260 1.169794
184 1.169794
3385 1.169794
29146 1.169794
12872 1.169794
21670 1.169794
21104 1.169794
12766 1.169794
29892 1.169794
2214 1.169794
9499 1.169794
2023 1.169794
20509 1.169794
15927 1.169794
20502 1.169794
7099 1.169794
24993 1.169794
17653 1.169794
10799 1.169794
5450 1.169794
20047 1.169794
12661 1.169794
19165 1.169794
22036 1.165020
24104 1.164900
1628 1.164816
9789 1.164816
29829 1.164730
14887 1.164549
26318 1.164453
7941 1.164404
22343 1.164143
24500 1.164143
22861 1.164143
1250 1.163795
9110 1.163670
10008 1.163259
3737 1.163259
25681 1.163110
2596 1.162872
4613 1.162705
779 1.162618
25355 1.162343
21509 1.162149
2407 1.160436
23172 1.160360
27036 1.160360
20794 1.160206
10325 1.160046
18294 1.159964
14909 1.159964
27637 1.159796
2857 1.159710
12356 1.159350
28356 1.158653
4678 1.158212
18103 1.158212
24621 1.157858
1912 1.157481
8696 1.157350
20870 1.157216
3416 1.157216
19088 1.157079
19552 1.156797
1939 1.156651
9024 1.156651
11759 1.156501
28291 1.156501
20462 1.156348
11787 1.156192
1442 1.156032
22495 1.156032
27649 1.155700
6631 1.155233
28096 1.155111
27975 1.154987
19886 1.154987
9718 1.154861
996 1.154797
15808 1.154733
21733 1.154602
9502 1.154602
25439 1.154402
22746 1.154334
3065 1.154197
14440 1.153770
15403 1.153162
16088 1.153003
11055 1.153003
15816 1.152675
10941 1.152675
2568 1.152675
25582 1.152507
8408 1.152159
19639 1.151797
20577 1.151797
527 1.151611
17684 1.151611
21565 1.151611
2064 1.151226
19753 1.151226
27957 1.151226
19670 1.150825
7162 1.150298
27713 1.150189
2726 1.150189
9644 1.149967
22169 1.149967
22081 1.149798
29381 1.149741
25575 1.149741
2888 1.149625
11004 1.149509
21674 1.149272
6803 1.149090
4395 1.148780
1847 1.148717
1335 1.148525
27807 1.148525
15072 1.148330
14623 1.148330
6049 1.147997
21502 1.147929
1443 1.147723
15678 1.147723
5297 1.147442
21260 1.147442
29890 1.146857
14940 1.146857
16865 1.146304
9265 1.146162
14639 1.146162
13530 1.145921
24516 1.145921
5677 1.145675
10428 1.145424
11726 1.145167
26013 1.145167
9038 1.145115
28545 1.144691
24422 1.144637
13212 1.144364
23830 1.144364
27711 1.143799
8566 1.143507
23277 1.143328
24281 1.143208
7132 1.143208
5074 1.143087
26766 1.143087
12325 1.142902
16603 1.142840
23962 1.142334
15988 1.142270
20038 1.141942
26761 1.141809
17323 1.141719
14694 1.141606
7071 1.141606
2451 1.141263
29384 1.141263
25898 1.140982
23175 1.140982
26725 1.140549
16393 1.140549
22158 1.140304
29900 1.140304
19584 1.140104
14233 1.139800
20131 1.139800
19413 1.139800
2302 1.139489
11581 1.139410
5506 1.138738
15142 1.138600
18647 1.138460
6106 1.138178
23568 1.137833
8832 1.137598
23893 1.137300
20109 1.137118
17560 1.137118
14380 1.136996
6296 1.136687
16037 1.136687
21575 1.136372
29578 1.136372
29044 1.136096
15234 1.135723
29333 1.135590
20907 1.135243
19744 1.135243
13332 1.134949
8372 1.134650
9780 1.134650
21838 1.133465
24506 1.133465
8402 1.133074
1697 1.133074
24742 1.133074
708 1.133074
17757 1.132742
19385 1.132742
6442 1.132540
27602 1.132404
21300 1.132059
15166 1.132059
7968 1.131649
18344 1.131566
3968 1.131440
2817 1.131350
14790 1.130615
9578 1.129801
25882 1.129055
27133 1.128987
14696 1.128507
27860 1.128386
26893 1.128228
26887 1.128016
23290 1.128016
4611 1.127513
26190 1.127366
6272 1.127366
28800 1.127256
27863 1.126469
7541 1.126109
20121 1.126064
7686 1.126005
18866 1.125372
18189 1.125372
15584 1.125372
304 1.124994
18055 1.124994
20162 1.124994
24202 1.124802
137 1.124802
16684 1.124218
3845 1.124218
5125 1.124218
12988 1.123531
10592 1.123002
14157 1.123002
854 1.123002
9858 1.123002
2024 1.123002
28255 1.122242
6315 1.122242
23948 1.122156
15140 1.122156
3642 1.122156
27448 1.121908
7603 1.121852
24449 1.121456
3997 1.121341
7587 1.121053
204 1.121053
14029 1.121053
12023 1.120761
17659 1.120761
12449 1.120366
28514 1.120366
27252 1.120167
22785 1.119898
26433 1.119481
9905 1.119372
4106 1.118934
23344 1.118934
7411 1.118934
5263 1.118488
9829 1.118488
24342 1.118294
26516 1.118117
3885 1.118033
3819 1.118033
18489 1.117803
27117 1.117698
11536 1.117638
6486 1.117638
28476 1.117571
16060 1.117219
5714 1.117101
28253 1.117101
23513 1.116841
10246 1.116622
21966 1.116352
27037 1.116352
6329 1.116011
28830 1.116011
18487 1.115804
24033 1.115637
11249 1.115565
29805 1.115385
16368 1.115244
14549 1.115131
28385 1.114745
16559 1.114673
11878 1.114615
11076 1.114568
11657 1.114090
444 1.114090
1611 1.114090
5084 1.113191
7161 1.112885
22130 1.112263
28149 1.111884
13013 1.111569
2226 1.111569
1047 1.111569
6226 1.111569
16857 1.111305
8367 1.110813
26182 1.110714
22762 1.110496
25713 1.110111
21866 1.109944
14293 1.109805
21428 1.109805
21743 1.109633
12886 1.109026
23575 1.108938
29962 1.108721
24493 1.108226
20166 1.108226
9965 1.108226
21249 1.107571
841 1.107498
9707 1.107025
15790 1.106751
19161 1.106406
27018 1.106218
12448 1.106218
11605 1.105987
13851 1.105776
3771 1.105402
28956 1.105132
20071 1.104806
8255 1.104476
2156 1.104075
19225 1.103806
17786 1.103329
19169 1.103221
2742 1.102736
26325 1.102675
26346 1.102206
16996 1.102206
513 1.102120
7003 1.101871
16355 1.101871
8639 1.101711
25002 1.101651
8344 1.101600
19707 1.101600
17309 1.100983
4998 1.100983
17999 1.100983
756 1.100983
19955 1.100983
1487 1.100983
5406 1.100302
19087 1.100302
11369 1.100239
13310 1.100239
3641 1.100164
6613 1.100071
1254 1.099807
25304 1.099714
13955 1.099714
11590 1.099607
4550 1.099479
8451 1.099479
15049 1.099063
28924 1.098702
24492 1.098589
27139 1.098589
22280 1.098398
14491 1.097722
23809 1.097585
5930 1.097585
18686 1.097436
27283 1.097095
13270 1.097032
29862 1.097032
15263 1.096985
28618 1.096682
8197 1.096329
10538 1.096023
15184 1.095757
4780 1.095612
23530 1.095414
28217 1.095414
15360 1.095353
2175 1.095353
24964 1.095127
5647 1.094486
8472 1.094136
29783 1.093834
17729 1.093710
27658 1.093376
22430 1.093376
23370 1.092834
29506 1.092834
25942 1.092742
14354 1.092600
14245 1.092495
15464 1.091808
19870 1.091808
14726 1.090294
22123 1.090294
15568 1.090175
16970 1.089929
19486 1.089808
8814 1.089671
4262 1.089671
11677 1.089119
5299 1.088933
28944 1.088933
18493 1.088865
21668 1.088625
18298 1.088417
22027 1.088181
11367 1.087957
27384 1.087909
918 1.087593
8234 1.087593
7153 1.087414
6138 1.087414
26699 1.087414
14911 1.087221
13613 1.087221
4214 1.086634
18548 1.086587
7823 1.086238
17826 1.085885
13429 1.085838
15147 1.085776
6319 1.085691
8698 1.085569
24635 1.085376
1009 1.085171
2171 1.085027
10558 1.085027
12238 1.084837
480 1.084444
3535 1.083877
21154 1.083706
8739 1.083706
10928 1.083706
17894 1.083599
26058 1.083498
21112 1.082954
621 1.082954
25795 1.082895
19313 1.082682
3970 1.082682
8299 1.082682
15865 1.082189
27768 1.080863
5420 1.080788
28132 1.080788
9852 1.080573
11552 1.080533
13471 1.079810
12731 1.079810
3801 1.079810
29652 1.079810
25952 1.079810
25542 1.078988
15246 1.078732
3253 1.078732
12651 1.078151
20020 1.077629
10527 1.077629
3781 1.077629
18920 1.077442
118 1.077442
10455 1.076742
24132 1.076742
25796 1.076742
14883 1.075961
1977 1.075961
27962 1.075961
16650 1.075673
10797 1.075265
9220 1.075215
3028 1.074689
15252 1.073724
8051 1.073206
583 1.072850
10791 1.072787
19132 1.072737
19275 1.072737
15803 1.072311
27265 1.072311
29480 1.072311
14518 1.072311
26227 1.071285
21550 1.071137
20674 1.070659
38 1.070338
3380 1.070338
16679 1.069862
19739 1.069526
3906 1.069526
11341 1.069084
7821 1.069084
14820 1.068701
20221 1.068367
19473 1.068305
19 1.067812
7017 1.067812
6983 1.067181
1370 1.067009
5377 1.066755
1041 1.066273
2200 1.066142
7317 1.066022
8598 1.065966
20224 1.065813
10741 1.065676
18702 1.065446
3699 1.064723
14878 1.064321
21903 1.063449
25599 1.063449
13271 1.063449
25627 1.063449
7222 1.062563
20753 1.062563
4474 1.062563
28022 1.062521
20923 1.062521
6206 1.062364
8918 1.061741
7725 1.061662
24796 1.061662
23717 1.061125
25109 1.060613
21989 1.060468
7530 1.059924
21374 1.059814
1779 1.059436
10726 1.058972
20431 1.058866
6487 1.058866
2805 1.058696
27106 1.058637
22299 1.058030
7032 1.057901
20716 1.057494
17816 1.057314
19227 1.057043
7632 1.057043
16259 1.056971
22866 1.056971
25869 1.056588
20507 1.056270
2776 1.056270
18922 1.056270
29876 1.056157
3138 1.055814
2807 1.055814
18335 1.055814
17434 1.055668
15206 1.055668
20877 1.055535
19815 1.055304
24038 1.055109
17528 1.055109
3605 1.054843
23455 1.054633
24238 1.054462
15508 1.054100
28462 1.053973
1278 1.053782
21994 1.053590
29590 1.053590
14047 1.053590
22580 1.053499
14669 1.053427
27653 1.053321
10713 1.052815
29750 1.052815
18757 1.052815
10985 1.052815
29988 1.052815
28806 1.052304
17205 1.052196
27512 1.052196
14050 1.052123
19451 1.051742
7855 1.051633
24996 1.051394
11295 1.051119
12680 1.050649
27394 1.050428
18965 1.050428
7989 1.050428
1934 1.050428
14772 1.050428
9339 1.049962
17584 1.049815
11381 1.049535
29565 1.048781
9598 1.048401
25633 1.048401
9508 1.048340
29766 1.048051
27941 1.047729
27502 1.047577
14593 1.047244
3357 1.046998
16651 1.046998
23300 1.046998
14939 1.046658
19166 1.046349
7018 1.046276
21284 1.045807
10676 1.045144
12057 1.045095
7292 1.045095
2402 1.045095
27337 1.045016
15076 1.044865
27944 1.044459
29641 1.044280
7801 1.042949
26068 1.042949
22707 1.042949
6141 1.042949
19977 1.042949
5734 1.042391
5705 1.042391
28059 1.042087
9641 1.041402
24462 1.041320
28342 1.041178
24217 1.041061
18815 1.039817
19022 1.039817
27415 1.039817
15538 1.039817
18928 1.039817
1819 1.039817
25690 1.039817
4506 1.039817
9218 1.038777
1172 1.038697
11865 1.038357
14607 1.037721
29702 1.037557
8471 1.037465
12270 1.037365
405 1.037365
14863 1.037365
5280 1.036704
19982 1.036647
24828 1.036527
28977 1.035556
12276 1.035091
15967 1.034818
15509 1.034818
9043 1.034072
16717 1.034015
24060 1.033438
11285 1.033438
10877 1.033219
24666 1.033065
1419 1.033065
361 1.033065
16414 1.032494
17808 1.032450
13837 1.032171
17179 1.031432
11072 1.031432
18412 1.031266
5047 1.031005
7727 1.030809
22394 1.030656
29371 1.030533
20198 1.030008
8176 1.029928
4112 1.029419
16503 1.029419
24733 1.029419
16352 1.028855
24037 1.028855
1669 1.028612
5746 1.028612
4036 1.028287
2879 1.028227
24839 1.028160
6581 1.028160
22602 1.027670
21799 1.027385
4717 1.026878
209 1.026400
13235 1.026329
19882 1.026135
26647 1.026135
23381 1.025967
23967 1.025573
23030 1.025077
18179 1.025077
7582 1.024864
4093 1.024526
17927 1.024435
12966 1.024244
25369 1.024198
22778 1.023570
1420 1.023570
7266 1.023570
18251 1.022890
16221 1.022771
26334 1.022694
24229 1.022694
16341 1.022694
29438 1.022341
16962 1.021719
18864 1.021654
1002 1.021510
27695 1.021146
22687 1.020561
12406 1.020459
22074 1.020061
24307 1.019821
26680 1.019821
12014 1.019821
20532 1.019821
23908 1.019821
21228 1.019545
15618 1.019545
12454 1.019021
5634 1.019021
6993 1.018853
5573 1.017212
14019 1.016737
24871 1.016737
10645 1.016292
5171 1.016185
6928 1.015874
5452 1.015536
16353 1.014890
23405 1.014761
6247 1.014272
21544 1.014206
19520 1.013822
29621 1.013822
11184 1.013822
23569 1.013822
26760 1.013822
25242 1.012871
7975 1.012871
500 1.012809
6789 1.012454
881 1.011714
3001 1.011178
14408 1.010933
12058 1.010277
6857 1.009467
12241 1.009234
14099 1.009234
13503 1.008443
9081 1.008275
2834 1.008220
3704 1.008115
18362 1.007478
21145 1.007323
17979 1.007108
6508 1.007108
29197 1.007108
5833 1.006732
326 1.006567
12344 1.006144
4379 1.006023
3249 1.005804
7794 1.004823
22990 1.004497
9575 1.004207
4046 1.002681
12659 1.002681
28095 1.001074
14852 1.000749
24453 1.000667
3493 1.000667
23769 1.000482
23906 0.999642
5878 0.998359
18564 0.998224
16804 0.997929
9472 0.997404
16232 0.995969
15905 0.995775
9802 0.995775
29523 0.995295
9524 0.994872
15545 0.993808
15885 0.993524
395 0.993222
1833 0.993222
24121 0.993131
7259 0.992851
9967 0.992553
10937 0.992553
22921 0.991614
17626 0.991614
5710 0.991540
17186 0.991351
15877 0.990885
4266 0.990744
17143 0.990637
3899 0.990552
5104 0.990302
6766 0.990244
4461 0.990199
9003 0.989826
20785 0.988382
3307 0.988079
2098 0.987826
867 0.987826
18279 0.986573
8111 0.986573
21904 0.986421
13839 0.986108
2821 0.985614
8106 0.985090
12117 0.983939
8004 0.983455
492 0.983305
1067 0.982904
9219 0.981792
3849 0.981118
24811 0.981118
8068 0.980737
12293 0.980399
21114 0.978373
21385 0.978190
4184 0.977122
26324 0.977122
24873 0.976971
12180 0.976721
12315 0.975753
23849 0.975753
6912 0.974829
9928 0.974829
2536 0.974829
15970 0.974829
14044 0.973839
13304 0.973839
13311 0.973103
4356 0.972480
29023 0.972422
21889 0.971632
27880 0.971524
25081 0.969829
29637 0.969443
25047 0.969258
28738 0.968436
17853 0.966656
103 0.966146
29121 0.965760
576 0.965703
14021 0.964567
5060 0.964116
2160 0.964052
6163 0.963910
19802 0.963360
8752 0.963360
12671 0.961316
11504 0.960902
6828 0.960463
20718 0.960355
6795 0.960114
12638 0.959831
12472 0.959831
6851 0.959231
10734 0.958386
1452 0.958021
4290 0.957726
10604 0.957104
23504 0.957104
21424 0.956632
15913 0.955332
13874 0.954459
1065 0.954306
29087 0.953909
5948 0.953637
20918 0.951433
26189 0.951261
24329 0.949598
20057 0.947533
17989 0.946976
2720 0.946234
17938 0.945791
22993 0.945288
7109 0.943868
10636 0.943382
2264 0.938816
1660 0.938724
8496 0.938724
14983 0.938556
7220 0.937897
10681 0.935835
22076 0.933278
18570 0.931695
4918 0.927007
11935 0.925437
20596 0.922838
24833 0.920802
23496 0.920494
4457 0.919489
20040 0.919124
24120 0.918786
7270 0.916681
24395 0.916104
3291 0.915039
15342 0.914322
16835 0.910543
17792 0.909840
8631 0.909224
23688 0.902999
23511 0.897515
2884 0.895398
7076 0.894243
22072 0.892738
1992 0.892560
16297 0.891887
29760 0.880131
18969 0.879934
4642 0.873705
15608 0.873446
23372 0.873303
8339 0.848101
18784 0.787821
6417 0.623890
9805 0.623890
16879 0.623890
23711 0.623890
23951 0.623890
8061 0.623890
9212 0.623890
4628 0.623890
6817 0.623890
12185 0.621302
4718 0.620707
14242 0.620707
10459 0.620443
23413 0.620443
2194 0.620132
16146 0.618393
7249 0.618393
11133 0.617556
27763 0.617034
7586 0.617034
10764 0.617034
29196 0.616419
3820 0.615681
20213 0.615681
5656 0.615103
17677 0.613663
10210 0.613663
1430 0.612993
1201 0.612993
22806 0.612749
16868 0.611594
19003 0.611350
4747 0.611350
21442 0.610893
16349 0.610778
1807 0.610327
12382 0.610327
29729 0.610327
25430 0.609845
29539 0.609711
17215 0.609711
6407 0.609124
29360 0.609124
4258 0.609066
14604 0.608770
21971 0.608673
29820 0.608087
19913 0.607685
27870 0.607685
17239 0.607685
16749 0.606209
15605 0.605680
3331 0.605680
27961 0.605541
20261 0.605541
6568 0.605420
8517 0.605420
28872 0.605420
16954 0.605066
29720 0.604394
22988 0.604394
26425 0.603765
11837 0.603765
28893 0.603765
10144 0.603765
26354 0.603765
22587 0.603094
14972 0.602409
21921 0.601999
8145 0.601999
8482 0.601608
25619 0.601296
9701 0.600995
7656 0.600878
21926 0.600536
12553 0.600536
1399 0.600425
9401 0.600289
9771 0.599894
3302 0.599894
15619 0.599593
1060 0.599593
11842 0.599303
21628 0.599163
3656 0.598823
24901 0.598823
29410 0.598823
22565 0.598823
17363 0.598757
29695 0.598499
3996 0.598499
5951 0.598251
541 0.597612
21060 0.597557
5219 0.596595
21707 0.596595
26306 0.596595
12240 0.596366
358 0.595933
1739 0.595729
1932 0.595532
28736 0.595280
8260 0.595280
8572 0.595280
22553 0.595280
24069 0.595158
18828 0.594982
27525 0.594811
8848 0.594592
23497 0.594486
10066 0.594486
24344 0.594181
23732 0.594181
10151 0.593627
3143 0.593627
24234 0.593627
19938 0.592983
23921 0.592983
5891 0.592837
22741 0.592696
20375 0.592696
25574 0.592560
8494 0.592493
13688 0.592493
24573 0.592493
24885 0.592493
11181 0.592428
22126 0.592301
25822 0.592301
4895 0.592301
9333 0.592178
18389 0.592178
20825 0.592178
14296 0.592059
13395 0.592059
27400 0.591944
5467 0.591944
13455 0.591778
13511 0.591778
8156 0.591778
10047 0.591778
27490 0.591778
6538 0.591778
13083 0.591778
10642 0.591778
22809 0.591620
5568 0.591325
22218 0.591186
19768 0.591054
27387 0.590576
25408 0.590576
27054 0.590576
24210 0.590468
12854 0.590363
4095 0.590263
26599 0.590263
24150 0.590263
28259 0.590166
12887 0.590073
11826 0.589983
9655 0.589983
3506 0.589896
17097 0.589896
27079 0.589896
15325 0.589652
6516 0.588771
6352 0.588671
49 0.588671
18597 0.588671
10366 0.588318
28306 0.588318
5168 0.587897
11934 0.587836
11230 0.587778
4450 0.587669
18260 0.587669
3645 0.587568
13767 0.587520
20027 0.587474
20516 0.587474
214 0.587344
26800 0.587344
17252 0.587304
20461 0.584897
3431 0.584897
29893 0.584897
27586 0.584897
4241 0.584897
21225 0.584897
13224 0.584897
14416 0.584897
14396 0.584897
7278 0.584897
20281 0.584897
18315 0.584897
13227 0.584897
7118 0.584897
24466 0.584897
3037 0.584897
29006 0.584897
15672 0.584897
27349 0.584897
15735 0.584897
4735 0.584897
24737 0.584897
9947 0.582548
26767 0.582470
24944 0.582387
2014 0.582387
6514 0.582151
7058 0.581928
24897 0.581867
9167 0.581867
18530 0.581593
19494 0.581264
4749 0.581172
19320 0.581172
18253 0.581074
9622 0.581074
16897 0.581074
19127 0.580218
14801 0.580142
24750 0.579982
4275 0.579982
3839 0.579628
3945 0.579628
12930 0.579327
11683 0.579106
15249 0.578867
28028 0.578740
13408 0.578740
14034 0.578470
25970 0.578470
22527 0.578174
11564 0.578016
13939 0.577793
26661 0.577676
19564 0.577676
7562 0.577301
8463 0.577301
23521 0.577301
13192 0.577029
25679 0.575710
28925 0.575710
9322 0.574984
2158 0.574636
4720 0.574636
13141 0.574453
11754 0.574263
2321 0.574132
1901 0.574132
16999 0.573861
8505 0.573577
16097 0.573577
4328 0.573577
18490 0.573429
22396 0.573429
14594 0.573199
28586 0.573199
26103 0.573152
8580 0.573152
25144 0.572960
24113 0.572762
28976 0.572762
16033 0.572762
11986 0.572712
24598 0.572712
20329 0.572126
7445 0.571899
23618 0.571899
811 0.571664
9256 0.571420
5499 0.571167
19186 0.570904
9285 0.570904
3201 0.570631
155 0.570631
2110 0.570631
11908 0.570396
4852 0.570396
2517 0.570347
3974 0.570275
5887 0.570152
13791 0.570152
13029 0.569900
25249 0.569505
18708 0.569424
14252 0.569424
22444 0.569369
7319 0.569369
21868 0.569089
24711 0.568740
12862 0.568498
22779 0.568186
22480 0.567993
2716 0.567993
4123 0.567861
19538 0.567861
21473 0.567861
10652 0.567766
11100 0.567592
29752 0.567592
9101 0.567592
19288 0.567524
6510 0.567524
1516 0.567475
12223 0.567173
16191 0.566861
959 0.566808
3223 0.566808
13949 0.566733
20822 0.566427
18510 0.566270
1194 0.566029
8063 0.566029
23781 0.566029
1348 0.565720
7084 0.565720
28623 0.565493
19855 0.565401
20529 0.565182
29538 0.565182
3060 0.565118
12385 0.565070
28272 0.564374
20974 0.564323
21055 0.564254
20962 0.564008
8890 0.563756
4704 0.563411
26238 0.563411
15912 0.563055
21557 0.562686
17973 0.562686
15570 0.562524
25270 0.562524
3841 0.562305
19407 0.562109
22751 0.562109
14956 0.562024
22466 0.561960
28109 0.561960
28249 0.561960
21573 0.561910
28818 0.561501
27341 0.561501
28121 0.560954
23942 0.560954
19603 0.560954
16358 0.560728
4598 0.560639
14014 0.560639
2269 0.560380
17227 0.560322
13197 0.560183
19760 0.560008
15136 0.560008
4138 0.559710
24235 0.559710
22616 0.559710
447 0.559467
8907 0.559219
22883 0.559147
23475 0.559017
7131 0.558902
17728 0.558849
6489 0.558550
3692 0.558482
8353 0.558482
11926 0.558420
14744 0.558420
10306 0.558420
15746 0.558420
13430 0.558176
1599 0.558176
4407 0.558067
20308 0.557783
465 0.557783
19221 0.557693
17997 0.557693
7240 0.557622
14679 0.557565
2021 0.557565
5865 0.557565
9251 0.557045
25446 0.557045
21937 0.556596
833 0.556596
5554 0.556554
3667 0.556366
25754 0.556366
2140 0.556046
11645 0.556046
17636 0.556046
29645 0.555942
11674 0.555357
17688 0.555157
28484 0.554902
849 0.554644
6299 0.554644
19694 0.554405
14177 0.554113
9869 0.554113
1556 0.554113
20372 0.553862
8291 0.553816
21106 0.553749
7576 0.552994
22914 0.552814
27413 0.552263
23536 0.552201
24522 0.552201
19010 0.552201
23755 0.552143
19454 0.551903
9665 0.551693
5332 0.551368
5788 0.551368
21115 0.551368
14325 0.551368
20036 0.551282
7680 0.551103
21951 0.551060
15316 0.551060
187 0.550491
14757 0.550491
14279 0.550491
27217 0.550491
28207 0.550491
25785 0.550491
28214 0.550491
3569 0.550491
7248 0.549903
974 0.549903
13607 0.549857
9302 0.549803
853 0.549662
6642 0.549662
22570 0.549662
24995 0.549377
22633 0.549295
15417 0.549295
23931 0.549199
19265 0.548954
20921 0.548792
35 0.548665
16839 0.548516
9006 0.548516
24172 0.548341
15269 0.548341
418 0.548341
21636 0.548188
342 0.548132
16209 0.548012
11676 0.547878
19755 0.547806
1773 0.547563
16065 0.547335
13450 0.547335
2420 0.547272
15135 0.547272
20948 0.547162
9300 0.546917
22382 0.546752
12763 0.546752
19799 0.546633
26681 0.546633
629 0.546371
14114 0.546371
25492 0.546371
20695 0.546300
13374 0.546300
27194 0.545904
17301 0.545904
26390 0.545904
13426 0.545904
6503 0.545904
2986 0.545904
25636 0.545904
12416 0.545554
2815 0.545500
3406 0.545500
26093 0.545500
12289 0.545426
23461 0.545243
12714 0.545147
14093 0.544836
27472 0.544559
20876 0.544433
8039 0.544433
21623 0.544312
21516 0.544090
781 0.544090
2808 0.543639
25945 0.543541
27221 0.543541
4153 0.543317
5766 0.543317
11083 0.543119
13996 0.542942
4160 0.542942
29285 0.542942
6440 0.542888
17633 0.542888
20407 0.542513
24409 0.542513
19683 0.542359
6469 0.542289
2342 0.542289
16419 0.542222
16469 0.542222
26466 0.542222
14837 0.542100
834 0.542100
13159 0.542100
19465 0.542100
4426 0.542100
19040 0.542100
22937 0.541799
26353 0.541678
13142 0.541571
14581 0.541477
26593 0.541392
22521 0.541392
24267 0.541392
14410 0.541030
11716 0.540873
20803 0.540873
10536 0.540809
26670 0.540809
8904 0.539905
20273 0.539905
20793 0.539905
1445 0.539905
25710 0.539905
2602 0.539905
18142 0.539905
23211 0.539905
14432 0.539905
20902 0.539076
835 0.539023
22948 0.539023
16195 0.538963
16049 0.538963
3252 0.538894
26176 0.538814
27276 0.538312
18200 0.538215
27412 0.537836
25119 0.537669
856 0.537473
2376 0.537150
4503 0.537150
25895 0.536955
17860 0.536729
4239 0.536603
27655 0.536603
1277 0.536603
11712 0.536466
24588 0.536466
29950 0.536156
2359 0.536156
24411 0.535941
5973 0.535568
18561 0.535568
15680 0.535568
5752 0.535428
4897 0.535428
6393 0.535428
28610 0.535330
1049 0.535200
7262 0.534763
18836 0.534763
6305 0.534763
1414 0.534763
23259 0.534475
3034 0.534475
20746 0.534350
1619 0.533931
2649 0.533590
15054 0.533426
24198 0.533426
2587 0.533378
6295 0.533378
8270 0.533071
20444 0.533071
3499 0.532589
26142 0.532589
24531 0.532361
28973 0.532287
3005 0.532287
7971 0.532229
8350 0.531725
1664 0.531725
24802 0.531211
14305 0.531150
16386 0.531072
12202 0.530831
5702 0.530740
1781 0.530740
13913 0.530628
27007 0.530628
5211 0.530488
7083 0.530488
4764 0.530433
18070 0.530307
6624 0.530307
17046 0.530307
24197 0.530307
2212 0.530153
21337 0.529962
25868 0.529962
25555 0.529907
20001 0.529718
18696 0.529718
27297 0.529537
14575 0.529537
16295 0.529537
13420 0.529486
6260 0.529486
29707 0.529193
24612 0.529193
18873 0.529193
14207 0.529193
6643 0.528950
12843 0.528721
16789 0.528721
3246 0.528294
9317 0.528294
27267 0.528294
22838 0.527960
15609 0.527907
18610 0.527652
29241 0.527652
10323 0.527652
1341 0.527422
10559 0.527422
1695 0.527050
22999 0.527050
822 0.526795
17656 0.526714
10598 0.526714
15188 0.526714
14583 0.526714
19737 0.526661
17221 0.526661
1288 0.526407
1700 0.526128
16642 0.526061
1321 0.525750
28765 0.525469
17743 0.525416
13476 0.525416
24363 0.525214
13548 0.524981
14226 0.524908
14203 0.524908
26991 0.524635
16723 0.524391
17563 0.524068
8433 0.523970
10475 0.523622
16909 0.523622
6922 0.523622
15876 0.523470
12679 0.523470
21950 0.523329
11877 0.523329
19867 0.523329
16337 0.523329
13783 0.523329
11790 0.523329
8707 0.523199
8780 0.523199
20339 0.523138
26727 0.523138
23329 0.523079
22156 0.522813
21172 0.522813
17651 0.522674
9906 0.522674
8258 0.522548
23939 0.522327
9468 0.522230
27142 0.522140
28928 0.522057
23230 0.521475
17630 0.521394
16128 0.521394
22326 0.521321
9561 0.521195
10923 0.521195
22282 0.521044
6056 0.521044
10553 0.521001
19895 0.521001
1762 0.519909
7302 0.519909
15058 0.519909
29202 0.519909
14815 0.519909
13127 0.519909
13380 0.519909
12381 0.519909
7995 0.519909
27717 0.519909
24564 0.519909
3405 0.519909
7189 0.518732
6493 0.518732
4200 0.518732
2059 0.518569
21884 0.518569
12502 0.518569
27042 0.518503
20881 0.518503
236 0.518503
13577 0.518503
11949 0.518432
28884 0.518432
13486 0.518352
15902 0.518263
11173 0.517778
25652 0.517778
6924 0.517778
4762 0.517696
28574 0.517513
6284 0.517172
28062 0.517172
25917 0.517036
13716 0.517036
28393 0.516886
563 0.516247
8523 0.516086
26851 0.515909
747 0.515909
13459 0.515664
26987 0.515503
16201 0.515503
2923 0.515267
25939 0.515139
1242 0.515004
27708 0.515004
29399 0.514933
8306 0.514933
25205 0.514709
25042 0.514709
20874 0.514709
8446 0.514709
22810 0.514709
19859 0.514709
24722 0.514515
22543 0.514515
4721 0.514306
14599 0.514080
29935 0.514080
470 0.513898
9456 0.513835
17451 0.513568
4999 0.513068
6639 0.513068
13194 0.512958
12964 0.512958
20614 0.512481
18227 0.512389
1960 0.512389
10894 0.512389
27676 0.512218
4019 0.512218
4085 0.512218
18684 0.512149
15628 0.512149
3468 0.512149
16132 0.512099
24590 0.511785
5352 0.511785
5664 0.511785
98 0.511785
224 0.511785
9878 0.511489
4497 0.511385
4892 0.511385
18123 0.511301
24549 0.511075
11245 0.511075
3328 0.510945
26966 0.510945
8701 0.510827
26910 0.510456
22476 0.510456
12829 0.510456
9186 0.509910
24019 0.509910
25170 0.509743
13650 0.509743
28341 0.509613
12052 0.509510
3815 0.509205
93 0.509205
22285 0.509133
19795 0.509032
20390 0.508606
17059 0.508606
3757 0.508606
161 0.508606
11224 0.508606
13950 0.508606
21519 0.508146
26503 0.507937
727 0.507937
17456 0.507937
29515 0.507647
29171 0.507530
19606 0.507381
11172 0.507103
11438 0.506911
17425 0.506911
15649 0.506509
12768 0.506509
13028 0.506404
20897 0.506227
23056 0.506227
6351 0.506227
6472 0.506161
8237 0.506161
12626 0.505857
28212 0.505857
16947 0.505589
1185 0.505589
5348 0.505589
26689 0.505539
9840 0.505539
131 0.505467
13362 0.505467
6495 0.505263
26946 0.505138
7100 0.505021
20684 0.504859
29486 0.504859
15851 0.504859
8515 0.504617
8439 0.504407
14738 0.504342
15520 0.504222
4352 0.504110
22129 0.504058
16506 0.503589
23558 0.503456
18289 0.503456
12333 0.503284
7067 0.503137
24874 0.502806
28708 0.502366
17476 0.502366
18373 0.502285
29267 0.502215
24605 0.502215
12170 0.502156
12160 0.502156
14943 0.502156
4599 0.502058
3949 0.502058
4350 0.502058
23756 0.502058
18020 0.501340
17921 0.501340
846 0.501340
6428 0.501340
11189 0.500611
19942 0.500563
18151 0.500563
5892 0.500563
17499 0.500563
19823 0.500509
3529 0.500374
2896 0.500289
25173 0.500289
29295 0.500289
4756 0.500289
18973 0.500289
1649 0.499912
5706 0.499821
10992 0.499821
27769 0.499600
6181 0.499463
20990 0.499463
543 0.499302
25519 0.498964
5468 0.498246
28979 0.498246
20283 0.498031
7028 0.497163
24274 0.497163
703 0.497163
2074 0.497163
9768 0.497163
1459 0.497011
29273 0.497011
29316 0.497011
1625 0.496904
5621 0.496672
9557 0.496566
1613 0.496276
11358 0.496276
5728 0.496276
7957 0.495950
1170 0.495891
4422 0.495891
16342 0.495807
14682 0.495807
12747 0.495442
22974 0.495318
6450 0.495151
28247 0.495151
18152 0.495100
782 0.494913
14592 0.494715
18773 0.494715
13174 0.494656
10602 0.494547
5981 0.494449
9045 0.494449
7466 0.494279
29116 0.494279
10834 0.493913
8629 0.493675
29669 0.493584
23092 0.493287
10445 0.493287
4902 0.493287
2641 0.492545
24116 0.492545
13988 0.492545
5195 0.492016
23796 0.491970
12026 0.491913
21235 0.491845
2136 0.491845
6385 0.491845
19507 0.491761
20187 0.491184
24016 0.491025
8587 0.490896
27242 0.490896
8059 0.490559
28743 0.490559
1424 0.490200
9897 0.489966
5187 0.489681
9290 0.489454
21188 0.489454
29980 0.489326
19065 0.489326
29379 0.489326
21701 0.489067
11874 0.489067
2855 0.489067
7306 0.488869
5676 0.488869
21118 0.488714
9207 0.488648
26785 0.488486
11764 0.488486
20752 0.488486
20856 0.488012
14868 0.488012
15914 0.487936
20775 0.487414
8812 0.487414
14710 0.487414
21579 0.487414
9607 0.487414
7478 0.487414
10689 0.487016
12785 0.486973
8072 0.486973
1231 0.486919
9574 0.486851
3867 0.486449
25164 0.486449
805 0.486449
667 0.486148
2093 0.486148
12348 0.486001
22224 0.486001
17780 0.486001
14264 0.485816
10065 0.485575
3634 0.485575
23519 0.485168
11914 0.485037
26373 0.485037
29654 0.485037
28395 0.485037
14459 0.485037
22193 0.485037
422 0.484889
2290 0.484780
16617 0.484530
4385 0.484460
21232 0.484053
20850 0.484053
23989 0.484053
28638 0.483712
17001 0.483712
268 0.483665
21525 0.483602
18547 0.483602
7866 0.483602
10461 0.483515
3767 0.483295
15664 0.483295
16629 0.483012
24347 0.482772
5414 0.482772
9279 0.482606
27751 0.482540
8435 0.482540
19595 0.482389
20702 0.482284
8285 0.482097
4544 0.482026
2791 0.481975
5028 0.481680
25640 0.481680
17680 0.481351
17909 0.481037
5809 0.480451
23680 0.480313
23480 0.480313
23348 0.480178
8340 0.479916
21840 0.479916
19128 0.479616
17342 0.479616
10058 0.479616
26053 0.479543
5318 0.479543
15163 0.479330
3402 0.479193
13377 0.478552
28815 0.478552
19623 0.478316
27582 0.478258
19431 0.478258
7418 0.477873
21342 0.477873
12099 0.477467
7585 0.477276
14595 0.477230
6900 0.477153
19226 0.477153
24226 0.477153
18235 0.476583
1271 0.476583
2454 0.476079
6024 0.476020
6620 0.475849
18221 0.475684
11054 0.475631
14333 0.475631
5041 0.475526
7034 0.475229
20025 0.474699
11298 0.474539
10940 0.474387
19583 0.474241
19988 0.473841
8713 0.473841
17627 0.473841
20740 0.473718
12844 0.473488
28055 0.473488
17096 0.473032
25169 0.473032
23199 0.472896
10383 0.472896
22397 0.472896
15191 0.472767
22740 0.472644
2306 0.472528
14584 0.472417
28300 0.472417
3318 0.472211
26671 0.472211
11606 0.472114
22479 0.472114
8341 0.472114
23996 0.472022
25461 0.471934
8140 0.471934
16488 0.470771
9625 0.470771
16143 0.470771
7080 0.470771
2089 0.470532
5812 0.470461
22228 0.470461
21902 0.470054
24310 0.470054
20379 0.469917
17316 0.469876
20611 0.469835
28865 0.467918
1159 0.467918
15797 0.467918
27853 0.467918
6174 0.467918
6563 0.467918
18546 0.467918
5858 0.467918
12945 0.467918
7895 0.467918
29657 0.467918
12164 0.467918
28543 0.467918
11666 0.467918
189 0.467918
20924 0.467918
11253 0.467918
26181 0.467918
12001 0.467918
15675 0.467918
14832 0.467918
10300 0.467918
21078 0.467918
21290 0.467918
20908 0.467918
4072 0.467918
4403 0.467918
10131 0.465976
8574 0.465935
11484 0.465892
13644 0.465847
25480 0.465800
19244 0.465751
14413 0.465646
26965 0.465590
7312 0.465530
29569 0.465333
27612 0.465259
11364 0.465099
2462 0.465099
21958 0.465011
12239 0.464918
26818 0.464918
12742 0.464819
1222 0.464051
80 0.463969
21282 0.463795
21205 0.463702
11326 0.463702
4809 0.463605
24251 0.463397
3627 0.463397
3611 0.463397
9071 0.463285
25663 0.463044
790 0.462477
8880 0.462141
19238 0.462141
15594 0.462141
672 0.462141
919 0.461957
10981 0.461957
15576 0.461761
11171 0.461623
1558 0.461327
19690 0.461169
19051 0.461169
13934 0.461169
7826 0.461169
22750 0.461169
14882 0.460828
16457 0.460644
7015 0.460644
26037 0.460451
15182 0.460247
14735 0.460247
11321 0.459804
4391 0.459744
4420 0.459744
20886 0.459562
13308 0.459306
19965 0.459172
27154 0.458962
693 0.458743
4560 0.458743
23759 0.458743
525 0.458743
15300 0.458559
10435 0.458512
2335 0.458512
17191 0.458368
20745 0.458270
16318 0.458015
8637 0.457962
5082 0.457746
12000 0.457746
13062 0.457461
18064 0.457283
9249 0.457036
22053 0.457036
2145 0.456777
19472 0.456505
8772 0.456505
23890 0.456505
12792 0.456505
7773 0.456220
19822 0.456220
15409 0.456021
27247 0.455920
14564 0.455920
5965 0.455920
25459 0.455764
14771 0.454920
12605 0.454920
20651 0.454657
26229 0.454612
16375 0.454612
15745 0.454549
16 0.454383
12949 0.454289
10785 0.454097
15617 0.454097
25343 0.454097
7706 0.454097
19021 0.453800
28833 0.453295
18106 0.453219
2164 0.453219
11443 0.453219
25232 0.453164
27434 0.452824
195 0.452824
29158 0.452824
19069 0.452513
20573 0.452513
12041 0.452320
2930 0.452189
22623 0.452189
28550 0.452094
17123 0.451966
21405 0.451291
24916 0.451131
28682 0.450858
12972 0.450746
5762 0.449921
21324 0.449921
5107 0.449921
16818 0.449921
6213 0.449921
16161 0.449921
16228 0.449921
9037 0.449921
3984 0.449921
19453 0.449325
1666 0.449012
8002 0.449012
23977 0.448819
17478 0.448522
12705 0.448522
28984 0.448421
15518 0.448304
27410 0.448239
9088 0.447768
11215 0.447768
15020 0.447768
18243 0.447699
1752 0.447462
19697 0.447462
22986 0.447462
12190 0.447274
8976 0.447274
22232 0.447121
23330 0.447055
26872 0.447055
17919 0.446888
16266 0.446756
9675 0.446369
10239 0.446369
12604 0.446280
3353 0.446210
8866 0.446154
3806 0.446154
1555 0.446108
20771 0.445636
18129 0.445636
2899 0.445636
13 0.445636
29280 0.445636
7649 0.445636
14727 0.445143
22185 0.445092
15125 0.445030
29858 0.445030
2539 0.445030
2403 0.444628
18698 0.444522
13715 0.444391
23791 0.444226
17888 0.444089
14055 0.444089
17985 0.443922
14331 0.443715
15243 0.443451
21002 0.443451
8286 0.443451
16082 0.443390
13831 0.443182
7472 0.442999
3306 0.442999
2591 0.442932
4748 0.442932
27628 0.442932
29813 0.442625
5250 0.442359
1296 0.442359
11470 0.442310
27855 0.442239
19294 0.442042
21681 0.441922
11687 0.441811
27730 0.441811
18738 0.441811
3617 0.441657
17574 0.441432
28594 0.441432
5244 0.441238
13721 0.441070
23603 0.441070
17230 0.440970
11654 0.440508
697 0.440508
18303 0.440121
3483 0.439923
24268 0.439559
5495 0.439559
295 0.439559
23336 0.439481
2636 0.439359
10839 0.439359
12630 0.439359
19067 0.439359
18424 0.438673
24358 0.438673
235 0.438673
16838 0.438673
17712 0.438673
7193 0.438673
1181 0.438673
26811 0.438673
23231 0.438005
17702 0.438005
6093 0.437953
19147 0.437891
25127 0.437818
12892 0.437729
2501 0.437729
12622 0.437729
25666 0.437484
1941 0.437306
4843 0.437306
27225 0.437066
20951 0.437066
25008 0.437066
19080 0.436911
22152 0.436911
1711 0.436574
18393 0.436400
3438 0.436194
25900 0.436194
19257 0.436194
1878 0.436194
17312 0.435948
18622 0.435948
26269 0.435806
15083 0.435562
26869 0.435272
24715 0.435272
20751 0.435047
22635 0.434999
9082 0.434924
3711 0.434924
7999 0.434924
27511 0.434791
19845 0.434495
14274 0.434354
7887 0.434354
26796 0.434295
503 0.434041
4634 0.433831
29971 0.433831
16720 0.433680
4111 0.433631
7160 0.433631
9187 0.433257
13759 0.433257
1168 0.433257
27964 0.432875
6577 0.432756
22212 0.432756
27482 0.432529
14234 0.432213
29093 0.432153
27548 0.432086
22088 0.432086
22672 0.431710
2289 0.431710
5777 0.431575
27401 0.431575
24010 0.431261
13376 0.430977
24748 0.430977
14492 0.430977
8502 0.430977
25448 0.430719
11344 0.430484
27801 0.430396
15082 0.430269
20157 0.430269
15093 0.430149
7663 0.429924
16964 0.429924
13892 0.429924
4004 0.429720
2441 0.429720
27906 0.429418
3655 0.429155
26945 0.429155
29852 0.428160
18212 0.428160
3204 0.428095
3421 0.427974
5076 0.427810
14449 0.427810
12481 0.427539
5022 0.427539
4235 0.427425
25491 0.426631
5308 0.426487
22956 0.426487
16278 0.426427
1515 0.426427
20635 0.426241
6026 0.425380
23868 0.425380
5797 0.425380
17102 0.425380
20271 0.425380
7608 0.425380
22601 0.425380
15143 0.424522
21817 0.424482
1283 0.424439
29082 0.424278
2870 0.424050
23371 0.423629
21098 0.423546
7593 0.423354
5124 0.423354
17770 0.423117
14223 0.423117
23014 0.422976
26141 0.422817
23748 0.422699
25883 0.422635
16600 0.422635
22585 0.422569
10473 0.422426
19421 0.422267
4549 0.422267
26865 0.422091
26899 0.422091
26441 0.421893
16219 0.421893
26906 0.421893
27063 0.421728
18154 0.421728
7869 0.421670
7385 0.421670
19012 0.421417
64 0.421417
18353 0.421126
6462 0.421126
15749 0.421126
22812 0.420878
4475 0.420878
16383 0.420600
7069 0.420285
2609 0.420285
2124 0.420285
20154 0.420217
27726 0.420217
6270 0.419926
11312 0.419926
22463 0.419926
25741 0.419926
18096 0.419926
3197 0.419926
2871 0.419926
28352 0.419360
20176 0.419176
23512 0.419031
5601 0.418815
892 0.418815
22849 0.418463
26242 0.418337
20383 0.418337
17506 0.418337
17566 0.418337
21852 0.418139
8532 0.418139
15114 0.417784
3500 0.417784
29141 0.417437
11320 0.417391
8198 0.417391
29656 0.417332
3980 0.417332
7398 0.417251
9277 0.417057
25991 0.416823
3061 0.416471
21402 0.416246
8096 0.416246
11259 0.416246
174 0.416177
18164 0.416177
29972 0.415927
6152 0.415927
19796 0.415927
15124 0.415927
21802 0.415927
28203 0.415712
26453 0.415663
14276 0.415663
19293 0.415663
15296 0.415585
26112 0.415585
3975 0.415585
28031 0.415585
6633 0.415585
9944 0.415441
15344 0.415441
24904 0.415441
13243 0.415252
24083 0.415252
19563 0.415252
7611 0.415252
13337 0.414902
23360 0.414611
26451 0.414611
6301 0.414441
1674 0.414441
908 0.414302
21377 0.414001
17974 0.413708
1332 0.413708
13938 0.413708
2530 0.413629
2666 0.413564
2274 0.413564
29894 0.413564
29380 0.413462
1089 0.412869
14562 0.412869
14152 0.412869
14151 0.412305
4359 0.412213
1310 0.412087
20601 0.412087
7090 0.411594
681 0.411594
1216 0.411594
15738 0.411485
14343 0.411356
15346 0.410672
4136 0.410622
24561 0.410454
20478 0.410454
7835 0.410454
27463 0.410454
12128 0.410454
19926 0.410260
17260 0.410260
22255 0.409758
17498 0.409758
8163 0.409758
17825 0.409698
20270 0.409428
5255 0.409428
3591 0.409428
23466 0.409108
21872 0.408723
15883 0.408662
1218 0.408500
20525 0.408500
22865 0.408068
19729 0.408068
29289 0.407928
19742 0.407928
18558 0.407818
7150 0.407818
12712 0.407729
16944 0.407541
27444 0.407541
9917 0.407541
27160 0.407456
28940 0.407456
19263 0.406885
19664 0.406885
9689 0.406885
26000 0.406885
22436 0.406885
425 0.406276
21568 0.406276
4067 0.406044
29185 0.406044
12955 0.405956
18799 0.405956
4665 0.405847
26569 0.405847
25854 0.405847
10117 0.405847
23349 0.405529
23547 0.405529
9612 0.405529
25221 0.405529
11921 0.404929
9053 0.404929
26765 0.404929
19750 0.404686
25401 0.404508
22981 0.404373
3042 0.404373
3835 0.404222
1141 0.404111
2559 0.404111
23835 0.404025
21685 0.403787
2313 0.403787
4854 0.403734
29151 0.403377
11015 0.403377
12137 0.403377
6047 0.402991
25986 0.402929
26 0.402929
19373 0.402929
7600 0.402929
7085 0.402843
9711 0.402843
4449 0.402843
6844 0.402716
17602 0.402716
5155 0.402409
17041 0.402350
17118 0.402350
15219 0.402350
26821 0.402350
13558 0.401748
29834 0.401468
28316 0.401400
17453 0.401072
4532 0.400703
23240 0.400703
9723 0.400470
14847 0.400470
12275 0.400033
20581 0.400033
24981 0.399930
29606 0.399930
10968 0.399930
17126 0.399803
20576 0.399729
27322 0.399729
22070 0.399680
23721 0.399442
5709 0.399442
4952 0.399442
26165 0.399442
5236 0.399442
4783 0.398916
20515 0.398794
21127 0.398674
8213 0.398674
665 0.398501
20675 0.398501
15704 0.398445
6975 0.398445
20934 0.398228
11595 0.398228
21885 0.398228
28905 0.397971
27180 0.397730
16151 0.397730
26480 0.397577
15919 0.397577
6826 0.397503
5993 0.397289
22952 0.397289
6483 0.397289
29457 0.397086
14392 0.396894
1360 0.396894
11203 0.396772
21110 0.396540
26380 0.396221
21612 0.396121
3113 0.396121
11002 0.395930
23509 0.395930
455 0.395930
17785 0.395930
410 0.394995
17596 0.394995
20620 0.394806
26755 0.394745
8443 0.394629
10268 0.394629
17153 0.394466
12957 0.394466
23798 0.394313
3429 0.394036
4265 0.393792
1421 0.393681
26209 0.393681
2182 0.393576
27460 0.392185
3273 0.392185
7307 0.392185
888 0.392039
28190 0.392039
29194 0.391911
7850 0.391852
16785 0.391852
23120 0.391797
26296 0.391797
4969 0.391696
21438 0.391605
19761 0.391605
4920 0.391563
18280 0.389931
15215 0.389931
10453 0.389931
7128 0.389931
6589 0.389931
28112 0.389931
3206 0.389931
3131 0.389931
2311 0.389931
9792 0.389931
28777 0.389931
24967 0.389931
4124 0.389931
8872 0.389931
1517 0.389931
12958 0.389931
2138 0.388313
21101 0.388272
17936 0.388272
726 0.388229
23075 0.388183
1233 0.388135
20605 0.387972
6465 0.387972
16696 0.387911
6785 0.387703
1840 0.387624
9315 0.387539
16233 0.387448
28580 0.387349
23842 0.387349
3130 0.386787
1754 0.386787
1259 0.386627
25458 0.386627
5753 0.386627
3987 0.386450
3918 0.386032
18625 0.386032
22506 0.385912
21360 0.385912
2792 0.385912
7711 0.385783
1266 0.385500
15587 0.385500
25226 0.385344
22621 0.385344
12110 0.385233
23108 0.385176
25132 0.385117
6071 0.384996
7766 0.384996
8329 0.384996
29423 0.384996
5301 0.384996
12475 0.384867
14430 0.384801
10544 0.384732
3584 0.384439
8214 0.384280
231 0.383742
12279 0.383742
8322 0.383208
25876 0.383208
2155 0.383091
28094 0.383030
19164 0.382643
2763 0.382643
1407 0.382433
27340 0.382286
13738 0.382286
17719 0.382286
5007 0.381722
12388 0.381722
16177 0.381722
4845 0.381722
26398 0.381564
28658 0.381564
1821 0.381455
4828 0.381455
15382 0.381455
9695 0.381343
20545 0.381343
28263 0.381169
9483 0.381169
23571 0.381169
15183 0.381109
2890 0.381109
48 0.380863
16409 0.380863
8296 0.380603
8786 0.380327
18163 0.380183
13764 0.380183
27540 0.380183
19818 0.380183
7238 0.380035
26297 0.379803
26828 0.379803
24424 0.379724
12067 0.379670
24774 0.379393
25936 0.379393
9410 0.379393
15674 0.379100
2783 0.379100
3981 0.379039
18943 0.378791
11120 0.378662
262 0.378316
26708 0.378012
18276 0.378012
6042 0.377746
24646 0.377746
18432 0.377353
13240 0.377353
25267 0.377041
29874 0.377041
20650 0.377041
10235 0.376995
6441 0.376934
9537 0.376713
4365 0.376617
12476 0.376617
25147 0.376617
242 0.376486
26063 0.376005
8734 0.376005
8363 0.375789
19180 0.375490
24161 0.375335
28122 0.375217
26440 0.375124
24319 0.375124
9107 0.374851
20356 0.374739
18592 0.374739
9672 0.374334
19228 0.374334
20587 0.374334
2547 0.374334
17990 0.373907
9798 0.373907
20195 0.373780
6664 0.373455
23503 0.372978
25456 0.372978
4850 0.372792
7719 0.372472
796 0.372424
1923 0.372207
27721 0.371985
17214 0.371985
18182 0.371985
20523 0.371935
21447 0.371855
17201 0.371855
7927 0.371855
24585 0.371523
4337 0.371363
12025 0.370910
14062 0.370523
12018 0.370435
21400 0.370188
22166 0.369981
14780 0.369409
19605 0.369409
8132 0.369409
8352 0.369409
16523 0.368898
11159 0.368662
8913 0.368662
16374 0.368662
17130 0.368269
18309 0.368159
4587 0.368025
15137 0.368025
17087 0.367919
25773 0.367860
19973 0.367860
2115 0.367796
6005 0.367475
25722 0.366994
23909 0.366994
14922 0.366994
11126 0.366994
24846 0.366994
28280 0.366994
16562 0.366800
2904 0.366571
15606 0.366571
23758 0.366442
18269 0.366442
14848 0.366442
22629 0.366442
3147 0.366299
12221 0.366299
6467 0.365862
7458 0.365862
13718 0.365862
27213 0.365561
9741 0.365561
27965 0.365561
28663 0.365561
27215 0.364890
19747 0.364890
29460 0.364775
5700 0.364611
2558 0.364611
19009 0.364459
26610 0.364247
22173 0.364181
1013 0.363936
6909 0.363936
22987 0.363667
11082 0.363431
11882 0.363290
27930 0.363290
10899 0.363040
24827 0.363040
8683 0.362875
19504 0.362471
27735 0.362471
9106 0.362326
12257 0.362196
11456 0.361925
25756 0.361925
12354 0.361925
28416 0.361792
10420 0.361676
8796 0.361676
14711 0.361573
15129 0.361481
16939 0.361400
14784 0.360965
13147 0.360894
8389 0.360894
16874 0.360894
1681 0.360894
29824 0.360730
16434 0.360687
27156 0.359937
21067 0.359937
29339 0.359937
1307 0.359937
25541 0.359937
19651 0.359937
10783 0.359937
8101 0.359937
29049 0.358984
18105 0.358984
25113 0.358984
4491 0.358914
23008 0.358914
4975 0.358833
27580 0.358737
829 0.358485
16531 0.357970
15730 0.357970
23631 0.357644
1991 0.357437
26014 0.357277
25305 0.357095
9783 0.357046
6682 0.357046
1888 0.357046
16038 0.357046
7483 0.356024
12337 0.356024
12153 0.355526
14411 0.355381
21071 0.355381
2091 0.355381
17813 0.355225
26271 0.355225
10871 0.355116
17877 0.354881
11246 0.354881
3973 0.354881
5502 0.354881
15080 0.354774
20033 0.354774
23744 0.354483
22603 0.354483
21388 0.354483
16794 0.354483
5049 0.354483
1871 0.354158
4199 0.354017
28609 0.353659
2262 0.353659
17913 0.353375
29435 0.353145
28354 0.353145
3414 0.353145
27416 0.352955
29598 0.352348
8978 0.352196
19378 0.351703
10702 0.351614
27615 0.351440
7977 0.350938
16553 0.350938
21336 0.350938
15990 0.350938
27449 0.350465
14553 0.350465
26160 0.350373
26237 0.350373
6215 0.350373
24735 0.350238
8767 0.349938
10217 0.349938
19151 0.349845
27869 0.349594
19384 0.349594
4921 0.349482
20064 0.349482
14686 0.349419
24847 0.349350
11698 0.348999
25694 0.348759
19304 0.348449
7980 0.348153
2444 0.348038
12359 0.347939
17039 0.347650
22226 0.347650
24894 0.347650
17361 0.347596
11869 0.347464
1804 0.347464
5992 0.347165
23747 0.347165
23184 0.347082
23152 0.347020
11831 0.347020
13952 0.346973
9151 0.346606
28411 0.346606
29913 0.346606
18498 0.346259
15886 0.346164
1088 0.346164
2526 0.346164
23432 0.345752
15557 0.344939
6177 0.344939
14953 0.344781
29745 0.344672
11210 0.344479
16981 0.344406
12576 0.344057
10911 0.343668
18491 0.343426
10063 0.343426
22665 0.343309
6937 0.343309
28431 0.342976
4104 0.342871
27923 0.342667
22652 0.342618
14256 0.342618
20248 0.342379
26034 0.342379
23559 0.342379
14885 0.342110
3229 0.342110
29177 0.342110
14357 0.342110
23420 0.342045
12950 0.342045
17137 0.341453
16968 0.341453
7091 0.341399
25655 0.341399
16689 0.341190
18317 0.340945
9008 0.340717
21909 0.340717
10079 0.340573
8603 0.340503
9000 0.340056
27824 0.340056
2709 0.340056
10601 0.339940
16959 0.339940
24156 0.339829
26771 0.339774
6482 0.339240
8191 0.339071
12426 0.338764
22643 0.338494
2347 0.338431
11105 0.338254
22517 0.338254
28996 0.337941
3543 0.337802
22018 0.337336
15898 0.337336
18286 0.337238
18190 0.337238
6153 0.337146
7982 0.337059
11282 0.337059
10955 0.336316
3422 0.336316
11900 0.336228
19531 0.336148
1968 0.336073
23119 0.336073
11404 0.336005
22115 0.335941
3929 0.335941
5970 0.335882
6837 0.335774
4148 0.335637
26243 0.335637
14179 0.335597
7332 0.335597
12699 0.334227
17405 0.334227
25329 0.334227
9807 0.334227
9795 0.334227
25605 0.334227
5845 0.334227
742 0.334227
24126 0.334227
16645 0.334227
12157 0.334227
3119 0.334227
27927 0.334227
12967 0.334227
16955 0.334227
10016 0.332868
20129 0.332828
4431 0.332786
15401 0.332694
17881 0.332589
7146 0.332589
12286 0.332401
10208 0.332249
15056 0.332164
14501 0.332164
24600 0.332164
14745 0.332071
27736 0.332071
29968 0.331442
8962 0.331175
1075 0.331175
20519 0.331074
21151 0.330450
6904 0.330184
28922 0.330184
20223 0.330126
18471 0.329942
14405 0.329942
22449 0.329810
25482 0.329810
19027 0.329520
11393 0.329360
27691 0.329188
21056 0.329005
10157 0.328858
13295 0.328858
20997 0.328807
16264 0.328594
6592 0.328538
3293 0.328363
16743 0.328113
7484 0.327980
1633 0.327840
5103 0.327542
14855 0.327542
5635 0.327542
6590 0.327542
25814 0.327350
18814 0.327300
18206 0.327039
2427 0.326758
26232 0.326699
26566 0.326699
14110 0.326454
347 0.326454
19190 0.326454
5313 0.326193
7424 0.326193
19002 0.326124
718 0.325913
18506 0.325913
2519 0.325765
19558 0.325613
2211 0.325613
8895 0.325613
21489 0.325373
4349 0.325234
24970 0.324943
13297 0.324678
22907 0.324678
3026 0.324632
10102 0.324397
2984 0.324299
17693 0.323717
16286 0.323717
16799 0.323560
12635 0.323445
26604 0.323233
21070 0.323233
10245 0.323148
9459 0.323148
18409 0.323086
22016 0.322702
12939 0.322702
10772 0.322702
20960 0.322702
11160 0.322702
2201 0.322702
2125 0.322343
18568 0.322290
27125 0.322290
4568 0.322219
9072 0.322219
5032 0.322049
17006 0.321848
16216 0.321693
23460 0.321693
25704 0.321555
1474 0.321555
16499 0.321555
21553 0.321372
22223 0.321372
5798 0.321120
28899 0.321120
2192 0.320858
8097 0.320654
28467 0.320654
11021 0.320492
135 0.320492
18468 0.320359
17413 0.320154
7610 0.319944
24011 0.319695
28597 0.319554
12169 0.319503
18665 0.319035
15625 0.319035
18857 0.319035
6732 0.319035
20272 0.319035
22537 0.319035
28040 0.318536
3120 0.318478
797 0.318406
1406 0.318406
1768 0.317722
6028 0.317722
17824 0.317722
9716 0.317232
14350 0.317232
21425 0.316977
1757 0.316819
21969 0.316819
29842 0.316466
13202 0.316420
5184 0.316161
20086 0.316161
7199 0.316161
24963 0.315773
6673 0.315336
7012 0.315178
8828 0.315178
15031 0.315178
18087 0.315128
23555 0.314945
951 0.314743
15079 0.314273
9958 0.313971
8641 0.313847
18870 0.313847
12554 0.313847
25247 0.313847
10905 0.313688
20194 0.313438
6053 0.312779
12647 0.312717
28152 0.312664
29763 0.312664
11762 0.311945
9968 0.311945
1593 0.311945
7537 0.311945
3270 0.311945
27119 0.311945
1249 0.311945
24700 0.311945
25389 0.311945
10479 0.311945
21943 0.311945
12031 0.311316
5675 0.311276
28358 0.311230
18262 0.311115
3749 0.311044
7534 0.310958
14589 0.310958
27911 0.310651
9604 0.310467
22946 0.310354
19439 0.310354
26051 0.310222
18628 0.310222
2260 0.310066
24178 0.310066
8789 0.310066
9720 0.309945
14582 0.309879
7545 0.309809
5010 0.309809
14515 0.309469
12531 0.309469
18762 0.309367
16252 0.309256
6193 0.309256
20007 0.309197
21875 0.309197
23135 0.309197
9921 0.309002
29407 0.309002
15071 0.308627
549 0.308627
1891 0.308400
28647 0.308209
18360 0.308094
25100 0.308094
7809 0.307841
23043 0.307841
18759 0.307841
2685 0.307841
25284 0.307552
6842 0.307552
3701 0.307489
2837 0.307319
22393 0.307219
19548 0.307071
8725 0.306831
13126 0.306645
1689 0.306375
6831 0.306229
16992 0.306114
20979 0.306022
16590 0.305829
10987 0.305829
19649 0.305742
19345 0.305675
16814 0.305622
8328 0.305622
8887 0.305622
5232 0.305579
13570 0.305579
18673 0.305164
20389 0.304634
10566 0.304562
11112 0.304562
29020 0.304251
8376 0.304251
28904 0.304014
2250 0.304014
4306 0.303280
22998 0.303280
1653 0.303280
3525 0.303280
26723 0.303280
25391 0.303105
14075 0.302533
9215 0.302306
18539 0.302243
24012 0.302243
7742 0.301882
18962 0.301882
16413 0.301547
18351 0.301547
548 0.301493
671 0.301235
3479 0.301235
12629 0.301135
3481 0.301135
12492 0.301135
18095 0.301000
8968 0.300943
11147 0.300943
8659 0.300804
5108 0.300670
27208 0.300670
5823 0.300670
8912 0.300618
27829 0.300618
12513 0.300498
5260 0.300498
16324 0.300213
22897 0.299947
26114 0.299947
2753 0.299699
27835 0.299652
9393 0.299652
11731 0.299379
7836 0.299250
226 0.299125
15613 0.298671
19136 0.298671
19922 0.298671
19695 0.298466
19806 0.298417
25629 0.298037
22581 0.297766
1059 0.297520
2028 0.296902
17217 0.296728
22522 0.296280
22878 0.296150
25366 0.295972
27894 0.295662
21601 0.295288
19079 0.295288
4456 0.295182
9935 0.295182
4765 0.294826
9548 0.294826
22735 0.294385
10200 0.294288
26668 0.294288
60 0.294288
17267 0.294288
11363 0.294200
28226 0.293861
10359 0.293760
7908 0.293715
24799 0.293672
10099 0.293633
8100 0.292449
10092 0.292449
13595 0.292449
29993 0.292449
25625 0.292449
24382 0.292449
404 0.292449
17837 0.292449
399 0.292449
3672 0.292449
3361 0.291274
9614 0.291235
22139 0.290994
25955 0.290994
2245 0.290933
25092 0.290868
10378 0.290868
4630 0.290796
23573 0.290796
29068 0.290537
22876 0.290537
875 0.290109
6344 0.290109
67 0.289861
14292 0.289766
13632 0.289553
28816 0.289304
11813 0.289304
4944 0.289304
27314 0.288838
8486 0.288651
12752 0.288651
6838 0.288442
26703 0.288291
321 0.287949
5470 0.287757
29952 0.287757
7293 0.287547
1412 0.287492
13124 0.287318
26919 0.287318
18703 0.287318
25475 0.287318
11540 0.287131
21131 0.287066
2394 0.286931
10311 0.286788
12746 0.286788
4754 0.286714
8421 0.286480
26744 0.286480
15688 0.286226
20600 0.286226
28498 0.286063
15392 0.285950
4730 0.285832
2653 0.285647
18818 0.285584
8990 0.285316
18406 0.284712
5863 0.284545
2266 0.284545
13057 0.284370
27830 0.284249
10400 0.283931
20513 0.283931
9115 0.283883
4433 0.283586
3376 0.283586
29253 0.283586
8988 0.283586
1221 0.283269
19430 0.283213
2898 0.283135
13289 0.283135
4873 0.283015
22648 0.283015
27951 0.283015
21495 0.282927
12386 0.282927
11071 0.282927
436 0.282700
5749 0.282559
27920 0.281731
1124 0.281527
17189 0.281343
26328 0.281152
25361 0.280751
12336 0.280751
16429 0.280751
28243 0.280319
9160 0.280319
22090 0.280263
9010 0.280190
1679 0.280190
3650 0.279951
27108 0.279951
14146 0.279951
2627 0.279855
21825 0.279573
3746 0.279573
2590 0.279155
28233 0.278891
7591 0.278891
11672 0.278891
3485 0.278522
11599 0.278522
28723 0.278277
22370 0.278277
22911 0.278221
6854 0.278221
5872 0.278221
15929 0.278221
24566 0.277826
20337 0.277826
4455 0.277759
97 0.277578
18023 0.277578
6002 0.277578
272 0.277578
21331 0.277374
5164 0.277374
13662 0.277202
907 0.277057
14289 0.276874
4424 0.276726
10285 0.276726
27876 0.276602
7221 0.276497
28524 0.276497
28897 0.276019
29015 0.275951
125 0.275951
27897 0.275895
14500 0.275847
5879 0.275847
13145 0.275847
17829 0.275805
3990 0.275246
27001 0.275246
9748 0.275246
23839 0.275246
28709 0.274689
26265 0.274647
16442 0.274600
13059 0.274544
17056 0.274396
27136 0.273903
26702 0.273903
17502 0.273903
10818 0.273782
26199 0.273782
8658 0.273782
28606 0.273636
20164 0.273316
3911 0.273150
4271 0.273150
19814 0.273150
5073 0.272952
14058 0.272952
17720 0.272777
6243 0.272333
16099 0.272333
6224 0.272333
6783 0.272333
29448 0.272045
25988 0.271819
1014 0.271819
14469 0.271694
21356 0.271694
12473 0.271694
23652 0.271257
28757 0.271257
16896 0.271050
22661 0.271050
14857 0.271050
750 0.270473
21551 0.270405
11275 0.270405
23811 0.270352
29635 0.269953
9228 0.269953
16138 0.269953
22087 0.269953
9493 0.269953
14805 0.269953
23668 0.269953
25933 0.269582
11577 0.269582
5907 0.269538
13815 0.269538
29864 0.269481
9779 0.269053
12463 0.269053
18430 0.269053
18559 0.268918
29599 0.268804
25053 0.268804
25865 0.268804
9161 0.268661
22959 0.268477
16505 0.268477
17691 0.268078
20655 0.267970
24920 0.267970
10546 0.267970
26173 0.267714
7665 0.267382
29290 0.267018
972 0.266689
1008 0.266535
10578 0.266389
29507 0.266295
14038 0.266181
11212 0.266114
19631 0.265862
25191 0.265862
15310 0.265862
27112 0.265575
16144 0.265416
2721 0.265416
23821 0.265314
28235 0.265314
5976 0.265217
16087 0.264859
10310 0.264659
2197 0.264659
2180 0.264596
2183 0.264596
8576 0.264475
8889 0.264360
28128 0.264360
19306 0.264360
4075 0.264147
12349 0.263954
4238 0.263954
21814 0.263777
11771 0.263777
25628 0.263467
16430 0.263397
9576 0.263397
2897 0.263204
4966 0.263031
14739 0.263031
13418 0.262875
3555 0.262607
23677 0.262490
12893 0.262384
3106 0.262195
24882 0.262034
20216 0.261569
19283 0.261483
433 0.261483
1760 0.261216
5605 0.261216
19779 0.261115
27705 0.261028
9083 0.259954
11308 0.259954
19921 0.259954
5206 0.259954
17915 0.259954
25101 0.259954
9688 0.259954
14507 0.259954
10224 0.259954
12232 0.258889
20133 0.258889
7879 0.258889
1709 0.258848
2177 0.258705
24596 0.258586
14568 0.258266
4406 0.257832
2794 0.257751
12329 0.257664
13940 0.257467
1650 0.257467
26284 0.257232
5024 0.256784
24185 0.256784
24642 0.256664
24738 0.256600
26885 0.256600
1232 0.256241
10697 0.256074
7768 0.255892
4898 0.255892
21976 0.255472
7858 0.255414
7638 0.255414
9050 0.255228
14512 0.255228
27479 0.255026
901 0.254955
4513 0.254955
21206 0.254955
771 0.254955
6703 0.254713
25007 0.254516
7951 0.254303
1167 0.254303
22478 0.254303
21320 0.254073
29218 0.254012
3713 0.254012
24203 0.254012
277 0.253690
5143 0.253551
16586 0.253551
22384 0.253551
9351 0.253551
28697 0.253455
3809 0.252928
23762 0.252676
20429 0.252632
7294 0.252569
22368 0.252569
16958 0.252309
11007 0.252309
6461 0.252171
11431 0.252111
29488 0.252111
9527 0.252111
8185 0.251956
20826 0.251794
257 0.251728
9325 0.251728
14532 0.251569
10410 0.251569
24777 0.251078
21854 0.251078
21180 0.251029
15550 0.250326
1809 0.250223
17117 0.250145
7637 0.250145
6389 0.249956
10561 0.249859
17621 0.249859
12389 0.249859
24423 0.249731
24628 0.249300
6757 0.249187
19424 0.249123
3927 0.248892
13665 0.248652
17259 0.248581
7236 0.248581
4742 0.248452
18356 0.248138
12044 0.248138
26606 0.248138
12166 0.247721
14195 0.247576
19597 0.247576
29948 0.247576
20021 0.247456
9485 0.247357
12761 0.247037
15139 0.246957
17002 0.246957
3477 0.246891
6214 0.246837
20568 0.246792
28671 0.246272
7359 0.246272
5368 0.246272
17396 0.246272
20394 0.246272
27216 0.246272
20409 0.245755
26690 0.245657
8605 0.245592
18635 0.245512
5469 0.245512
15858 0.245512
5661 0.245512
22001 0.245279
15391 0.245279
5484 0.245197
7926 0.245100
21859 0.244983
7704 0.244727
13517 0.244727
20689 0.244727
15214 0.244663
5756 0.244663
19506 0.244593
13405 0.244593
17705 0.244294
14412 0.244243
15099 0.244243
23760 0.244006
2802 0.244006
14667 0.243938
15653 0.243707
9255 0.243707
8610 0.243707
22419 0.243487
338 0.243487
13912 0.243225
10380 0.243074
23487 0.242787
12470 0.242787
18793 0.242696
6012 0.242696
18631 0.242696
24450 0.242518
4848 0.242518
3474 0.242444
13046 0.242390
384 0.242026
11803 0.241506
13263 0.241303
28287 0.241195
19208 0.241049
28873 0.240840
14287 0.240643
13641 0.240518
6094 0.240282
25486 0.240282
9336 0.240226
1358 0.239958
12727 0.239958
23632 0.239400
4692 0.239276
20385 0.239276
758 0.239158
5742 0.239158
23101 0.238937
15007 0.238937
15033 0.238937
1164 0.238734
12268 0.238502
9430 0.238502
24958 0.238291
7791 0.238162
20406 0.238162
20890 0.238100
25660 0.237924
18605 0.237522
18718 0.237193
29053 0.237193
29605 0.237051
695 0.236920
16551 0.236920
2732 0.236920
9764 0.236920
14748 0.236920
7135 0.236800
15931 0.236588
11809 0.236448
15053 0.236208
8899 0.235925
23149 0.235925
24218 0.235430
16946 0.235430
12237 0.235430
20098 0.235430
9627 0.235343
28389 0.235266
10288 0.235266
18496 0.235078
28862 0.234981
16898 0.234981
15405 0.234981
28669 0.234938
13509 0.234938
5214 0.234938
24181 0.234938
18038 0.234938
4837 0.234898
8755 0.233959
1106 0.233959
7363 0.233959
15200 0.233959
13838 0.233959
96 0.233959
13778 0.233959
7391 0.233959
26291 0.233959
9489 0.233959
8813 0.233959
21607 0.232946
17592 0.232734
15038 0.232591
3490 0.232506
18833 0.232409
16363 0.232409
22681 0.232409
15245 0.232025
1488 0.231942
2456 0.231851
5126 0.231642
1956 0.231522
24053 0.231388
13647 0.231238
20706 0.231238
14591 0.231238
20004 0.230947
14364 0.230947
22441 0.230880
21015 0.230811
9014 0.229960
10195 0.229653
18199 0.229653
16030 0.229371
2534 0.229371
11186 0.229371
13367 0.229135
13440 0.228873
7753 0.228760
12522 0.228580
21317 0.228580
22437 0.228518
25467 0.228518
637 0.228253
596 0.228253
20178 0.228253
1012 0.228011
27998 0.228011
25111 0.227960
11748 0.227960
6342 0.227882
3442 0.227882
23006 0.227748
2270 0.227748
9739 0.227460
22800 0.227460
15658 0.227328
28069 0.226744
2357 0.226412
10179 0.226047
4927 0.225646
29378 0.225503
19083 0.225503
2356 0.225201
23278 0.224960
7269 0.224960
5319 0.224764
10532 0.224764
22252 0.224706
3463 0.224506
4612 0.224506
17132 0.224344
4269 0.224152
10036 0.223884
16071 0.223787
29173 0.223787
23828 0.223787
10817 0.223787
25071 0.223528
10555 0.223444
13983 0.223444
28823 0.223378
16832 0.223324
5172 0.223324
26925 0.223324
9862 0.223280
27536 0.223280
20388 0.222818
28584 0.222818
29201 0.222818
1248 0.222818
19836 0.222818
27151 0.222818
29992 0.222818
6646 0.222196
28985 0.222196
29796 0.222113
23107 0.221858
16757 0.221762
24427 0.221645
12217 0.220961
4182 0.220905
26126 0.220905
16275 0.220485
2595 0.220197
19333 0.220060
1842 0.220060
251 0.219740
26576 0.219740
26139 0.219336
24294 0.219336
20933 0.219336
16327 0.218909
4293 0.218533
6760 0.218533
17527 0.218200
28918 0.218097
12078 0.217974
10583 0.217903
6474 0.217903
20059 0.217856
3593 0.217636
8308 0.217636
29932 0.217636
19158 0.217636
5866 0.217636
24212 0.217177
29817 0.217075
23936 0.217075
2058 0.217075
5178 0.216915
16098 0.216915
15799 0.216915
24736 0.216629
13095 0.216438
24436 0.216158
22354 0.216158
2466 0.215787
255 0.215787
9911 0.215630
1256 0.215488
21457 0.215300
11528 0.215242
22813 0.215242
18015 0.215135
16475 0.215135
7976 0.214860
24399 0.214745
4883 0.214547
24699 0.214462
23991 0.214080
1186 0.213987
3683 0.213987
281 0.213905
12978 0.213833
15361 0.213712
15052 0.213615
13349 0.212690
4947 0.212690
8231 0.212690
28745 0.212690
6374 0.212690
8281 0.212690
14284 0.212690
17328 0.212690
18268 0.212690
27979 0.212690
10881 0.212690
17341 0.211815
25592 0.211773
19827 0.211677
15375 0.211621
10340 0.211621
17072 0.211621
25530 0.211621
1539 0.211318
6688 0.211318
29148 0.210947
12034 0.210947
10413 0.210947
15406 0.210774
15112 0.210563
1701 0.210439
13254 0.210439
11375 0.210300
24367 0.210143
2616 0.209963
26510 0.209963
21165 0.209963
7232 0.209963
27761 0.209680
4209 0.209515
10364 0.209332
683 0.209125
16165 0.209125
13097 0.209125
7323 0.209070
25197 0.208892
9732 0.208892
29922 0.208892
17465 0.208892
19490 0.208696
20275 0.208626
28900 0.208384
26969 0.208236
1083 0.208236
5572 0.208236
11327 0.208184
29833 0.207963
27576 0.207963
11570 0.207656
23471 0.207451
2133 0.207451
4162 0.207305
19408 0.207305
24145 0.206814
16869 0.206711
26270 0.206434
11305 0.206434
2826 0.206434
17821 0.206434
23023 0.206434
25057 0.206078
24291 0.205797
21117 0.205678
534 0.205427
9092 0.205427
25824 0.205227
26548 0.205227
18769 0.205015
28851 0.204714
27504 0.204714
13866 0.204554
22725 0.204430
8105 0.204331
19042 0.204034
3475 0.203865
12181 0.203442
12225 0.203442
25414 0.203442
20767 0.203442
25558 0.203022
14215 0.202854
6198 0.202854
5052 0.202764
28616 0.202562
9378 0.202562
19019 0.202464
13273 0.202464
1240 0.202343
9150 0.202343
9419 0.201893
23924 0.201422
17767 0.201141
25504 0.201141
26660 0.200946
20132 0.200946
18130 0.200874
16636 0.200823
20726 0.200536
3880 0.200096
13233 0.199586
28701 0.199337
1667 0.199114
365 0.198789
9500 0.198789
22799 0.198447
23210 0.198270
18680 0.198270
18426 0.198060
26545 0.197876
6075 0.197712
7577 0.197565
26684 0.197498
19622 0.197498
2750 0.197498
21667 0.197434
11229 0.197315
7552 0.197315
13350 0.197315
5663 0.197156
10230 0.197156
2350 0.197156
18808 0.197156
52 0.197156
3070 0.196896
15281 0.196896
11493 0.196788
23645 0.196788
7356 0.196525
29518 0.196133
22017 0.195926
12542 0.195926
4923 0.195873
13770 0.194966
8278 0.194966
12594 0.194966
8699 0.194966
24576 0.194966
5353 0.194966
29115 0.194966
903 0.194015
16137 0.193956
16285 0.193956
10632 0.193812
3813 0.193724
25112 0.193354
7732 0.193177
18725 0.192956
15812 0.192956
11265 0.192823
29227 0.192498
25327 0.192498
21343 0.192498
23343 0.192434
11532 0.191770
6496 0.191770
21326 0.191604
10523 0.191421
28445 0.191287
647 0.191216
13456 0.190987
10714 0.190987
11087 0.190782
439 0.190727
3720 0.190432
6277 0.190301
23915 0.190092
26074 0.190092
8669 0.190092
25006 0.189967
6515 0.189967
17652 0.189967
22116 0.189696
11442 0.189696
24029 0.189440
18078 0.189395
1980 0.188911
891 0.188676
17570 0.188498
25496 0.188243
2418 0.188243
14238 0.188108
26808 0.188108
22328 0.188003
28637 0.188003
19537 0.187919
25392 0.187745
15671 0.187745
7096 0.187745
18249 0.187668
14148 0.187668
18798 0.187562
7065 0.187167
1889 0.187167
12172 0.187167
1534 0.187167
2893 0.187167
14471 0.186774
27629 0.186728
18485 0.186728
29923 0.186593
23691 0.186236
29491 0.186236
11046 0.185992
252 0.185518
20046 0.185518
14315 0.185455
1597 0.184704
12380 0.184704
2188 0.184704
29548 0.184449
2675 0.184331
15065 0.184134
16291 0.184134
17557 0.184134
29421 0.183737
1033 0.183497
23396 0.183497
6398 0.183497
2371 0.183286
19356 0.183286
12543 0.183098
24001 0.183098
9094 0.182985
11301 0.182780
23415 0.182445
21505 0.182445
24255 0.182306
24705 0.182306
5053 0.182306
766 0.182181
15350 0.181968
14197 0.181833
2495 0.181520
27081 0.181129
2383 0.180963
20665 0.180896
16565 0.180896
20975 0.180786
25848 0.180741
23541 0.179968
25274 0.179968
29001 0.179968
22229 0.179968
26816 0.179968
26972 0.179968
28410 0.179968
1976 0.179968
10582 0.179968
22058 0.179243
560 0.179158
23483 0.179050
2664 0.178985
5923 0.178822
25088 0.178523
20451 0.178354
29297 0.178354
28748 0.178254
29577 0.178141
12780 0.178012
23554 0.177863
18349 0.177863
24228 0.177863
15010 0.177863
27974 0.177809
7181 0.177809
2801 0.177410
11185 0.177242
26918 0.177050
18869 0.177050
14588 0.177050
5314 0.176944
7371 0.176944
10948 0.176829
19692 0.176829
938 0.176573
2333 0.176351
7606 0.176351
4468 0.176098
7358 0.175987
5033 0.175807
14722 0.175807
26184 0.175807
28937 0.174923
8561 0.174443
19849 0.174225
2779 0.174109
11022 0.173798
28871 0.173798
25891 0.173732
28515 0.173732
19235 0.173732
9705 0.173303
14404 0.173303
24868 0.173303
7365 0.172926
10762 0.172593
25462 0.172504
28714 0.172391
20364 0.172240
15725 0.172240
17279 0.172178
20211 0.172178
23048 0.172178
2128 0.171570
17564 0.171435
22560 0.171189
25809 0.170496
6494 0.170434
8356 0.170152
18872 0.170152
12277 0.170152
7225 0.169970
27268 0.169809
16545 0.169809
12003 0.169711
5716 0.169312
25552 0.169247
22059 0.169127
9874 0.169127
6325 0.168970
8822 0.168720
606 0.168720
2843 0.168619
22519 0.168450
11139 0.168206
25657 0.168206
25273 0.168206
25632 0.168114
28068 0.168114
16242 0.168037
23930 0.167863
7501 0.167863
4268 0.167863
23094 0.167819
16848 0.167113
22968 0.167113
25949 0.166265
25529 0.166125
24992 0.165635
13800 0.165635
346 0.165147
21698 0.165147
23641 0.164971
13473 0.164971
25999 0.164760
26514 0.164594
18482 0.164182
21797 0.164182
22906 0.164182
20398 0.163990
1733 0.163920
409 0.163771
10970 0.163771
29220 0.163675
21461 0.162883
18963 0.162645
27082 0.162339
134 0.162339
18423 0.162049
12271 0.161723
15424 0.161723
11820 0.161351
11553 0.161351
2480 0.161351
6014 0.160981
16157 0.160981
14200 0.160924
530 0.160924
17340 0.160924
8920 0.160924
29056 0.160847
2940 0.160847
16596 0.160847
21869 0.160246
4233 0.160077
28475 0.159972
9883 0.159848
5846 0.159777
28643 0.159291
9258 0.159239
22724 0.159239
27551 0.159092
337 0.158616
26829 0.158616
17866 0.158616
28718 0.158410
26413 0.158080
25807 0.157947
25499 0.157886
20443 0.157886
10035 0.157725
27427 0.157472
1509 0.156844
28209 0.156777
2193 0.156719
13643 0.156719
8917 0.156669
22279 0.155973
12954 0.155973
4580 0.155973
22863 0.155973
3193 0.155282
6807 0.155233
29755 0.155177
24187 0.154940
9301 0.154684
12326 0.154598
16688 0.154501
12541 0.154389
6018 0.154259
6468 0.154259
23743 0.154105
23407 0.154105
25381 0.154105
12803 0.153920
14457 0.153776
20828 0.153776
26276 0.153609
7905 0.153609
3574 0.153609
22575 0.153416
2511 0.153248
11643 0.153187
22793 0.152914
17369 0.152837
29485 0.152582
16741 0.152582
25481 0.152582
22772 0.152345
9164 0.152073
11402 0.151921
21906 0.151921
18935 0.151921
13287 0.151921
28380 0.151921
12732 0.151552
11510 0.151385
15057 0.151267
10768 0.150941
9241 0.150941
5593 0.150941
21992 0.150941
11578 0.150941
28785 0.150941
6812 0.150941
8614 0.150617
9722 0.150335
24158 0.150335
16502 0.149734
7341 0.149625
11821 0.149625
5816 0.149625
4540 0.149563
21163 0.149335
9848 0.149091
22510 0.149091
21753 0.149018
22369 0.148883
7451 0.148883
20968 0.148760
7320 0.148545
4551 0.148545
19630 0.148364
12915 0.148209
26194 0.148209
16517 0.148209
16051 0.148209
10477 0.147763
5924 0.147644
19176 0.147644
17897 0.147542
4387 0.147453
29281 0.147060
7814 0.147060
25596 0.146990
7052 0.146880
20455 0.146224
21651 0.146224
14086 0.146224
19303 0.146224
11032 0.146224
7956 0.146224
17264 0.146224
27158 0.146224
23783 0.146224
28332 0.146224
25989 0.146224
3364 0.145574
2033 0.145525
19360 0.145467
28913 0.145467
3029 0.145398
23883 0.145316
2011 0.144717
11969 0.144717
4425 0.144581
19673 0.144581
16378 0.143774
17076 0.143659
27836 0.143659
3597 0.143533
11271 0.142792
19696 0.142658
6548 0.142658
4466 0.142658
28118 0.142513
6820 0.142080
13393 0.141793
14378 0.141793
28016 0.141793
2396 0.141793
16153 0.141463
24420 0.141182
11616 0.140939
673 0.140939
14249 0.140939
10353 0.140939
4682 0.140631
14781 0.140631
29762 0.140631
25300 0.140375
27330 0.140375
1287 0.140375
9016 0.140375
26915 0.140375
10165 0.140375
21220 0.140095
16844 0.139867
6419 0.139867
28453 0.139867
8543 0.139446
8015 0.139446
15596 0.139380
4683 0.139111
12036 0.139111
27025 0.138880
15822 0.138789
12704 0.138789
11223 0.138528
15622 0.138528
1890 0.138528
24488 0.138437
8906 0.138437
24474 0.138363
24434 0.138363
1478 0.138363
111 0.138248
16524 0.138248
10904 0.137623
2071 0.137623
20200 0.137623
5650 0.137623
10800 0.137623
17929 0.137623
26820 0.137623
1382 0.137003
5130 0.136952
7349 0.136729
7280 0.136287
13257 0.136023
19268 0.136023
14665 0.136023
3896 0.135910
29004 0.135847
10701 0.135847
3874 0.135780
21769 0.135450
19668 0.135236
7987 0.135176
8044 0.135176
4646 0.134976
17140 0.134976
16126 0.134459
21472 0.134459
9623 0.133398
11622 0.133344
29373 0.133147
10900 0.132608
28177 0.132430
1791 0.132430
15848 0.132430
27122 0.132238
17828 0.132180
4333 0.132180
5061 0.132074
1903 0.132074
23292 0.131977
13353 0.131808
13259 0.131808
6951 0.131808
5997 0.131665
20044 0.131665
14653 0.131665
14312 0.131602
20306 0.131602
7115 0.131543
8490 0.131303
23026 0.131303
25254 0.131192
20647 0.131192
2755 0.130535
1228 0.130535
686 0.129977
26288 0.129977
25938 0.129977
3878 0.129977
3550 0.129977
18585 0.129324
12603 0.129259
16133 0.129259
21828 0.129180
2524 0.128677
1721 0.128677
25714 0.128549
19715 0.128549
17418 0.128197
23143 0.128037
16006 0.127846
9943 0.127846
7457 0.127614
24486 0.127614
22263 0.127258
14424 0.127258
13039 0.126845
1748 0.126776
18776 0.126728
3982 0.126728
13359 0.126728
21390 0.126464
16621 0.125784
20953 0.125784
23080 0.125784
9942 0.125784
29000 0.125680
26434 0.125680
12620 0.125680
2918 0.125539
25909 0.125335
24505 0.125163
14860 0.124929
14995 0.124650
28691 0.124446
24455 0.124446
770 0.124226
23574 0.123952
14236 0.123952
12199 0.123861
1886 0.123861
2314 0.123788
6759 0.123728
21676 0.123637
8351 0.123136
1784 0.123136
4796 0.123136
20234 0.123136
11461 0.123136
22295 0.123136
26171 0.122599
5522 0.122492
21876 0.122420
28353 0.122420
17124 0.122331
29902 0.122331
27901 0.121854
70 0.121854
24110 0.121713
19612 0.121713
334 0.121713
8777 0.121659
4771 0.121537
12113 0.121537
13877 0.121537
9371 0.121537
6923 0.121222
23843 0.121013
7399 0.121013
18005 0.120753
25528 0.120597
4725 0.120597
2366 0.120494
42 0.119979
28920 0.119638
13544 0.119468
25944 0.119215
22147 0.119215
16193 0.119146
25637 0.118761
17589 0.118597
12643 0.118460
20152 0.118460
2537 0.118460
28877 0.118294
5412 0.118294
4064 0.118161
17603 0.117962
27065 0.117715
2041 0.117715
23545 0.117633
10452 0.117633
21079 0.117567
10171 0.117514
9936 0.117469
17021 0.117469
19986 0.116979
25037 0.116979
14435 0.116979
18246 0.116450
9615 0.116397
7934 0.116397
16652 0.116333
14087 0.116333
12932 0.116253
20175 0.115821
3467 0.115694
24502 0.115694
12653 0.115694
19646 0.115535
6999 0.115406
18805 0.115251
2343 0.115062
7334 0.115062
29200 0.115062
731 0.114891
9169 0.114826
26005 0.114826
15042 0.114826
3552 0.113818
25275 0.113435
13008 0.113435
2054 0.113372
6792 0.113372
4415 0.113372
24852 0.113372
10439 0.113372
8042 0.113206
24643 0.113206
26619 0.113206
24130 0.112875
11520 0.112751
16824 0.112751
25351 0.112751
13041 0.112601
12393 0.112480
27828 0.112480
18848 0.112382
210 0.112300
20203 0.112076
8346 0.112076
29439 0.112076
2740 0.112002
8660 0.111942
27093 0.111942
29683 0.111893
15811 0.111893
1261 0.111409
23262 0.111409
24473 0.111409
4154 0.110881
25143 0.110358
15383 0.110242
25581 0.110242
8924 0.110242
3311 0.110242
17545 0.110098
9246 0.109981
8559 0.109668
14076 0.109513
3327 0.109454
4009 0.109454
20967 0.109181
17541 0.109181
27719 0.109181
22231 0.108818
9563 0.108818
26831 0.108588
25513 0.108588
10112 0.108538
2540 0.108538
7227 0.108458
18050 0.108189
7912 0.108132
13422 0.108132
15027 0.107981
17947 0.107567
10163 0.107567
5564 0.107430
23864 0.107040
13804 0.106953
2052 0.106885
10534 0.106885
4471 0.106831
21057 0.106831
18322 0.106345
16584 0.106345
12192 0.106345
24214 0.106345
18214 0.106345
28252 0.106345
22097 0.106345
28348 0.106345
21910 0.105907
9660 0.105864
2859 0.105864
25070 0.105811
17141 0.105811
5100 0.105811
7305 0.105659
5407 0.105659
7901 0.105473
17996 0.105473
3782 0.105387
17273 0.105150
7191 0.105043
12495 0.104982
8378 0.104914
15984 0.104446
1559 0.104313
15546 0.103726
27168 0.103726
861 0.103653
18281 0.103653
17384 0.103522
17368 0.103522
19617 0.103522
24979 0.103407
7604 0.103407
9142 0.102942
24792 0.102942
25077 0.102839
16477 0.102839
12408 0.102839
23622 0.102839
29877 0.102614
28158 0.102357
1495 0.102357
29887 0.102277
25287 0.102277
28521 0.102215
16112 0.101721
25345 0.101721
23846 0.101281
25733 0.101171
29228 0.101093
23620 0.100748
14030 0.100627
18088 0.100627
11966 0.100412
18063 0.100412
26609 0.100412
27404 0.100089
14037 0.100089
20715 0.100089
15491 0.100089
5132 0.099982
1766 0.099860
1514 0.099860
23218 0.099793
28603 0.099557
29307 0.099557
16662 0.099255
21153 0.099255
23958 0.099030
2107 0.098717
4480 0.098657
26280 0.098302
1068 0.098302
25962 0.097993
26854 0.097936
8756 0.097891
23253 0.097483
23598 0.097483
826 0.097483
28826 0.097483
24671 0.096978
22819 0.096978
6752 0.096906
3058 0.096906
19721 0.096478
10347 0.096478
4188 0.096478
14101 0.096478
12131 0.096279
13077 0.096279
12884 0.095983
3537 0.095493
7140 0.095493
8691 0.095277
17956 0.095277
13810 0.095216
19691 0.095105
18604 0.095105
10152 0.094665
27926 0.094338
15736 0.094121
1337 0.093584
25606 0.093584
21177 0.093584
11081 0.093584
10067 0.093584
12294 0.093584
22636 0.093584
16985 0.093584
29551 0.093584
24589 0.093169
9001 0.093118
13485 0.093118
24908 0.092964
944 0.092657
29077 0.092352
24392 0.092352
1437 0.092201
279 0.091949
27329 0.091301
16583 0.091153
9284 0.090984
20556 0.090858
4463 0.090565
4569 0.090565
14448 0.090481
21620 0.090481
5447 0.090481
23216 0.090419
7502 0.089984
6415 0.089984
1535 0.089984
18802 0.089554
24768 0.089492
27753 0.089127
1302 0.089006
26758 0.089006
3685 0.088845
8259 0.088845
14713 0.088845
21077 0.088525
10226 0.088286
19324 0.088102
4011 0.088102
5117 0.088049
22649 0.088049
9439 0.087872
14880 0.087872
2638 0.087735
9027 0.087735
6130 0.087578
22949 0.087112
2429 0.087054
21848 0.086651
27699 0.086651
9702 0.086651
25658 0.086651
17699 0.085944
12341 0.085856
19711 0.085856
26537 0.085595
4808 0.085595
24143 0.085464
14511 0.085248
3200 0.085076
5813 0.084691
13275 0.084691
18615 0.084691
171 0.084563
5075 0.084563
28160 0.084563
7448 0.084057
6864 0.084057
28953 0.083931
5416 0.083557
10853 0.083557
21012 0.083185
27947 0.083062
25085 0.082817
1347 0.082574
4863 0.082091
3083 0.081614
13014 0.081614
3105 0.081377
12657 0.081377
17935 0.081142
26555 0.081142
15864 0.081075
16758 0.081025
23690 0.080675
9313 0.080675
6062 0.080675
19509 0.080675
9202 0.080675
27408 0.080675
19971 0.080280
2039 0.080280
16262 0.080214
6866 0.080214
10756 0.079888
29030 0.079888
8675 0.079759
24754 0.079308
10889 0.079308
28370 0.079117
933 0.079117
28275 0.078422
22125 0.078359
12302 0.077986
10352 0.077617
7097 0.077342
14189 0.077251
16754 0.077251
24572 0.076888
12358 0.076529
14810 0.076529
14652 0.076457
20949 0.076395
26542 0.076395
16581 0.076291
1004 0.076173
8932 0.076084
10324 0.075961
20160 0.075471
6150 0.075168
19394 0.075067
11661 0.074867
27503 0.074781
5246 0.074668
7717 0.074509
1280 0.074509
24080 0.074038
24977 0.074038
24024 0.073882
20309 0.073882
1120 0.073882
27379 0.073882
29691 0.073771
6 0.073572
8046 0.073112
19415 0.073112
16806 0.073112
6649 0.073112
5639 0.072787
16498 0.072733
6726 0.072733
20659 0.072733
14949 0.072658
1087 0.072658
9137 0.072465
20783 0.072465
12094 0.072358
1818 0.072210
23608 0.072210
807 0.072210
10500 0.072210
13111 0.071987
8720 0.071829
17193 0.071829
25726 0.071767
1298 0.071767
15560 0.071620
1035 0.071516
8409 0.071329
5582 0.071205
15074 0.070897
18925 0.070897
7515 0.070897
13552 0.070897
4948 0.070897
11901 0.070591
20690 0.070188
29844 0.070188
9039 0.070048
22901 0.069988
14641 0.069838
13163 0.069631
10181 0.069395
25840 0.069219
2606 0.069219
4375 0.069150
416 0.069102
10823 0.068811
20311 0.068524
14067 0.068476
20625 0.068409
2626 0.068409
25616 0.068143
11776 0.068011
29835 0.067618
16395 0.067618
8251 0.067618
14039 0.067488
28063 0.067230
10114 0.067230
11122 0.067165
21064 0.067119
29940 0.066845
25966 0.066466
29628 0.066466
15396 0.066304
8893 0.066090
2968 0.066037
15131 0.066037
25597 0.065719
11099 0.065291
26799 0.064989
12577 0.064274
22899 0.064274
5542 0.064274
21441 0.064274
18581 0.063923
15717 0.063807
10883 0.063576
17344 0.063576
14388 0.063518
27380 0.062668
24246 0.062668
19656 0.062556
2472 0.062556
16801 0.062389
16709 0.062113
22951 0.061976
25700 0.061894
29324 0.061894
15729 0.061839
15370 0.061568
24542 0.061299
10742 0.061246
16598 0.061246
15126 0.061246
14530 0.060769
4252 0.060769
21856 0.060769
5152 0.060611
15668 0.060507
5584 0.060507
869 0.060376
2400 0.060376
10234 0.060376
14423 0.059989
5567 0.059989
16900 0.059607
14754 0.059607
2816 0.059380
9995 0.059380
15055 0.058858
3923 0.058858
28317 0.058784
7938 0.058784
8243 0.058490
20604 0.058490
4053 0.058490
19109 0.058490
17254 0.058247
12896 0.058199
24254 0.058199
7260 0.058126
17291 0.058126
29155 0.057768
8623 0.057768
7056 0.057625
630 0.057531
27077 0.057413
16186 0.057343
1122 0.057343
16974 0.057063
25021 0.057063
27419 0.057063
26795 0.057063
8823 0.057063
22919 0.057063
3153 0.056832
544 0.056786
25090 0.056717
19957 0.056512
26535 0.056512
10543 0.056512
10336 0.056376
13122 0.056376
24779 0.056376
17400 0.056150
28145 0.056038
13445 0.056038
24723 0.056038
18877 0.056038
20586 0.055440
13106 0.055375
7857 0.055375
18161 0.055179
16991 0.055179
20184 0.055049
14052 0.054727
10168 0.054663
7367 0.054409
1085 0.054409
14807 0.054409
5359 0.054409
1279 0.054157
10859 0.054095
10450 0.053784
18463 0.053660
24298 0.053476
18411 0.053476
2030 0.053476
11250 0.053476
6965 0.053172
8977 0.052932
14957 0.052932
28330 0.052872
24749 0.052872
15359 0.052872
24249 0.052693
22705 0.051991
26162 0.051991
28883 0.051704
1982 0.051704
21959 0.051420
15098 0.051420
699 0.051307
11609 0.051307
11337 0.051139
25332 0.051139
17737 0.051139
3928 0.051083
17450 0.050640
13658 0.050422
26958 0.050314
5859 0.050206
5597 0.050045
17448 0.049778
2934 0.049778
22318 0.049568
20540 0.049568
22904 0.048945
588 0.048741
14782 0.048741
9350 0.048741
28369 0.048741
15501 0.048741
13739 0.048489
29930 0.048489
2651 0.048489
26635 0.048489
26736 0.048140
27945 0.047942
5456 0.047942
29668 0.047942
751 0.047747
2508 0.047553
29076 0.047504
21713 0.047360
9109 0.047264
5580 0.047169
27193 0.047027
23961 0.046792
12444 0.046792
8149 0.046792
26381 0.046559
12394 0.046482
8049 0.046328
19423 0.046176
2581 0.045874
20656 0.045874
18097 0.045576
23670 0.045576
25019 0.045429
24045 0.044992
9253 0.044992
17336 0.044992
15585 0.044706
27339 0.044706
9637 0.044564
1747 0.044423
16726 0.044143
12189 0.044143
26193 0.043867
23442 0.043867
24933 0.043731
18540 0.043595
13244 0.043527
17022 0.043326
2417 0.042928
19239 0.042797
24321 0.042732
9105 0.042538
4165 0.042345
13543 0.042282
25919 0.042155
4813 0.041966
12580 0.041531
2099 0.041409
14158 0.041409
19187 0.041287
18984 0.041287
19764 0.041045
29349 0.041045
21273 0.041045
9273 0.041045
29396 0.041045
3963 0.040807
4802 0.040688
8579 0.040688
14681 0.040571
13502 0.040338
27647 0.040165
23478 0.040165
5349 0.039993
21128 0.039879
23800 0.039823
22063 0.039823
19528 0.039654
2812 0.039487
17882 0.039211
9538 0.039156
8583 0.039156
9335 0.039156
29848 0.038831
2846 0.038831
12248 0.038778
5607 0.038565
10811 0.038565
23061 0.038512
12890 0.038512
116 0.038354
24101 0.038354
14657 0.038197
26978 0.038197
20660 0.037939
572 0.037939
11870 0.037584
12779 0.037534
10056 0.037534
29881 0.037334
13576 0.037334
7403 0.036941
7093 0.036747
20312 0.036747
15710 0.036367
20048 0.036367
26620 0.036367
22496 0.036367
22816 0.035994
29734 0.035994
10346 0.035994
19677 0.035994
18761 0.035628
28526 0.035448
14598 0.035270
28195 0.034919
23255 0.034575
19007 0.034406
4401 0.034406
4224 0.033744
1145 0.033583
928 0.033264
18917 0.033264
13686 0.033107
26517 0.032952
22458 0.032645
24858 0.032494
2018 0.032345
14620 0.032049
25593 0.031195
6453 0.031195
11092 0.031195
22092 0.031195
27421 0.031056
21403 0.030920
13669 0.030784
23922 0.030583
24669 0.030384
10350 0.030384
12898 0.030253
564 0.030253
4744 0.030123
26487 0.029995
16345 0.029995
13481 0.029995
29306 0.029995
25586 0.029804
2615 0.029615
3718 0.029429
15641 0.029429
22210 0.029245
18753 0.029124
3947 0.029003
8897 0.028884
29998 0.028765
7392 0.028707
21007 0.028707
16139 0.028707
7031 0.028532
28376 0.028532
15130 0.028301
21223 0.028188
12851 0.028188
8994 0.028188
20285 0.028188
23870 0.028075
14454 0.027852
3189 0.027687
22647 0.027687
27915 0.027525
29927 0.027047
4974 0.027047
7082 0.026738
8081 0.026738
17136 0.026586
9657 0.026586
16369 0.026436
26518 0.026288
7536 0.026141
12971 0.026141
13341 0.026141
14552 0.026141
23350 0.026141
25731 0.025995
28942 0.025710
15780 0.025430
3994 0.025430
15544 0.025157
10421 0.025157
10379 0.025022
3693 0.024889
27254 0.024889
23643 0.024627
25106 0.024627
10419 0.024627
12975 0.024371
9226 0.024371
25881 0.024244
7651 0.023996
28788 0.023396
19103 0.023279
19935 0.022605
3882 0.022605
21665 0.022496
7215 0.022072
21024 0.021865
12136 0.020983
925 0.020889
14645 0.020704
2980 0.020523
14111 0.020523
17742 0.020344
17050 0.020256
21058 0.020256
10805 0.019996
20621 0.019996
3892 0.019996
29059 0.019911
3523 0.019827
9929 0.019743
8775 0.019497
23855 0.019497
17265 0.019335
27126 0.019177
17782 0.019099
20834 0.019099
21338 0.019021
24569 0.019021
24716 0.018944
17841 0.018944
20396 0.018868
13604 0.015392
29272 0.015392
609 0.015192
27402 0.015094
22894 0.015094
20459 0.014997
310 0.014997
14862 0.014808
12572 0.014622
26043 0.014442
642 0.014442
8188 0.014442
27895 0.014442
27442 0.014353
14043 0.014353
1665 0.014179
9359 0.014094
9474 0.014094
18536 0.014010
13850 0.014010
1269 0.013926
17040 0.013926
11741 0.013844
23148 0.013844
19231 0.013762
814 0.013602
12821 0.013602
215 0.013524
27578 0.013524
6833 0.013446
19839 0.013369
5283 0.013293
16878 0.013293
12767 0.013144
24784 0.013070
7592 0.013070
4726 0.012926
7250 0.012855
15922 0.012855
16298 0.012785
13200 0.012715
13887 0.012646
29420 0.012445
29402 0.012445
12498 0.012379
19906 0.012314
5223 0.012249
4451 0.012185
28909 0.012122
8147 0.012060
23978 0.012060
11640 0.011998
29929 0.011698
25219 0.011582
5241 0.011582
8084 0.011469
21349 0.011413
28530 0.011248
3972 0.011194
18497 0.011141
3063 0.011141
21803 0.011088
2785 0.011088
19112 0.011036
20592 0.010984
9821 0.010984
10974 0.010984
2131 0.010933
23273 0.010882
10954 0.010882
6985 0.010586
11857 0.010539
22409 0.010539
22213 0.010445
8033 0.010352
5497 0.010307
5883 0.010307
26248 0.010261
22867 0.010217
23207 0.010172
16129 0.010172
9820 0.010128
5697 0.010041
16309 0.009956
25107 0.009956
6257 0.009830
23949 0.009830
24047 0.009588
18283 0.009549
19056 0.009511
16576 0.009511
815 0.009472
20115 0.009472
1139 0.009396
26786 0.009396
13818 0.009358
