5927
18869 905
23210 3180
12495 3555
20383 6375
4744 7235
13240 12797
14857 13605
572 15777
18638 17025
18684 17668
14440 18803
4748 21787
18962 22312
18260 22810
4850 23646
15252 24888
17626 25219
9718 25918
21495 29647
3980 30284
7458 30985
19040 32507
26200 36828
20394 37670
27142 39603
6589 39731
16679 43391
11914 43547
13607 43975
21992 46472
26238 47727
1288 47783
27482 48349
9161 51688
5976 53458
875 53516
27136 53971
7076 54196
2030 55790
17574 55919
27341 60671
26609 60699
10099 61246
4550 61815
20213 67366
17527 68271
23504 68947
10271 69465
10455 70853
22553 72291
24411 73847
6150 73919
11595 75645
18776 75786
20625 76093
10928 79442
12268 79858
4455 81013
29766 83198
10475 88391
18106 88556
10558 90060
16112 90711
2182 91039
12166 91203
11821 91379
779 91647
21802 91731
15031 93428
4918 94508
1556 95387
17688 96106
19079 96380
17130 96861
563 99785
14837 99819
14511 100263
23906 103564
12170 107350
2899 109560
9563 110377
21402 111317
16999 112542
6732 112609
2472 114559
22521 115199
15263 115943
3523 116086
16531 116181
996 118735
17728 119679
15206 119721
11878 120720
2627 123085
2508 127229
26869 132402
7637 132863
28901 137621
16429 140579
21056 143492
6446 145960
18864 146076
20783 146579
23732 147777
15803 148699
20443 150489
9302 151174
23420 153172
11771 153369
10380 153654
7835 155561
15281 156693
2064 159887
12225 160228
27915 161513
14304 163729
27649 164255
21681 164431
14223 164602
9456 164924
12622 165659
3481 168107
10171 170075
18581 171547
23350 176831
2558 176855
24858 177987
116 178132
6482 180881
27998 184652
2266 186406
29491 189006
6094 189596
25658 189905
3474 190792
6923 196150
9928 197102
4461 197324
6053 198248
18610 198714
7096 198856
1888 198979
10300 200883
21544 200897
19378 201392
2871 205286
20948 206173
28389 206281
18815 206423
20908 207365
11540 207658
16502 209139
9284 209287
17541 211102
10239 214177
17056 217453
21848 219157
14014 219778
25541 222482
10527 223990
19385 224947
881 225979
15746 226660
15391 228561
27065 228822
9906 234038
12014 235351
12930 235387
4064 235443
12964 235484
12160 240982
29151 243369
404 247392
4764 251346
25439 253007
10911 253211
9219 253656
12988 255213
25679 259326
9169 259688
11949 261350
8823 262072
8660 263017
9008 263088
5468 264586
3370 265105
10762 265181
5564 278138
29685 278615
27673 283075
17826 283520
28393 285596
10477 285709
15136 285980
27992 287801
21889 287981
9325 292032
11259 293172
16689 296689
29380 298497
27713 299512
22603 302855
10834 303054
12761 303296
13783 310700
29813 310712
18757 313565
25652 315644
26610 315882
14038 316787
8641 316835
13297 318946
13250 319111
24882 320662
18703 320873
17050 321361
17913 328078
17141 330601
1539 330907
23521 331786
27108 332555
25077 334729
17570 336354
18491 337615
18249 338156
25966 340130
26058 340539
25047 344938
12416 347128
8587 347495
5742 348129
23909 349472
28217 353558
23670 355218
10799 358144
4725 359431
7248 359945
25660 362330
19673 364013
14820 365973
16629 366044
4471 376545
12967 377831
8932 380546
14996 381776
9789 382900
4391 385096
22070 385732
5605 386788
18493 387393
16353 388425
9905 388564
29683 392897
13422 393020
26269 394353
7814 394734
23762 396032
8111 396168
7220 398400
7912 400046
13716 401269
20356 401407
28623 408738
18253 410800
23691 410827
10336 411800
29606 411803
11674 413914
24203 414496
12554 414672
10818 415855
1452 417581
21290 418682
4497 420418
13818 422161
12601 423109
18028 425185
29339 425959
8341 428469
2463 429598
15137 433796
11764 435855
16868 436993
1664 437299
7294 438254
23415 445922
12732 446782
20962 448180
21838 448763
19921 450397
23618 450568
18212 452252
5639 453502
25270 453619
21519 455090
19753 455721
21926 456461
11515 456639
28385 457762
25090 461148
17825 461740
3906 469902
27472 470212
26296 472437
14682 472554
28112 475482
11126 476140
20974 477093
10702 478575
2217 479642
10823 482447
13350 483746
7632 483758
4019 489520
8872 490023
52 492161
9576 493963
590 494348
21112 496115
2091 503501
14029 504565
19294 505536
23240 508455
18073 508543
29023 508570
20164 511448
11716 512186
5538 512901
15735 513296
317 515637
444 517732
19715 520692
4106 521557
23828 521691
12492 524047
26114 526871
4544 528959
19677 529405
27283 530426
8866 532992
16186 535604
4268 536226
5907 538270
15919 538961
6904 539204
21388 542431
25597 542820
16309 543829
24392 544432
23575 550266
13418 551026
8637 551052
27268 553721
12498 557170
13838 559504
12945 559728
15042 560786
2816 560916
28618 561387
15245 561934
8854 563735
3061 564342
215 566363
14312 569605
5568 570642
7215 574947
11174 577262
12763 577863
21976 578267
5084 580518
23014 582344
27225 582586
2807 583481
16581 583700
11532 584033
24833 585176
26851 589013
4375 589993
13558 590506
29486 590638
13429 592832
19651 595747
14146 596723
11358 597250
7193 597766
17979 599182
17999 599474
19818 599777
28830 603569
231 604427
18498 605128
9958 605963
10058 606087
21817 610940
5661 611520
8285 612832
171 613428
1008 614720
3781 617339
13543 617463
6374 619079
6613 621665
18393 624296
7093 630523
19597 631402
19935 632571
2511 633064
28249 636439
14491 636989
410 641759
11677 642245
22735 642725
24742 643111
4162 643475
10325 646923
10805 647406
16368 651938
10226 653449
24080 654269
20532 654612
4239 660133
12128 662759
23300 664884
11246 664969
12099 665570
11813 665811
29842 666179
26194 667030
17456 667087
3976 667428
15166 668316
28940 670662
4892 671898
12463 672420
16844 673828
18430 673852
25057 674874
21937 675331
12638 676260
29480 676501
21078 677116
8659 678397
125 678781
15350 679073
19986 680694
7162 683051
19175 685009
20876 686673
12699 686988
12277 687080
12275 688885
4014 691643
14748 692554
11171 695123
14757 695303
24995 695528
1397 696290
747 696848
22213 697142
17603 697284
22812 697781
14652 699738
13485 700581
16565 708935
3479 709713
16720 712293
5542 713632
17205 715094
4046 716327
20665 717120
12411 718053
23442 720332
8662 720414
8353 720644
6419 720823
7418 722018
3574 723111
24178 723121
15033 723487
18833 725263
23048 726474
26139 728287
11461 729825
15622 734737
22147 735081
21055 736099
16151 738411
15038 739799
3361 743955
12893 744619
23864 745744
1120 746113
28530 746360
18300 746594
13509 747832
21951 749457
1279 750963
15114 751178
9333 752429
26552 752871
19190 755149
9538 755156
14805 756859
3550 757995
17909 758434
5108 758749
8352 758804
5495 761160
26761 767356
12794 768419
29654 768579
14343 770288
17921 771226
11790 772276
9088 773113
27117 773495
19622 774557
15135 777371
6247 777636
23839 780328
13662 781298
19692 783094
919 784672
4837 785422
19080 787792
19721 788365
1976 791227
16757 793291
7225 793323
98 794746
20098 796241
25351 797037
18857 798591
4350 798745
18848 799887
9313 802343
14882 803934
16498 805581
29006 805997
15079 807420
27869 807486
19151 807614
7398 810683
232 811144
14623 813260
26291 813410
29548 817999
8296 818428
17191 818825
18164 821542
26542 822540
4042 822826
24738 823546
20157 831178
5506 831375
23680 831398
5187 832602
10987 834375
29877 834428
6130 834440
18268 834591
26184 834814
15409 836391
23149 840074
15538 840618
20767 842380
596 842796
21260 845672
26919 846170
12957 848288
25657 848771
5076 849514
3058 852315
2160 853971
2517 854087
25582 856769
23536 859006
23755 865571
4425 866629
22463 866660
17677 867624
14738 869132
24561 870962
361 873650
20660 873992
1768 874010
12647 874402
17215 874764
28985 875416
12833 875933
19265 876563
29082 878971
13046 882708
5049 885556
12033 889034
9024 889261
13450 889872
11643 891808
14810 893227
18097 893360
25574 894348
7249 896348
21525 896355
28177 897642
8696 898242
1254 899885
5981 901289
10435 901530
1172 903442
17974 903510
23329 904719
4356 906258
8675 907056
11510 909964
861 910148
19595 910297
22750 910486
321 912886
1980 913861
21636 918974
15007 919131
4944 919422
17124 920095
20886 921540
4883 925976
18592 926177
20834 927388
22139 932386
20211 934672
5891 937265
10268 939666
21959 941410
8734 943296
5100 943334
18559 944296
20519 944480
7100 947378
8328 947950
4726 949186
29324 950463
17782 950900
2099 951010
7887 952787
11275 953718
24669 953877
11528 957024
5677 957181
25401 957855
14292 958559
21971 960031
17929 961272
19691 963408
9500 965358
12886 965613
20918 970041
28823 970341
29044 972473
20372 979674
6206 980072
22667 981451
8033 981475
14099 982310
12041 986106
1807 991668
1488 995724
1558 996520
9493 997929
10543 998521
49 1002850
9935 1003641
23747 1006513
2755 1007625
17881 1008809
4701 1009041
27655 1009553
14331 1011085
18251 1015153
3929 1024799
23466 1025104
8610 1026198
2783 1027396
17883 1027704
18622 1028863
23080 1029384
6664 1029416
25596 1032485
1228 1032849
9359 1033399
29515 1036495
2984 1037875
18635 1039694
10889 1040089
24958 1042907
29551 1044605
15886 1044770
5923 1045998
20248 1046361
18818 1046601
10461 1048713
9092 1048810
23293 1050029
25756 1050880
15931 1051388
19584 1052743
15370 1054379
17118 1057699
2376 1058235
12502 1058578
11224 1058874
17040 1059236
27658 1061506
22778 1061956
3591 1062029
14179 1062964
24871 1067936
19430 1069067
5143 1071929
22232 1073885
14815 1074134
13988 1074376
24920 1076053
6489 1076785
21687 1077193
27042 1077952
1523 1083569
16946 1084823
9164 1087627
7015 1090128
28341 1092563
80 1093060
25891 1094046
3529 1094519
18536 1097075
15243 1099765
281 1100304
28723 1106123
21390 1106677
22088 1111496
3656 1112143
15649 1112759
15674 1113990
2400 1114823
18161 1116661
19711 1119446
5246 1119456
4923 1125462
18309 1125739
16576 1126724
25284 1126902
347 1130440
21553 1134896
11842 1137477
22602 1138007
5823 1139521
22397 1141598
14909 1142208
14722 1142537
16741 1143294
16879 1145670
1669 1146374
26199 1148522
6757 1150985
12341 1151384
17279 1151935
26243 1152058
12349 1153919
24010 1155356
6922 1156026
25592 1158469
21743 1160332
17341 1162265
11599 1165192
26093 1166478
9246 1172699
24916 1176977
1625 1177627
20828 1178487
24104 1179087
14492 1179132
24828 1179484
29328 1179565
12476 1179694
13224 1179742
14515 1179997
20513 1180560
23445 1183026
11245 1183931
26767 1185529
27536 1185704
26820 1188105
8767 1188772
22952 1189299
16378 1190746
16896 1191803
29384 1195137
9322 1195302
16051 1197606
8443 1203821
2429 1204388
29848 1204488
12513 1204571
29155 1209534
28411 1213221
13665 1217469
3885 1219734
11326 1223785
23883 1224194
226 1226222
28873 1227508
10230 1227730
7680 1229003
28714 1231795
4646 1234278
14052 1234414
21903 1234968
14019 1236390
1232 1240047
4642 1241221
13147 1242534
9802 1243589
9524 1245527
29940 1248842
17828 1251896
29974 1252417
25329 1252860
18289 1253499
27721 1254224
12003 1255696
7821 1260789
693 1261738
9644 1264080
25071 1265508
18424 1265656
527 1265880
13263 1268162
12712 1268490
27126 1269057
18095 1272354
8387 1272964
21015 1273095
13304 1274069
6633 1274450
14021 1274636
14151 1276907
9878 1277159
15316 1280872
23255 1284657
24748 1286369
5554 1287453
447 1290537
28818 1291018
1752 1292383
26288 1293327
9142 1294523
18190 1295756
16355 1295795
28203 1295983
29820 1297143
1701 1297407
18510 1298441
2616 1299583
16947 1302091
26480 1302875
25008 1303002
8409 1303086
8084 1304449
3442 1307266
5801 1309097
28718 1309251
8566 1309362
7109 1309607
3809 1311866
1041 1314494
18753 1314768
10592 1314948
8532 1315776
26668 1316777
16839 1321840
28370 1322329
29862 1322757
16469 1323209
9255 1325423
3899 1330419
26702 1330904
4704 1332134
8372 1333656
3746 1334008
21502 1335019
17096 1336211
24238 1339327
8912 1339733
23119 1340848
20568 1340931
11590 1341875
8880 1345967
14110 1348723
27923 1349219
16696 1350911
14043 1351454
21509 1351492
18179 1352143
17653 1352454
26466 1353626
12714 1354113
21234 1354239
22001 1355215
19042 1355707
14469 1355886
12887 1356861
25908 1361248
16386 1361450
7448 1363694
28055 1365138
29952 1366666
19707 1367654
10783 1367683
27160 1368202
2664 1370312
7600 1370740
5126 1372236
5211 1373960
97 1377123
7999 1377228
4513 1377924
7052 1378936
28380 1379514
16477 1382235
7292 1382280
14885 1382843
7857 1383028
14679 1386694
28453 1387361
19027 1388102
6515 1388292
25713 1388409
18412 1389563
933 1389736
3996 1389749
4720 1390225
15360 1392019
12337 1394101
14772 1395720
27525 1396660
3815 1397121
3200 1397380
10795 1398270
25854 1400395
13028 1401870
4214 1402541
17829 1404335
8039 1406264
12078 1408751
28524 1410874
14432 1411792
20576 1415049
13062 1415151
22479 1415319
1065 1416841
3686 1421728
12052 1421819
18725 1421998
20406 1423908
7262 1425307
19538 1425917
24733 1426233
25528 1426965
19165 1427402
16559 1427621
4160 1431520
2107 1432710
18943 1433376
27785 1433972
21405 1436327
20200 1438148
8614 1438446
28514 1440020
14158 1443241
21232 1444250
20234 1444525
11282 1446924
17059 1447531
15613 1448369
20224 1449040
6453 1449702
2596 1451253
16584 1453785
29967 1455004
13548 1462293
27221 1463434
3878 1467716
28594 1468118
6792 1472072
12326 1472999
12966 1475034
5497 1477257
26670 1478714
27695 1480470
27267 1480994
9371 1481224
15361 1482076
25807 1485156
1619 1485245
27490 1485376
18568 1486085
5223 1486304
5377 1487539
4863 1490868
27653 1492113
21428 1492168
28330 1492578
22986 1494481
12168 1496320
24977 1496745
8559 1498399
22224 1499867
9082 1499977
27548 1500945
3641 1501357
28332 1501660
27449 1502111
9468 1504672
6002 1505986
9110 1506000
3193 1506710
2791 1506807
11661 1507717
7356 1511354
12036 1511803
10445 1512421
25143 1512701
16523 1513024
9472 1513635
6450 1514103
14063 1516257
23211 1519468
26043 1520427
15131 1521860
6494 1526728
13866 1527746
23344 1528056
7221 1531469
15080 1537462
17405 1538955
16562 1539170
12779 1539467
26765 1540038
28195 1545210
24466 1546020
2776 1548570
19755 1550184
22185 1552465
24901 1553739
18351 1554748
8982 1556454
9215 1556950
10351 1557696
19697 1560255
22229 1561558
16191 1561599
22169 1563387
19158 1563481
20036 1563483
9716 1565229
3987 1566131
21106 1566894
2834 1567268
1709 1568412
17425 1568960
1059 1572081
26013 1572794
12386 1574416
15790 1575111
9840 1577352
826 1578507
7371 1585560
19067 1587134
9279 1588510
12635 1588905
7908 1596464
15797 1597409
19729 1598481
944 1600286
1348 1602109
13257 1603486
18411 1603791
25942 1608743
137 1612408
28777 1612665
15346 1612944
23800 1613698
9829 1617727
13983 1619887
1194 1620239
26276 1620613
4898 1622094
12206 1622352
27079 1623967
2462 1624671
17478 1629043
23349 1631056
2905 1631316
28348 1632440
14454 1633008
3806 1634603
4085 1635360
16195 1635678
2058 1638685
815 1639646
27330 1640129
19161 1640900
14782 1642048
20270 1644619
11683 1647791
11831 1649166
29030 1649340
1298 1649876
1445 1650067
255 1650605
797 1651247
17312 1652118
310 1657768
29218 1658387
16749 1659297
7071 1661573
4451 1667646
20306 1668575
27037 1670638
12240 1671041
18163 1673310
24450 1676490
5469 1677450
9336 1678662
24930 1679026
2212 1680389
6030 1680987
18773 1682984
20122 1684021
18189 1684248
17621 1684960
26103 1685904
8472 1687658
24516 1690621
28354 1691227
25300 1696846
23870 1696902
29280 1697293
26760 1698138
24970 1698427
26297 1698771
11820 1705623
1002 1706275
25542 1706873
27705 1707548
18070 1708078
2590 1708722
24060 1710090
24598 1713078
7836 1715599
19806 1717020
9393 1719072
22785 1719687
25895 1722160
8258 1724580
26604 1724862
14852 1725509
8363 1725629
13197 1725696
26 1726316
4241 1730521
1748 1731328
14801 1740779
17136 1741109
1122 1742162
21787 1746315
13141 1749030
15140 1751878
7293 1753099
14584 1755245
2197 1757336
17498 1757880
17102 1758960
3757 1759818
2869 1762276
21177 1763431
19002 1763842
28543 1764754
29932 1767071
26434 1767344
22519 1768456
10968 1768552
1231 1768655
10347 1771978
9625 1773042
8232 1774495
20596 1774910
29004 1776519
22449 1778128
17506 1778330
8890 1780164
3506 1782914
17076 1783145
21349 1785513
7801 1787241
1934 1789414
13721 1790761
16553 1792247
12238 1793937
18152 1793952
23530 1797558
2801 1799705
22565 1802555
10881 1808833
3438 1812439
1597 1816054
24967 1816786
22605 1822080
8561 1822379
6141 1823027
2918 1823093
5647 1825096
22430 1832375
8072 1833172
5812 1833702
9995 1835191
27337 1837033
20121 1838001
16049 1839413
26227 1839482
24531 1842138
18928 1842353
422 1846026
856 1848868
22990 1849400
14512 1849987
10439 1851586
21607 1854545
741 1861186
13395 1861988
25519 1863662
1216 1866663
4143 1869459
23513 1870116
5650 1870438
6417 1871128
11877 1872800
14404 1875768
14694 1877311
26599 1877963
10701 1879073
21438 1880984
29745 1881936
21128 1883086
6014 1883735
13950 1883860
29590 1885371
3106 1886304
5887 1888043
21057 1888312
26593 1888680
10008 1888813
5702 1890753
9578 1891881
1321 1894066
19413 1895977
2014 1896928
27413 1900531
27119 1901319
1886 1901779
23023 1902922
22326 1903068
7018 1903367
13159 1903644
28252 1904772
242 1905864
3923 1907150
21828 1908243
15234 1910406
29267 1912864
6441 1914819
2343 1915481
14034 1919037
8603 1919503
26990 1921392
4895 1923140
23175 1924630
4406 1925192
22959 1928638
19965 1929082
4780 1931461
19563 1932273
15325 1932362
29506 1934883
543 1935361
22810 1935583
15929 1938297
1626 1940371
20753 1943205
13839 1943314
20540 1944665
11456 1948753
3028 1950824
1421 1951347
2530 1952895
15619 1956287
29881 1959765
24290 1962850
10652 1963924
3463 1964898
7608 1965903
29892 1965990
27314 1967656
19384 1968432
2226 1969468
10310 1970607
1878 1973269
23996 1974213
23503 1974374
2785 1974727
8471 1975367
17757 1976635
3475 1976983
60 1979259
29286 1979488
18406 1982592
19906 1987551
14058 1989995
16955 1991704
17021 1992226
24393 1992926
12067 2001164
5171 2002322
134 2002889
10168 2004012
21620 2006464
15184 2007569
21557 2008245
28897 2008342
4112 2013588
18828 2014044
29457 2014961
24185 2017347
20655 2019758
5060 2020315
27193 2022176
16414 2023079
14412 2028778
27711 2030248
21859 2030855
29994 2033554
24294 2034369
20154 2035274
15799 2035367
14645 2040370
15883 2041397
8214 2041568
24908 2042924
9561 2044045
24689 2044149
18489 2045407
13738 2047224
3416 2051668
26242 2054547
27215 2055336
17996 2056060
2383 2057021
21651 2057732
29201 2058097
25868 2061008
28800 2062014
18463 2062033
13791 2062451
19494 2063560
15664 2069819
13658 2072017
15200 2075072
6243 2075448
28745 2077635
11826 2078461
17792 2078565
24453 2079230
27979 2080527
20614 2081270
13408 2082669
544 2085378
5859 2086985
4613 2087027
11223 2087473
1424 2090012
11921 2092109
9792 2092859
20273 2093117
21969 2094603
25949 2094980
15546 2096053
11381 2096550
20979 2098689
3176 2099015
16219 2099025
21131 2099777
11552 2101369
3997 2106788
19221 2107605
19646 2109721
23511 2110470
549 2110502
3543 2111668
27217 2111894
5752 2112680
11520 2112941
8968 2114260
7582 2115974
17985 2117029
2897 2118383
9803 2121087
20921 2122098
28574 2127436
8828 2127448
14236 2128416
12605 2130950
9641 2134019
6983 2140157
9739 2141052
25119 2143893
10324 2145740
26972 2147019
20718 2148250
1459 2148363
5308 2149160
11099 2150876
24628 2151870
11004 2156844
2524 2160508
21338 2160768
3380 2164012
10033 2164868
5420 2166557
24768 2167910
20385 2168822
4796 2170086
13690 2170754
9508 2171510
541 2171998
5710 2172774
27582 2173081
7826 2173136
22517 2173902
20152 2174086
7980 2176215
6987 2178859
5833 2180459
6592 2184179
15914 2187021
28306 2187643
15125 2190134
1012 2191265
12780 2193397
5107 2194354
16545 2197327
22072 2198239
22382 2200212
28610 2200683
5663 2205379
17252 2206176
8713 2207944
8367 2208236
21665 2209064
22466 2211844
14593 2213800
13715 2215124
28748 2217598
21343 2223834
6393 2223896
19922 2225337
20604 2226561
28913 2228673
26829 2230995
28342 2233218
14598 2234030
25900 2237497
6912 2237846
19845 2238504
13405 2238599
9378 2239296
26346 2239318
11986 2239327
20745 2239354
4379 2240650
19423 2241171
2536 2241230
3672 2241494
14088 2243068
10904 2244742
14435 2245104
14790 2245961
29538 2248320
26918 2250421
3143 2251494
27252 2252027
1535 2253029
5236 2254489
29523 2255614
25491 2255870
27401 2256136
14315 2257242
27247 2257718
8707 2260407
6759 2262628
18701 2262719
2321 2263082
28376 2267406
8669 2268243
9186 2275506
28616 2283151
18738 2285124
12202 2287486
14681 2287793
18805 2288857
24749 2289113
2720 2290086
15550 2291214
24874 2292866
24585 2299690
28979 2299959
708 2300559
26141 2302198
19823 2302613
22772 2305339
11606 2306060
15978 2306832
23645 2309984
1754 2311101
29834 2313031
25458 2313945
19696 2315477
5470 2317553
22017 2318238
24564 2318441
14152 2324808
16133 2324953
22092 2325922
26334 2327557
11082 2328033
29371 2328500
27412 2330070
27901 2331494
16082 2335184
5260 2336444
24235 2337022
25019 2337096
11676 2338049
6075 2340644
470 2341859
6866 2344289
16352 2346339
22863 2349414
29281 2350129
20659 2350789
18362 2352472
19103 2356690
11327 2357112
1628 2357216
24979 2358150
29202 2358432
5052 2358488
13041 2359593
18246 2360451
67 2362148
27168 2366667
19451 2366911
26328 2368921
24750 2369277
5412 2371590
29333 2373564
28785 2376156
7367 2376479
17117 2378359
2519 2379577
17193 2383355
14044 2386889
10346 2386921
7069 2388606
15308 2388770
3968 2389740
3767 2390104
15988 2391361
25381 2392475
24011 2393482
17691 2394991
16383 2395461
25513 2396457
17328 2398473
23688 2399701
23835 2400369
17451 2401006
14207 2402312
14234 2402894
15246 2403148
26786 2403162
24715 2407678
29306 2409180
8755 2409328
10985 2410976
3431 2420539
7584 2422568
15076 2423805
19973 2425718
10645 2426200
1337 2426449
12643 2426602
12172 2426718
15641 2427287
8756 2428429
16393 2429018
7031 2430611
805 2430894
20635 2431702
13163 2431844
5241 2433811
8308 2434120
13767 2434737
28395 2438803
14378 2439750
22806 2440152
19303 2440980
20312 2442131
7266 2443813
9003 2446301
12286 2450652
25081 2451957
16510 2454191
25232 2456198
8096 2460665
7753 2462610
9604 2463063
1721 2463951
12766 2464742
251 2464827
13200 2465870
16128 2466671
807 2466743
14354 2468134
10479 2470088
22581 2474950
17397 2475267
5821 2475553
8494 2477566
25898 2478755
756 2478841
15396 2479025
4587 2480238
11869 2481413
13502 2483421
23026 2483555
11181 2486454
9732 2486506
29227 2487167
25795 2489196
5348 2489719
28247 2490185
14883 2491608
9160 2492518
21461 2493021
25013 2495238
27540 2497918
23363 2505260
17450 2505871
1347 2509172
26800 2509420
2314 2509975
6461 2510669
13901 2512231
7028 2513279
29565 2516155
20339 2516977
15402 2517233
20429 2517352
433 2517585
12278 2517746
1242 2519244
5580 2520407
2480 2521503
23413 2521896
4387 2522254
16981 2523034
2732 2524599
5332 2524681
26828 2526782
14423 2527114
15744 2529469
25249 2533545
4306 2534795
28606 2534869
21118 2536875
9106 2540776
4238 2543376
1784 2543531
9943 2548998
10066 2550471
23172 2552129
384 2552403
28255 2553111
2794 2553591
2418 2553722
25555 2554198
22643 2555123
20587 2556124
23930 2556585
16848 2556665
6012 2557167
12576 2557554
3153 2558040
7260 2558694
15139 2559474
14249 2560429
28121 2562458
4209 2566732
25497 2568949
25205 2571207
24145 2572490
18335 2572525
8059 2573329
6469 2573891
4630 2578229
12408 2578967
14862 2579515
5593 2583232
8068 2585756
7895 2586723
18353 2587211
23664 2590673
16358 2592228
22212 2592275
21573 2592913
1139 2592989
16551 2593653
22454 2594685
3713 2594812
11215 2595242
15970 2597139
28709 2598090
12169 2598877
9862 2598893
11616 2599027
15417 2600038
23218 2600066
18497 2600528
16153 2600562
14203 2601096
19938 2601969
23461 2602663
311 2603012
7706 2603275
4123 2603641
25390 2603961
13939 2605568
2427 2608406
4975 2608506
7032 2608820
5866 2610162
8446 2611165
5263 2612161
27444 2613137
16909 2616164
14665 2616376
22496 2616868
6831 2618834
13362 2621996
17132 2623981
672 2624171
12025 2626806
2636 2626914
27962 2630032
21676 2631279
2269 2632040
15465 2633443
26162 2634826
22751 2635748
695 2637377
12165 2639565
9657 2639767
13057 2640124
1296 2641718
4009 2641775
20507 2642031
15406 2643290
7606 2644216
7034 2645490
10894 2647955
13273 2649254
5053 2651011
15191 2651578
5756 2653351
9226 2653659
16216 2656369
26548 2657219
1437 2662944
29001 2663075
19750 2663391
28226 2664160
29407 2666031
19528 2667027
6483 2668183
16475 2670598
9459 2670884
22621 2671271
236 2672812
25986 2673170
25822 2674887
4756 2675134
4407 2676185
19612 2676739
3801 2676792
22883 2678668
18762 2682187
28317 2685300
27855 2686405
4540 2695735
6581 2697167
26703 2697629
19836 2697728
17260 2697837
22974 2700068
19761 2700898
20600 2702125
16228 2703844
14922 2706566
16974 2707049
7794 2707539
9741 2709088
14739 2709556
17221 2711339
334 2711434
7484 2715108
22228 2723571
7879 2724228
1941 2727914
15617 2733243
17239 2733612
13815 2737991
4902 2738006
2264 2738916
15729 2739261
29379 2739567
2245 2740773
21228 2742263
24993 2743082
12023 2743991
28996 2744047
22156 2744117
1762 2748754
174 2748833
22299 2749105
12243 2749282
3138 2749422
26872 2754030
21885 2754577
3493 2762121
11016 2763428
16264 2763716
5007 2763899
14878 2769859
8978 2770259
22705 2772839
2180 2774332
5172 2775345
24839 2776798
15344 2778189
16958 2778205
3892 2779580
11022 2780475
14667 2782394
7392 2783016
3477 2787948
27112 2790082
9351 2793259
16865 2795713
18105 2798095
18005 2798154
1666 2799118
27551 2799240
28356 2800149
1201 2803124
23756 2803634
25824 2804412
14279 2804600
14552 2808002
22279 2809173
17813 2809260
1842 2809453
10726 2810753
27512 2811770
6902 2813331
26758 2813465
21921 2813639
6752 2815343
9852 2816156
277 2817851
26965 2828448
29000 2831504
24505 2832154
2350 2832441
3429 2832869
4742 2834860
19859 2836402
28145 2838273
8251 2840293
7090 2840834
14380 2841580
20586 2845679
12137 2847998
5797 2848169
12768 2852947
29858 2860471
12680 2861111
6 2865986
19304 2880859
12444 2881864
1889 2883232
13359 2883923
2156 2884844
1649 2885975
14727 2886302
9779 2888877
29948 2890482
27906 2890640
3252 2891763
19486 2895098
8451 2897511
3963 2900275
10163 2900540
26325 2905939
2041 2906407
7445 2909044
26785 2911355
19225 2911653
28352 2912783
9723 2916897
25952 2917772
22495 2920308
13804 2921347
10764 2921940
4036 2926131
3246 2926159
6284 2928548
1185 2933129
29360 2934675
21145 2937008
23977 2941922
27463 2945010
23760 2945973
21612 2947612
24996 2948177
11301 2948383
2407 2949324
20870 2949339
16636 2950016
6828 2950082
3105 2951975
25575 2955989
12199 2957037
11337 2957540
642 2958113
16505 2958153
10676 2959499
19088 2959746
15052 2959795
28977 2962029
16430 2962785
9001 2963247
20216 2965108
11147 2965593
7385 2966461
24101 2966918
25343 2972190
12153 2972227
18870 2973414
10937 2975960
27460 2978797
9256 2978996
15680 2980453
118 2983195
22158 2986749
13308 2986864
13851 2987286
2366 2988631
8430 2988815
9207 2994571
19822 2996553
23290 2997751
3737 2998832
4136 2999410
10681 3002004
12223 3006345
13270 3007483
11363 3008467
27442 3009640
20651 3010652
8895 3011289
24229 3011308
11285 3013488
28743 3015868
3402 3018950
5637 3019507
11934 3020598
5924 3020925
24852 3021107
16259 3021670
11122 3023413
21220 3025954
20809 3027077
8913 3027377
13127 3027515
18814 3032931
26034 3034000
14333 3035041
22560 3035294
12629 3035994
25085 3037898
9557 3038967
13212 3040631
3927 3041729
9277 3042287
26606 3043384
5117 3044048
18356 3044333
10555 3046411
17002 3049020
1335 3049962
15570 3053120
20390 3055607
28475 3057006
1250 3060009
19306 3060568
25221 3060585
13688 3061607
19982 3064830
6812 3068862
10366 3068895
10839 3069645
7238 3071895
6177 3071909
16298 3077862
16959 3079070
22779 3079626
131 3080578
11007 3080859
25722 3081270
6789 3084586
19509 3088415
14287 3090313
6472 3091175
1278 3091287
1766 3091376
4067 3093198
25006 3095896
22876 3097459
7307 3097693
4475 3098491
3485 3100189
20856 3104303
1611 3106574
23343 3106718
2011 3108538
2420 3109185
23843 3110560
21154 3112609
17742 3112839
26441 3113759
2837 3119137
27753 3119304
28377 3120142
26053 3121640
9607 3122927
21797 3125164
15704 3127124
12049 3132346
22951 3132483
23547 3133072
22419 3133863
27578 3134690
28484 3135094
7592 3135644
18276 3139650
20021 3146120
17824 3146159
28578 3146808
16 3147161
22665 3148078
14581 3148891
22899 3149988
25089 3150500
26899 3152856
13643 3154735
16992 3156466
7586 3157355
21337 3158666
28416 3162315
24363 3165381
2098 3166458
21205 3170949
23849 3171418
1840 3172626
4075 3173111
23890 3175148
14607 3175249
16324 3175518
21180 3177327
14459 3178700
5283 3178929
29599 3181360
21814 3186545
4395 3187393
18485 3190163
21360 3190254
4480 3190359
7927 3190940
19226 3192209
22498 3193033
27139 3196821
13310 3197263
1495 3199770
859 3201065
5634 3202118
17888 3202953
27951 3203666
29316 3205201
3001 3206244
26966 3206896
35 3207824
2649 3213742
20007 3215196
28697 3218546
7082 3219074
9757 3219976
8049 3220076
29734 3221052
21441 3223409
18123 3226053
23483 3228267
1049 3228814
5416 3233314
11493 3235351
27957 3238605
20726 3238745
4749 3239922
15508 3247120
12792 3247255
25599 3247290
9968 3248332
19548 3249862
13233 3251380
7240 3252362
20308 3253605
23184 3254255
29057 3254729
26684 3256755
29253 3261162
27082 3263236
7901 3264985
27036 3268342
2262 3269530
23711 3269806
25007 3270370
25496 3270670
928 3273744
24126 3273787
21249 3275244
27628 3275582
9249 3276394
3483 3277339
11364 3277986
5447 3279217
25304 3279280
15736 3283815
22036 3284316
20046 3284455
3704 3286939
14264 3287187
4456 3288325
907 3289021
18283 3290268
29760 3290959
25021 3293784
3537 3293820
23124 3295716
19228 3299582
8322 3300659
24001 3306898
2641 3307338
4466 3308175
24642 3310140
17140 3312913
29460 3316646
5965 3316759
10410 3317794
29578 3324038
22016 3324816
13949 3328177
18360 3329035
23555 3330042
10598 3330843
18317 3331110
2381 3333756
29750 3335786
7302 3336766
9430 3338761
4854 3339744
19886 3340458
2345 3342645
24542 3342824
1332 3343006
11313 3345761
4880 3347213
16758 3349093
18482 3351111
27647 3352320
974 3352537
14087 3352831
1269 3354455
14710 3355014
28022 3355916
19293 3355917
20223 3356475
4450 3358277
20523 3359243
15020 3361332
28928 3362764
6299 3364152
5010 3365173
1221 3368601
27708 3377379
346 3377887
29621 3378183
22647 3378278
27824 3378565
12279 3380072
21385 3380846
20822 3381298
9439 3382139
15851 3384137
10311 3385080
9720 3385350
20281 3385835
2178 3386017
6467 3386488
15383 3387609
26516 3387663
25247 3392074
2609 3392632
4628 3394237
14588 3394769
25132 3396288
867 3396479
5676 3398597
15099 3400632
4053 3400658
29702 3400958
6851 3403209
29909 3403601
13202 3405701
27408 3410504
20746 3413029
439 3413218
19360 3416799
758 3416828
4998 3417984
3070 3418451
29373 3418579
18103 3418661
2675 3419704
8920 3420374
14562 3424379
1862 3424997
13296 3426037
8775 3426574
7483 3426704
19558 3429046
20709 3432608
28028 3434147
3247 3434316
7665 3435790
20647 3436668
13577 3437110
6071 3437864
24427 3438153
27669 3439003
12113 3439286
9301 3439333
12302 3444788
16177 3446863
2311 3447142
2306 3447763
22166 3449028
21060 3449573
7003 3449585
17476 3450452
3569 3453731
27612 3455494
3974 3457339
17368 3458370
18088 3462060
18873 3462565
25977 3463165
3685 3465502
17589 3465725
24492 3467643
20556 3470754
2454 3474652
20620 3475704
27615 3478313
23568 3478837
195 3479853
14111 3480441
18969 3481074
11874 3481506
6985 3485814
20621 3486711
26660 3492816
11748 3494633
28835 3495009
14408 3497553
8235 3499411
22623 3502062
22993 3504944
21876 3507147
4457 3508769
15124 3509063
25606 3509914
2396 3510447
8749 3510909
24156 3511995
8351 3521883
18665 3522749
2602 3527593
15885 3527594
295 3528382
28944 3541462
7869 3541923
18653 3542280
16442 3543996
20990 3545235
15129 3545952
26171 3546301
21079 3547831
12293 3548144
22575 3549140
26690 3550506
20545 3553007
22476 3557667
28671 3561099
17126 3561455
9722 3562221
17489 3566087
26771 3566667
2817 3568175
14062 3569554
513 3569850
15625 3573089
7957 3578402
8339 3578533
770 3583093
10323 3583655
24281 3584036
12315 3586284
7850 3587491
5353 3588711
17936 3588731
7411 3588791
8081 3589569
24600 3590852
14039 3591230
19288 3591271
11250 3591499
7132 3594293
22601 3594535
13650 3596462
10067 3596638
27691 3600987
26635 3601281
5104 3601746
15214 3602292
27975 3602490
9137 3606327
2651 3607943
20690 3608383
18262 3608559
16488 3610727
12742 3610823
28096 3612842
1067 3616963
6486 3618189
29605 3619798
26808 3622129
17547 3624186
6319 3624412
28094 3624522
21320 3625845
11367 3627845
16954 3629876
24846 3633981
17305 3638551
10559 3638875
11969 3639947
14430 3639970
7603 3644332
29980 3645172
18409 3647316
24699 3649300
25408 3652492
22636 3652814
9780 3653418
13517 3659734
1406 3660212
11055 3661537
2501 3662285
29077 3662336
18426 3664777
18708 3664889
25164 3666926
9947 3668995
3849 3668997
26537 3669208
14784 3670226
28925 3671449
11071 3674015
12354 3675183
8243 3678901
9285 3680746
10210 3681904
1124 3684115
28900 3684554
28467 3686459
20529 3686748
22506 3688473
23480 3689819
20949 3690696
29438 3690971
17720 3693976
1985 3693988
1430 3696289
28207 3699933
10056 3700200
8376 3700664
17502 3701324
7365 3701671
8515 3706075
27911 3710260
5124 3710358
17227 3711277
3306 3712214
18322 3712802
9241 3717745
6398 3721100
23075 3723468
21117 3724054
28877 3724776
10532 3725126
14305 3725931
22681 3726887
20874 3726909
19180 3727711
2595 3727941
19051 3727957
3291 3728178
6673 3728876
6474 3729239
25593 3731797
17882 3733642
8281 3735394
20175 3736693
8002 3737311
751 3746192
21374 3748581
20793 3748991
2940 3749483
29220 3750304
18280 3751035
15576 3751195
29435 3752815
26176 3754833
17927 3756179
781 3757502
8063 3759178
938 3763151
8822 3764286
27876 3765111
26063 3765913
22226 3769441
2183 3769793
834 3771437
18625 3772403
13029 3772847
27504 3774507
4349 3776320
24019 3778344
25741 3779350
7424 3780263
24029 3783360
11229 3784412
7199 3784690
21442 3786349
26541 3786577
10036 3792136
2826 3792516
2128 3793905
11901 3794174
29922 3794872
20462 3796777
480 3798133
111 3801329
19019 3803480
3896 3804844
18389 3804954
23978 3805126
24033 3806557
21803 3806763
28607 3807321
15587 3807692
9622 3810048
12679 3810439
17291 3812151
16723 3813020
22587 3814571
3874 3814736
6493 3818910
4612 3820946
23120 3821803
24120 3821892
14592 3822579
27580 3823419
14744 3824487
28035 3824511
14953 3827066
19283 3829087
14713 3831833
11312 3835725
14405 3836925
18698 3838020
17267 3838566
27280 3838594
11120 3839850
4692 3840394
5997 3843080
29930 3844948
7591 3848503
28526 3850466
9615 3850604
4337 3853442
7140 3854735
19605 3858434
13669 3858533
24873 3859162
28922 3860510
26796 3861124
18227 3862492
23253 3862831
26306 3864949
28851 3866113
11230 3866154
6174 3868646
25499 3869523
20375 3869668
27853 3869995
14832 3870546
24711 3872080
103 3872748
10811 3878476
24646 3879498
3699 3881953
17678 3883481
9820 3886759
8435 3888443
11139 3888631
2158 3891050
19438 3892900
19132 3892982
20674 3896477
12541 3899219
12058 3901262
4165 3903810
5028 3905479
6213 3906118
9701 3914430
22494 3916182
24344 3919222
8639 3920815
19136 3922424
15605 3923248
1760 3923822
8402 3925157
465 3930075
7610 3930151
22672 3936603
5219 3938509
22396 3941812
6026 3943533
279 3943567
3130 3944191
10065 3946284
12217 3951197
20057 3952968
7332 3953157
18471 3957015
11032 3957790
13796 3958073
7727 3959084
10152 3959570
10544 3961956
16806 3962193
2716 3963133
14735 3965052
12270 3965256
9764 3966919
26991 3967377
29285 3967523
6018 3969308
5878 3970127
22949 3970191
3693 3972311
21505 3976425
28920 3976719
26160 3980507
28918 3983881
7766 3984065
29796 3984208
27974 3986151
3422 3988502
22053 3988528
6496 3989238
27276 3990424
21868 3992959
24016 3995178
25002 3995501
25504 3995840
7012 3996013
16033 3999597
673 4001266
7858 4003622
11298 4005682
25327 4008402
25389 4009403
26910 4009828
4182 4012924
27964 4013498
23108 4014894
10602 4020868
19739 4021241
7536 4023412
358 4023639
20716 4024772
6643 4026575
4224 4028635
1809 4029150
16144 4029330
6257 4029555
27801 4030078
21105 4030575
26005 4032342
27930 4032621
3911 4033121
24576 4033932
23759 4035909
21024 4036535
12289 4038915
21565 4043388
15296 4043996
16252 4044340
6708 4048290
2404 4048405
18654 4050439
13332 4050602
2356 4054328
20198 4057111
5456 4057898
19421 4058248
10285 4059394
12896 4060546
20515 4061446
24246 4062811
4258 4064428
27870 4066341
21114 4068626
14940 4069082
26854 4069482
6649 4072126
23094 4076169
9921 4076281
29902 4076363
27421 4076596
23030 4078102
17041 4078822
9502 4079545
29200 4079760
418 4084638
15912 4085644
22510 4089002
2606 4092603
1399 4093627
8105 4093910
683 4094008
19473 4095564
29929 4099117
10453 4099122
28190 4101806
21172 4101912
25475 4103537
13039 4106465
23061 4107627
13455 4110769
7135 4113674
4099 4114734
3945 4115605
2039 4116901
18151 4116961
21425 4117619
19630 4117833
18877 4119106
15780 4121491
14076 4121736
10534 4127366
13481 4129396
8897 4131687
26270 4134684
4809 4135072
5041 4135589
4200 4136091
23781 4136961
26958 4137113
10181 4137759
17560 4138555
28924 4140813
4718 4141842
28669 4142829
2802 4144579
24038 4148723
11929 4148857
25655 4149576
12329 4149753
16874 4150546
27735 4151333
8780 4151413
20461 4151535
19007 4153250
19239 4157680
10452 4158122
6937 4159629
14771 4159764
21769 4159815
22819 4160182
23372 4162215
2394 4164225
2171 4165035
4730 4166323
8421 4166347
21356 4166443
9251 4167389
16645 4167976
14686 4168533
21685 4168878
26925 4170706
20605 4173194
24423 4174552
23942 4176117
3972 4176970
25486 4179858
13456 4180431
22793 4180529
28937 4180714
12161 4181416
1757 4182688
12294 4184470
4401 4184762
16824 4187744
20133 4191837
6062 4192000
26398 4194164
24395 4195711
19333 4199888
19668 4200679
20577 4201507
8579 4203228
25931 4203315
6516 4204355
29755 4205920
8994 4206561
1087 4206747
224 4207942
12393 4209804
17780 4211636
9212 4212602
17273 4221320
15057 4222989
26181 4225068
12747 4231412
2626 4232837
21906 4235600
6642 4236206
24268 4236665
26725 4237464
7577 4245231
26425 4245537
19003 4249708
1697 4253756
12325 4257232
13912 4257463
10117 4257583
5700 4259414
24113 4260674
10079 4260981
17087 4261260
6024 4262924
18468 4269499
29805 4269504
16985 4271154
18718 4272560
6153 4273574
6766 4275587
10063 4276512
20271 4282205
24963 4286902
22152 4286999
12898 4289756
2274 4290002
20923 4291611
20516 4293671
28701 4294231
6370 4294419
1233 4295308
19472 4297764
24228 4298814
23152 4298826
27387 4300600
18963 4302873
22193 4303388
10940 4304773
28976 4305098
7306 4305368
3131 4308524
7317 4309522
23748 4312008
3065 4316240
26821 4317626
16209 4318090
23259 4318559
14911 4319326
13996 4321297
7472 4328415
17630 4329754
28531 4330743
155 4333148
5572 4335530
10950 4340097
8772 4343254
3037 4343689
11833 4345193
7742 4345222
28865 4345699
2763 4346568
5597 4347255
2403 4348118
22354 4348947
16688 4349537
22897 4354495
3083 4357290
26232 4357717
17702 4359821
19431 4362528
1509 4362568
5406 4362879
10566 4365629
1871 4366505
23107 4366734
1302 4366990
29197 4369213
12380 4369688
10165 4370728
29146 4371134
12333 4371448
22280 4372588
18038 4372749
2200 4372889
27133 4375737
5318 4378853
7269 4386741
29340 4387349
24473 4387695
5705 4390196
27602 4391962
19926 4392366
27329 4394825
23809 4394848
23509 4398602
26987 4399432
9474 4400462
12475 4401604
337 4403380
26284 4405687
5858 4406200
9094 4410332
12031 4414543
629 4415424
524 4415860
21077 4421243
5280 4422875
25481 4424842
24254 4425399
399 4429005
11640 4429319
24735 4431464
19744 4433150
29893 4434279
19971 4434343
18628 4434741
11431 4437629
29645 4439514
8255 4439776
4269 4440754
14848 4442582
14050 4443344
22813 4443934
2074 4443938
18604 4446054
6307 4448262
27736 4449675
18050 4451205
25936 4451647
21674 4456518
12348 4456934
13604 4457798
17651 4459187
16327 4460503
21279 4460753
27156 4461830
18836 4462392
8543 4462861
1660 4464057
3206 4465657
20025 4466902
25386 4467256
27751 4468571
24827 4468876
1360 4470925
18917 4473996
7466 4474450
22090 4477072
25170 4479057
7989 4480900
12257 4481352
4999 4481751
16964 4482885
16743 4483690
2615 4483714
23924 4487617
8889 4489697
2342 4492447
338 4494563
5753 4496786
27048 4498288
25586 4500108
11021 4500680
15501 4502841
20195 4504455
24643 4505812
16242 4505909
8502 4508891
6844 4509112
17743 4509565
25935 4512162
21223 4519410
22478 4519580
16857 4520224
814 4524238
13380 4526585
20364 4527391
18547 4529589
6510 4529822
20684 4532324
23951 4532740
326 4532817
21568 4533162
9917 4533310
1982 4534289
3331 4536214
70 4538219
21058 4539808
8496 4541031
26299 4546935
8574 4548931
19799 4559596
4093 4561229
13770 4562389
23460 4562875
13013 4564438
12975 4572159
4426 4574042
12117 4579753
7963 4580029
15877 4588255
29087 4589564
2070 4589733
28109 4590001
1956 4594188
6624 4595411
15509 4597228
8523 4597911
7099 4599464
4848 4599683
14416 4599865
15130 4600039
5407 4600678
23081 4600933
24083 4602763
13570 4605299
18199 4607205
12785 4615720
5601 4616826
7080 4618523
9006 4619814
22725 4620975
4262 4621781
10364 4622922
13095 4624373
3113 4626419
24158 4628076
13644 4628851
1310 4630938
7161 4631182
13764 4631255
8185 4631647
16232 4632740
5499 4634472
11654 4636508
25754 4637329
11320 4638270
21101 4639894
25726 4640431
13473 4640450
23389 4641493
13194 4642283
14424 4643992
26831 4647229
2164 4647548
2023 4648376
15594 4649316
2934 4649607
766 4649849
16342 4650070
365 4659127
19186 4659784
9688 4659996
29439 4663889
21206 4664520
18686 4669809
4813 4670238
5809 4678739
24736 4679917
29498 4681608
2444 4686635
849 4688840
23541 4690303
15518 4694098
2709 4695229
6639 4696386
17499 4697314
25109 4697895
1341 4700491
8004 4701415
18605 4702833
13289 4710480
25714 4711554
22447 4711630
583 4712862
19507 4718598
28152 4718610
14754 4719788
20752 4720796
2870 4724495
11184 4724986
1004 4725124
21081 4725369
29518 4726059
23632 4730027
742 4730645
1960 4730887
11857 4731542
27415 4731769
16221 4732366
9795 4732849
12426 4735392
12939 4736190
1779 4736390
697 4737688
27025 4742542
7976 4744926
16065 4745800
11393 4747113
2859 4747278
24172 4747983
22393 4749850
9499 4750657
588 4750988
4845 4752505
16201 4752646
24589 4753626
5865 4763341
6513 4765395
6514 4765673
27717 4766932
28059 4767272
9045 4767875
5716 4768133
29691 4768444
24811 4769618
15725 4772921
25361 4774145
18680 4774437
11133 4775841
20047 4776700
3353 4778153
11189 4778946
11185 4780104
27944 4780301
23743 4781325
3711 4782335
17309 4784690
10791 4784724
16345 4784759
24045 4785557
26189 4790647
10905 4791897
2347 4793486
1681 4794070
20675 4794712
5206 4796665
1075 4798029
10340 4798596
2888 4798860
19959 4800139
14945 4800995
11369 4802893
7501 4806475
22816 4807279
17022 4808890
20001 4809500
24217 4810913
23496 4811482
18243 4811709
1443 4813487
17587 4814138
21902 4817503
25366 4817503
6975 4817599
18221 4818013
5728 4820367
27586 4820598
10092 4821007
3650 4821142
18597 4822806
28545 4824603
10428 4826856
11508 4826991
10400 4827150
21856 4827563
3467 4828031
12094 4828413
13377 4828554
11865 4829991
26545 4830770
19882 4831141
20850 4831946
27400 4833221
846 4833403
26689 4838028
19623 4838384
16375 4840029
25345 4842384
10785 4843649
2534 4846094
16341 4848197
24462 4848301
24549 4848908
8156 4849347
28826 4850299
22914 4850527
18506 4852605
667 4853598
13142 4856841
22343 4858791
8777 4858933
20877 4860723
10859 4864283
25332 4866760
23915 4868921
13778 4874664
24612 4876435
5777 4877660
20444 4878034
11072 4879130
10941 4881712
189 4882344
22687 4883713
9771 4883777
2290 4887111
26280 4887652
11776 4889842
4499 4890259
24799 4890947
26453 4891362
15653 4895193
14957 4898263
17123 4898927
888 4901288
6442 4904640
13913 4906478
19955 4908918
24502 4910171
6783 4912437
9665 4912943
6152 4913506
1593 4915417
13641 4916905
2843 4921557
25042 4923155
4503 4926375
1249 4927618
25666 4928872
11172 4930182
16617 4930806
22724 4931821
20897 4932546
23668 4932884
28580 4932910
27502 4933109
25681 4935079
699 4936791
20902 4940660
5584 4941421
19895 4944722
3392 4949663
9527 4949707
29068 4949871
24329 4950145
4678 4951304
6260 4951842
4590 4955656
28019 4961025
19957 4961846
27926 4962322
11212 4963266
7711 4965999
17860 4966675
27081 4967193
9187 4967251
3692 4971299
28586 4972626
28637 4977339
10900 4977613
24342 4978877
25919 4979876
19815 4980110
24786 4981440
23371 4984109
5798 4984264
2495 4985226
11265 4985563
20573 4986037
2193 4986865
14939 4987885
24321 4988085
22652 4989418
21579 4990495
13955 4994765
29763 4997420
16684 4998154
21070 4999575
24605 4999877
13831 5004895
27920 5007126
272 5008930
18078 5009955
19531 5010161
21854 5010293
7341 5010483
1827 5012768
17937 5013578
8486 5022080
2138 5025278
21457 5025295
23921 5025930
727 5027090
8720 5027750
96 5027870
15056 5033778
27077 5035114
1478 5035866
6351 5037911
38 5040209
13014 5041567
29307 5042061
3981 5045932
24212 5047379
19324 5048731
20132 5049287
15249 5049669
16233 5050315
4506 5050573
14532 5051694
19083 5052677
14868 5056746
13552 5059605
500 5060289
11295 5060779
16814 5061577
17363 5066554
15628 5073140
21282 5074358
9218 5080095
19606 5080638
19796 5080927
17448 5083564
20509 5084734
3376 5085107
5319 5086006
613 5087423
416 5088178
26969 5088408
16785 5088888
27479 5089623
29971 5089868
23148 5094235
25840 5096544
13341 5098472
18020 5103681
19664 5103715
17636 5104458
19742 5105157
3683 5112061
14518 5113046
29015 5113392
28316 5114866
14501 5116488
9339 5118410
1259 5121533
9202 5127948
16799 5131287
23569 5133415
10450 5134158
4568 5134562
10536 5135818
14583 5136495
24455 5137207
19913 5139924
19649 5141278
7541 5141928
2059 5142117
7809 5142293
16503 5145442
19169 5145934
9953 5147097
8147 5150582
23989 5150986
4293 5153894
27216 5157008
12382 5157830
27097 5158685
23717 5159607
28287 5161382
21447 5165728
26510 5168996
29887 5170280
1739 5171940
13243 5173365
7128 5174232
28614 5175015
14238 5178566
3249 5179200
16157 5182381
1442 5184583
16968 5185581
19012 5187022
27254 5188049
23273 5190650
21188 5190746
12034 5190768
22998 5191463
11443 5191969
22436 5192456
4683 5204537
20960 5210821
17039 5213223
8259 5216749
7359 5217467
27730 5223795
4974 5226330
5656 5229162
22252 5229429
19670 5235518
2653 5236240
8044 6294692
8299 6295144
28643 6296103
20785 6296587
8350 6296707
13613 6297792
20881 6300347
14696 6301329
23497 6301968
14410 6303623
2201 6303767
5125 6303926
29900 6305731
16838 6305742
21163 6307519
23868 6309257
3841 6311360
4415 6311408
14233 6311748
25663 6312039
4765 6312622
23796 6312635
14564 6314957
6193 6316950
21151 6317433
25872 6317465
26390 6317702
853 6318319
18673 6319208
1613 6322497
26237 6328519
1781 6328869
647 6329912
29669 6331132
7417 6331175
16869 6331369
3067 6332125
665 6333481
6042 6334308
12473 6335812
12954 6336015
6909 6336041
15984 6339867
23135 6342635
4199 6348987
7926 6350058
18269 6361599
20794 6363206
671 6363514
1382 6364496
3270 6364825
15382 6365389
8598 6366354
703 6368018
7198 6372853
16457 6375426
16374 6376916
214 6378009
14781 6380098
26755 6381837
16409 6382670
19827 6383641
26893 6386955
10734 6387539
1797 6387781
17633 6387880
24267 6388152
21324 6388544
29399 6389878
12626 6390713
12221 6392181
20951 6393636
11504 6394762
22543 6396007
6817 6397592
7091 6398914
12915 6398964
16097 6399238
16337 6399847
29141 6401226
10622 6403962
29297 6406567
4873 6407091
12542 6407512
23641 6410700
14274 6412233
13952 6413443
11015 6416263
3611 6417905
4828 6418059
235 6420062
21071 6421987
4969 6425040
1170 6428576
20751 6428687
1559 6429589
2115 6430000
17712 6430685
25704 6432343
17046 6432842
23769 6433425
24777 6435279
1283 6435374
25448 6436232
11672 6437686
24274 6439523
25391 6441106
7855 6442304
24150 6442340
25955 6442571
28597 6443195
27158 6445232
21473 6445567
12164 6445837
8796 6447159
23471 6447397
22123 6447509
20459 6448115
4754 6448896
8356 6449415
26945 6449692
6795 6451574
20407 6453236
14471 6453672
21575 6454536
8962 6455177
23811 6456312
21031 6456582
11173 6456666
3605 6457607
18023 6461409
20194 6463853
1280 6464719
25694 6466870
8378 6473191
13426 6474897
27897 6475289
28253 6475903
2289 6477181
4449 6479193
21958 6481211
18925 6482065
10853 6482716
25197 6484595
6296 6486912
13591 6487746
22865 6488424
9798 6491903
23620 6494873
20184 6498288
14296 6500132
12731 6501720
25100 6503058
1650 6506867
5706 6508400
8344 6511498
20162 6512718
4682 6513423
15672 6516081
1175 6516254
14357 6517081
21007 6518976
24506 6519209
12190 6521344
20337 6525014
12271 6525644
5250 6527211
925 6527214
27402 6527230
23598 6527491
19760 6529470
20592 6530619
18631 6533195
4018 6533402
15905 6534208
18496 6534849
3034 6537790
16970 6538241
21550 6538747
12131 6542201
5359 6542201
16038 6545274
27676 6545863
11609 6546519
9805 6547092
1060 6547224
13837 6547583
14067 6548842
26318 6550958
23939 6553564
11762 6555775
548 6556090
17434 6560466
6833 6560697
5103 6562775
12136 6563999
1266 6566049
4266 6567384
14956 6568268
26413 6570532
22210 6578969
15848 6582151
8042 6586165
5863 6587497
23949 6587523
15359 6588129
28158 6589369
17097 6590265
23432 6591135
425 6597192
8097 6598627
5948 6599235
22076 6599944
13537 6600239
28410 6600636
4721 6601518
20825 6601897
24382 6606223
11657 6606820
1747 6606897
686 6610186
21910 6610341
26620 6610480
29833 6617338
11803 6621562
2214 6621589
17919 6622847
16060 6623922
20309 6624779
21707 6627010
29894 6627287
27419 6630853
8990 6633434
20396 6635097
8576 6638293
8433 6638661
26671 6638773
1474 6639189
7791 6652556
15112 6653385
20924 6653988
15010 6657470
24723 6658102
27335 6659254
19021 6662288
21300 6663599
28497 6664494
10689 6665009
12001 6667142
19690 6668626
26535 6669255
17652 6670450
22027 6671146
342 6677339
17564 6686927
18015 6687820
6503 6689777
29950 6691618
7611 6691979
525 6693904
2526 6696634
27830 6698628
972 6700123
8899 6702288
2466 6703345
1047 6704911
27503 6709532
10234 6710750
26569 6712308
2986 6712895
28893 6713991
29635 6714958
3914 6715263
455 6716550
26229 6719588
28956 6719624
10546 6720022
28984 6720046
17956 6721503
9037 6724209
27836 6728244
1667 6730939
29448 6732197
10179 6733046
15491 6734268
15183 6734449
14215 6735600
8270 6735905
26380 6735971
6965 6736246
15343 6737060
1145 6738229
22907 6739684
28806 6741102
22173 6741891
16138 6743658
17396 6744275
782 6746355
25112 6747224
1248 6750402
1833 6751839
7227 6752147
24671 6752199
5879 6753100
4153 6753119
23643 6754630
1689 6755218
2093 6755277
9965 6756062
20398 6756330
27828 6757095
24226 6757715
1517 6761490
16295 6762709
21799 6762784
9265 6762965
7975 6768553
9942 6775090
2371 6792080
7403 6793355
25088 6793368
13287 6795467
21670 6796667
19695 6797504
11293 6799106
15865 6801043
7056 6802560
5992 6810899
7181 6817129
14530 6819331
14101 6824034
23652 6824666
262 6826029
28942 6827243
16944 6827929
11345 6828708
15027 6829506
23336 6830587
20040 6831307
23936 6832460
25881 6833450
22948 6834491
17767 6834833
16804 6838421
18570 6840268
21753 6841811
20131 6841908
13349 6844842
2313 6847160
19251 6848176
15082 6848985
22904 6852064
1167 6853536
21884 6855763
29783 6857893
28935 6861111
10246 6861120
20451 6861176
9000 6861211
18984 6861382
23231 6862016
29656 6862207
20033 6862914
20740 6863092
7023 6864280
7478 6867127
4802 6868943
15876 6870197
14726 6872772
14995 6873907
7457 6874208
14226 6874715
18922 6876199
21713 6877100
22527 6877630
11882 6878139
25628 6878582
1085 6879771
11578 6884991
25962 6885453
15401 6886211
7732 6886706
3867 6887640
7191 6889966
12248 6890530
8813 6890702
13374 6891528
951 6892719
12572 6893108
17557 6894405
10561 6895165
14413 6895391
17528 6899790
15902 6899898
1168 6901158
10797 6902716
1676 6903884
29539 6906064
6163 6906619
14943 6908285
24566 6908863
25111 6909266
6440 6910682
10877 6910983
1420 6911144
12381 6917336
20075 6921467
15143 6921813
3525 6922800
10379 6924029
5566 6927010
8145 6928896
5993 6929664
7319 6932846
10697 6933010
23603 6933877
7977 6933937
10578 6933953
9548 6935814
6106 6936800
11536 6937196
18063 6938112
15054 6938448
29173 6939916
7995 6941040
4474 6941234
1599 6941594
16878 6943103
7773 6943741
25173 6945300
24596 6945356
24784 6945837
24319 6946450
18866 6951883
9575 6953373
26795 6954342
17627 6954807
10413 6955018
14189 6955287
3771 6958229
3385 6958399
24488 6962210
4549 6965472
24399 6968181
9253 6969407
19164 6970619
15688 6971451
1847 6975026
6352 6975955
14242 6977400
436 6981706
6005 6982662
28609 6983280
16939 6986217
12752 6987412
13174 6987477
7593 6988062
29378 6989545
12026 6991013
9010 6991209
23967 6991855
27945 6993028
4359 6993856
10353 6996402
25461 6996672
5502 7000646
17650 7000761
14388 7002087
3063 7002194
9702 7006220
12251 7010497
28462 7010509
6688 7011817
28904 7013472
1277 7015179
21869 7018401
28883 7018990
8928 7020669
16603 7020800
4431 7022192
6224 7024590
25917 7025003
16137 7025674
17342 7025949
1033 7028633
3990 7029024
29913 7029993
24590 7030241
4783 7031433
10200 7031950
6924 7037389
14197 7037825
28235 7039074
22799 7039906
3327 7041956
908 7042202
11679 7043396
12384 7043860
5467 7045307
26946 7045358
16583 7045938
1804 7047130
12657 7048224
29993 7048309
11092 7050369
19345 7050626
25355 7051429
12359 7056249
19010 7057502
26887 7058655
26165 7059343
1932 7060277
24573 7061579
9167 7062648
6864 7063091
26433 7063996
29194 7064667
833 7064831
19268 7064935
4532 7065423
27242 7066427
20611 7069615
18938 7074098
2539 7075441
23931 7075680
23744 7076253
25629 7076700
29962 7078435
7067 7078700
11726 7078993
5130 7079111
25113 7081750
3293 7082826
14553 7084004
25037 7085268
10800 7085426
21489 7085570
3720 7086176
3147 7090854
9748 7092341
24121 7092750
21377 7095405
13874 7097234
5813 7099057
22130 7105326
1106 7107033
13077 7107476
12822 7108046
8482 7110353
14392 7111518
23101 7113018
1968 7113049
9623 7117269
22911 7118291
9807 7121634
22480 7122688
15055 7122788
17264 7129127
15584 7129594
5061 7134780
891 7135291
28833 7135865
22968 7139895
15913 7140507
19855 7141023
12829 7141683
29402 7145791
409 7150644
23519 7152471
29762 7152877
4705 7153867
10601 7153888
26680 7155212
16286 7156078
6718 7158061
2753 7160959
4897 7168092
5314 7168117
26555 7169277
23056 7177170
24774 7179975
16898 7180560
17938 7182328
16030 7183590
23842 7185751
16726 7187283
7649 7187796
7725 7187982
6548 7189576
25492 7194821
18761 7195158
17785 7211626
19456 7214587
12767 7215029
29992 7216342
4424 7219871
15609 7220043
5749 7221708
1487 7222413
841 7223697
15717 7225243
9655 7225588
17997 7230598
13430 7231662
29507 7231873
11712 7232161
24986 7233844
19275 7234907
27265 7237276
10604 7238269
21336 7242419
28118 7243013
24255 7243025
13562 7244790
4560 7245838
22458 7246195
16506 7247049
27018 7248005
19747 7248539
13686 7252224
4275 7252811
14641 7254914
26051 7255841
23608 7257125
27380 7258083
11442 7260977
4491 7262100
5664 7262502
11159 7262730
17563 7264170
14653 7265668
12604 7265879
14114 7266074
29835 7266096
8789 7268607
9705 7271293
2846 7272449
8015 7273713
25733 7275320
11210 7276777
6900 7278150
1818 7279209
17680 7279526
6295 7279744
15215 7285631
7146 7287958
26613 7288262
3318 7288793
8106 7289899
26209 7293623
18303 7294766
29273 7299159
29121 7299372
7259 7299549
4433 7302824
5892 7310055
17656 7310185
2540 7311782
9016 7313229
24181 7313871
5152 7314959
7768 7315517
26736 7315709
13227 7316807
5582 7317549
8505 7317939
10035 7319336
9637 7320222
8389 7320976
23908 7321347
13145 7322206
492 7332099
7131 7332486
26336 7334511
12978 7335324
5232 8391161
24754 8392014
14177 8393950
17186 8395530
609 8396251
11054 8398108
23278 8398434
21516 8398518
7934 8401180
2018 8402161
25456 8402577
25191 8403243
8231 8405024
4184 8406572
17545 8407575
1674 8408895
7982 8411277
18394 8412730
9046 8413377
8329 8413770
19235 8416061
21064 8416461
26811 8416649
13244 8418906
64 8419514
12950 8421414
13576 8422549
14293 8422949
14807 8423230
5464 8424962
13459 8425284
23092 8427232
26265 8427373
11577 8427736
18799 8431235
3642 8431837
26112 8435775
21840 8436057
11271 8437253
4852 8437279
8631 8437730
15300 8440537
20064 8442688
6325 8447036
27404 8447362
15096 8448587
7320 8448635
15126 8449890
22115 8449928
1358 8456033
12057 8456910
24214 8458954
21110 8460040
27761 8460972
12344 8461311
1159 8461409
20581 8462013
25254 8462317
1141 8463183
3627 8463480
10306 8464276
19439 8467076
17005 8467170
14887 8467907
3984 8468616
4385 8472805
204 8475310
10112 8475455
4333 8477038
15858 8477597
2052 8479014
6508 8483220
12465 8484300
6837 8487053
4599 8488246
12955 8491428
1068 8493252
24347 8494756
18965 8498977
13254 8502612
18279 8505184
5024 8510968
9874 8511541
25869 8515746
25480 8516162
4551 8517521
12844 8518756
22878 8524874
7502 8536207
24493 8536533
15520 8541110
10359 8541295
24904 8542898
15310 8544780
12993 8546106
9612 8550116
9869 8550571
17737 8551567
13999 8552192
15811 8553863
3949 8555069
11186 8555581
7530 8556947
530 8559634
16006 8560013
23554 8560105
1555 8561400
21326 8566906
7150 8567098
5573 8567131
19779 8567807
14507 8568822
20933 8571807
25226 8572686
24779 8574075
2124 8575102
14195 8575327
26037 8576180
161 8578788
6568 8580223
16266 8581711
14860 8581794
18561 8586483
4771 8587217
2194 8587857
18647 8588387
14568 8589892
18696 8590237
14591 8592935
9043 8593165
15545 8596868
12872 8596886
17418 8596968
22414 8597150
18154 8600590
16900 8600683
13192 8601240
28369 8602702
15403 8605469
17699 8607378
18129 8611267
4328 8614437
17265 8618167
4260 8620004
18432 8620703
19147 8621503
18423 8621728
621 8623041
3204 8623925
6415 8626618
22585 8626628
7391 8628052
27829 8628216
14589 8630286
7189 8634959
23677 8637974
7334 8642259
6462 8643189
11470 8643881
6807 8647789
6538 8647993
11926 8648223
7280 8649052
25700 8650575
17323 8652470
27895 8654265
184 8656787
560 8657272
19942 8658946
854 8660803
5883 8663663
9672 8667250
7349 8671825
20650 8672176
21623 8673757
17453 8678083
27322 8679246
7250 8683984
13311 8685918
4670 8686181
23006 8687361
22570 8688388
17592 8688442
7323 8693260
27894 8694562
405 8695086
23830 8696774
12336 8697340
1186 8698525
18286 8699709
25876 8700765
6465 8702259
24422 8702451
5132 8702812
2335 8703595
210 8708617
15808 8708890
811 8711390
5255 8711762
726 8711778
17137 8718344
22946 8719498
29752 8723089
17301 8727937
29053 8728155
17316 8729286
29668 8731504
8623 8732935
14086 8733004
3918 8734641
13544 8736004
22018 8738176
7537 8739040
14037 8739854
5022 8740149
26074 8741266
20203 8746510
1890 8747163
15738 8748167
5352 8748806
29093 8753184
3555 8755026
1181 8755127
24992 8755303
8463 8756413
1977 8756705
7866 8759486
2155 8760090
11558 8765466
18487 8766713
25991 8767605
14604 8768312
5570 8769510
5178 8771493
22444 8772472
26104 8773482
23721 8776753
28160 8780541
3307 8781333
9071 8783656
24635 8783779
18546 8785238
5368 8787488
25939 8788987
10383 8792010
27860 8792748
4148 8796246
25690 8798157
10419 8798517
16132 8799077
24340 8800083
8278 8804568
26487 8810086
17947 8811473
15142 8811723
42 8811962
28132 8812202
2302 8817300
26451 8818210
27699 8819177
2131 8819284
18540 8820327
19867 8820480
11725 8822451
13586 8823659
10114 8825926
4420 8828423
6620 8835372
19112 8836931
19227 8837495
3026 8838633
15269 8839145
9897 8840008
24792 8840934
10974 8842297
25552 8844822
23758 8846039
29720 8847164
731 8847646
2441 8848011
27427 8848085
5155 8848908
4138 8850185
2136 8850479
6577 8851537
26518 8851778
24894 8852790
6826 8856499
6838 8862327
29657 8863325
7083 8864336
17659 8864455
28815 8867415
22074 8870226
9053 8870904
24012 8871566
13718 8872426
21872 8872565
835 8873963
17369 8878785
5244 8880107
4072 8880908
14669 8883711
26193 8884582
17602 8887370
18872 8891260
22906 8891714
28095 8891830
13471 8892357
892 8895561
9290 8896272
16369 8897636
7587 8898153
6226 8902155
25809 8903301
20706 8903425
25636 8903788
26014 8904470
23512 8904530
22285 8906212
23216 8906924
18539 8908329
4271 8908923
20455 8911325
14449 8911725
18182 8913910
14847 8915531
10420 8915538
12448 8916607
2559 8917570
7058 8917711
21067 8918998
21698 8919539
147 8922026
15405 8922635
1700 8926848
24291 8928172
29844 8928391
17400 8928933
28263 8929644
11698 8929866
26661 8930228
16413 8931002
20715 8933223
19453 8935559
24116 8937218
25267 8937519
4966 8937980
21115 8939513
796 8940497
17729 8941061
28280 8941457
12385 8945199
23631 8947398
29020 8947955
15072 8948013
7956 8948357
19814 8948361
19022 8949680
5297 8949885
24249 8950128
21667 8951331
19506 8951393
16590 8952116
25945 8952744
5484 8956051
5144 8957335
29185 8957697
29485 8963979
9039 8964683
3667 8964810
5816 8965063
3655 8967923
23893 8970369
16650 8972894
16651 8973780
14364 8976902
28638 8977422
12110 8978084
24024 8978821
29577 8979450
901 8979943
2587 8982235
12181 8983736
8213 8987239
13892 8988045
20221 8989105
11258 8990111
1287 8991515
17808 8994587
29874 8995404
304 9010198
25909 9010557
20968 9011402
22263 9011807
19454 9013324
11900 9013487
18373 9014235
17259 9020364
4463 9021597
18759 9021889
14325 9022616
13275 9023139
22616 9024114
14157 9027378
27106 9029038
22988 9030007
16285 9030310
9929 9032702
22866 9033883
28871 9034712
24251 9035033
29488 9037054
29864 9038701
23334 9039423
20502 9041573
24436 9041950
1912 9042252
28884 9049373
9489 9052832
12851 9054738
13476 9055494
7534 9056355
7153 9058435
11046 9059205
20048 9060093
17214 9061017
19109 9061789
25144 9066199
18214 9066229
6315 9067181
1939 9070370
10714 9076242
24069 9076842
10741 9078082
25933 9080939
22097 9081302
22063 9081880
6270 9081917
20272 9082130
8046 9095509
13271 9095961
17841 9097497
20044 9097974
27511 9099603
3597 9111024
22370 9112323
19087 9120983
630 9123180
25938 9124756
19583 9127785
4952 9128981
13595 9129357
21950 9130191
12389 9130889
16517 9131896
14500 9131990
18769 9132132
25785 9132203
7823 9132364
2021 9133888
5714 9135093
21098 9137291
15058 9137316
7222 9138768
24474 9138778
5567 9139748
3828 9140137
24572 9141065
3273 9141938
3468 9146575
17217 9160504
26353 9160590
11083 9161995
14457 9163256
20775 9164471
28062 9175117
11754 9176394
16709 9178662
29049 9179704
5313 9180717
24700 9181578
9936 9181719
29171 9183236
23574 9183337
29158 9184638
29115 9184884
7905 9185621
395 9185643
9081 9186434
12594 9187783
6277 9188484
5846 9191738
29396 9198510
12543 9201307
1412 9201457
9118 9203786
18298 9203852
19238 9205293
8701 9205666
27807 9205950
22629 9209368
8848 9210152
28063 9210175
5872 9211665
23405 9213443
15560 9214788
22800 9215971
20129 9219128
13940 9220159
20525 9220813
14075 9221095
20826 9224003
12651 9225951
17153 9225996
18702 9227502
503 9227577
25999 9228255
26173 9228687
21165 9232833
6342 9236638
29421 9236823
22081 9236950
8752 9242696
28068 9244808
2884 9246557
1256 9246800
19424 9248876
12000 9249006
19208 9249135
24310 9251945
16165 9252153
16262 9252471
15557 9253995
26354 9254649
28647 9261675
16088 9261934
12192 9262706
5073 9263389
5164 9263498
20934 9264218
16146 9264402
25106 9266931
4290 9267559
19795 9268345
17384 9269097
12358 9269227
11404 9272496
7236 9273217
15053 9273697
28233 9273840
29923 9274576
2333 9275737
28149 9277536
14448 9278972
27719 9279788
28658 9286343
9410 9287774
9083 9289206
29059 9289380
25640 9289390
27007 9291718
28431 9291802
2357 9295212
28736 9295971
28899 9296520
16318 9297528
19065 9298556
27941 9298778
13337 9302483
18808 9303104
7232 9305838
1164 9306438
20059 9306824
11402 9309882
8149 9312778
8198 9315357
18798 9318209
7971 9319016
23277 9319139
16275 9319367
23199 9319483
6646 9322216
14411 9324138
15922 9325340
25462 9327579
3975 9328340
3005 9329941
17786 9330234
25273 9330276
26727 9330428
6487 9339371
25169 9355995
5195 9357343
21448 9358108
25274 9358657
14972 9362025
8812 9374250
9627 9374556
22282 9374621
3253 9381895
3015 9382414
21403 9383147
17596 9385970
28358 9389934
19069 9390307
13938 9391181
19415 9391524
11321 9391713
22741 9392349
2740 9398753
23922 9399071
3701 9401216
12659 9401401
7085 9402958
20975 9406370
28209 9407939
25882 9408692
20115 9409975
17001 9410488
12580 9411588
28040 9424425
21472 9425162
9315 9427814
18294 9439576
10948 9444210
27297 9445006
16395 9446503
22295 9449848
10144 9452018
4111 9456616
8917 9457510
27180 9457780
19631 9459674
25414 9461069
3364 9461715
17693 9461825
10553 9462629
11249 9464190
19313 9464914
16524 9467415
20478 9470998
26517 9471927
23009 9475066
12971 9478485
21317 9480028
19839 9485905
9485 9486232
14582 9487985
25242 9488769
4004 9489674
1516 9491030
2125 9491497
19656 9491648
17866 9492030
23846 9493291
25446 9494178
16600 9494231
20285 9494405
9151 9495993
14554 9496998
6760 9497982
26126 9498084
4611 9499143
2855 9500674
22386 9505253
681 9505479
7686 9506117
11525 9508159
9514 9508626
23962 9512613
7065 9516376
2726 9518624
14599 9519359
16291 9519589
1009 9520166
17179 9521080
6049 9521756
3928 9522726
7651 9523710
23360 9526817
25865 9530627
8260 9534933
9072 9535080
16586 9535848
3634 9536404
6857 9536564
29824 9537099
8658 9537204
29116 9538389
24933 9540345
18281 9541643
23292 9541952
27339 9543950
24569 9549504
23143 9550871
12746 9553715
22987 9553817
959 9554791
25883 9554899
24981 9555128
19127 9555161
5621 9556523
22861 9558966
16977 9561419
18142 9561546
24486 9564333
1240 9567133
7515 9568588
5075 9568857
15464 9569575
869 9570433
10224 9572588
20261 9578460
14880 9578823
28300 9585727
14252 9587509
4762 9589972
8346 9590666
2968 9590938
11787 9594374
12470 9594853
8739 9596878
1319 9598642
2033 9599619
918 9600181
17821 9600678
21331 9602037
29148 9606375
26865 9611041
7941 9611951
19373 9613027
8176 9615629
14620 9616127
11622 9616715
14245 9617803
12630 9617950
28212 9618341
27768 9618500
23207 9620808
7719 9621046
23559 9621762
20178 9623232
23417 9624023
27349 9626429
25530 9627055
25632 9628475
11759 9628608
20601 9628856
2050 9630005
8893 9631875
17465 9632815
3042 9637999
10350 9638022
10768 9639487
18349 9639497
16098 9641934
17897 9643601
1923 9644443
20997 9645373
6181 9647903
17684 9648983
8976 9649216
606 9649253
9107 9650450
13877 9651568
2089 9654299
2547 9656807
2260 9659202
3947 9659391
12661 9662323
16071 9662814
17189 9663817
22981 9665472
2028 9666314
14276 9667366
19176 9668878
18315 9669797
6563 9673197
4104 9673266
16652 9675623
5184 9675710
23230 9677070
9614 9678047
15098 9678755
8924 9684080
23558 9684157
6468 9684766
26094 9687119
4580 9696708
24434 9697875
3500 9699710
2779 9700270
26142 9700451
3645 9700640
23478 9703200
2211 9704002
1261 9705478
8163 9707109
10235 9714196
17989 9716112
23622 9717157
2451 9718155
26000 9719749
20803 9720146
21909 9721742
10713 9722358
3994 9722583
27394 9722763
7118 9723794
28163 9725994
15710 9726103
12185 9726561
6329 9727179
23043 9730693
24053 9730868
10016 9731877
29637 9734183
2110 9735236
2857 9739012
10500 9744105
5299 9745543
9537 9747630
24847 9748328
18558 9750417
8977 9754135
19263 9755142
1218 9757340
29420 9758078
9150 9758495
13739 9759264
23396 9759771
5930 9760376
3718 9762249
13486 9762691
16717 9763308
13632 9765482
20695 9767657
576 9768354
6951 9776697
29423 9777149
8132 9777468
12972 9777689
1891 9778491
2893 9778739
18775 9779110
24161 9779830
10459 9781694
27384 9782975
15749 9783189
16835 9784088
8629 9787754
5522 9790133
3617 9791107
10955 9791108
15864 9791670
3405 9792275
20409 9792565
7993 9793776
2270 9795379
3120 9795724
21668 9795981
11081 9797188
5709 9800189
26978 9801392
25104 9802132
12932 9802206
11687 9803346
4468 9806501
16087 9807105
15720 9810859
29719 9811091
24132 9814499
25392 9815373
16996 9816514
27629 9818853
10756 9821634
25305 9824224
13097 9824265
10923 9826181
10642 9832029
16161 9832362
20389 9832832
18055 9832942
19764 9833547
8698 9834490
6047 9835514
10352 9836943
19407 9838292
22999 9839799
11075 9840730
3535 9841177
29228 9842449
5845 9843203
22437 9846305
19056 9846613
6215 9847279
2568 9848580
28243 9849088
14200 9850018
11253 9850169
4920 9855437
4954 9855660
18490 9857043
11305 9865170
16139 9866478
11002 9867080
27093 9867198
2812 9868281
25275 9869005
9228 9869421
9367 9870539
771 9870860
22809 9870961
24802 9871136
1271 9872251
24737 9873674
252 9875454
23798 9875843
26373 9876021
5675 9879075
22129 9879602
7585 9882455
23475 9882662
4422 9884670
14396 9887568
17230 9887800
22328 9888755
1407 9888998
28122 9890703
2456 9891341
18615 9894015
24218 9894258
22126 9896220
26615 9898474
2808 9898996
11100 9900712
26324 9902103
1819 9902200
25369 9902770
16434 9903945
15822 9906077
24705 9906362
1013 9907121
15585 9908620
29177 9909496
12603 9909515
3813 9916202
13850 9916292
18530 9917675
17143 9917821
7576 9918204
637 9919638
23948 9920435
22762 9920671
16499 9922773
7951 9922812
1773 9924943
8191 9928172
4717 9932686
2417 9932970
22921 9934810
25467 9935043
23728 9937636
19137 9938206
19465 9941008
11308 9944000
3242 9944534
18793 9944540
20379 9945139
25219 9946450
19603 9948539
8188 9949478
17935 9956860
8100 9961111
7656 9961228
13008 9961441
27410 9962169
9783 9962964
27880 9966955
24198 9970807
15342 9971044
3229 9975999
19394 9976730
6305 9981771
6028 9982305
10131 9983952
29349 9985479
25625 9987926
21307 9988520
1534 9988581
1419 9988704
10102 9989614
6928 9989664
257 9992321
21966 9992821
22746 9995791
19849 9997523
5414 9998154
10421 9998814
20038 9999837
28708 10000735
14148 10000835
7708 10001893
24588 10003636
2537 10003771
23381 10005992
3490 10006217
4365 10006968
13353 10007095
26248 10008246
3060 10010021
20160 10010059
10583 10012331
29641 10013172
21601 10013783
6820 10014148
27151 10016378
12803 10018650
26766 10021164
17344 10021878
20176 10022903
27927 10023036
15219 10025334
3029 10025664
29196 10025765
24621 10025770
12044 10026441
4747 10026984
4808 10027399
29628 10029978
15608 10032881
17705 10034188
3584 10036977
9335 10037091
135 10037116
25053 10037133
23573 10037597
8237 10047463
26647 10047638
2402 10048569
9419 10048665
16794 10048854
29410 10049677
14575 10050372
27947 10051733
10523 10052212
24210 10052522
11438 10055001
14284 10057334
29998 10060919
11160 10061758
2133 10061848
28214 10062009
14745 10063174
21556 10065360
20656 10066512
8583 10067710
23961 10069984
26885 10070838
20020 10071541
28521 10071663
3882 10076187
21994 10076981
25605 10077805
28765 10080381
20702 10081118
7399 10083726
21852 10083789
7968 10087179
5074 10087653
19683 10088913
3973 10092213
11666 10096810
27863 10098518
28460 10099391
16419 10102633
26619 10103413
9707 10103790
3197 10105388
13367 10106653
25796 10107936
1089 10108384
5951 10109248
14988 10109482
11809 10112907
28445 10116390
28757 10117538
10992 10119524
16447 10123004
24666 10123517
18585 10123713
29707 10128172
17254 10128752
16991 10132587
24234 10142233
15071 10147284
6785 10147381
27726 10149422
21989 10162101
9038 10162440
8291 10162576
28909 10165771
27208 10170284
2024 10170827
20166 10173084
25731 10173251
18706 10174014
22838 10174043
25814 10174441
2821 10175468
16126 10175863
22580 10178071
19870 10178505
4634 10178701
26411 10178816
9258 10178971
12671 10179567
17990 10182792
5746 10182858
5734 10183708
11087 10183768
12018 10183901
28691 10183951
14863 10184357
29381 10185127
16754 10185719
24722 10187759
718 10188762
15990 10189772
17816 10191742
3749 10191886
25092 10191909
25619 10192249
7084 10194144
5033 10197539
14350 10198192
26514 10208102
28353 10208444
7312 10209065
22368 10209116
2792 10209281
9027 10211942
22394 10212890
28953 10233341
21002 10236034
21866 10237511
28788 10237971
17973 10238268
6428 10239079
26699 10240066
13 10242700
21235 10244413
29829 10244981
2980 10249100
9415 10250506
9848 10250692
4188 10253852
28016 10254158
6344 10257024
5959 10257739
16863 10261003
9220 10262939
8197 10264720
28862 10264954
14949 10265420
10473 10265701
1014 10265741
7552 10267169
8490 10268508
6715 10269533
9821 10270981
9273 10273168
11581 10275702
11105 10276534
26906 10278990
11837 10280841
27416 10281284
13887 10281592
1653 10285342
16099 10287792
9711 10288221
19504 10288767
12449 10290406
23370 10292051
4735 10294555
15658 10301880
12472 10303103
8906 10308178
24047 10308790
17853 10310801
24449 10315982
29890 10316226
8786 10316964
11341 10317299
18973 10318906
10970 10323440
24130 10323763
6703 10324951
1991 10327450
9483 10327938
1370 10331033
6993 10331913
12620 10335149
16143 10336988
3880 10337147
17770 10338451
822 10339293
1307 10339748
12356 10340646
9689 10341863
13440 10343100
20431 10343337
10538 10344283
9858 10347293
3845 10348316
15544 10349318
19552 10350468
12884 10351235
22522 10355090
6495 10356135
6198 10356404
9317 10358209
16642 10358944
22116 10360918
13759 10361018
903 10361449
18235 10362395
8832 10364007
22697 10367284
13295 10367945
23958 10374825
48 10375436
22633 10376173
6056 10377416
5214 10377934
7270 10378846
4265 10381606
15163 10385656
1035 10385689
18206 10387340
22894 10387789
16278 10391758
12180 10392201
13445 10393615
1992 10394833
17340 10404207
9014 10407211
27448 10407371
22956 10421762
24424 10422161
17377 10423290
26381 10424464
9115 10424656
6385 10425565
1633 10431821
19257 10433664
3970 10434245
12949 10435321
2685 10438027
9660 10441541
24187 10442895
12481 10444596
20771 10446294
29996 10446393
26503 10446683
24358 10447992
5450 10450721
14256 10455858
12406 10455920
15568 10458404
19617 10470836
4665 10471522
25107 10472602
4352 10477001
4252 12583454
6854 12585180
2140 12585433
9109 12585539
16818 12587932
22919 12593440
26440 12594276
12388 12594678
28476 12595397
19009 12595554
10954 12595744
20071 12595746
28259 12598292
14639 12598370
12394 12600287
12653 12600527
8691 12602956
1695 12606472
19379 12607379
16037 12608168
6138 12609544
24522 12609557
27213 12610882
21400 12612615
829 12619587
2177 12624243
16962 12624414
5788 12627832
20329 12628771
13647 12629942
5970 12630252
8683 12633939
17201 12636003
24307 12642136
11570 12645416
15678 12645929
3782 12651063
4235 12652686
21943 12654561
29272 12654886
14855 12655138
20311 12658827
15816 12659120
4124 12660211
18920 12660605
29817 12661508
28291 12668335
29290 12669294
19154 12669736
12727 12670354
20953 12672979
28973 12673599
22181 12675457
19520 12681487
23330 12685168
3201 12686899
8286 12687276
5635 12688793
15375 12689674
21701 12690498
22441 12690505
8061 12692492
25147 12695434
4233 12695717
16801 12696299
9675 12698507
10047 12699508
24885 12702958
2721 12705756
28272 12707736
187 12709938
8887 12710877
9401 12711250
6407 12713294
23348 12714685
13235 12717111
20086 12717274
22058 12717493
9742 12717893
27122 12717950
29876 12718248
2145 12718615
15147 12719537
21424 12719745
20187 12724125
7363 12724218
1222 12726608
24944 12728867
18344 12729353
5766 12731063
20967 12732080
8725 12736214
7717 12736332
9695 12739381
24298 12740569
27054 12740962
12958 12742877
17877 12744074
19244 12744568
6726 12745517
1711 12746059
6214 12747162
19231 12749159
27835 12754148
16897 12755409
21875 12757350
21904 12763213
21284 12766860
19356 12767882
25633 12768779
23407 12769828
21273 12771788
7160 12773287
18200 12773519
21733 12774269
25287 12775031
1088 12775372
7097 12775473
13800 12775473
10883 12775899
22318 12779390
13393 12779756
29972 12780282
12704 12783162
1903 12783810
12854 12784212
26818 12787767
4154 12788492
17894 12790625
5168 12793245
15074 12793836
16349 12796628
2742 12798360
3311 12799853
23991 12806590
15182 12808024
13122 12808370
10817 12809820
23455 12813106
10582 12814238
29695 12818650
25482 12818801
23783 12818843
6999 12819850
18935 12821872
23262 12823215
28682 12825293
1665 12826476
12241 12827076
7115 12827920
14289 12827926
2930 12830120
9967 12830367
10899 12830413
28031 12831436
24964 12834149
26576 12834720
25127 12834983
27965 12836000
6682 12836613
3839 12838298
27434 12838346
4948 12841423
29076 12841847
11112 12844051
18011 12844495
5301 12845633
28738 12847793
14657 12848041
3421 12851509
13685 12852692
5762 12854521
2359 12857417
564 12857439
29852 12858659
19320 12859104
2638 12860906
13126 12862702
14030 12863925
17915 12867088
11958 12868514
11344 12870486
11645 12872450
12522 12877024
19498 12878816
627 12881454
22867 12881795
9105 12886716
12157 12888285
23742 12891751
11908 12892634
3223 12893226
16789 12894797
14595 12895271
7017 12895672
14055 12898306
24110 12898978
18548 12902834
24197 12903512
29729 12903692
17837 12904149
4598 12906928
23571 12908464
28128 12909552
15392 12910204
4011 12912111
24949 12915519
20689 12916083
28069 12916705
11613 12917493
27763 12919887
8051 12920509
7451 12921516
9574 12921974
26915 12922198
16596 12925931
28663 12926416
2896 12927127
21628 12927766
17072 12929838
3982 12930190
8988 12935896
28816 12936036
13511 12937636
7663 12938050
17361 12945513
19988 12947168
14594 12948696
3414 12950525
23865 12953070
8223 12955379
21127 12955824
10378 12960529
19752 12960572
11203 12962138
27340 12963400
11553 12970104
9944 12977400
17566 12977481
26182 12980244
12454 12982199
3593 12985614
15745 12986219
18096 12988754
24868 12990488
15668 12992000
20004 12995994
9768 12996205
17413 12998475
18895 12999313
20890 12999807
25070 13000403
28498 13000448
2250 13001450
29569 13002227
534 13002651
24367 13002902
5032 13004378
8580 13004590
14983 13005061
15730 13006506
26708 13006514
2904 13008703
5047 13010347
8572 13011869
23487 13014355
15596 13017076
11134 13017197
16297 13017482
6842 13023267
29968 13025359
22937 13029269
10151 13029743
22661 13030647
15618 13031027
11731 13038665
22648 13040948
17719 13041305
2591 13042790
13934 13045957
1733 13047787
22849 13048559
29056 13049670
20283 13052230
17006 13052922
25558 13054262
26271 13054853
1679 13055843
13503 13056040
25581 13058287
11935 13066413
22649 13075036
8340 13077700
22740 13084115
27637 13084229
15424 13084478
12232 13085081
29935 13091255
26566 13099190
15093 13099545
15083 13107343
18087 13111664
13530 13112564
13420 13112606
8605 13113815
268 13114835
1083 13115024
7638 13117967
2175 13119653
3302 13122048
28515 13124542
3820 13125706
2188 13128629
8439 13130578
19187 13130779
9598 13131009
24037 13131316
28603 13131347
8907 13131953
22218 13135033
27001 13136034
3119 13137879
22707 13140973
4947 13142509
29927 13142650
26799 13143751
27125 13144309
8785 13146320
29295 13146585
8306 13151498
7358 13151876
20388 13152375
16621 13155804
22409 13157165
7562 13157198
13106 13157550
6590 13157856
14549 13158552
2192 13160298
19128 13161684
18802 13167308
10772 13168772
1514 13170562
10208 13172198
8101 13174573
10981 13175177
840 13175209
24409 13175731
15671 13176453
29652 13178360
2890 13179468
16832 13179558
7938 13180286
12239 13181108
19737 13183104
11966 13183404
8918 13183454
13376 13184101
16363 13186144
28483 13186587
27769 13186917
24796 13187562
8904 13188033
20275 13189878
13059 13190147
12189 13191272
22901 13191447
8517 13194589
22038 13195827
13810 13197016
8408 13198130
22635 13198162
27576 13198212
24420 13200219
28905 13200700
25430 13200762
27063 13201515
8140 13203341
26737 13206449
16598 13207952
21012 13208426
15927 13208628
25529 13208768
10632 13211728
28550 13212132
28584 13219692
12577 13220277
6301 13222439
9300 13224652
6631 13226136
7604 13227562
1901 13227895
19408 13230081
11076 13230828
11564 13231904
11484 13234135
8234 13234976
2815 13236177
25848 13237324
22537 13238489
25988 13243035
10288 13243839
11741 13246256
24716 13249053
20969 13256318
18800 13257589
26816 13258396
23791 13259087
20027 13259159
26681 13259345
28275 13259495
19166 13260890
10245 13263095
21342 13264371
19639 13268804
5697 13269129
15606 13269228
7987 13272069
5452 13275292
24143 13276783
21805 13278497
6803 13278710
373 13287577
4569 13288701
2750 13288754
24897 13290592
8531 13290669
16662 13303944
10157 13306540
21153 13311239
3189 13312011
5349 13312535
15675 13312989
13083 13313198
8083 13315216
7278 13315437
11870 13316024
18784 13319886
26190 13321291
22087 13322377
13259 13326062
1791 13328260
16129 13328635
27379 13332009
1515 13333240
22059 13333473
10871 13333836
10217 13338271
12531 13343980
23821 13353422
21551 13354605
22369 13354975
19694 13355228
22255 13355280
29289 13357780
93 13371333
5607 13371514
12843 13372235
29241 13377824
14093 13379062
15812 13379132
8699 13389413
20109 13389593
12276 13389916
1821 13390874
19564 13391656
22060 13392345
21225 13394459
22384 13394632
19802 13394870
21104 13396285
25616 13396750
4095 13400258
2923 13403940
4843 13404853
10742 13408760
7545 13409565
12876 13409883
17336 13410647
9911 13411360
18130 13415574
7704 13418503
2581 13420459
10636 13420636
12705 13424360
25627 13424954
5973 13431393
4927 13433039
25970 13436166
23690 13439152
25637 13440454
209 13440709
21825 13441535
19 13442357
19768 13443536
14711 13443552
12862 13447375
14780 13448721
16193 13448979
23855 13449252
6272 13450382
1414 13450815
13124 13450903
3499 13451753
17955 13453060
19490 13459891
21068 13461056
4403 13461278
14047 13462029
12892 13463246
23008 13469961
20907 13471394
29988 13472394
29598 13474178
790 13474401
5082 13474650
15188 13475140
15898 13476696
9350 13479628
3357 13479691
2666 13480925
28872 13481969
26068 13482325
22231 13482481
11375 13482531
27194 13486701
335 13493819
6389 13500525
3835 13501535
27154 13502012
13111 13502329
15967 13502798
15049 13503511
12890 13507579
8814 13513648
9883 13514150
750 13516712
10195 13516731
24202 13516858
25989 13518216
3552 13520088
16158 13520613
19977 13521474
2805 13527880
2898 13528079
2879 13530063
9050 13530563
22223 13532501
12821 13533393
11605 13534103
2054 13534698
26744 13538399
25710 13540885
2071 13551487
9101 13556302
3406 13566770
15065 13570683
12553 13574095
25944 13576429
19537 13576566
25459 13577876
25101 13578434
3328 13581563
17584 13583280
12237 13584797
7305 13585301
18064 13590985
22125 13593853
18564 13599200
24500 13599932
23163 13600691
27961 13601073
6093 13601911
23545 13602263
26916 13604114
25773 13604292
3819 13605249
4921 13615187
26723 13617949
