5936
6 0.529223
17 0.444299
33 0.162730
46 0.396650
56 1.226556
58 1.234471
63 0.354151
79 0.233740
91 0.138233
98 0.336001
102 1.080878
110 0.416566
118 0.287049
126 0.129138
128 0.398420
129 0.306931
130 0.357485
134 0.429318
139 1.214086
147 0.318180
149 0.041007
152 1.144849
154 0.413798
155 0.239441
157 0.587068
160 0.453525
163 0.316936
167 0.469478
169 0.272697
179 0.545789
181 0.522839
185 0.474980
197 0.467480
218 0.079042
222 1.199618
223 1.174632
230 0.076101
231 1.075946
238 0.085515
239 0.548279
240 0.449057
244 0.031304
247 0.108356
255 0.476557
283 0.455338
284 1.206400
287 0.155827
288 0.209767
290 0.168812
295 0.524144
307 0.389567
308 0.267131
312 0.363377
315 0.343409
318 0.423881
320 0.400697
321 1.114760
323 0.076636
328 0.079571
348 0.544637
353 0.120147
357 0.433550
362 0.515764
364 0.124477
368 1.107724
369 0.486958
379 0.261420
385 0.149196
386 0.290721
390 0.269229
393 0.271565
395 0.275637
396 0.057010
397 0.497319
404 0.041739
409 1.121952
411 0.525379
414 0.094250
431 0.262245
433 0.563726
434 0.063459
437 0.577784
439 0.533537
444 0.202372
445 0.188321
452 0.198085
457 0.359600
459 0.009862
460 0.010119
467 1.061569
484 0.011805
487 0.021058
491 1.091643
493 0.476783
495 1.123166
502 0.455793
508 0.396715
512 0.132807
514 0.135895
518 0.589179
519 1.154787
521 0.549976
537 0.280001
539 0.164440
540 0.072397
545 0.591747
546 1.101275
551 0.215158
565 0.901568
568 1.200004
572 0.227423
575 0.942500
577 0.178655
580 1.126746
582 0.041007
594 0.135895
604 0.248660
612 0.316236
613 0.366651
615 1.069657
618 0.337237
620 0.431366
625 0.489935
628 0.259711
633 0.178655
634 0.320354
637 0.541593
641 0.599728
650 1.187859
654 0.538310
665 0.102743
682 0.322400
693 0.137494
695 0.108487
697 0.479216
709 1.134527
716 0.480587
717 0.207350
720 0.312284
723 0.295012
733 0.226200
735 0.473797
740 0.224750
742 0.548573
743 0.198928
756 0.508728
758 0.031165
759 0.086973
761 1.109457
763 1.203277
764 0.360440
766 0.383180
771 0.524417
773 0.385422
776 0.306931
780 1.185475
785 0.011987
793 1.042840
797 0.497908
815 0.217653
829 0.084825
833 1.027325
834 1.083185
835 0.378109
837 0.494450
841 0.580892
845 0.019642
847 1.046265
853 1.140538
866 1.220009
870 0.387085
874 0.015479
880 0.498995
881 0.442211
883 0.591939
886 1.175698
889 0.023143
893 0.444212
897 0.248051
906 0.525680
914 0.306088
915 0.314272
920 1.187652
924 0.600316
930 0.385993
934 0.353827
936 0.188500
940 0.367814
942 0.543923
957 0.563101
959 0.072291
960 0.149686
963 0.375863
967 0.253218
979 0.064332
980 0.425926
986 0.316936
990 0.077590
992 0.380179
999 0.061108
1002 0.197527
1006 0.524924
1007 0.142524
1011 0.079426
1015 0.534927
1016 0.039786
1020 0.443109
1021 1.179622
1024 0.261866
1027 0.207111
1031 0.577015
1032 0.371587
1039 0.202372
1053 0.472086
1068 1.139237
1071 0.025686
1072 1.009646
1081 0.256857
1083 0.367131
1100 0.601436
1113 0.567330
1116 0.247344
1128 0.028505
1133 1.168700
1134 0.549343
1144 1.044118
1156 0.606949
1160 0.297301
1165 0.148879
1169 0.498776
1174 0.352995
1177 0.380247
1178 1.075204
1181 0.114783
1185 0.307031
1189 1.210942
1193 0.332332
1208 0.555422
1211 0.570325
1215 0.992878
1224 0.242218
1225 1.127931
1226 0.248419
1237 0.265614
1243 0.512127
1246 0.319255
1247 0.199210
1259 0.148564
1260 0.290524
1262 0.497519
1263 0.062833
1264 0.084484
1265 0.230664
1269 0.570437
1274 0.581048
1276 0.235790
1282 0.110255
1291 1.010360
1296 0.196420
1298 1.104170
1301 0.530575
1302 1.206810
1310 1.102296
1311 0.010529
1322 1.135623
1326 0.276343
1331 0.028332
1337 0.997290
1342 0.551273
1348 0.143693
1352 1.139914
1359 1.242402
1362 0.251492
1370 0.136919
1374 0.421696
1380 0.215429
1383 1.183493
1385 0.428693
1391 0.368509
1392 1.105989
1394 0.028857
1395 0.324639
1396 0.138074
1399 0.455069
1403 0.358854
1406 0.235123
1410 0.584350
1412 0.594254
1419 0.384507
1431 0.379448
1439 0.229438
1440 1.212526
1460 0.107330
1475 1.266091
1481 0.395560
1502 0.118486
1510 0.077397
1515 0.575714
1525 0.197249
1526 0.219131
1529 0.519422
1537 0.467480
1538 0.365565
1543 1.328068
1545 0.421153
1546 1.131000
1548 1.209000
1555 0.524924
1558 0.021947
1561 1.162999
1568 0.471581
1570 0.494636
1571 0.437075
1595 0.521944
1596 1.024613
1599 0.272894
1600 0.962459
1610 0.328697
1612 1.222092
1622 0.136348
1623 0.612176
1626 0.209036
1627 0.115904
1634 0.400388
1638 0.331853
1644 0.541293
1667 1.106535
1668 0.492749
1669 0.574275
1672 0.455069
1674 0.534263
1677 0.531863
1682 0.034887
1684 1.192797
1691 0.354784
1705 0.178817
1706 1.041812
1707 0.355048
1709 1.084156
1713 0.470021
1714 0.140445
1721 1.063517
1727 0.009780
1729 0.430917
1734 0.389567
1735 0.084231
1736 0.056733
1744 0.139844
1751 0.465211
1757 0.036522
1764 0.536101
1768 0.615611
1772 0.572892
1775 1.254214
1776 1.043033
1777 0.203252
1785 0.140499
1786 0.076386
1791 0.507172
1796 1.205717
1811 0.453864
1814 0.416861
1822 0.507550
1823 0.073371
1827 0.316523
1829 1.150902
1844 1.264946
1847 0.126346
1852 0.524977
1857 0.045534
1860 0.542277
1864 1.217107
1867 0.574556
1869 0.206957
1879 0.282100
1895 0.297242
1904 1.081669
1906 0.100318
1913 0.163074
1916 0.318180
1917 1.157013
1933 0.049208
1942 0.908373
1945 0.511306
1949 0.038162
1955 0.587347
1959 1.009332
1966 0.506781
1974 0.178276
1975 0.307553
1979 0.327534
1988 0.592428
2004 1.168700
2015 1.077320
2026 0.584350
2027 1.110748
2042 1.037631
2046 0.139964
2049 0.398798
2053 1.198925
2057 1.220807
2069 0.349611
2080 0.325203
2083 0.554637
2086 0.597221
2089 1.201345
2093 1.052336
2113 0.537333
2114 0.302250
2115 0.489935
2116 1.099953
2118 0.082014
2134 0.185141
2135 0.522648
2143 0.169993
2157 0.077913
2159 0.300523
2160 0.422846
2161 0.122525
2163 0.027499
2171 0.575881
2181 0.560976
2198 0.393944
2203 1.153522
2205 0.509752
2206 0.109566
2207 0.511306
2219 0.554453
2220 0.010771
2221 0.593775
2224 0.012367
2226 0.264412
2238 0.091920
2239 0.325069
2242 1.082924
2253 0.309931
2255 0.224554
2257 0.554637
2270 0.455069
2280 1.070879
2286 0.550696
2295 0.208930
2303 0.330865
2308 0.046133
2315 0.087652
2319 0.011078
2321 0.057359
2330 0.430082
2336 0.136919
2360 0.146852
2361 0.337485
2373 1.070283
2382 0.216062
2392 0.332557
2401 0.393014
2405 0.228546
2410 0.547051
2415 0.432852
2418 0.349267
2430 0.495343
2434 0.071553
2439 1.008523
2443 1.020555
2450 0.351374
2454 0.095127
2455 0.554229
2467 0.571364
2474 0.179800
2476 0.422173
2480 1.162943
2482 0.036713
2489 1.082129
2492 0.099700
2497 0.496697
2499 0.358811
2506 0.117404
2508 0.247042
2520 0.530763
2529 0.341725
2532 0.120640
2534 1.038844
2536 0.149833
2537 0.236699
2545 0.082496
2546 0.354893
2548 0.246660
2550 0.085384
2553 0.488996
2559 0.520603
2561 0.557171
2575 1.158961
2585 0.107579
2587 1.077868
2590 0.491385
2591 0.510597
2593 0.361143
2594 0.577136
2596 0.359600
2597 0.384507
2601 0.367306
2602 0.423814
2605 0.112375
2615 1.252531
2628 0.247743
2631 0.172764
2634 0.584350
2646 0.557545
2648 0.427139
2650 1.060748
2652 0.593249
2660 0.484435
2662 0.378109
2671 0.331853
2675 1.289111
2681 0.377000
2682 1.001743
2690 0.509752
2691 0.027499
2704 0.341538
2714 0.491301
2715 0.458314
2718 1.092951
2724 0.190549
2729 0.439511
2730 1.270586
2731 0.937759
2735 0.118050
2739 0.300389
2741 0.999957
2743 0.499979
2759 0.033875
2761 0.011025
2764 0.921382
2766 0.405576
2768 0.196834
2770 0.990612
2772 0.279472
2782 0.325608
2789 0.529657
2800 0.279092
2801 1.107772
2804 0.249323
2805 0.065290
2811 0.029217
2814 1.218889
2817 0.252395
2819 1.128793
2824 0.588220
2826 1.065579
2828 1.054121
2836 0.150359
2846 1.115357
2852 0.587068
2853 0.010482
2857 0.282100
2861 0.030225
2866 0.220329
2871 0.569367
2874 0.540199
2893 0.529811
2894 0.379578
2897 0.467480
2902 0.954712
2905 0.357879
2918 1.048979
2935 0.057952
2938 0.355900
2943 0.423059
2952 0.345298
2959 0.191425
2964 0.009699
2965 0.053857
2966 0.982770
2974 0.133566
2979 0.191425
2985 0.010625
2994 0.217653
2998 0.287223
3002 0.547828
3004 0.372443
3015 0.052823
3021 0.091920
3024 0.453314
3038 0.992878
3040 0.320558
3051 0.304451
3054 0.092965
3055 0.463361
3059 0.058435
3069 1.108595
3074 0.517028
3085 0.529223
3090 0.330418
3092 0.039120
3098 0.532710
3099 0.261866
3105 0.487805
3114 0.581499
3117 0.305828
3120 0.036713
3121 0.306784
3126 0.292175
3127 1.035134
3134 0.067555
3136 0.251492
3146 1.129305
3147 0.035415
3149 0.182813
3156 1.009757
3157 0.565253
3158 1.276166
3162 0.095893
3165 0.215585
3166 0.109410
3172 0.540439
3176 0.530714
3189 0.373431
3192 0.208431
3203 0.245283
3207 0.054044
3209 0.015178
3211 0.920794
3216 0.195950
3223 1.180748
3229 0.121280
3234 1.111690
3248 0.570886
3250 0.098938
3251 0.116144
3252 0.223235
3266 0.527466
3268 0.278550
3269 0.165142
3271 0.025828
3272 0.379827
3279 0.510692
3281 1.147057
3293 0.259711
3295 0.481575
3299 0.498645
3309 0.234761
3312 0.051942
3315 0.055986
3316 0.133914
3317 1.106177
3332 0.111837
3336 0.091407
3348 0.399068
3349 1.045679
3351 1.175959
3353 1.301233
3359 0.328286
3365 0.088019
3369 0.308537
3374 0.590252
3375 0.999731
3379 0.256360
3383 0.013281
3386 0.009425
3395 0.927389
3399 1.081320
3407 0.273749
3408 0.340871
3412 0.027993
3417 1.061306
3418 0.015178
3419 0.139844
3433 0.315865
3434 0.455719
3438 0.168372
3442 0.091068
3446 0.623307
3459 0.431911
3464 1.004672
3472 0.311653
3477 0.552049
3487 0.483600
3500 0.584350
3505 1.077801
3509 0.240762
3517 0.325887
3521 0.064928
3526 0.517946
3570 0.391239
3571 1.190144
3573 0.488555
3579 0.372197
3580 1.302976
3584 1.185160
3586 1.117441
3591 0.467480
3599 0.391239
3617 0.095404
3620 0.114329
3621 0.387820
3636 0.417046
3641 0.584350
3644 0.134333
3645 1.035287
3655 0.567061
3674 0.993631
3675 1.041973
3678 0.193543
3696 0.253586
3697 0.111305
3700 0.255175
3705 0.306718
3707 0.373557
3708 0.262489
3717 0.272697
3722 0.138659
3723 0.098302
3729 0.440657
3742 0.584350
3747 0.340548
3750 0.073044
3751 1.168700
3758 0.559378
3760 1.029314
3765 0.256992
3771 0.332382
3773 0.494636
3775 0.562528
3794 1.048671
3795 0.590023
3802 0.581384
3810 0.402466
3825 0.020150
3826 0.548279
3828 0.320617
3831 0.116870
3834 0.859987
3842 0.324328
3847 0.201500
3850 0.586970
3852 0.278630
3856 1.196394
3863 0.436657
3866 0.165566
3874 0.365219
3875 0.380179
3876 0.349155
3884 0.480587
3890 0.218157
3896 0.523733
3900 0.214262
3909 0.530714
3910 1.129305
3915 0.292175
3920 0.085384
3923 0.514522
3930 0.145481
3938 0.338754
3940 0.027022
3951 1.121532
3953 0.283618
3956 1.073940
3970 0.397855
3975 0.107643
3977 0.297758
3987 1.106091
3993 0.389567
4016 1.066863
4029 0.356552
4034 0.100654
4035 0.514228
4036 0.367575
4043 0.432852
4047 1.009987
4054 0.068174
4067 0.144880
4074 0.248954
4091 0.375653
4092 0.586924
4094 0.202665
4099 0.355394
4100 0.108213
4102 0.557261
4113 0.010207
4117 0.424982
4123 0.068080
4125 0.025828
4128 1.052883
4129 1.197205
4133 0.328231
4135 0.167813
4138 0.246042
4155 1.145557
4157 1.255270
4161 0.273325
4172 0.254788
4193 1.033377
4194 0.424982
4195 0.568208
4198 0.047316
4201 1.180505
4209 0.337237
4222 0.353827
4233 0.516688
4237 0.247344
4246 0.430857
4256 0.203252
4263 0.507550
4269 0.475878
4280 0.364549
4290 0.123021
4291 1.009098
4296 0.121423
4300 0.524722
4302 1.204549
4309 0.024734
4311 0.310063
4315 0.241280
4316 0.509752
4317 0.370408
4325 1.173716
4327 0.589711
4337 0.148406
4345 0.429088
4347 0.236699
4348 0.315549
4350 0.310984
4351 0.598374
4359 0.077913
4362 0.370088
4363 1.131000
4364 1.116885
4370 0.039174
4371 0.192775
4373 0.357485
4377 0.118349
4384 0.266826
4390 0.497319
4393 0.187433
4400 0.484583
4406 1.011283
4411 0.009780
4418 0.123836
4422 0.254065
4434 1.212526
4456 0.152914
4460 0.604853
4463 0.180960
4472 1.262196
4473 0.607724
4478 0.137494
4484 0.227747
4494 0.264611
4495 0.557171
4496 0.396715
4500 1.158961
4504 1.274945
4506 0.186992
4507 0.327236
4508 0.119357
4510 0.576953
4517 0.102181
4520 0.341790
4535 1.061151
4543 0.484077
4545 1.116987
4550 0.344862
4551 0.210242
4554 0.180727
4557 0.293358
4568 0.097975
4569 0.452400
4574 0.219854
4576 0.510597
4580 0.515427
4582 0.380812
4585 0.519422
4588 0.192492
4594 1.157353
4597 0.569106
4599 0.050159
4602 0.083907
4611 0.168969
4613 0.495812
4615 0.274432
4616 0.266826
4619 0.343735
4623 0.107220
4640 1.123995
4643 0.462343
4645 0.242681
4650 0.283731
4656 0.276148
4658 0.211361
4665 0.107330
4668 0.167957
4669 0.544050
4672 0.082740
4679 1.028023
4686 1.162313
4687 0.389567
4690 0.512588
4695 0.100999
4698 0.326149
4700 0.525680
4703 0.098302
4716 0.391329
4720 0.205035
4738 1.175378
4739 0.190603
4754 0.481229
4760 0.270857
4767 0.010482
4769 0.359600
4771 0.354151
4772 0.986902
4776 0.314387
4778 0.023374
4780 0.136823
4790 0.196834
4792 0.145438
4793 0.362950
4794 0.391486
4795 0.565740
4821 0.261420
4824 1.168700
4839 0.193975
4844 0.131315
4849 0.243778
4852 0.164197
4860 0.028332
4861 0.447349
4866 0.137494
4872 0.610206
4876 0.517293
4885 0.348432
4887 1.178604
4890 0.238934
4903 0.221650
4911 0.069565
4912 0.342058
4914 0.902345
4918 0.463070
4921 0.552829
4928 0.439511
4933 0.983112
4939 0.187827
4940 0.165142
4942 1.120228
4951 0.313394
4965 0.558695
4976 1.204115
5002 0.414514
5006 0.434384
5014 0.603200
5017 0.597691
5020 0.149594
5023 0.259711
5027 0.589025
5029 0.491385
5031 0.035415
5033 0.418840
5035 0.288892
5042 0.083978
5043 1.025859
5052 1.137534
5064 1.064679
5066 0.413914
5079 0.542434
5100 0.364118
5104 0.544156
5107 0.219756
5111 0.578889
5114 1.036167
5119 0.586880
5120 0.296624
5125 0.232728
5129 0.240823
5130 0.547294
5133 0.524977
5137 0.447820
5142 0.182760
5147 0.086115
5149 0.182274
5153 0.559659
5156 1.123995
5163 0.555132
5165 1.046019
5170 0.359600
5172 0.138119
5174 0.380247
5176 0.912831
5183 0.281467
5192 1.138423
5194 0.343455
5199 1.087846
5200 1.027265
5206 1.015234
5207 0.498645
5213 0.012302
5221 1.161865
5227 0.326624
5228 0.299419
5232 0.104944
5236 0.171029
5237 0.368317
5246 0.174062
5256 0.589614
5257 0.313677
5259 0.458876
5260 1.125812
5269 0.072397
5284 0.059678
5289 0.511010
5297 0.074439
5299 0.560114
5301 0.463535
5324 0.509433
5330 0.022916
5334 0.061188
5335 1.222092
5336 0.046133
5345 1.260620
5349 0.479467
5350 0.249722
5353 0.361740
5364 0.524277
5365 0.356375
5370 0.411770
5378 1.241743
5379 1.040428
5382 0.193707
5390 0.135653
5394 0.060242
5403 0.300216
5407 0.392080
5408 0.066028
5412 0.380812
5420 0.419208
5423 0.525915
5427 0.361454
5443 0.179800
5444 0.450709
5447 0.232449
5452 0.513714
5455 1.084156
5462 0.615105
5466 0.598197
5472 0.474599
5481 0.458604
5482 0.327806
5492 0.128429
5494 1.079938
5500 0.088442
5508 1.089155
5518 0.550545
5524 0.158085
5526 0.054044
5528 0.157577
5532 0.333914
5549 0.555422
5551 0.058926
5553 0.145331
5563 1.047420
5565 0.077913
5567 0.489455
5569 1.012873
5571 0.239052
5577 0.452044
5588 0.255175
5604 0.579599
5613 0.222609
5614 1.226652
5626 0.509266
5630 0.602057
5639 0.540199
5647 0.210667
5650 0.370176
5656 0.888870
5660 0.511010
5667 1.175455
5672 0.522648
5675 0.080254
5686 0.467480
5693 0.974958
5704 0.470330
5707 0.403409
5710 0.411828
5713 0.125218
5717 0.284445
5719 1.113572
5724 0.572424
5728 0.271516
5732 0.447587
5733 0.262957
5738 0.224990
5739 0.535654
5740 0.559797
5748 1.053476
5760 1.099953
5762 0.382075
5768 0.135653
5772 0.208930
5778 0.473525
5784 0.097975
5800 0.320354
5804 0.073371
5806 0.383019
5808 0.029776
5813 0.359600
5824 0.482560
5825 0.106245
5837 0.010673
5838 0.329875
5847 0.096815
5863 0.031586
5864 0.165880
5867 0.506781
5874 0.292175
5875 0.048444
5881 0.394436
5885 0.509752
5887 0.383019
5891 0.179800
5892 1.271980
5899 0.201500
5900 0.260826
5914 1.155714
5917 0.513714
5922 0.582003
5927 0.403000
5930 0.418423
5933 0.031304
5941 0.100999
5942 0.193774
5943 1.076620
5948 0.279472
5954 0.532879
5961 1.096880
5966 0.364796
5967 0.584350
5969 0.033875
5974 0.239372
5976 0.113558
5978 0.168048
5987 0.500095
5990 0.032019
5999 0.184879
6002 0.316936
6004 0.384983
6011 0.327236
6013 1.084553
6017 0.440228
6021 0.163618
6027 0.043826
6035 0.556075
6038 0.048293
6041 0.148564
6042 1.229570
6048 0.384441
6049 0.508130
6050 1.162021
6057 0.025407
6072 0.024999
6079 0.400095
6082 0.423881
6089 1.274945
6101 0.362950
6105 0.126657
6106 0.221105
6108 0.302024
6111 1.063816
6115 1.119491
6131 0.581925
6149 0.572176
6152 0.540199
6153 1.061526
6164 0.034714
6179 0.203252
6184 0.285380
6185 0.379679
6186 0.989817
6194 0.552243
6201 0.012914
6207 0.129856
6238 1.247488
6241 0.069922
6242 0.541781
6244 0.180572
6250 0.535199
6260 1.057981
6263 0.547366
6268 0.165880
6276 0.576042
6303 0.365219
6309 0.503871
6314 0.179800
6324 0.457741
6330 0.507172
6334 0.146087
6337 0.996269
6339 0.416667
6340 0.467480
6342 0.576761
6343 0.245283
6347 0.543287
6357 0.113711
6368 0.620720
6373 1.250825
6377 0.391606
6380 0.464384
6382 0.615105
6383 1.064450
6386 0.611656
6387 0.553595
6392 0.043895
6396 0.306210
6402 0.934960
6408 0.113558
6414 0.314883
6421 1.035287
6424 0.419892
6429 0.207989
6437 0.923175
6442 0.178655
6443 0.115427
6444 0.253586
6452 0.069154
6454 0.450058
6455 0.223794
6456 0.118183
6463 0.107643
6467 0.586755
6471 0.009821
6486 0.327534
6501 0.338923
6502 0.012302
6506 0.253453
6508 0.433425
6531 1.094731
6533 1.212389
6534 0.160830
6536 0.421498
6538 0.178742
6545 0.309776
6549 0.461825
6551 0.083978
6558 0.134452
6560 0.506781
6561 0.305293
6564 0.595171
6568 1.168700
6570 0.123021
6579 0.133273
6587 0.270443
6593 0.488132
6600 0.537895
6601 0.367451
6605 0.510692
6606 0.146922
6614 0.567330
6615 0.080139
6617 0.532879
6619 0.060870
6621 0.412482
6622 0.417859
6630 0.529657
6631 0.591624
6632 0.336001
6634 0.540367
6637 0.204522
6644 0.131315
6645 0.152138
6666 0.015583
6671 0.491385
6680 0.052526
6684 0.558185
6686 0.287488
6688 1.191320
6703 0.999050
6707 0.321071
6716 1.134181
6718 0.027022
6720 1.062454
6723 0.397205
6728 0.238510
6729 0.073426
6735 0.587286
6739 0.597335
6747 1.017456
6748 0.185044
6759 0.247225
6761 0.181442
6762 0.084996
6766 0.597939
6767 0.558494
6771 0.156479
6772 0.449500
6776 0.484583
6781 0.456078
6787 0.517124
6788 0.171552
6799 0.202832
6803 0.206850
6810 1.280359
6812 0.527800
6819 0.363377
6820 1.003095
6823 0.970920
6831 0.538459
6833 0.228367
6834 0.115817
6836 0.224750
6847 0.199677
6849 0.361920
6853 0.363326
6857 0.059325
6858 1.103442
6860 0.173946
6864 1.091720
6866 0.387340
6870 0.463268
6876 0.412482
6877 0.243778
6883 0.332475
6884 0.513354
6890 0.197249
6893 0.134850
6898 0.010529
6906 0.446637
6909 0.477868
6921 0.239052
6922 1.079656
6936 0.121855
6941 0.033391
6943 0.372629
6944 1.205999
6947 0.186553
6948 0.515020
6959 0.048444
6961 0.158261
6962 0.479467
6974 0.224390
6982 0.401516
6996 0.076951
6997 0.231305
6998 1.105716
6999 1.079606
7013 0.415538
7015 1.198977
7017 0.131853
7020 1.044370
7022 0.070830
7027 0.039842
7036 0.243198
7051 0.427759
7054 0.434865
7055 1.051138
7056 1.070828
7063 0.547366
7064 1.059983
7068 0.382850
7071 0.380179
7073 0.541432
7076 0.270099
7084 0.306544
7089 0.376016
7090 1.006380
7091 1.103493
7102 0.485362
7110 0.031027
7111 0.358150
7116 0.183049
7130 0.173635
7131 0.077913
7134 0.565740
7135 1.097726
7148 0.028976
7149 0.136159
7166 0.422581
7178 0.198085
7184 0.311653
7187 0.079234
7192 0.335366
7194 1.077927
7197 0.445219
7199 1.126584
7205 0.104518
7207 0.414223
7208 0.158647
7212 0.517028
7214 1.009332
7219 0.105375
7221 0.053123
7224 0.470330
7228 0.233740
7231 1.117887
7234 1.204549
7235 0.155827
7253 1.050758
7261 0.308229
7266 0.280001
7267 0.205938
7296 1.276166
7297 0.058435
7298 0.440557
7307 0.540439
7308 0.119034
7309 0.578067
7314 0.038110
7320 0.346281
7323 0.397855
7329 0.475403
7331 0.186495
7340 0.237939
7341 0.298970
7342 1.153322
7343 0.298391
7346 0.028505
7348 0.266768
7351 0.416249
7355 0.138659
7378 1.007741
7381 0.058926
7383 1.119179
7399 0.174633
7403 0.233740
7410 0.371859
7412 0.072142
7413 0.207257
7414 0.411209
7416 0.613862
7429 0.415538
7431 0.370281
7439 0.502985
7441 0.451983
7445 0.394761
7456 0.230664
7458 0.019238
7459 0.414514
7462 1.068525
7467 0.131181
7471 0.998387
7478 0.097392
7493 0.170709
7497 0.391329
7498 1.162885
7499 1.082484
7508 0.212491
7514 0.010075
7517 0.528162
7518 0.158712
7519 0.481524
7531 0.403409
7540 0.556075
7546 0.598197
7548 0.099042
7550 1.043137
7552 0.366099
7570 0.396917
7596 0.372989
7601 0.062833
7612 0.280102
7621 0.422958
7629 0.307553
7631 0.219474
7632 0.366099
7634 0.347271
7644 0.577784
7648 0.276797
7656 0.357635
7658 1.168700
7660 0.405896
7667 1.282719
7673 0.232192
7678 0.449500
7686 0.212491
7690 0.584350
7693 1.196749
7700 0.516402
7704 0.352077
7710 0.599974
7711 0.161629
7712 0.044950
7713 0.503117
7718 0.104215
7722 0.977892
7723 0.111305
7725 0.274988
7727 0.231426
7728 0.396006
7729 1.144250
7730 0.594483
7740 0.389567
7751 0.076636
7753 1.142729
7759 0.214659
7773 0.245427
7775 0.277319
7778 0.345529
7784 0.348725
7787 0.455338
7795 0.378109
7796 0.049944
7798 0.363907
7799 0.160774
7801 0.516293
7807 0.454494
7813 0.078900
7818 0.053365
7823 0.473045
7829 0.339798
7834 0.610206
7836 0.108716
7838 0.028976
7844 0.389567
7845 0.517867
7850 0.575714
7861 0.422030
7868 1.145557
7870 0.104215
7875 1.163850
7879 0.076636
7888 0.451897
7894 0.053733
7901 0.344862
7909 0.559484
7913 0.091663
7916 0.189263
7917 0.348560
7926 0.333914
7932 1.159198
7936 0.520768
7940 0.009463
7960 0.516402
7961 1.029225
7967 0.604974
7972 0.327871
7976 1.037519
7980 0.208696
7983 0.369063
7986 0.051712
7989 0.405467
7994 0.522839
8001 1.034786
8006 0.063516
8007 0.220278
8014 0.174216
8017 0.246726
8020 0.199534
8023 1.049174
8024 0.367451
8035 0.543923
8048 0.104348
8062 0.564589
8071 0.372837
8075 0.067891
8084 0.412482
8089 0.353685
8092 0.225434
8102 0.095404
8114 1.240519
8117 0.218704
8119 1.030040
8123 0.102743
8134 1.252930
8137 1.248384
8140 0.381207
8154 1.084215
8165 0.044311
8169 0.508556
8175 0.364270
8178 0.010252
8180 1.110265
8187 0.103310
8193 0.014428
8201 0.572892
8206 0.582003
8209 1.129083
8214 0.237127
8216 0.567061
8217 1.102547
8218 0.407160
8219 0.333914
8220 0.958933
8238 0.134333
8242 0.377658
8247 1.041416
8249 0.424982
8260 0.027662
8261 0.280889
8274 0.169993
8280 0.578067
8281 0.552476
8283 0.590252
8290 0.471581
8299 0.298391
8300 0.068747
8303 0.462480
8314 0.528558
8318 0.100379
8319 0.202665
8320 0.552476
8321 0.587018
8322 0.181350
8332 0.418486
8335 0.554637
8340 0.014983
8342 0.149594
8345 0.078662
8351 1.052513
8353 0.105560
8359 0.080205
8361 0.600734
8364 0.384983
8366 0.170540
8370 0.451543
8375 0.097392
8376 0.220114
8383 0.298668
8387 0.107643
8388 1.096409
8390 0.309362
8394 0.395850
8405 0.447587
8409 0.242291
8411 0.499354
8412 0.536101
8416 0.525258
8421 0.467480
8424 0.318736
8425 0.414223
8427 1.308496
8430 0.258118
8434 0.351159
8446 0.186992
8453 0.535067
8457 0.185754
8461 0.297904
8465 0.351867
8467 1.206400
8480 0.139964
8495 0.608554
8505 0.331760
8507 0.607117
8511 0.072665
8512 1.074666
8513 0.412482
8514 0.339300
8515 0.152771
8520 1.074333
8530 1.122480
8532 0.119357
8537 0.411100
8538 1.133709
8540 0.593625
8544 0.525915
8548 0.119526
8550 0.986902
8554 0.439603
8557 0.430316
8561 0.328056
8565 0.485121
8567 0.311653
8569 0.301211
8570 0.010922
8578 0.068747
8582 0.339985
8584 0.026867
8590 1.080878
8607 0.447885
8632 1.077801
8633 1.254214
8634 0.045608
8644 0.043285
8646 0.148406
8650 1.019150
8651 0.222609
8653 0.031027
8666 1.001743
8667 0.133566
8670 0.567461
8677 1.071308
8680 0.121599
8689 0.072078
8690 0.479167
8692 0.060712
8703 0.191366
8709 0.263900
8714 0.516552
8715 0.184532
8719 0.592428
8724 1.095656
8732 0.554383
8738 1.059621
8740 0.154454
8743 0.303730
8749 0.259711
8751 0.025971
8755 1.168700
8759 0.133566
8765 0.448268
8770 0.480836
8773 1.192551
8775 0.516176
8777 0.916261
8778 0.298846
8783 0.123021
8788 0.255653
8796 0.519422
8801 1.082129
8808 0.028389
8813 0.321392
8817 0.467480
8820 1.100620
8823 0.171029
8825 1.134987
8827 1.168700
8834 0.060870
8835 0.442585
8839 0.567517
8840 0.397599
8842 0.866850
8852 0.503871
8854 0.015080
8855 0.145180
8856 0.504335
8857 1.094389
8865 0.356175
8871 1.061569
8875 0.176038
8879 0.416566
8881 0.083479
8883 0.011987
8886 0.445793
8890 0.168969
8891 0.212491
8894 1.184282
8897 1.269698
8904 0.095893
8907 0.444676
8916 0.073426
8917 0.041739
8921 0.095893
8935 0.012703
8953 0.524722
8958 0.263369
8961 0.380247
8966 0.108716
8967 1.226413
8974 0.270152
8976 0.034374
8981 0.472884
8989 0.092672
9004 0.472732
9005 0.496101
9007 0.046285
9008 0.272318
9009 0.526738
9010 1.049730
9020 0.424982
9022 0.998707
9023 0.090286
9027 0.189914
9028 0.597053
9039 0.167957
9045 1.168700
9050 0.325819
9054 0.121855
9060 0.384230
9061 0.517778
9064 0.278262
9073 0.469567
9089 1.198666
9092 0.592901
9094 1.240519
9095 1.037631
9100 0.358710
9116 0.273749
9121 0.450583
9125 0.294550
9131 0.973916
9135 0.379448
9138 0.453958
9142 0.383334
9143 0.114954
9144 0.202665
9145 0.978151
9151 0.556524
9153 1.263459
9158 0.292175
9159 1.132405
9167 0.108998
9183 0.471327
9187 0.043285
9201 0.193774
9205 0.398733
9211 0.240762
9214 0.394498
9216 1.064263
9217 0.067167
9219 0.365219
9231 0.116341
9235 0.299667
9237 0.433744
9240 0.424042
9248 0.299187
9251 0.122435
9267 1.094389
9274 0.255835
9286 0.221292
9304 0.272078
9313 0.503750
9316 0.185754
9317 0.150800
9319 0.036906
9323 0.147006
9324 0.213880
9329 0.452400
9331 0.392840
9341 0.059933
9355 1.059815
9360 0.534927
9363 0.086973
9366 0.239488
9368 0.440160
9369 1.074666
9372 0.449107
9379 0.403357
9381 0.403844
9383 0.437320
9384 0.161629
9387 1.168700
9389 0.603200
9399 0.557654
9400 0.020504
9413 0.019081
9424 0.434640
9435 1.162243
9438 0.610586
9440 0.597939
9448 0.080600
9464 0.454123
9466 0.502985
9467 1.147830
9468 0.125218
9473 0.104518
9475 0.999888
9483 0.577784
9485 1.173848
9489 0.476829
9495 1.045087
9498 0.608811
9500 0.549976
9507 0.522648
9513 0.179075
9522 0.358150
9526 1.018131
9528 0.574446
9540 0.399818
9552 0.270220
9556 1.077868
9557 1.144849
9560 0.338308
9565 0.246042
9570 1.117328
9574 0.027022
9580 0.229687
9582 0.290876
9584 1.168700
9589 0.219756
9596 0.339300
9598 0.540248
9600 0.011629
9601 0.369691
9610 0.098938
9624 0.198085
9625 0.085515
9631 0.052174
9640 0.480288
9644 0.465499
9645 0.227062
9655 0.132114
9658 0.538310
9676 0.337237
9677 1.106645
9697 1.138106
9698 0.309655
9713 1.102090
9714 0.148406
9723 1.021296
9732 1.015656
9749 0.215287
9751 0.359600
9752 0.093913
9761 0.483600
9762 0.065447
9766 0.391329
9774 0.038476
9776 0.276148
9785 0.191366
9789 0.049732
9792 1.078800
9795 0.100174
9796 1.261454
9807 0.246806
9808 0.351867
9810 1.211532
9813 0.569814
9821 1.152239
9830 0.413075
9831 0.317581
9833 0.233740
9835 0.234977
9838 0.592141
9841 0.057359
9846 0.609756
9850 0.290265
9858 0.494193
9868 0.378526
9875 0.162319
9876 0.224496
9877 0.564653
9884 1.090786
9898 0.118183
9913 0.197130
9919 0.347271
9923 0.360392
9924 0.851852
9925 0.013913
9926 0.504386
9934 0.284445
9946 0.370689
9953 0.396169
9954 0.366099
9956 0.320820
9960 0.289678
9963 0.196507
9970 0.288314
9971 0.251333
9972 0.239441
9974 1.135308
9975 1.012873
9982 0.551886
9986 0.469664
9987 0.132306
9989 0.229908
9995 0.344084
10000 0.403844
10003 0.475878
10006 0.539400
10007 0.255233
10019 0.591390
10022 1.181980
10027 0.510692
10048 0.076636
10055 1.050285
10065 1.278954
10069 1.087846
10077 0.221988
10081 0.212491
10082 0.551273
10093 0.339985
10096 0.420536
10104 0.180669
10109 1.089911
10111 0.311025
10112 0.192775
10116 0.961063
10122 0.407160
10127 0.300953
10134 0.312284
10140 0.177524
10144 1.010360
10145 0.506188
10149 0.578067
10153 0.064928
10157 0.206517
10160 0.592901
10161 0.149423
10166 0.252333
10169 0.368016
10172 0.495486
10180 0.194783
10185 0.149833
10187 1.011061
10199 1.156526
10200 0.323414
10212 0.513088
10228 0.950542
10229 0.022261
10233 0.209946
10234 1.070680
10237 0.457091
10238 1.183683
10240 0.391743
10245 0.581121
10246 0.053123
10248 0.409375
10249 0.439431
10250 1.034122
10254 0.094335
10262 0.463361
10269 0.099042
10289 0.407160
10290 0.527800
10291 0.462734
10292 0.293643
10301 0.448905
10304 0.500184
10306 0.278949
10307 0.110825
10309 0.975030
10310 0.084612
10323 0.039786
10326 0.037398
10332 0.332219
10333 0.363595
10344 0.906561
10352 0.232632
10353 0.563229
10373 0.584350
10378 0.454845
10384 1.073296
10390 0.137494
10398 0.073813
10399 0.074711
10405 0.194783
10406 0.023491
10410 0.326733
10411 0.267464
10412 0.028857
10416 0.028049
10418 0.476829
10429 0.537895
10434 0.029217
10437 0.305336
10443 0.978911
10447 0.041370
10452 0.339511
10453 0.180531
10456 0.608811
10462 0.245050
10464 0.273838
10466 0.011458
10472 0.566202
10473 0.562707
10476 0.029463
10480 0.048951
10485 0.226932
10487 0.549976
10488 0.098417
10501 0.254717
10507 0.562159
10511 0.391197
10512 0.273380
10513 0.592141
10515 0.527158
10523 0.031874
10530 0.154888
10531 0.292175
10533 0.446576
10535 1.196134
10536 0.164440
10541 1.257878
10542 0.044381
10544 0.311653
10549 0.264412
10560 0.481229
10562 0.137494
10563 1.040520
10565 0.436315
10575 1.234853
10578 0.428138
10582 1.117328
10587 1.084676
10599 0.219131
10600 0.208930
10605 0.398543
10608 0.268410
10612 0.222053
10618 1.048833
10620 0.264905
10626 0.363595
10644 0.540155
10645 0.211529
10655 0.484714
10656 0.553842
10666 0.166957
10668 0.273203
10673 0.439148
10683 0.038476
10696 0.323257
10700 0.279593
10701 1.070680
10705 0.111897
10706 0.220114
10711 0.521076
10712 0.554999
10720 0.347451
10730 0.603200
10740 0.116341
10743 0.584350
10747 0.258118
10748 0.260972
10750 0.444299
10756 0.364862
10764 1.001743
10767 0.429016
10770 1.156398
10773 0.048951
10777 1.111223
10778 0.620720
10781 0.997290
10783 1.078800
10786 0.347451
10787 0.987830
10788 0.146852
10792 0.221438
10800 0.528823
10802 0.106245
10803 0.533924
10804 0.153105
10809 0.584350
10815 0.143840
10820 0.127727
10824 0.310886
10826 0.271791
10830 0.495812
10832 0.270220
10835 1.067074
10856 0.131950
10858 0.296624
10868 1.146368
10869 0.184532
10884 0.225539
10885 0.240001
10886 0.426922
10890 0.581706
10893 0.236101
10897 0.365956
10899 0.591067
10902 0.504145
10910 0.136159
10912 0.258514
10919 0.415538
10920 0.148406
10924 0.507055
10930 0.397855
10932 0.245362
10946 0.420485
10948 1.291006
10949 0.086216
10953 0.246042
10954 0.304406
10961 0.140244
10963 1.071733
10965 0.061188
10973 0.546405
10977 0.113466
10980 0.056098
10989 0.320354
10993 0.449500
10996 1.234031
11006 1.071308
11008 0.108356
11011 0.132807
11023 0.204140
11029 0.370088
11034 0.142658
11037 0.262629
11038 0.338308
11040 1.085760
11041 0.367131
11042 0.967633
11046 1.066011
11049 0.413914
11051 0.550545
11053 0.330865
11058 1.230712
11059 0.250092
11060 0.013058
11063 0.285049
11077 0.176778
11081 1.142729
11082 0.260972
11087 0.411302
11092 0.623307
11093 0.382484
11097 0.119034
11101 1.116592
11102 0.077913
11105 0.150194
11115 0.142841
11119 0.022475
11123 0.116870
11124 1.014531
11126 0.488868
11132 0.208431
11135 0.360710
11138 0.453314
11139 0.152771
11141 0.059325
11143 0.193833
11151 0.237541
11152 0.416667
11153 0.342655
11168 0.467480
11171 0.052408
11176 0.449500
11178 0.483063
11179 0.020963
11181 0.892826
11184 0.124661
11188 1.121952
11191 0.038635
11195 0.067948
11196 1.186680
11197 0.337020
11203 0.218704
11205 0.271440
11210 0.028680
11212 0.432031
11215 0.234858
11218 1.188735
11220 1.228125
11221 0.605471
11222 0.427573
11223 0.538217
11224 0.275842
11226 0.138659
11228 0.533091
11231 0.567789
11233 0.269286
11234 0.076636
11246 1.208094
11259 0.544915
11260 0.318736
11262 0.411302
11279 0.565500
11282 1.089466
11283 0.066466
11290 1.186866
11293 0.198085
11296 0.190808
11304 0.101626
11306 0.123021
11317 0.473158
11324 0.026411
11328 1.040520
11345 0.329633
11354 0.128077
11358 0.330541
11362 0.092965
11373 1.137782
11388 0.057477
11389 0.175933
11392 0.068412
11394 1.210070
11395 0.295753
11402 0.318736
11418 0.483063
11424 0.436315
11444 1.131948
11446 0.598197
11451 0.054612
11452 1.119777
11454 0.563846
11458 0.063173
11486 0.037853
11493 1.179622
11497 0.567461
11503 1.127931
11505 1.054933
11512 0.053426
11513 1.031206
11514 0.031729
11515 0.248349
11529 0.540199
11539 0.373557
11541 0.447820
11543 1.109938
11544 0.511738
11545 0.507670
11551 0.580808
11552 0.168969
11554 0.281614
11559 0.309180
11568 0.200349
11583 0.560596
11587 0.369063
11590 0.432419
11612 1.082343
11625 0.067332
11629 0.499906
11632 0.535067
11635 0.276943
11645 1.236830
11647 0.554383
11651 0.255453
11652 0.346281
11656 1.073940
11657 0.267131
11664 0.496439
11671 0.414514
11673 1.306194
11678 0.230854
11679 0.042498
11696 0.431749
11699 0.436165
11703 0.200686
11711 0.058679
11727 0.297688
11742 0.294716
11747 0.465456
11749 0.435992
11752 1.028456
11760 0.250843
11761 0.960003
11763 0.317425
11766 0.114719
11772 0.163074
11774 0.196040
11777 0.358150
11778 0.245283
11785 0.030356
11796 0.148071
11797 1.107988
11798 0.231535
11800 0.371363
11801 0.420485
11805 0.031874
11813 0.125667
11816 0.456349
11818 0.594974
11825 0.272318
11826 0.416667
11828 1.075735
11834 1.117887
11835 0.393944
11836 0.023973
11838 1.181685
11839 0.366403
11844 0.024348
11851 0.545860
11852 0.255175
11861 0.526738
11862 0.158852
11863 1.184010
11878 0.176408
11879 0.584350
11880 1.088789
11882 1.088851
11885 0.217192
11889 0.544455
11896 0.041248
11905 0.214659
11918 0.516176
11921 1.168700
11925 0.168461
11929 0.084776
11934 0.340626
11935 0.114273
11942 0.203252
11950 0.419533
11952 0.335627
11959 0.345529
11961 0.462734
11965 0.988900
11968 0.203718
11970 0.477811
11972 0.181268
11974 0.235790
11979 0.293440
11980 0.481229
11989 0.988453
11992 0.198928
11994 0.414700
12002 1.116370
12019 0.245283
12020 0.525915
12024 0.419533
12027 0.011746
12029 0.508130
12030 0.085515
12035 1.293030
12043 0.277319
12045 0.589431
12049 0.450058
12058 0.491385
12068 0.349985
12069 0.046936
12074 1.077236
12076 0.325703
12094 0.313260
12096 1.137944
12098 0.295753
12099 0.400697
12100 0.581384
12103 0.465365
12107 0.340871
12109 0.990686
12112 0.451766
12116 1.267742
12120 0.511306
12121 0.556524
12134 0.080205
12135 1.059621
12142 0.527800
12143 0.014983
12147 1.293030
12148 0.313677
12155 0.133143
12158 0.300216
12164 0.193090
12168 0.233740
12170 0.410470
12172 0.350610
12175 1.093300
12179 1.163054
12181 0.497968
12191 0.485121
12201 0.932473
12209 0.411770
12216 0.038795
12226 0.093496
12228 0.556033
12234 1.120802
12235 0.269155
12247 0.127139
12248 0.284104
12250 0.416942
12252 0.547051
12259 1.194217
12260 0.335323
12261 1.044955
12265 1.168700
12267 0.135653
12274 0.337937
12289 0.143399
12293 0.400697
12295 0.352372
12296 0.046133
12309 0.413177
12310 1.205606
12311 0.058435
12318 0.262785
12320 0.036333
12328 0.549976
12331 0.380179
12332 0.350610
12338 0.284683
12341 0.203718
12342 0.394260
12355 0.470330
12364 0.944906
12365 0.271440
12367 0.492084
12369 0.117605
12373 0.164197
12376 0.128557
12378 0.345298
12381 0.454494
12383 0.338923
12396 0.371016
12397 0.399068
12401 0.286011
12414 0.264829
12425 0.204657
12431 0.402552
12440 0.526168
12442 0.058144
12443 0.267464
12449 0.241422
12453 0.522589
12466 0.549976
12469 0.433338
12472 0.449500
12482 0.314448
12486 0.316124
12489 0.063173
12494 0.225772
12495 0.434517
12500 0.363595
12503 0.427975
12507 0.337357
12523 0.042242
12528 0.523733
12543 0.081301
12545 0.158647
12553 0.274988
12556 0.238279
12565 0.463616
12570 1.049730
12582 0.551684
12585 0.280488
12588 0.141661
12589 0.089409
12590 0.368394
12591 0.475239
12592 0.328286
12593 0.133143
12606 0.158712
12611 0.012111
12612 0.483212
12624 1.047070
12627 0.576559
12636 1.097147
12637 0.419824
12648 0.051091
12658 1.112452
12661 0.336586
12662 0.066783
12668 1.081483
12669 0.441509
12674 0.265167
12680 0.097392
12686 0.226932
12689 0.071262
12699 0.039284
12702 0.267982
12715 1.173431
12717 0.096058
12719 0.292175
12730 0.493675
12735 0.106245
12739 0.442211
12740 0.105183
12744 0.375486
12746 1.100840
12747 0.096246
12751 0.485121
12754 0.064928
12771 0.190549
12775 0.186495
12777 0.253017
12786 0.120485
12787 0.383921
12788 0.349023
12798 0.424982
12800 0.505642
12804 0.049732
12806 0.029839
12807 0.528115
12816 0.594483
12822 0.324093
12827 0.513417
12830 0.543287
12831 0.169993
12832 0.277711
12836 0.176408
12838 0.217433
12841 0.567843
12842 0.576953
12849 1.146923
12862 0.131069
12873 0.208500
12875 0.239733
12876 0.014252
12878 0.459132
12891 0.581753
12898 0.523900
12899 0.376361
12901 0.318108
12904 0.332277
12905 0.369758
12908 1.195879
12920 0.044522
12924 0.280102
12929 0.129138
12930 0.990612
12932 0.377468
12933 0.289838
12934 1.242668
12935 1.253696
12941 0.139131
12949 0.045386
12950 0.123021
12953 1.145557
12956 0.379827
12957 1.059983
12959 0.425842
12981 0.206621
12992 0.580892
12994 1.073684
13000 0.268801
13003 0.380753
13022 0.234761
13030 0.303862
13034 0.565500
13037 0.057952
13043 0.216872
13044 0.041739
13048 0.589179
13050 0.508130
13054 0.282100
13058 0.494450
13060 0.154245
13061 0.326994
13063 0.061188
13091 0.361234
13094 0.108487
13115 0.274139
13123 0.139546
13129 0.249911
13135 1.235310
13156 0.132056
13159 0.380065
13162 0.079571
13164 0.166957
13169 0.062331
13171 0.235210
13172 0.337125
13173 0.549343
13178 0.039174
13192 1.184422
13194 0.324986
13195 0.057010
13199 0.377762
13202 1.072905
13206 0.242291
13209 1.075204
13213 1.133285
13216 1.111844
13219 0.371859
13221 0.443810
13227 0.010075
13229 0.356311
13236 0.356943
13242 0.550852
13246 0.248660
13264 0.133273
13269 0.273647
13271 0.470515
13272 0.538571
13273 1.168700
13277 0.235987
13288 0.331760
13293 0.012433
13297 0.601046
13304 0.403409
13320 0.362535
13329 0.131069
13331 0.598743
13333 0.942708
13340 0.378251
13361 0.283321
13368 0.104465
13371 1.121411
13382 0.300718
13385 1.232806
13388 1.214086
13396 0.376361
13399 0.012773
13400 0.439070
13409 0.015378
13416 0.063863
13417 0.114019
13421 1.141521
13439 0.383921
13442 0.238279
13468 0.561778
13469 0.085664
13470 1.017575
13484 0.970920
13488 0.337125
13490 0.538618
13491 0.127727
13499 0.594723
13509 0.557455
13512 0.133566
13525 0.589711
13527 0.049998
13535 0.149994
13537 0.034374
13539 0.361337
13540 0.054358
13556 0.339622
13560 0.461461
13561 0.182274
13564 0.533091
13578 0.501547
13582 0.041554
13583 0.169377
13587 0.047947
13588 0.452795
13594 0.332157
13603 0.268904
13607 0.118486
13610 1.008523
13614 1.057115
13618 0.356712
13622 0.592282
13629 0.387414
13635 0.310360
13640 0.041007
13646 0.981708
13648 0.166957
13654 0.459656
13658 0.473525
13671 1.011283
13679 0.471250
13684 1.038844
13689 0.086171
13696 0.408341
13700 0.547294
13702 0.091216
13704 1.075735
13722 0.037102
13729 0.584350
13730 0.937528
13731 0.347271
13733 1.195879
13737 0.481229
13743 0.305828
13745 0.122377
13748 0.027662
13749 0.441019
13754 1.070010
13766 0.092114
13769 0.396523
13770 1.088495
13772 0.534618
13773 0.293705
13776 0.311653
13777 0.391283
13786 0.389567
13796 0.500184
13801 0.469436
13803 0.093496
13810 1.236647
13812 0.581443
13813 0.322845
13819 0.342550
13820 0.498835
13828 0.318736
13831 0.586924
13832 0.130894
13833 1.125415
13835 0.351285
13837 0.206241
13838 1.196749
13847 0.294110
13851 0.407010
13854 0.290721
13857 0.357765
13865 0.601436
13878 0.062055
13884 0.152694
13892 1.028855
13904 1.053114
13906 1.095239
13908 1.094328
13909 0.248419
13911 0.272458
13912 1.110843
13913 1.036167
13916 1.016261
13920 0.227247
13925 0.480587
13928 0.986641
13932 0.059425
13936 0.430196
13938 0.555845
13939 1.088263
13953 1.030301
13958 0.107880
13970 0.030554
13974 0.335833
13975 1.033850
13980 0.133566
13992 0.261029
13999 0.341418
14003 1.073684
14011 0.190808
14015 0.302821
14016 1.249946
14032 0.229371
14038 0.139964
14040 0.330764
14052 0.560429
14053 0.452400
14055 0.021643
14064 0.555422
14066 0.409876
14069 0.209319
14070 0.220509
14072 0.393801
14080 0.058193
14087 0.568208
14094 1.244287
14096 0.196972
14101 0.156630
14107 0.160874
14111 1.189203
14112 0.219131
14113 0.371363
14127 0.102261
14131 0.934960
14148 0.049998
14150 0.984168
14151 0.929212
14157 0.373984
14159 0.263900
14169 0.012367
14170 1.124874
14183 0.248954
14192 0.579179
14193 0.293705
14198 1.264254
14209 0.558943
14212 1.134660
14213 0.171727
14214 0.384873
14218 1.233301
14247 0.119526
14253 0.153272
14260 0.140029
14261 0.551521
14282 0.431078
14283 0.400328
14286 0.405467
14287 0.066783
14293 0.554383
14298 0.051371
14305 0.290596
14308 0.516293
14310 1.129083
14314 0.547828
14320 1.152392
14331 1.034366
14335 0.053123
14348 0.333914
14351 0.011184
14355 1.203414
14363 0.065842
14366 1.155857
14368 0.538571
14370 0.267131
14372 0.529811
14374 0.119867
14379 0.147937
14388 0.253835
14391 1.303152
14398 1.026423
14419 0.339798
14420 0.394260
14425 0.251333
14429 1.202091
14438 0.179800
14444 0.474784
14446 0.959727
14448 0.335759
14459 0.285049
14463 0.602212
14464 0.421498
14468 0.082014
14488 0.315865
14489 0.330657
14493 1.075204
14495 0.050375
14497 0.233740
14507 1.072720
14512 0.892462
14514 0.344349
14515 0.234977
14530 1.285064
14531 0.316170
14533 1.344307
14534 0.382285
14546 1.292809
14550 0.495486
14560 0.419824
14561 0.274390
14570 0.129138
14571 0.285380
14572 0.229744
14573 1.122364
14574 0.291002
14584 0.348362
14585 0.414700
14594 1.028456
14606 0.158085
14612 0.020594
14617 0.406958
14621 0.074711
14628 0.022155
14629 0.450869
14634 1.188287
14636 0.438262
14639 0.330541
14651 0.198928
14654 0.223577
14655 0.298611
14660 0.354151
14663 0.391986
14664 0.436315
14681 0.553950
14683 0.436165
14684 0.212491
14690 0.491050
14706 0.357879
14709 0.391431
14715 0.298187
14719 0.028857
14730 0.338054
14735 0.140499
14740 0.177524
14749 0.511306
14752 0.380812
14755 1.133589
14765 0.459132
14767 1.217107
14769 0.362950
14772 0.047702
14790 0.514452
14802 0.121423
14804 0.551747
14806 0.493320
14811 0.057952
14816 0.535199
14817 0.448399
14818 0.596998
14829 1.080607
14833 0.576042
14840 0.446231
14843 0.310753
14849 0.133566
14854 1.194963
14862 0.355048
14868 0.071699
14874 0.564653
14879 0.598197
14886 1.072573
14891 1.099953
14892 0.494450
14896 0.543581
14899 0.414054
14902 0.219991
14916 0.597335
14921 0.441196
14923 1.057164
14937 0.099767
14938 0.152914
14943 1.048979
14946 0.067948
14949 1.103369
14950 0.341302
14969 0.142524
14976 1.079656
14979 0.398301
14982 0.288568
14983 0.149485
14985 0.423150
14993 0.150800
14994 1.065275
14995 0.498134
15008 0.133566
15014 0.261324
15017 0.448268
15020 0.178940
15024 0.021153
15025 0.107467
15032 0.185141
15036 0.093966
15042 0.401516
15047 0.456608
15058 0.030554
15060 0.186165
15061 0.069086
15063 1.168700
15068 0.467480
15073 0.103629
15075 0.572424
15087 0.158468
15096 0.513983
15099 1.091643
15104 1.144849
15110 0.099700
15114 1.120998
15115 0.561498
15118 0.289163
15119 0.087108
15122 0.237127
15132 0.269155
15133 0.212491
15139 0.519422
15148 0.049521
15151 0.043086
15157 0.391743
15159 1.221822
15163 1.162999
15166 0.120640
15167 0.294906
15170 0.086928
15171 0.369589
15173 0.589101
15182 0.166045
15195 0.490437
15197 0.211616
15201 0.270443
15202 0.069565
15205 0.293485
15211 0.234977
15219 0.163767
15221 1.069124
15222 0.215158
15235 0.562159
15237 0.477533
15240 0.428523
15252 0.575881
15254 0.203773
15260 1.052604
15267 0.106731
15271 0.067425
15272 0.037398
15274 1.168700
15281 0.451280
15285 0.499132
15290 1.136415
15304 1.243072
15307 0.025971
15309 1.175615
15310 0.079684
15317 0.480587
15324 1.197917
15330 1.135686
15333 0.551094
15363 0.233740
15369 1.077723
15371 0.467480
15390 1.068083
15392 0.064928
15394 0.044381
15395 0.072142
15410 0.471769
15416 1.111690
15421 0.568267
15431 0.513599
15433 0.194783
15434 0.333914
15438 1.145232
15440 0.263900
15444 0.427694
15451 1.071308
15453 0.380507
15462 0.209136
15467 1.009041
15472 0.093496
15476 0.458742
15478 0.591747
15479 1.041205
15484 0.341134
15496 1.168700
15498 0.229908
15500 0.343347
15503 0.188321
15514 0.040127
15518 0.923763
15524 0.479467
15535 0.074917
15544 1.080733
15548 0.226932
15550 0.327044
15552 0.257226
15554 1.109274
15568 0.134615
15573 1.168700
15575 1.178521
15580 0.170435
15589 0.477219
15603 0.411100
15609 0.323640
15612 1.118510
15621 0.421334
15628 0.209319
15630 0.315477
15634 0.522980
15635 0.372775
15638 0.418968
15641 1.234853
15644 1.044166
15646 1.099953
15647 0.032464
15650 0.155827
15654 0.467480
15655 1.107830
15659 0.289163
15672 0.063516
15674 0.010821
15682 1.065957
15683 0.459601
15684 0.448781
15689 0.347451
15691 1.204549
15692 1.055600
15699 0.225292
15710 0.157441
15715 1.016261
15717 0.499354
15719 0.283983
15721 0.320558
15725 1.218889
15728 0.533653
15729 1.081176
15731 0.570097
15735 0.044950
15741 0.400388
15742 0.398733
15748 0.379038
15752 0.321747
15756 0.046133
15757 0.495812
15760 0.513417
15766 0.488412
15767 1.203218
15771 0.064629
15772 1.111844
15776 0.169088
15784 0.239052
15795 0.462044
15801 1.118968
15805 1.099370
15810 0.581884
15814 1.138987
15817 0.196834
15820 0.065535
15824 0.290963
15826 0.412482
15834 0.123021
15839 0.489935
15840 0.378109
15846 0.271791
15851 0.147625
15854 0.551273
15856 1.054316
15863 0.373106
15866 0.180793
15872 0.943408
15879 0.140677
15885 0.576345
15891 0.438948
15896 0.456855
15897 0.606949
15901 0.298846
15903 0.409375
15905 0.598838
15908 1.074954
15911 0.102904
15920 0.570886
15924 0.161571
15927 0.361987
15931 0.420207
15933 0.538571
15936 1.178952
15937 0.051259
15942 0.040300
15954 0.060242
15962 0.308713
15965 0.504994
15967 0.325887
15980 0.140244
15985 0.082985
15986 0.199778
15990 0.077913
15992 0.381928
15995 1.047420
15998 0.121109
16007 0.160508
16009 0.982662
16012 0.979748
16036 0.042757
16038 1.098296
16042 1.094731
16044 1.027198
16051 0.571129
16052 0.563480
16067 0.041989
16069 0.027179
16072 0.440825
16073 0.316680
16075 0.080600
16084 0.448697
16086 0.504145
16091 1.052604
16093 0.601845
16100 0.074439
16101 0.480465
16103 0.397131
16108 0.514522
16111 1.021075
16112 0.609756
16113 0.587849
16116 1.264321
16118 0.321917
16119 1.047420
16137 0.484435
16140 0.166259
16147 1.057164
16148 0.926139
16151 0.572663
16155 0.479728
16167 0.448455
16175 0.171029
16183 0.111305
16190 0.476137
16194 1.131301
16203 0.275842
16207 1.152543
16212 0.612176
16214 0.329817
16215 0.899000
16227 1.198977
16229 0.511306
16237 0.413122
16247 0.274988
16249 0.051712
16267 0.010771
16268 1.085221
16272 0.206241
16282 0.138399
16283 0.464824
16289 0.116870
16291 1.201164
16297 0.464897
16303 0.280488
16305 0.104944
16310 0.153903
16311 1.211532
16324 0.599864
16325 0.403000
16326 0.981708
16337 0.256294
16355 0.120640
16356 0.403844
16358 0.309078
16361 0.438262
16363 1.021645
16372 0.572424
16377 0.061511
16381 0.499525
16389 0.138074
16408 0.521944
16412 1.030040
16416 0.450058
16422 1.088652
16423 0.425882
16430 0.077397
16431 0.015277
16433 0.351215
16437 0.192996
16441 0.544156
16450 0.471869
16451 0.139249
16453 0.570097
16458 1.043887
16459 0.201307
16460 0.070830
16474 0.623307
16475 0.564200
16478 0.355394
16487 0.301961
16515 0.013913
16523 1.018369
16531 0.204363
16537 1.279525
16538 0.039450
16539 0.165480
16544 0.010075
16549 0.439833
16554 0.228039
16556 1.095239
16560 0.226585
16565 0.084339
16572 0.156479
16576 0.304052
16578 0.028389
16581 1.130590
16582 0.560976
16586 0.978714
16587 0.211616
16588 0.341790
16589 0.387909
16604 0.332517
16605 0.430917
16609 0.280488
16610 1.144849
16619 0.117942
16624 0.267131
16625 1.191615
16626 0.566642
16641 0.091920
16647 0.500871
16655 0.138308
16660 0.513714
16664 0.359600
16667 0.514034
16669 0.296451
16671 0.451543
16687 0.381616
16694 0.479467
16695 0.029776
16697 0.102070
16712 0.264611
16714 0.568972
16715 0.216713
16718 0.525379
16720 0.501686
16723 0.392925
16729 0.395212
16730 0.339738
16738 0.189263
16740 0.501815
16742 0.259711
16743 0.099767
16745 0.242218
16750 0.202665
16761 0.476342
16762 1.127330
16764 0.494636
16768 0.317425
16772 1.141771
16778 0.338308
16779 0.464967
16788 1.011710
16790 1.121952
16791 0.349910
16792 1.142496
16795 1.168700
16798 0.940333
16812 0.411770
16816 0.279092
16827 0.512127
16832 1.221822
16833 0.349611
16841 0.184532
16842 1.197676
16844 0.940041
16847 0.088762
16852 1.168700
16855 0.278262
16856 0.451983
16858 1.061056
16875 0.363840
16880 1.164006
16884 1.122415
16888 0.369589
16889 0.548573
16893 1.151597
16901 0.046285
16903 0.325461
16917 0.173141
16921 0.432031
16922 0.482843
16925 1.195566
16926 0.384983
16944 1.221480
16949 1.269176
16950 0.555845
16952 1.147190
16959 0.139844
16980 0.118486
16981 1.020388
16989 0.052408
16996 0.135050
16997 1.131000
17001 0.069037
17006 1.162516
17009 0.024734
17014 0.386265
17018 0.177524
17022 0.595171
17024 0.470515
17026 0.432470
17031 0.410470
17042 0.422422
17050 0.283321
17057 0.528115
17063 0.079234
17067 0.547675
17080 1.087399
17085 0.415538
17088 0.276943
17090 0.026411
17091 0.151175
17097 0.439511
17103 0.146922
17107 0.418159
17109 1.001743
17110 0.561875
17116 0.514846
17119 0.163767
17123 0.292175
17128 1.263761
17133 0.229687
17137 1.200286
17139 0.961063
17142 1.154389
17148 0.136348
17158 0.332157
17171 0.259711
17172 0.529466
17173 0.608497
17174 0.030356
17180 1.128858
17181 0.185930
17183 0.584350
17204 1.113047
17207 0.345769
17210 0.143525
17216 0.057010
17219 1.163054
17221 0.374389
17222 0.518143
17226 0.252692
17232 0.051259
17240 0.439833
17242 1.173393
17246 1.025859
17273 1.116174
17277 0.299187
17284 0.021643
17289 0.452740
17291 0.566202
17297 0.207111
17306 0.545044
17310 1.211532
17311 0.557261
17313 0.333914
17315 0.395750
17325 0.939907
17327 0.875140
17331 0.525143
17334 0.587767
17335 0.335283
17336 1.123750
17343 0.475634
17345 1.206893
17350 0.549343
17356 0.472324
17374 0.073044
17383 0.149833
17387 0.475403
17389 0.327871
17390 0.403995
17398 0.467480
17405 0.529657
17406 0.029839
17408 0.216637
17411 0.255453
17416 0.387865
17420 0.194783
17421 1.067701
17423 0.124210
17428 0.182431
17432 0.177244
17438 0.404550
17446 0.449500
17448 0.338177
17457 0.126609
17458 0.056779
17467 0.881315
17469 0.256544
17470 0.116224
17473 1.215036
17481 0.171409
17483 0.527340
17489 0.124477
17490 0.166957
17491 0.572176
17492 0.503750
17494 0.081301
17497 0.175048
17510 0.519422
17516 0.129856
17520 0.286212
17525 1.158075
17526 0.326149
17529 0.439431
17540 1.216894
17546 1.111411
17547 0.262138
17548 0.010625
17550 0.539400
17555 0.300389
17566 0.015479
17569 0.207769
17570 0.465264
17577 1.322300
17588 0.461587
17598 0.502432
17599 1.109274
17604 0.498645
17609 0.288314
17610 0.332017
17620 0.218157
17624 1.149951
17641 0.090773
17646 0.232728
17648 0.523480
17653 0.558943
17658 0.469396
17663 0.497319
17666 0.191366
17669 0.314650
17671 0.151779
17676 0.535654
17683 0.118183
17691 0.523480
17701 0.073371
17707 0.530653
17711 0.573040
17715 0.079042
17716 0.239441
17718 0.274343
17725 0.228039
17727 0.211361
17730 1.249300
17737 0.498134
17741 0.113328
17746 0.994363
17748 0.429522
17754 0.391743
17756 0.333914
17760 0.381852
17761 0.084996
17763 0.221235
17765 0.399068
17766 0.316417
17767 1.163412
17769 0.178356
17776 0.063173
17785 0.227747
17787 0.426745
17789 0.106686
17792 0.109878
17800 1.315467
17804 1.051830
17807 0.318736
17808 0.037853
17810 1.034122
17827 0.549976
17830 1.050350
17846 0.080205
17847 0.131479
17850 0.154114
17851 1.097438
17853 0.223942
17855 1.068861
17857 0.403844
17861 0.028161
17870 0.391986
17873 0.504878
17879 0.037700
17886 0.464664
17889 0.420953
17890 0.135110
17901 0.046438
17904 0.142052
17908 0.560553
17913 0.170435
17916 0.046057
17924 0.429522
17926 0.508728
17941 0.084825
17943 0.442471
17951 0.611021
17961 0.501634
17973 1.139112
17980 0.112918
17984 1.050517
17992 0.483150
18007 0.115143
18008 0.477020
18010 1.099272
18012 0.375486
18014 0.549343
18022 0.516049
18025 0.566642
18026 0.423059
18031 0.206850
18032 1.037519
18037 1.125768
18045 0.202153
18046 0.961350
18049 1.209000
18061 0.464664
18067 0.259711
18069 0.441896
18072 0.301600
18080 1.112512
18087 0.104944
18094 0.420732
18097 0.182135
18098 0.594035
18100 1.161441
18104 0.557960
18112 0.286662
18113 0.331760
18117 0.413798
18131 0.548279
18132 1.038844
18144 1.111690
18147 0.362884
18150 0.277319
18154 0.120381
18156 0.182760
18161 0.507172
18165 0.195598
18166 0.426922
18173 0.077483
18176 0.049732
18177 0.361062
18180 0.384507
18183 0.272025
18186 0.318108
18192 0.357309
18196 0.035960
18197 1.250237
18198 0.565740
18205 0.237299
18210 0.498835
18216 1.010132
18222 0.212491
18224 1.125010
18226 0.194783
18231 0.380507
18233 0.543581
18253 0.443037
18259 0.477811
18265 0.394498
18269 0.056323
18281 0.355048
18282 0.192643
18288 0.431911
18296 0.069982
18304 0.549976
18317 0.176186
18329 0.121855
18331 0.227423
18332 0.564964
18333 0.374583
18334 1.121192
18350 0.623307
18356 1.003429
18364 0.461047
18367 0.086570
18373 0.039617
18384 1.124874
18385 1.145481
18389 0.252168
18395 0.208696
18405 0.194783
18415 0.150194
18418 0.252439
18419 0.169993
18421 0.283321
18422 1.013812
18431 0.520906
18436 0.506257
18439 0.222106
18443 0.212491
18447 1.017900
18454 0.605642
18455 0.010482
18460 0.091663
18465 0.029340
18466 0.024348
18476 1.050136
18487 0.563373
18491 1.125812
18492 0.593826
18498 0.112195
18508 0.157224
18512 0.471327
18523 1.001743
18534 0.538217
18536 0.181953
18556 0.115817
18559 1.020933
18564 0.296071
18569 0.269700
18570 0.444726
18576 0.194783
18578 0.570760
18581 0.536452
18590 0.268667
18606 0.364634
18607 0.171673
18609 0.340871
18618 0.010119
18629 0.257328
18652 0.335914
18654 0.510822
18666 1.197438
18670 0.472453
18671 0.441896
18680 0.584350
18682 0.183049
18699 0.602212
18703 0.601436
18705 0.400388
18707 0.393014
18713 0.498134
18718 0.366228
18723 0.409045
18725 1.156651
18726 0.540886
18732 0.029463
18744 0.413321
18749 0.427410
18764 0.623307
18771 0.203843
18782 0.560203
18786 0.059552
18788 1.163054
18801 1.124598
18814 1.186866
18817 0.191960
18825 1.088851
18831 0.083907
18861 0.497319
18865 0.329211
18870 0.242291
18878 0.413321
18879 0.146087
18880 0.135110
18887 0.174578
18888 0.527340
18893 0.163836
18900 0.365219
18911 0.164817
18913 0.241362
18914 0.455493
18916 0.208041
18919 0.503440
18924 0.406916
18926 0.462963
18934 0.403000
18941 0.193090
18945 0.463070
18947 0.349405
18950 0.519422
18956 0.534263
18957 1.075204
18972 0.397131
18982 0.200349
18984 0.357485
18985 0.160508
18993 0.037498
19003 0.164440
19006 0.329211
19007 0.401024
19008 0.387177
19021 0.261950
19022 0.155827
19023 1.179830
19026 0.233740
19030 1.277585
19036 0.012302
19041 0.433744
19045 0.214933
19050 0.483212
19052 0.063459
19053 0.287278
19064 0.416566
19069 1.048463
19074 0.107330
19082 1.099953
19086 0.904088
19114 0.300853
19116 0.490725
19123 0.603200
19126 0.389567
19127 0.261789
19129 0.271440
19130 0.371363
19134 0.389567
19135 0.542808
19136 0.087031
19146 0.399355
19148 0.031165
19151 1.157777
19163 0.253586
19164 0.294906
19170 0.246042
19171 0.134615
19180 1.029225
19181 0.086216
19190 0.122306
19191 0.240823
19193 1.109938
19195 1.016261
19204 1.279419
19205 0.225883
19206 0.362700
19215 0.140244
19221 1.073573
19231 0.412482
19234 0.239052
19235 0.080999
19238 0.144284
19241 0.210103
19245 0.347037
19246 0.270857
19253 0.513417
19285 0.055652
19287 0.190808
19288 0.451280
19289 0.151175
19294 0.140029
19298 0.480946
19299 0.383019
19301 0.542380
19304 1.230865
19307 0.422303
19321 0.421275
19322 0.197313
19330 0.529811
19332 0.553950
19337 1.073146
19353 0.242291
19363 0.407160
19374 0.540439
19375 1.269698
19382 1.037805
19384 0.147767
19406 0.264829
19412 1.113995
19442 0.401973
19443 0.191787
19450 0.485547
19452 0.070404
19453 0.170274
19471 0.267720
19473 0.149423
19484 0.592428
19489 0.183325
19492 0.129257
19496 0.166110
19499 1.052604
19505 0.299667
19506 1.083703
19509 0.591067
19522 0.539400
19525 0.118650
19530 0.060554
19541 0.537477
19549 0.054612
19550 0.560429
19552 0.051942
19560 0.414700
19562 0.380753
19564 1.139843
19565 0.520513
19566 0.477426
19578 0.577784
19582 0.307553
19588 0.480587
19599 0.231022
19605 0.538217
19608 0.398128
19621 0.492825
19622 0.030356
19624 0.555922
19625 0.596179
19631 1.062454
19647 0.021947
19660 0.554453
19668 0.256709
19671 0.171727
19676 1.248126
19679 0.393944
19691 0.446576
19692 0.366917
19695 0.086570
19698 0.454231
19707 0.241077
19711 0.257328
19716 0.029401
19719 0.603200
19720 0.107330
19723 0.173141
19727 1.058445
19736 0.104944
19740 0.420536
19742 1.018866
19754 0.548151
19756 0.499821
19757 0.171552
19758 0.542880
19761 0.230730
19764 0.246042
19783 0.059175
19787 0.542611
19792 0.197691
19794 0.210477
19798 0.259711
19800 1.031206
19816 0.568267
19825 0.041370
19828 0.492084
19832 0.478415
19847 0.518083
19850 1.157013
19856 0.197380
19867 0.143525
19876 0.299187
19878 0.156697
19889 0.500871
19897 1.099272
19904 0.555132
19911 1.138344
19915 0.970723
19930 0.374583
19937 0.012048
19941 0.364634
19943 0.584350
19946 1.108906
19948 0.610321
19951 0.185930
19954 0.993941
19956 0.458083
19969 1.062454
19974 0.194783
19976 0.059025
19978 0.517028
19980 0.250907
19986 1.051830
19991 0.013357
20010 0.449922
20017 0.412482
20019 0.478610
20021 0.483212
20030 0.151779
20035 0.153044
20042 0.560976
20054 0.350610
20072 0.564589
20078 0.529992
20079 0.221988
20080 0.276343
20083 0.065230
20086 0.568557
20089 1.130382
20090 1.138733
20092 0.161707
20099 0.415052
20101 1.102090
20102 1.180387
20111 1.001743
20113 0.098565
20116 0.391818
20118 1.168700
20122 0.538571
20126 1.119595
20128 0.525379
20145 0.311653
20146 0.226200
20147 0.421275
20151 0.101626
20158 0.254989
20159 0.488257
20160 1.131000
20171 1.124952
20173 0.544050
20179 0.371507
20180 0.427139
20183 0.224134
20189 0.102743
20190 0.353556
20191 0.299667
20194 0.022367
20195 0.912831
20196 0.557898
20197 0.359600
20208 0.141050
20210 0.233740
20215 1.080878
20216 0.929153
20230 1.319500
20245 0.146087
20249 0.055323
20254 0.534699
20257 0.523577
20258 0.144696
20260 0.136159
20266 0.491385
20278 0.350610
20282 0.542006
20283 0.034714
20291 0.375486
20296 0.367814
20299 0.491453
20319 0.014518
20320 0.498835
20323 0.292175
20331 0.584350
20334 0.313144
20338 0.248051
20341 0.297904
20344 0.202734
20346 0.379038
20348 0.352211
20357 0.159927
20364 1.233229
20366 0.181953
20376 0.550587
20378 0.250436
20381 0.474599
20394 0.451077
20399 0.495427
20400 0.594425
20402 1.060132
20404 0.022475
20414 0.181663
20422 0.435992
20433 0.110719
20435 1.023402
20437 0.325461
20440 0.124534
20448 0.027179
20452 0.324328
20453 1.025175
20467 0.573853
20485 1.075617
20487 1.079712
20498 0.166957
20503 1.096409
20509 0.410288
20515 0.146087
20517 0.333914
20524 0.125667
20528 0.212491
20539 0.584350
20544 0.273525
20548 0.164606
20549 0.086216
20564 0.266826
20565 0.384757
20575 0.888212
20583 0.219535
20586 0.974840
20589 0.246042
20594 1.073146
20597 1.181543
20603 0.213512
20613 0.987634
20620 0.131479
20631 0.320192
20632 0.491301
20633 0.014252
20634 0.508130
20635 1.173431
20636 0.347324
20639 0.074997
20646 0.397205
20651 1.031484
20653 0.461709
20654 0.275693
20661 0.540970
20663 0.387666
20683 0.612176
20711 1.135686
20712 0.572616
20713 0.106940
20717 0.413034
20720 1.123750
20721 0.159368
20746 0.403995
20756 0.363907
20765 0.169993
20767 0.522648
20773 0.022051
20774 1.125942
20775 0.170435
20788 1.079938
20792 0.452400
20793 0.349023
20795 0.424982
20796 0.259711
20797 1.123750
20800 0.266286
20806 0.353556
20814 0.380179
20815 1.201164
20818 0.520987
20819 0.096189
20820 1.242161
20827 0.040300
20830 0.511670
20833 0.171275
20834 0.343455
20835 0.382672
20836 0.357485
20844 0.345769
20845 0.515020
20846 0.571810
20849 0.597939
20854 0.533431
20856 0.344157
20866 1.270326
20875 0.175305
20882 1.192551
20883 0.361987
20884 0.226200
20886 1.001743
20887 0.354442
20891 1.026477
20892 0.056323
20895 0.946316
20907 0.542434
20918 0.249323
20922 0.379971
20923 0.408279
20924 0.151243
20930 0.308713
20933 1.183308
20938 0.247489
20942 0.272227
20945 0.206241
20950 1.110986
20951 0.205486
20958 0.373984
20963 0.608554
20977 0.568267
20984 1.147830
20993 0.203674
20994 0.250436
20995 1.131401
21003 0.060870
21004 1.200286
21010 1.104952
21013 0.145481
21016 0.317294
21026 1.137672
21027 0.264611
21033 0.399983
21047 0.223235
21049 0.387666
21092 0.221554
21094 1.168700
21095 0.597939
21097 0.556524
21100 0.317294
21108 0.223675
21112 0.306210
21119 0.513983
21126 0.373502
21130 0.942115
21131 0.086039
21132 1.064969
21141 0.128272
21142 0.213880
21143 0.053610
21147 0.480288
21155 0.014888
21156 1.126202
21157 0.529657
21158 0.088923
21160 0.281614
21164 0.595171
21167 0.158468
21168 0.152771
21169 0.303862
21170 0.505642
21172 0.378685
21173 0.417748
21181 0.445219
21184 0.054998
21204 0.070122
21207 0.953114
21219 0.422581
21223 0.459970
21224 1.043482
21230 0.318736
21240 0.317705
21243 0.402033
21247 1.041306
21256 0.329361
21274 0.507462
21278 0.239441
21281 0.377000
21289 1.035677
21292 0.462343
21293 0.218157
21308 0.021543
21309 0.981708
21315 0.069086
21326 0.362700
21329 0.571364
21330 0.212491
21333 0.086570
21343 0.014794
21347 1.069398
21351 0.310886
21357 0.389567
21358 0.256992
21365 0.117359
21369 0.452871
21374 0.459489
21379 0.240969
21380 0.140445
21387 0.093496
21396 0.387414
21409 0.422240
21413 1.045370
21416 0.024222
21421 0.608201
21430 0.041007
21437 0.296071
21442 0.973916
21448 0.256360
21453 0.081066
21465 1.044166
21480 0.059175
21484 0.458742
21496 0.117359
21499 0.109737
21501 1.123750
21513 0.102904
21515 0.155827
21516 0.244612
21517 1.014161
21526 0.599032
21528 0.228546
21535 0.325461
21537 0.030891
21544 0.195743
21555 0.098210
21559 1.139628
21562 0.396342
21567 0.990612
21569 0.210366
21577 1.193996
21578 1.082343
21583 0.562528
21594 0.569862
21602 1.038844
21604 1.032253
21605 0.261866
21608 0.572892
21613 1.014923
21614 1.146923
21622 0.597691
21625 0.290921
21631 0.059175
21643 0.403357
21644 1.036394
21663 0.494855
21665 1.303550
21666 0.604974
21674 0.109352
21677 0.467480
21682 1.046960
21684 0.053123
21691 0.467480
21697 0.022804
21710 1.101704
21717 0.456608
21718 0.575360
21723 0.307553
21724 0.412482
21726 0.124477
21729 0.096988
21736 0.234858
21737 0.415274
21757 0.028161
21760 1.130590
21764 0.420322
21765 1.210439
21766 0.463695
21767 0.110349
21769 0.553595
21770 0.026561
21777 0.074203
21782 0.385993
21783 0.254328
21787 0.174433
21791 1.112067
21795 0.205235
21811 0.463171
21815 1.062454
21820 1.193150
21827 0.021153
21828 0.516235
21829 0.476342
21830 0.405149
21831 0.480465
21833 0.404550
21848 0.383383
21850 0.267534
21855 0.038529
21856 0.318736
21857 0.184879
21865 0.597939
21868 1.036037
21873 1.305301
21875 0.617815
21882 0.426318
21893 0.020064
21896 0.540524
21897 1.090037
21898 0.159368
21900 0.139736
21907 0.524977
21926 0.387483
21928 1.173988
21936 0.011347
21939 1.052987
21942 0.286797
21944 0.314448
21955 0.584350
21956 0.066783
21958 1.175959
21967 0.371859
21976 1.114966
21987 0.587475
21995 0.148879
21998 0.397855
22009 0.373431
22019 1.117887
22022 0.406916
22034 0.448905
22037 0.328056
22038 0.463535
22041 0.371507
22044 0.065230
22054 1.060487
22055 0.528558
22065 0.134850
22073 0.427573
22080 1.163412
22083 0.143525
22087 0.399555
22090 0.133914
22096 0.050267
22097 0.382484
22098 0.372076
22103 0.064569
22107 0.421872
22111 0.491556
22113 0.354487
22132 1.266635
22133 0.567517
22135 0.959664
22145 1.052604
22153 0.271003
22160 0.214544
22163 0.981505
22173 0.154357
22177 0.108436
22178 0.440160
22183 1.199618
22195 1.199455
22200 0.267131
22201 0.449981
22202 0.208283
22209 1.141521
22212 0.256709
22220 0.262957
22233 0.325819
22241 1.185160
22244 0.559255
22245 0.473525
22248 1.120506
22251 0.030356
22260 0.337937
22265 0.460020
22267 0.136601
22274 1.173988
22279 0.857046
22280 0.076816
22283 0.107467
22284 0.183325
22289 0.346281
22290 0.584350
22294 0.414357
22303 0.533851
22305 0.520768
22306 1.173941
22307 0.219131
22314 0.151779
22320 0.456733
22327 0.474095
22328 1.231309
22331 0.013749
22332 0.419892
22333 0.447349
22336 0.293397
22358 0.259711
22361 0.327871
22365 0.528162
22379 0.148879
22381 0.548003
22383 0.198085
22396 0.171868
22399 0.055389
22401 0.263900
22404 0.415787
22421 0.472202
22429 0.313045
22431 0.563726
22432 0.453525
22434 0.567843
22437 0.086973
22438 0.158085
22447 0.331760
22448 0.062165
22470 0.576761
22486 0.512002
22492 0.099464
22493 0.337937
22494 0.473943
22495 0.247489
22498 0.102119
22501 0.373106
22504 0.473397
22508 0.464824
22511 0.280999
22518 0.467480
22523 1.168700
22524 1.095656
22531 1.057981
22532 0.623307
22539 0.079234
22541 1.335657
22543 0.184276
22550 0.371859
22553 0.276615
22561 0.509803
22563 0.182274
22564 0.406504
22567 0.125968
22578 0.563373
22591 0.344862
22595 0.177524
22617 0.415052
22620 0.239052
22624 1.185971
22630 0.041989
22633 0.162602
22649 1.105866
22654 0.528558
22656 0.567789
22661 0.441826
22663 0.113328
22665 0.177846
22667 0.340626
22668 0.409647
22681 1.052604
22684 0.043020
22690 0.887013
22695 0.287223
22696 0.347037
22699 0.134665
22703 0.558695
22705 0.597335
22712 1.059753
22713 0.566944
22714 0.146922
22716 0.479863
22721 0.088923
22725 0.567330
22726 1.181403
22736 0.202372
22741 0.436315
22744 0.075400
22754 0.344862
22758 1.069854
22765 0.090899
22766 0.443037
22775 0.134850
22781 0.313394
22786 0.029587
22791 0.031027
22792 0.108356
22807 1.007500
22808 0.409647
22817 1.209350
22818 1.131000
22820 0.421275
22830 0.013281
22837 0.333914
22839 0.293397
22842 0.979819
22843 1.119712
22845 1.063366
22847 0.355285
22850 0.395750
22860 0.536286
22865 0.122306
22876 1.084676
22885 0.102969
22888 0.462963
22889 0.143525
22892 0.168293
22894 0.422240
22895 0.372989
22897 0.119867
22910 0.173569
22922 0.454123
22927 0.155827
22928 1.153652
22931 0.473397
22932 0.494636
22938 0.163074
22939 0.456415
22942 0.087652
22945 0.170540
22948 0.183325
22949 0.211361
22960 0.200686
22962 0.389567
22970 0.076636
22977 0.526441
22984 0.058072
22990 0.419208
22994 0.506906
23011 0.544156
23013 0.572663
23016 0.076636
23021 0.182431
23023 0.082496
23025 0.010435
23027 0.341418
23032 1.146080
23040 1.073940
23041 0.387909
23047 1.142259
23056 0.123021
23057 1.086816
23063 0.604700
23070 0.238510
23073 0.997290
23087 0.562159
23091 0.251216
23092 0.211211
23093 1.183878
23097 1.099953
23109 1.087163
23116 0.509034
23118 1.090132
23119 1.136415
23120 0.559186
23121 0.581048
23126 0.237490
23128 0.259711
23129 1.223697
23130 0.071138
23141 0.251559
23142 0.179800
23147 0.560596
23151 0.348432
23153 0.257510
23164 0.387414
23168 0.454845
23173 0.605471
23187 0.566202
23188 0.329875
23191 0.561384
23192 0.498835
23197 0.192318
23199 0.037299
23209 0.366228
23212 0.556524
23220 0.041492
23228 0.158943
23231 0.234807
23237 0.344862
23245 0.362950
23248 1.081176
23250 0.555294
23258 0.204522
23267 0.502985
23274 0.276672
23278 1.157462
23279 0.180960
23283 0.407348
23284 0.041492
23291 0.405329
23294 0.509978
23314 0.356311
23319 0.019159
23325 0.213461
23326 0.353328
23331 0.009739
23335 0.080205
23336 0.180793
23338 0.587767
23339 0.563373
23342 0.110777
23351 0.123672
23364 1.045960
23365 1.113047
23366 0.428523
23373 0.451077
23399 0.282870
23402 0.473158
23406 1.037577
23410 0.083479
23414 0.058435
23425 0.170435
23426 0.323640
23429 0.174216
23436 0.186418
23442 0.277566
23446 1.225250
23447 1.224887
23450 0.009739
23451 0.464967
23454 0.467480
23456 1.168700
23458 0.569862
23469 1.016921
23479 0.451077
23482 1.179622
23489 0.189154
23492 0.172016
23497 0.957951
23500 0.375437
23509 0.083907
23510 1.105989
23519 0.021543
23524 0.116224
23528 0.187433
23529 0.537895
23534 0.121740
23537 0.038795
23538 1.174401
23542 0.138659
23546 0.405969
23549 0.047460
23555 0.460737
23557 1.109072
23562 0.211361
23564 0.102119
23566 1.266091
23577 0.348362
23584 0.330418
23585 0.344617
23587 0.189914
23589 0.297018
23590 0.365956
23597 0.553231
23600 1.295984
23604 0.259711
23606 0.384372
23611 1.050410
23612 0.603699
23620 0.480900
23633 0.414223
23637 0.329986
23640 0.061836
23646 0.591505
23653 0.975206
23654 1.134922
23669 0.009699
23674 0.970438
23682 1.178604
23691 0.093031
23694 0.358401
23696 0.454788
23698 0.576345
23705 0.394761
23716 0.517867
23720 0.535382
23724 1.054933
23730 0.051035
23733 0.266045
23741 0.365956
23742 0.053733
23743 1.007741
23745 0.335690
23748 0.098210
23761 1.068525
23762 0.411382
23771 1.029044
23775 0.200349
23780 0.233740
23785 1.128793
23793 0.450325
23800 0.397855
23803 0.589179
23808 0.226932
23811 0.498645
23817 0.077913
23818 0.347324
23832 0.192115
23834 0.082375
23837 0.376133
23840 1.138212
23844 1.192074
23854 0.596037
23855 0.340871
23859 0.184532
23861 0.184532
23865 0.289282
23876 0.079042
23886 0.480114
23887 0.312371
23898 0.255835
23899 1.321614
23903 0.196972
23907 0.029713
23909 0.252072
23918 0.104883
23920 0.293397
23921 0.064629
23933 0.459489
23934 0.224990
23937 0.591505
23939 0.184818
23942 0.232373
23945 0.105765
23952 1.076129
23960 0.398128
23961 0.432419
23963 0.367516
23964 0.103884
23981 1.084869
23988 0.325887
23989 0.151125
24004 0.242469
24009 1.213404
24031 0.232288
24035 0.182813
24038 0.244434
24044 0.522185
24047 1.178279
24049 0.539400
24052 0.046057
24055 0.426232
24056 0.294906
24062 0.350610
24064 0.191366
24066 0.389567
24069 0.133273
24073 1.133589
24075 0.081537
24084 0.256153
24091 0.173519
24092 0.362950
24093 0.426028
24094 0.256544
24096 1.069124
24100 0.610321
24102 0.530653
24104 0.107579
24112 0.566277
24118 0.232192
24136 0.280488
24140 0.097392
24144 0.192379
24148 0.592141
24156 0.274220
24177 0.253835
24189 0.329758
24191 0.164606
24209 0.213787
24222 0.162493
24228 0.328056
24230 0.524722
24233 1.219513
24241 0.373984
24246 0.490437
24266 0.232577
24271 0.086570
24276 0.096815
24279 0.346281
24280 0.181953
24282 0.114019
24289 0.599333
24292 0.456349
24294 0.427828
24295 0.432031
24306 0.229744
24313 0.594974
24320 0.382484
24325 0.223318
24330 0.375271
24336 0.118650
24339 0.209889
24340 0.029036
24342 0.441019
24354 0.338308
24356 0.093496
24361 0.569814
24364 0.330657
24368 0.429318
24370 0.189519
24374 0.250436
24375 0.443300
24377 0.028857
24385 0.591067
24393 0.308537
24394 0.586755
24397 0.286011
24403 0.259711
24409 1.151762
24412 1.132405
24414 0.576196
24417 0.154357
24427 0.430574
24428 0.139315
24452 0.055986
24459 1.044590
24465 0.197527
24467 0.072291
24468 1.281417
24470 0.030755
24476 0.483063
24477 0.218771
24481 0.537602
24484 0.283321
24485 0.581121
24494 0.257591
24503 0.366651
24508 0.380507
24528 0.497519
24531 0.055986
24543 0.130413
24547 0.344862
24549 0.124813
24556 0.232192
24558 1.054826
24559 0.423059
24560 0.603200
24564 0.173141
24565 0.497968
24567 0.227062
24584 0.378307
24588 0.431749
24590 0.102261
24592 0.066783
24597 0.344459
24600 0.187569
24602 0.501896
24605 0.183565
24609 0.539400
24610 1.153716
24613 0.172764
24614 0.488028
24616 0.565086
24620 0.467480
24625 0.070222
24629 1.087163
24630 0.097392
24633 0.127917
24641 1.337378
24642 0.147937
24645 0.043020
24653 0.391329
24662 0.500871
24663 1.267265
24669 0.303558
24679 0.042306
24680 0.534263
24687 1.298555
24701 0.379827
24710 0.012567
24711 0.258276
24712 0.135501
24714 0.494193
24715 0.576196
24717 0.108947
24719 1.010132
24728 0.058435
24735 0.503871
24741 0.150800
24747 0.259711
24750 0.245525
24758 0.243778
24760 0.070222
24764 0.024866
24770 0.240001
24772 0.150800
24774 0.277961
24779 0.520987
24787 0.534699
24789 0.336586
24790 0.043826
24791 0.368509
24795 0.564200
24797 0.057359
24799 0.029340
24802 0.112918
24806 0.035595
24816 0.552476
24823 0.275637
24827 0.456733
24828 0.073968
24832 0.389567
24835 0.407686
24841 1.313281
24846 1.115230
24854 0.380507
24858 0.541065
24868 0.447280
24869 1.205919
24870 0.142841
24872 0.453169
24879 0.495343
24880 0.076013
24881 0.102518
24892 0.360349
24894 0.469357
24900 0.224938
24904 0.196604
24905 1.140195
24907 1.030905
24912 0.012367
24925 0.521076
24928 0.549343
24929 0.132306
24931 0.477219
24932 0.494193
24935 0.108031
24952 0.162804
24953 0.553045
24956 0.573853
24959 0.494084
24960 1.240519
24961 0.278262
24971 0.459132
24972 0.014340
24981 0.279689
24984 0.061188
24997 0.555611
25000 0.437320
25001 0.319204
25002 0.192892
25010 0.026713
25018 0.160096
25029 1.057395
25044 0.299667
25048 0.516049
25051 1.161702
25056 0.529811
25059 1.094102
25061 1.021296
25064 0.348362
25065 0.534927
25066 1.188287
25073 0.467480
25076 1.105658
25079 1.216729
25084 1.168700
25088 0.469357
25095 0.250907
25096 0.131950
25100 0.413614
25108 0.308489
25118 0.437595
25126 1.216729
25128 0.303730
25137 0.421872
25145 0.545393
25146 0.535654
25158 0.581048
25163 0.478744
25164 0.011571
25167 0.177392
25170 1.188287
25177 0.290921
25180 1.098296
25181 0.483955
25184 0.118851
25185 0.179075
25192 0.338308
25197 0.135653
25199 0.459132
25200 1.070680
25202 0.011458
25203 0.484077
25204 1.076129
25214 0.369589
25220 1.162581
25221 0.249323
25222 1.024004
25223 0.202788
25234 0.079234
25245 1.069398
25258 1.050410
25268 0.151931
25269 0.224750
25272 0.406958
25273 0.336097
25281 0.413177
25282 0.404801
25293 1.175455
25299 0.350610
25302 0.049469
25304 0.258514
25307 0.021947
25310 0.346281
25313 1.145784
25314 0.028505
25336 1.140470
25338 1.031937
25348 0.130662
25359 0.469567
25362 0.043020
25367 0.996470
25373 0.473943
25377 0.448399
25380 0.413914
25386 0.529411
25388 1.007071
25390 0.014428
25394 0.105645
25400 0.227062
25401 0.480587
25404 0.213415
25417 0.183962
25432 1.098778
25437 0.475941
25443 0.169755
25450 0.557455
25459 0.080949
25480 1.184564
25493 0.569519
25500 0.405329
25501 0.031445
25507 0.183049
25510 0.389567
25514 0.613567
25519 0.974840
25521 0.333914
25523 1.112512
25526 0.568557
25545 0.178883
25546 0.217135
25550 0.168969
25562 0.100379
25565 0.507462
25569 1.174514
25571 0.131069
25577 0.048696
25581 0.416082
25585 0.572616
25586 0.163767
25589 0.355193
25590 0.224001
25591 0.977218
25599 0.191242
25610 0.494252
25613 0.108356
25630 0.448002
25631 0.232728
25642 0.109079
25645 0.129856
25648 0.372329
25649 0.161629
25654 0.149833
25660 0.488609
25661 1.131948
25664 0.357980
25669 0.551177
25678 0.973121
25682 0.544050
25689 0.920351
25692 0.534927
25693 0.495114
25699 1.122996
25701 1.240519
25707 0.329501
25711 0.130581
25713 0.369691
25719 1.168700
25721 0.522324
25725 0.586970
25736 0.430082
25739 1.122480
25745 0.442517
25749 0.042692
25752 0.014609
25755 0.380812
25759 0.523480
25760 0.023973
25763 0.422581
25765 0.387989
25766 0.525635
25767 0.584350
25772 0.074035
25774 0.323055
25780 0.078286
25785 0.397205
25787 0.159581
25790 0.439070
25793 0.467480
25805 1.135308
25813 0.515020
25819 1.234626
25822 0.404360
25827 0.299301
25828 0.389567
25837 0.048444
25839 0.244364
25849 0.479467
25851 1.107900
25857 0.075097
25859 0.948709
25863 0.420086
25864 1.182894
25868 1.020191
25873 0.592141
25874 0.467480
25875 0.993395
25878 0.363907
25887 0.247225
25892 0.359600
25904 0.424125
25911 1.193304
25916 0.051259
25921 0.995280
25922 0.097845
25925 1.088100
25931 0.066242
25932 0.607518
25933 0.452090
25935 0.172649
25936 0.606460
25945 1.074259
25955 1.000081
25965 0.475186
25971 0.531227
25974 0.086973
25993 0.297758
26001 0.949126
26002 0.227534
26004 0.313818
26006 0.399555
26011 0.605114
26015 0.050593
26020 0.144010
26024 0.034714
26025 0.219131
26026 0.037904
26030 0.140807
26032 0.359600
26038 0.350610
26049 0.009580
26056 0.142276
26057 0.282295
26059 0.396169
26060 0.269155
26081 0.150427
26086 0.483600
26088 0.148621
26099 0.576559
26102 1.150001
26105 0.058803
26108 0.581657
26110 0.058679
26115 0.461709
26125 1.052987
26133 0.436315
26136 0.517124
26140 0.197875
26144 1.147256
26145 0.013749
26146 0.461329
26150 0.086570
26155 0.187386
26156 0.417393
26160 0.271003
26178 1.123941
26187 1.129557
26188 1.012558
26190 0.508657
26193 0.394436
26196 0.442211
26197 0.165969
26198 0.458314
26200 0.098302
26201 0.217996
26202 0.064038
26208 0.320558
26212 0.557654
26218 0.025133
26219 0.059175
26228 0.143639
26231 0.377393
26233 0.970438
26235 0.503871
26237 0.462963
26239 0.326394
26245 0.442876
26247 0.476706
26251 0.451543
26252 0.279472
26259 0.308713
26265 0.050813
26269 0.492687
26272 1.358219
26275 0.445219
26277 0.459373
26283 0.515020
26284 1.125868
26290 0.165969
26291 0.519422
26296 1.185475
26305 0.262138
26309 1.091577
26323 1.077236
26326 0.064928
26335 0.045534
26339 0.370281
26341 1.159350
26344 1.051830
26346 0.322042
26349 0.394260
26351 0.961174
26356 0.408341
26358 0.301600
26361 0.034714
26362 0.076816
26366 0.178655
26369 0.025828
26370 0.609140
26377 1.190210
26378 0.494450
26384 0.505753
26386 0.071138
26388 0.173141
26398 0.280889
26399 0.238068
26400 0.283618
26403 0.118851
26417 0.479782
26418 0.472086
26426 0.575881
26428 1.285570
26431 0.110825
26454 0.288568
26455 0.243198
26458 1.207334
26462 0.251126
26463 0.103310
26467 0.240823
26468 0.561434
26475 0.597053
26477 0.408341
26478 0.532927
26481 0.485547
26483 0.269229
26492 0.212491
26493 0.171552
26501 0.173635
26513 0.610778
26523 0.041739
26525 0.218157
26532 0.288445
26533 0.413122
26536 0.403000
26538 1.117887
26541 0.233740
26554 0.452740
26555 0.567461
26559 0.095795
26560 0.354487
26561 0.128664
26563 0.111305
26574 0.439833
26589 0.278550
26594 1.075735
26600 0.269155
26601 1.168700
26603 1.233351
26611 0.584350
26612 0.241800
26613 0.532572
26616 0.431306
26618 0.013996
26624 0.477426
26637 0.534829
26639 0.534263
26643 0.422030
26645 0.494193
26647 0.574098
26648 0.479094
26650 0.476413
26668 0.558624
26683 0.407547
26693 0.249722
26694 1.101704
26698 0.203252
26702 1.094587
26704 0.077913
26705 1.181543
26713 0.168969
26716 0.501547
26724 0.364634
26733 0.059175
26737 0.097799
26746 0.037904
26751 0.563229
26768 0.010821
26783 1.249485
26789 1.076620
26791 0.320617
26802 0.218704
26804 1.097371
26805 0.302487
26807 0.135501
26812 1.049730
26817 0.184532
26820 1.090132
26821 0.506188
26824 1.018866
26825 0.963150
26835 0.012367
26836 0.586716
26840 0.215955
26841 1.047800
26842 0.581258
26852 1.060487
26866 0.441244
26869 0.258201
26872 0.148879
26873 0.960931
26876 1.037805
26881 0.057010
26886 0.272458
26889 0.584350
26907 0.401270
26912 0.056459
26916 0.480900
26921 1.138212
26924 0.218537
26926 0.403000
26955 1.285570
26956 0.299667
26958 0.490100
26963 0.310824
26972 0.350137
26974 0.481229
26978 0.572424
26987 1.096069
27019 0.366228
27020 0.565253
27025 0.949902
27027 0.368394
27031 0.324374
27048 0.490100
27051 0.308112
27052 1.188735
27054 0.363091
27057 1.138987
27059 1.003267
27060 1.260620
27063 0.591874
27073 0.238068
27076 1.071783
27079 0.039956
27086 1.129928
27087 0.440557
27096 0.555922
27097 0.382732
27098 0.351867
27103 0.473797
27107 1.139335
27112 0.530653
27116 0.213787
27117 0.246042
27119 0.424982
27124 0.259711
27126 1.235756
27128 0.132933
27135 0.150427
27147 0.375437
27149 0.098938
27153 0.093031
27158 0.292175
27162 0.262785
27166 0.010625
27172 0.261866
27184 0.091663
27191 0.119867
27194 0.389567
27205 0.371234
27212 1.179324
27213 0.521741
27215 0.471769
27226 0.060712
27228 0.470021
27229 0.092965
27230 0.573915
27232 1.125868
27241 0.456608
27243 1.109938
27248 0.020504
27257 1.183619
27259 0.389567
27262 0.165880
27279 0.570370
27281 1.099325
27283 0.079234
27288 1.183747
27302 0.476783
27304 0.150800
27306 0.308967
27313 1.086575
27315 0.492592
27316 0.285316
27319 0.399818
27320 0.239733
27327 0.587068
27334 0.604974
27342 1.073296
27345 0.524722
27347 0.011629
27350 0.384441
27352 0.311653
27359 0.565740
27366 0.081301
27376 1.316466
27381 0.364433
27383 0.972864
27388 0.524144
27394 0.023851
27396 0.310667
27400 0.065710
27401 1.089274
27405 0.027662
27407 0.240057
27413 0.070222
27431 0.210749
27434 0.131950
27439 0.518375
27440 0.592282
27448 0.341725
27452 0.159368
27454 0.014983
27456 0.219131
27465 0.233740
27472 0.231725
27481 1.016769
27493 0.307853
27499 0.988453
27500 0.254568
27502 0.139546
27503 0.170769
27505 0.190253
27510 0.223071
27517 0.139546
27522 0.577784
27524 1.154271
27525 0.346648
27526 0.391239
27527 1.335657
27528 0.394260
27531 0.014428
27534 0.207769
27536 0.397649
27537 1.107189
27539 0.315477
27544 0.423654
27549 0.171029
27550 0.279593
27554 0.317425
27565 0.024097
27572 0.127139
27574 0.398733
27577 0.272697
27582 0.154966
27583 0.032166
27585 0.225434
27591 0.293705
27600 0.481575
27609 0.419824
27610 0.580892
27621 0.367516
27627 0.326994
27637 0.169811
27638 0.189154
27641 0.277566
27642 0.183840
27654 0.059425
27660 0.078662
27679 0.009540
27681 0.296624
27699 0.288568
27700 0.515020
27701 0.458941
27704 0.449057
27706 0.427573
27713 0.065290
27714 0.220329
27718 0.437543
27725 0.075749
27727 0.188981
27736 1.281800
27745 0.272227
27747 0.062609
27748 0.185044
27749 0.531227
27753 1.090786
27754 1.080878
27755 0.225162
27759 0.462610
27763 0.244014
27765 0.340398
27771 1.096558
27772 1.254476
27773 0.489508
27777 0.165880
27779 0.262957
27787 0.424085
27790 0.229157
27793 0.999546
27796 1.070398
27799 0.484938
27801 0.121280
27804 0.121740
27808 0.142052
27828 0.157325
27831 0.157799
27834 0.951508
27839 0.569367
27843 0.392080
27844 0.623307
27847 0.479094
27851 0.506257
27854 0.357309
27861 0.247489
27873 0.173635
27874 1.207843
27875 0.096498
27894 0.462343
27897 0.540248
27907 0.101626
27908 0.330657
27916 0.436444
27918 0.332430
27919 1.028456
27926 0.405275
27927 0.023029
27932 0.341418
27954 0.354151
27965 0.542611
27966 0.443109
27968 0.303967
27971 1.197205
27976 0.371363
27977 0.251333
27982 0.461525
27996 0.057571
27997 1.047276
27998 1.119179
28013 0.312487
28016 0.453314
28021 0.549148
28027 0.163074
28034 0.183962
28038 0.515020
28041 0.278894
28049 0.058072
28066 0.325819
28074 0.513088
28079 0.147937
28080 0.535199
28082 0.056187
28085 0.584350
28092 0.223675
28099 0.540886
28100 1.124874
28102 0.355691
28103 0.505753
28108 1.142437
28112 1.129743
28113 1.158265
28116 0.191590
28120 0.242997
28126 0.064569
28131 0.474095
28132 0.203252
28139 0.052882
28149 0.590136
28157 1.025369
28159 0.486958
28164 0.394436
28175 0.263151
28180 0.333914
28192 0.515020
28194 0.202832
28205 0.434592
28213 0.012433
28220 0.459314
28228 0.486958
28233 0.077397
28234 1.085570
28235 0.578326
28236 0.057856
28240 0.338754
28244 1.110529
28245 0.383921
28266 0.527340
28285 1.216294
28289 0.259711
28290 0.232770
28298 0.498134
28313 1.041536
28315 0.421153
28318 1.198666
28320 0.012302
28322 0.256153
28324 1.335657
28327 0.596037
28328 1.175959
28331 0.399068
28343 0.106245
28344 1.029044
28347 0.516049
28349 0.560596
28351 0.606460
28352 0.584350
28359 1.220071
28369 0.331132
28371 0.514522
28389 0.065290
28413 0.459132
28420 0.141661
28430 0.259711
28458 0.166957
28468 1.053646
28469 1.140538
28470 0.329758
28472 0.535654
28474 0.410756
28475 1.268589
28477 0.235210
28480 0.529992
28481 0.240823
28482 0.123021
28516 1.007071
28520 1.067306
28523 0.013996
28524 0.584350
28533 1.235045
28538 0.148225
28540 1.102354
28541 0.181442
28544 0.438262
28551 0.209136
28559 0.022804
28563 0.179800
28567 0.377393
28578 0.189840
28579 1.262196
28580 1.068083
28593 1.273988
28599 1.029044
28601 0.055127
28603 0.360556
28611 1.236125
28626 1.202740
28629 0.615105
28634 1.013323
28640 1.067074
28643 0.467480
28657 0.209946
28659 0.140499
28666 0.224134
28668 0.345045
28671 1.093520
28675 0.526302
28676 1.106595
28678 0.382732
28689 0.490725
28696 0.403733
28697 0.438262
28698 0.135720
28699 0.201866
28700 1.105527
28705 1.153522
28711 0.097392
28720 0.228546
28722 0.361920
28730 0.305736
28732 0.176186
28735 0.248954
28737 0.168461
28742 0.382850
28756 0.209889
28768 0.349023
28769 0.517946
28773 1.127999
28774 0.332219
28775 0.218329
28783 0.518143
28791 0.472324
28792 1.143182
28801 0.319396
28803 0.077483
28806 0.255175
28809 0.071920
28810 0.416861
28811 0.519422
28813 1.260838
28816 0.578067
28820 0.044102
28825 0.258647
28828 0.555845
28835 0.569814
28840 0.435786
28843 0.117404
28846 0.521944
28852 0.338177
28861 1.049233
28866 0.430917
28868 0.401024
28873 1.111411
28879 1.063579
28880 1.298555
28882 0.461329
28889 1.059815
28891 0.180617
28894 1.019504
28908 0.349518
28912 0.558624
28914 0.520906
28923 0.490854
28925 0.134615
28926 0.021058
28931 0.536101
28933 0.161200
28941 0.581191
28969 0.010922
28974 0.090675
28976 1.076562
28979 0.432852
28984 1.051830
28986 0.213705
28987 0.249164
28993 0.395750
28995 0.527413
28996 0.116870
29002 0.615105
29003 0.125667
29011 0.433889
29016 0.445862
29018 0.484583
29024 0.578447
29039 0.150476
29044 0.134665
29046 0.359600
29047 0.252439
29049 0.061836
29050 1.102773
29053 0.021543
29055 1.211532
29060 0.540439
29061 0.362884
29069 0.096887
29077 0.169154
29079 0.248660
29081 0.123563
29094 0.324264
29104 0.566642
29108 0.596998
29109 0.244014
29113 0.186992
29114 0.533851
29115 0.422030
29116 0.318237
29117 0.263221
29118 0.224296
29119 0.413075
29137 0.180870
29141 0.135783
29158 0.012567
29160 1.015656
29167 0.553231
29168 0.416566
29169 0.224134
29177 0.507172
29178 0.314387
29182 1.150720
29188 0.494252
29196 0.139964
29198 0.354487
29205 0.517946
29207 1.032098
29212 0.581048
29217 0.438262
29223 0.521838
29225 0.176664
29226 1.139037
29229 0.373984
29235 0.038529
29239 1.168700
29241 0.278499
29243 0.287680
29246 0.089409
29251 0.547675
29259 0.233740
29261 1.085617
29263 0.068412
29265 1.027966
29279 0.421275
29293 1.123750
29295 0.264611
29298 0.180617
29299 0.124661
29311 0.397358
29312 0.287278
29313 0.173141
29314 0.420732
29337 0.427759
29343 0.166957
29344 1.027265
29346 0.100999
29348 0.329501
29352 0.079911
29362 0.138659
29366 0.248419
29377 0.471327
29385 0.177524
29388 1.174401
29389 0.256709
29394 0.325819
29396 1.127693
29398 0.295250
29399 0.436165
29404 0.421872
29405 0.151615
29411 0.298970
29414 0.540439
29417 0.371637
29420 0.223794
29427 0.106731
29445 0.399818
29462 0.372076
29464 0.034543
29465 0.485994
29466 0.070830
29471 0.594974
29472 0.177846
29480 0.281354
29482 0.350137
29484 1.347775
29487 0.281354
29499 0.180793
29503 0.543850
29504 0.537809
29505 0.411701
29518 0.601845
29529 0.353045
29530 0.193174
29534 0.346281
29538 0.249498
29546 0.395953
29551 0.292175
29552 0.464483
29561 1.200004
29563 0.251333
29564 0.515913
29565 0.201500
29568 0.067425
29569 0.309931
29571 1.280895
29576 0.035237
29580 0.438859
29584 0.571069
29585 0.374583
29589 0.451077
29593 0.392840
29594 1.168700
29600 0.030488
29608 0.537602
29616 0.314167
29619 0.108947
29621 0.124661
29631 0.368553
29634 0.333914
29636 0.024475
29645 0.404995
29655 0.280999
29660 0.112375
29668 0.268226
29676 1.228633
29683 0.182927
29688 0.216235
29693 1.120671
29699 0.578677
29708 0.526738
29720 0.418784
29723 0.543850
29734 0.527413
29739 1.016769
29743 0.057714
29744 0.228659
29746 0.391672
29747 0.323143
29756 0.283004
29762 0.268226
29769 0.544156
29770 1.162581
29771 0.337937
29773 0.569106
29781 0.173141
29782 1.254214
29786 0.184159
29789 0.584350
29790 1.058932
29792 0.352372
29804 0.539400
29807 1.158625
29811 0.611656
29817 0.578326
29828 0.403995
29839 0.062609
29841 0.965195
29845 0.381616
29859 0.166957
29861 0.102518
29885 0.279472
29887 1.072905
29901 0.146087
29906 0.523577
29909 0.336001
29910 0.551177
29911 0.578564
29916 0.227669
29927 0.378307
29931 0.341725
29939 1.108906
29943 0.087108
29959 0.566944
29960 1.206706
29968 1.149221
29969 0.550852
29975 0.045240
29976 0.333914
29979 0.292175
29992 0.584350
29993 1.196975
29999 0.162602
30000 1.183128
