5936
26272 1.358219
29484 1.347775
14533 1.344307
24641 1.337378
28324 1.335657
22541 1.335657
27527 1.335657
1543 1.328068
17577 1.322300
23899 1.321614
20230 1.319500
27376 1.316466
17800 1.315467
24841 1.313281
8427 1.308496
11673 1.306194
21873 1.305301
21665 1.303550
14391 1.303152
3580 1.302976
3353 1.301233
24687 1.298555
28880 1.298555
23600 1.295984
12147 1.293030
12035 1.293030
14546 1.292809
10948 1.291006
2675 1.289111
26428 1.285570
26955 1.285570
14530 1.285064
7667 1.282719
27736 1.281800
24468 1.281417
29571 1.280895
6810 1.280359
16537 1.279525
19204 1.279419
10065 1.278954
19030 1.277585
7296 1.276166
3158 1.276166
6089 1.274945
4504 1.274945
28593 1.273988
5892 1.271980
2730 1.270586
20866 1.270326
8897 1.269698
19375 1.269698
16949 1.269176
28475 1.268589
12116 1.267742
24663 1.267265
22132 1.266635
23566 1.266091
1475 1.266091
1844 1.264946
16116 1.264321
14198 1.264254
17128 1.263761
9153 1.263459
4472 1.262196
28579 1.262196
9796 1.261454
28813 1.260838
27060 1.260620
5345 1.260620
10541 1.257878
4157 1.255270
27772 1.254476
29782 1.254214
8633 1.254214
1775 1.254214
12935 1.253696
8134 1.252930
2615 1.252531
6373 1.250825
18197 1.250237
14016 1.249946
26783 1.249485
17730 1.249300
8137 1.248384
19676 1.248126
6238 1.247488
14094 1.244287
15304 1.243072
12934 1.242668
1359 1.242402
20820 1.242161
5378 1.241743
25701 1.240519
8114 1.240519
24960 1.240519
9094 1.240519
11645 1.236830
13810 1.236647
28611 1.236125
27126 1.235756
13135 1.235310
28533 1.235045
10575 1.234853
15641 1.234853
25819 1.234626
58 1.234471
10996 1.234031
26603 1.233351
14218 1.233301
20364 1.233229
13385 1.232806
22328 1.231309
19304 1.230865
11058 1.230712
6042 1.229570
29676 1.228633
11220 1.228125
5614 1.226652
56 1.226556
8967 1.226413
23446 1.225250
23447 1.224887
23129 1.223697
1612 1.222092
5335 1.222092
16832 1.221822
15159 1.221822
16944 1.221480
2057 1.220807
28359 1.220071
866 1.220009
24233 1.219513
2814 1.218889
15725 1.218889
14767 1.217107
1864 1.217107
17540 1.216894
25079 1.216729
25126 1.216729
28285 1.216294
17473 1.215036
13388 1.214086
139 1.214086
24009 1.213404
4434 1.212526
1440 1.212526
6533 1.212389
17310 1.211532
29055 1.211532
9810 1.211532
16311 1.211532
1189 1.210942
21765 1.210439
11394 1.210070
22817 1.209350
1548 1.209000
18049 1.209000
11246 1.208094
27874 1.207843
26458 1.207334
17345 1.206893
1302 1.206810
29960 1.206706
8467 1.206400
284 1.206400
6944 1.205999
24869 1.205919
1796 1.205717
12310 1.205606
15691 1.204549
7234 1.204549
4302 1.204549
4976 1.204115
14355 1.203414
763 1.203277
15767 1.203218
28626 1.202740
14429 1.202091
2089 1.201345
16291 1.201164
20815 1.201164
21004 1.200286
17137 1.200286
29561 1.200004
568 1.200004
22183 1.199618
222 1.199618
22195 1.199455
7015 1.198977
16227 1.198977
2053 1.198925
9089 1.198666
28318 1.198666
15324 1.197917
16842 1.197676
18666 1.197438
4129 1.197205
27971 1.197205
29993 1.196975
7693 1.196749
13838 1.196749
3856 1.196394
10535 1.196134
13733 1.195879
12908 1.195879
16925 1.195566
14854 1.194963
12259 1.194217
21577 1.193996
25911 1.193304
21820 1.193150
1684 1.192797
8773 1.192551
20882 1.192551
23844 1.192074
16625 1.191615
6688 1.191320
26377 1.190210
3571 1.190144
14111 1.189203
11218 1.188735
27052 1.188735
14634 1.188287
25066 1.188287
25170 1.188287
650 1.187859
920 1.187652
11290 1.186866
18814 1.186866
11196 1.186680
22624 1.185971
26296 1.185475
780 1.185475
3584 1.185160
22241 1.185160
25480 1.184564
13192 1.184422
8894 1.184282
11863 1.184010
23093 1.183878
27288 1.183747
10238 1.183683
27257 1.183619
1383 1.183493
20933 1.183308
30000 1.183128
25864 1.182894
10022 1.181980
11838 1.181685
26705 1.181543
20597 1.181543
22726 1.181403
3223 1.180748
4201 1.180505
20102 1.180387
19023 1.179830
23482 1.179622
1021 1.179622
11493 1.179622
27212 1.179324
15936 1.178952
23682 1.178604
4887 1.178604
15575 1.178521
24047 1.178279
3351 1.175959
21958 1.175959
28328 1.175959
886 1.175698
15309 1.175615
5667 1.175455
25293 1.175455
4738 1.175378
223 1.174632
25569 1.174514
23538 1.174401
29388 1.174401
21928 1.173988
22274 1.173988
22306 1.173941
9485 1.173848
4325 1.173716
12715 1.173431
20635 1.173431
17242 1.173393
4824 1.168700
26601 1.168700
12265 1.168700
3751 1.168700
7658 1.168700
23456 1.168700
25084 1.168700
15496 1.168700
15063 1.168700
9584 1.168700
13273 1.168700
16852 1.168700
16795 1.168700
22523 1.168700
2004 1.168700
15573 1.168700
6568 1.168700
29594 1.168700
29239 1.168700
1133 1.168700
9387 1.168700
25719 1.168700
11921 1.168700
8755 1.168700
15274 1.168700
21094 1.168700
8827 1.168700
9045 1.168700
20118 1.168700
16880 1.164006
7875 1.163850
22080 1.163412
17767 1.163412
18788 1.163054
17219 1.163054
12179 1.163054
15163 1.162999
1561 1.162999
2480 1.162943
7498 1.162885
29770 1.162581
25220 1.162581
17006 1.162516
4686 1.162313
9435 1.162243
6050 1.162021
5221 1.161865
25051 1.161702
18100 1.161441
26341 1.159350
7932 1.159198
4500 1.158961
2575 1.158961
29807 1.158625
28113 1.158265
17525 1.158075
19151 1.157777
23278 1.157462
4594 1.157353
1917 1.157013
19850 1.157013
18725 1.156651
10199 1.156526
10770 1.156398
14366 1.155857
5914 1.155714
519 1.154787
17142 1.154389
27524 1.154271
24610 1.153716
22928 1.153652
28705 1.153522
2203 1.153522
7342 1.153322
16207 1.152543
14320 1.152392
9821 1.152239
24409 1.151762
16893 1.151597
1829 1.150902
29182 1.150720
26102 1.150001
17624 1.149951
29968 1.149221
20984 1.147830
9467 1.147830
26144 1.147256
16952 1.147190
3281 1.147057
21614 1.146923
12849 1.146923
10868 1.146368
23032 1.146080
25313 1.145784
12953 1.145557
7868 1.145557
4155 1.145557
18385 1.145481
15438 1.145232
15104 1.144849
9557 1.144849
152 1.144849
16610 1.144849
7729 1.144250
28792 1.143182
7753 1.142729
11081 1.142729
16792 1.142496
28108 1.142437
23047 1.142259
16772 1.141771
13421 1.141521
22209 1.141521
853 1.140538
28469 1.140538
25336 1.140470
24905 1.140195
1352 1.139914
19564 1.139843
21559 1.139628
27107 1.139335
1068 1.139237
17973 1.139112
29226 1.139037
15814 1.138987
27057 1.138987
20090 1.138733
5192 1.138423
19911 1.138344
26921 1.138212
23840 1.138212
9697 1.138106
12096 1.137944
11373 1.137782
21026 1.137672
5052 1.137534
15290 1.136415
23119 1.136415
20711 1.135686
15330 1.135686
1322 1.135623
25805 1.135308
9974 1.135308
8825 1.134987
23654 1.134922
14212 1.134660
709 1.134527
6716 1.134181
8538 1.133709
24073 1.133589
14755 1.133589
13213 1.133285
24412 1.132405
9159 1.132405
11444 1.131948
25661 1.131948
20995 1.131401
16194 1.131301
4363 1.131000
20160 1.131000
1546 1.131000
22818 1.131000
16997 1.131000
21760 1.130590
16581 1.130590
20089 1.130382
27086 1.129928
28112 1.129743
26187 1.129557
3910 1.129305
3146 1.129305
8209 1.129083
14310 1.129083
17180 1.128858
2819 1.128793
23785 1.128793
28773 1.127999
1225 1.127931
11503 1.127931
29396 1.127693
16762 1.127330
580 1.126746
7199 1.126584
21156 1.126202
20774 1.125942
26284 1.125868
27232 1.125868
18491 1.125812
5260 1.125812
18037 1.125768
13833 1.125415
18224 1.125010
20171 1.124952
14170 1.124874
18384 1.124874
28100 1.124874
18801 1.124598
4640 1.123995
5156 1.123995
26178 1.123941
21501 1.123750
29293 1.123750
20797 1.123750
17336 1.123750
20720 1.123750
495 1.123166
25699 1.122996
25739 1.122480
8530 1.122480
16884 1.122415
14573 1.122364
11188 1.121952
16790 1.121952
409 1.121952
3951 1.121532
13371 1.121411
18334 1.121192
15114 1.120998
12234 1.120802
29693 1.120671
22248 1.120506
4942 1.120228
11452 1.119777
22843 1.119712
20126 1.119595
6115 1.119491
27998 1.119179
7383 1.119179
15801 1.118968
15612 1.118510
22019 1.117887
26538 1.117887
7231 1.117887
11834 1.117887
3586 1.117441
9570 1.117328
10582 1.117328
4545 1.116987
4364 1.116885
11101 1.116592
12002 1.116370
17273 1.116174
2846 1.115357
24846 1.115230
21976 1.114966
321 1.114760
19412 1.113995
5719 1.113572
17204 1.113047
23365 1.113047
18080 1.112512
25523 1.112512
12658 1.112452
21791 1.112067
13216 1.111844
15772 1.111844
3234 1.111690
18144 1.111690
15416 1.111690
28873 1.111411
17546 1.111411
10777 1.111223
20950 1.110986
13912 1.110843
2027 1.110748
28244 1.110529
8180 1.110265
27243 1.109938
19193 1.109938
11543 1.109938
761 1.109457
15554 1.109274
17599 1.109274
23557 1.109072
19946 1.108906
29939 1.108906
3069 1.108595
11797 1.107988
25851 1.107900
15655 1.107830
2801 1.107772
368 1.107724
27537 1.107189
9677 1.106645
28676 1.106595
1667 1.106535
3317 1.106177
3987 1.106091
1392 1.105989
23510 1.105989
22649 1.105866
6998 1.105716
25076 1.105658
28700 1.105527
21010 1.104952
1298 1.104170
7091 1.103493
6858 1.103442
14949 1.103369
29050 1.102773
8217 1.102547
28540 1.102354
1310 1.102296
20101 1.102090
9713 1.102090
21710 1.101704
26694 1.101704
546 1.101275
12746 1.100840
8820 1.100620
19082 1.099953
15646 1.099953
5760 1.099953
2116 1.099953
14891 1.099953
23097 1.099953
15805 1.099370
27281 1.099325
19897 1.099272
18010 1.099272
25432 1.098778
16038 1.098296
25180 1.098296
7135 1.097726
17851 1.097438
26804 1.097371
12636 1.097147
5961 1.096880
27771 1.096558
20503 1.096409
8388 1.096409
26987 1.096069
22524 1.095656
8724 1.095656
13906 1.095239
16556 1.095239
6531 1.094731
16042 1.094731
26702 1.094587
8857 1.094389
9267 1.094389
13908 1.094328
25059 1.094102
28671 1.093520
12175 1.093300
2718 1.092951
6864 1.091720
15099 1.091643
491 1.091643
26309 1.091577
27753 1.090786
9884 1.090786
23118 1.090132
26820 1.090132
21897 1.090037
10109 1.089911
11282 1.089466
27401 1.089274
5508 1.089155
11882 1.088851
18825 1.088851
11880 1.088789
16422 1.088652
13770 1.088495
13939 1.088263
25925 1.088100
10069 1.087846
5199 1.087846
17080 1.087399
24629 1.087163
23109 1.087163
23057 1.086816
27313 1.086575
11040 1.085760
29261 1.085617
28234 1.085570
16268 1.085221
23981 1.084869
22876 1.084676
10587 1.084676
6013 1.084553
8154 1.084215
1709 1.084156
5455 1.084156
19506 1.083703
834 1.083185
2242 1.082924
7499 1.082484
21578 1.082343
11612 1.082343
8801 1.082129
2489 1.082129
1904 1.081669
12668 1.081483
3399 1.081320
23248 1.081176
15729 1.081176
8590 1.080878
102 1.080878
20215 1.080878
27754 1.080878
15544 1.080733
14829 1.080607
20788 1.079938
5494 1.079938
20487 1.079712
14976 1.079656
6922 1.079656
6999 1.079606
9792 1.078800
10783 1.078800
7194 1.077927
2587 1.077868
9556 1.077868
3505 1.077801
8632 1.077801
15369 1.077723
2015 1.077320
12074 1.077236
26323 1.077236
26789 1.076620
5943 1.076620
28976 1.076562
23952 1.076129
25204 1.076129
231 1.075946
13704 1.075735
26594 1.075735
11828 1.075735
20485 1.075617
18957 1.075204
14493 1.075204
1178 1.075204
13209 1.075204
15908 1.074954
9369 1.074666
8512 1.074666
8520 1.074333
25945 1.074259
11656 1.073940
3956 1.073940
23040 1.073940
12994 1.073684
14003 1.073684
19221 1.073573
27342 1.073296
10384 1.073296
19337 1.073146
20594 1.073146
13202 1.072905
29887 1.072905
14507 1.072720
14886 1.072573
27076 1.071783
10963 1.071733
11006 1.071308
15451 1.071308
8677 1.071308
2280 1.070879
7056 1.070828
25200 1.070680
10701 1.070680
10234 1.070680
27796 1.070398
2373 1.070283
13754 1.070010
22758 1.069854
615 1.069657
21347 1.069398
25245 1.069398
24096 1.069124
15221 1.069124
17855 1.068861
7462 1.068525
23761 1.068525
28580 1.068083
15390 1.068083
17421 1.067701
28520 1.067306
28640 1.067074
10835 1.067074
4016 1.066863
11046 1.066011
15682 1.065957
2826 1.065579
14994 1.065275
21132 1.064969
5064 1.064679
6383 1.064450
9216 1.064263
6111 1.063816
28879 1.063579
1721 1.063517
22845 1.063366
21815 1.062454
6720 1.062454
19631 1.062454
19969 1.062454
467 1.061569
8871 1.061569
6153 1.061526
3417 1.061306
4535 1.061151
16858 1.061056
2650 1.060748
22054 1.060487
26852 1.060487
20402 1.060132
7064 1.059983
12957 1.059983
9355 1.059815
28889 1.059815
22712 1.059753
12135 1.059621
8738 1.059621
29790 1.058932
19727 1.058445
6260 1.057981
22531 1.057981
25029 1.057395
14923 1.057164
16147 1.057164
13614 1.057115
15692 1.055600
11505 1.054933
23724 1.054933
24558 1.054826
15856 1.054316
2828 1.054121
28468 1.053646
5748 1.053476
13904 1.053114
21939 1.052987
26125 1.052987
4128 1.052883
15260 1.052604
16091 1.052604
22681 1.052604
22145 1.052604
19499 1.052604
8351 1.052513
2093 1.052336
19986 1.051830
28984 1.051830
17804 1.051830
26344 1.051830
7055 1.051138
7253 1.050758
17984 1.050517
25258 1.050410
23611 1.050410
17830 1.050350
10055 1.050285
18476 1.050136
26812 1.049730
9010 1.049730
12570 1.049730
28861 1.049233
8023 1.049174
14943 1.048979
2918 1.048979
10618 1.048833
3794 1.048671
19069 1.048463
26841 1.047800
16119 1.047420
5563 1.047420
15995 1.047420
27997 1.047276
12624 1.047070
21682 1.046960
847 1.046265
5165 1.046019
23364 1.045960
3349 1.045679
21413 1.045370
9495 1.045087
12261 1.044955
24459 1.044590
7020 1.044370
21465 1.044166
15644 1.044166
1144 1.044118
16458 1.043887
21224 1.043482
7550 1.043137
1776 1.043033
793 1.042840
3675 1.041973
1706 1.041812
28313 1.041536
8247 1.041416
21247 1.041306
15479 1.041205
10563 1.040520
11328 1.040520
5379 1.040428
18132 1.038844
13684 1.038844
2534 1.038844
21602 1.038844
19382 1.037805
26876 1.037805
9095 1.037631
2042 1.037631
23406 1.037577
7976 1.037519
18032 1.037519
21644 1.036394
5114 1.036167
13913 1.036167
21868 1.036037
21289 1.035677
6421 1.035287
3645 1.035287
3127 1.035134
8001 1.034786
14331 1.034366
17810 1.034122
10250 1.034122
13975 1.033850
4193 1.033377
21604 1.032253
29207 1.032098
25338 1.031937
20651 1.031484
11513 1.031206
19800 1.031206
24907 1.030905
13953 1.030301
16412 1.030040
8119 1.030040
3760 1.029314
19180 1.029225
7961 1.029225
23771 1.029044
28599 1.029044
28344 1.029044
13892 1.028855
14594 1.028456
11752 1.028456
27919 1.028456
4679 1.028023
29265 1.027966
833 1.027325
29344 1.027265
5200 1.027265
16044 1.027198
20891 1.026477
14398 1.026423
5043 1.025859
17246 1.025859
28157 1.025369
20453 1.025175
1596 1.024613
25222 1.024004
20435 1.023402
16363 1.021645
9723 1.021296
25061 1.021296
16111 1.021075
18559 1.020933
2443 1.020555
16981 1.020388
25868 1.020191
28894 1.019504
8650 1.019150
19742 1.018866
26824 1.018866
16523 1.018369
9526 1.018131
18447 1.017900
13470 1.017575
6747 1.017456
23469 1.016921
29739 1.016769
27481 1.016769
19195 1.016261
13916 1.016261
15715 1.016261
9732 1.015656
29160 1.015656
5206 1.015234
21613 1.014923
11124 1.014531
21517 1.014161
18422 1.013812
28634 1.013323
9975 1.012873
5569 1.012873
26188 1.012558
16788 1.011710
13671 1.011283
4406 1.011283
10187 1.011061
1291 1.010360
10144 1.010360
18216 1.010132
24719 1.010132
4047 1.009987
3156 1.009757
1072 1.009646
7214 1.009332
1959 1.009332
4291 1.009098
15467 1.009041
2439 1.008523
13610 1.008523
7378 1.007741
23743 1.007741
22807 1.007500
25388 1.007071
28516 1.007071
7090 1.006380
3464 1.004672
18356 1.003429
27059 1.003267
6820 1.003095
20111 1.001743
20886 1.001743
18523 1.001743
2682 1.001743
8666 1.001743
10764 1.001743
17109 1.001743
25955 1.000081
2741 0.999957
9475 0.999888
3375 0.999731
27793 0.999546
6703 0.999050
9022 0.998707
7471 0.998387
1337 0.997290
10781 0.997290
23073 0.997290
25367 0.996470
6337 0.996269
25921 0.995280
17746 0.994363
19954 0.993941
3674 0.993631
25875 0.993395
1215 0.992878
3038 0.992878
12109 0.990686
21567 0.990612
2770 0.990612
12930 0.990612
6186 0.989817
11965 0.988900
11989 0.988453
27499 0.988453
10787 0.987830
20613 0.987634
8550 0.986902
4772 0.986902
13928 0.986641
14150 0.984168
4933 0.983112
2966 0.982770
16009 0.982662
16326 0.981708
13646 0.981708
21309 0.981708
22163 0.981505
22842 0.979819
16012 0.979748
10443 0.978911
16586 0.978714
9145 0.978151
7722 0.977892
25591 0.977218
23653 0.975206
10309 0.975030
5693 0.974958
20586 0.974840
25519 0.974840
9131 0.973916
21442 0.973916
25678 0.973121
27383 0.972864
6823 0.970920
13484 0.970920
19915 0.970723
26233 0.970438
23674 0.970438
11042 0.967633
29841 0.965195
26825 0.963150
1600 0.962459
18046 0.961350
26351 0.961174
10116 0.961063
17139 0.961063
26873 0.960931
11761 0.960003
14446 0.959727
22135 0.959664
8220 0.958933
23497 0.957951
2902 0.954712
21207 0.953114
27834 0.951508
10228 0.950542
27025 0.949902
26001 0.949126
25859 0.948709
20895 0.946316
12364 0.944906
15872 0.943408
13333 0.942708
575 0.942500
21130 0.942115
16798 0.940333
16844 0.940041
17325 0.939907
2731 0.937759
13730 0.937528
14131 0.934960
6402 0.934960
12201 0.932473
14151 0.929212
20216 0.929153
3395 0.927389
16148 0.926139
15518 0.923763
6437 0.923175
2764 0.921382
3211 0.920794
25689 0.920351
8777 0.916261
20195 0.912831
5176 0.912831
1942 0.908373
10344 0.906561
19086 0.904088
4914 0.902345
565 0.901568
16215 0.899000
11181 0.892826
14512 0.892462
5656 0.888870
20575 0.888212
22690 0.887013
17467 0.881315
17327 0.875140
8842 0.866850
3834 0.859987
22279 0.857046
9924 0.851852
27844 0.623307
11092 0.623307
22532 0.623307
18764 0.623307
18350 0.623307
3446 0.623307
16474 0.623307
6368 0.620720
10778 0.620720
21875 0.617815
1768 0.615611
29002 0.615105
6382 0.615105
28629 0.615105
5462 0.615105
7416 0.613862
25514 0.613567
16212 0.612176
20683 0.612176
1623 0.612176
6386 0.611656
29811 0.611656
17951 0.611021
26513 0.610778
9438 0.610586
24100 0.610321
19948 0.610321
7834 0.610206
4872 0.610206
16112 0.609756
9846 0.609756
26370 0.609140
9498 0.608811
10456 0.608811
8495 0.608554
20963 0.608554
17173 0.608497
21421 0.608201
4473 0.607724
25932 0.607518
8507 0.607117
15897 0.606949
1156 0.606949
28351 0.606460
25936 0.606460
18454 0.605642
11221 0.605471
23173 0.605471
26011 0.605114
27334 0.604974
21666 0.604974
7967 0.604974
4460 0.604853
23063 0.604700
23612 0.603699
24560 0.603200
10730 0.603200
5014 0.603200
9389 0.603200
19123 0.603200
19719 0.603200
14463 0.602212
18699 0.602212
5630 0.602057
29518 0.601845
16093 0.601845
1100 0.601436
18703 0.601436
13865 0.601436
13297 0.601046
8361 0.600734
924 0.600316
7710 0.599974
16324 0.599864
641 0.599728
24289 0.599333
21526 0.599032
15905 0.598838
13331 0.598743
4351 0.598374
5466 0.598197
7546 0.598197
11446 0.598197
14879 0.598197
6766 0.597939
9440 0.597939
20849 0.597939
21865 0.597939
21095 0.597939
5017 0.597691
21622 0.597691
14916 0.597335
22705 0.597335
6739 0.597335
2086 0.597221
9028 0.597053
26475 0.597053
14818 0.596998
29108 0.596998
19625 0.596179
28327 0.596037
23854 0.596037
21164 0.595171
6564 0.595171
17022 0.595171
11818 0.594974
29471 0.594974
24313 0.594974
13499 0.594723
12816 0.594483
7730 0.594483
20400 0.594425
1412 0.594254
18098 0.594035
18492 0.593826
2221 0.593775
8540 0.593625
2652 0.593249
10160 0.592901
9092 0.592901
19484 0.592428
1988 0.592428
8719 0.592428
13622 0.592282
27440 0.592282
9838 0.592141
25873 0.592141
10513 0.592141
24148 0.592141
883 0.591939
27063 0.591874
15478 0.591747
545 0.591747
6631 0.591624
23937 0.591505
23646 0.591505
10019 0.591390
10899 0.591067
24385 0.591067
19509 0.591067
8283 0.590252
3374 0.590252
28149 0.590136
3795 0.590023
4327 0.589711
13525 0.589711
5256 0.589614
12045 0.589431
23803 0.589179
518 0.589179
13048 0.589179
15173 0.589101
5027 0.589025
2824 0.588220
16113 0.587849
23338 0.587767
17334 0.587767
21987 0.587475
1955 0.587347
6735 0.587286
27327 0.587068
157 0.587068
2852 0.587068
8321 0.587018
25725 0.586970
3850 0.586970
4092 0.586924
13831 0.586924
5119 0.586880
24394 0.586755
6467 0.586755
26836 0.586716
28085 0.584350
26889 0.584350
7690 0.584350
28352 0.584350
28524 0.584350
20539 0.584350
29992 0.584350
29789 0.584350
26611 0.584350
1410 0.584350
10809 0.584350
3742 0.584350
11879 0.584350
20331 0.584350
18680 0.584350
21955 0.584350
2026 0.584350
22290 0.584350
10743 0.584350
17183 0.584350
25767 0.584350
5967 0.584350
13729 0.584350
2634 0.584350
3500 0.584350
3641 0.584350
10373 0.584350
19943 0.584350
5922 0.582003
8206 0.582003
6131 0.581925
15810 0.581884
12891 0.581753
10890 0.581706
26108 0.581657
3114 0.581499
13812 0.581443
12100 0.581384
3802 0.581384
26842 0.581258
28941 0.581191
24485 0.581121
10245 0.581121
25158 0.581048
29212 0.581048
23121 0.581048
1274 0.581048
841 0.580892
12992 0.580892
27610 0.580892
11551 0.580808
5604 0.579599
14192 0.579179
5111 0.578889
29699 0.578677
29911 0.578564
29024 0.578447
29817 0.578326
28235 0.578326
8280 0.578067
28816 0.578067
10149 0.578067
7309 0.578067
27522 0.577784
437 0.577784
19578 0.577784
7644 0.577784
9483 0.577784
2594 0.577136
1031 0.577015
4510 0.576953
12842 0.576953
6342 0.576761
22470 0.576761
12627 0.576559
26099 0.576559
15885 0.576345
23698 0.576345
24715 0.576196
24414 0.576196
14833 0.576042
6276 0.576042
26426 0.575881
2171 0.575881
15252 0.575881
7850 0.575714
1515 0.575714
21718 0.575360
1867 0.574556
9528 0.574446
1669 0.574275
26647 0.574098
27230 0.573915
24956 0.573853
20467 0.573853
17711 0.573040
1772 0.572892
21608 0.572892
8201 0.572892
23013 0.572663
16151 0.572663
25585 0.572616
20712 0.572616
26978 0.572424
16372 0.572424
15075 0.572424
5724 0.572424
6149 0.572176
17491 0.572176
20846 0.571810
2467 0.571364
21329 0.571364
16051 0.571129
29584 0.571069
3248 0.570886
15920 0.570886
18578 0.570760
1269 0.570437
27279 0.570370
1211 0.570325
15731 0.570097
16453 0.570097
23458 0.569862
21594 0.569862
24361 0.569814
28835 0.569814
9813 0.569814
25493 0.569519
2871 0.569367
27839 0.569367
4597 0.569106
29773 0.569106
16714 0.568972
20086 0.568557
25526 0.568557
20977 0.568267
19816 0.568267
15421 0.568267
4195 0.568208
14087 0.568208
22434 0.567843
12841 0.567843
11231 0.567789
22656 0.567789
22133 0.567517
8839 0.567517
11497 0.567461
8670 0.567461
26555 0.567461
6614 0.567330
22725 0.567330
1113 0.567330
8216 0.567061
3655 0.567061
29959 0.566944
22713 0.566944
18025 0.566642
16626 0.566642
29104 0.566642
24112 0.566277
23187 0.566202
17291 0.566202
10472 0.566202
27359 0.565740
18198 0.565740
7134 0.565740
4795 0.565740
13034 0.565500
11279 0.565500
27020 0.565253
3157 0.565253
24616 0.565086
18332 0.564964
14874 0.564653
9877 0.564653
20072 0.564589
8062 0.564589
16475 0.564200
24795 0.564200
11454 0.563846
433 0.563726
22431 0.563726
16052 0.563480
23339 0.563373
22578 0.563373
18487 0.563373
26751 0.563229
10353 0.563229
957 0.563101
10473 0.562707
3775 0.562528
21583 0.562528
15235 0.562159
10507 0.562159
23087 0.562159
17110 0.561875
13468 0.561778
15115 0.561498
26468 0.561434
23191 0.561384
2181 0.560976
20042 0.560976
16582 0.560976
11583 0.560596
28349 0.560596
23147 0.560596
17908 0.560553
19550 0.560429
14052 0.560429
18782 0.560203
5299 0.560114
5740 0.559797
5153 0.559659
7909 0.559484
3758 0.559378
22244 0.559255
23120 0.559186
17653 0.558943
14209 0.558943
4965 0.558695
22703 0.558695
26668 0.558624
28912 0.558624
6767 0.558494
6684 0.558185
18104 0.557960
20196 0.557898
26212 0.557654
9399 0.557654
2646 0.557545
25450 0.557455
13509 0.557455
4102 0.557261
17311 0.557261
4495 0.557171
2561 0.557171
21097 0.556524
23212 0.556524
9151 0.556524
12121 0.556524
6035 0.556075
7540 0.556075
12228 0.556033
27096 0.555922
19624 0.555922
16950 0.555845
28828 0.555845
13938 0.555845
24997 0.555611
1208 0.555422
5549 0.555422
14064 0.555422
23250 0.555294
5163 0.555132
19904 0.555132
10712 0.554999
2257 0.554637
2083 0.554637
8335 0.554637
2219 0.554453
19660 0.554453
11647 0.554383
14293 0.554383
8732 0.554383
2455 0.554229
14681 0.553950
19332 0.553950
10656 0.553842
6387 0.553595
21769 0.553595
29167 0.553231
23597 0.553231
24953 0.553045
4921 0.552829
24816 0.552476
8281 0.552476
8320 0.552476
6194 0.552243
3477 0.552049
9982 0.551886
14804 0.551747
12582 0.551684
14261 0.551521
10082 0.551273
1342 0.551273
15854 0.551273
25669 0.551177
29910 0.551177
15333 0.551094
13242 0.550852
29969 0.550852
2286 0.550696
20376 0.550587
11051 0.550545
5518 0.550545
9500 0.549976
12328 0.549976
10487 0.549976
12466 0.549976
521 0.549976
18304 0.549976
17827 0.549976
17350 0.549343
18014 0.549343
24928 0.549343
13173 0.549343
1134 0.549343
28021 0.549148
742 0.548573
16889 0.548573
18131 0.548279
239 0.548279
3826 0.548279
19754 0.548151
22381 0.548003
14314 0.547828
3002 0.547828
17067 0.547675
29251 0.547675
7063 0.547366
6263 0.547366
13700 0.547294
5130 0.547294
12252 0.547051
2410 0.547051
10973 0.546405
11851 0.545860
179 0.545789
25145 0.545393
17306 0.545044
11259 0.544915
348 0.544637
11889 0.544455
23011 0.544156
16441 0.544156
5104 0.544156
29769 0.544156
20173 0.544050
4669 0.544050
25682 0.544050
942 0.543923
8035 0.543923
29723 0.543850
29503 0.543850
14896 0.543581
18233 0.543581
12830 0.543287
6347 0.543287
19758 0.542880
19135 0.542808
19787 0.542611
27965 0.542611
5079 0.542434
20907 0.542434
19301 0.542380
1860 0.542277
20282 0.542006
6242 0.541781
637 0.541593
7073 0.541432
1644 0.541293
24858 0.541065
20661 0.540970
28099 0.540886
18726 0.540886
21896 0.540524
29060 0.540439
19374 0.540439
29414 0.540439
7307 0.540439
3172 0.540439
6634 0.540367
27897 0.540248
9598 0.540248
5639 0.540199
6152 0.540199
11529 0.540199
2874 0.540199
10644 0.540155
24049 0.539400
10006 0.539400
17550 0.539400
19522 0.539400
24609 0.539400
29804 0.539400
13490 0.538618
14368 0.538571
13272 0.538571
20122 0.538571
15933 0.538571
6831 0.538459
9658 0.538310
654 0.538310
19605 0.538217
18534 0.538217
11223 0.538217
10429 0.537895
23529 0.537895
6600 0.537895
29504 0.537809
29608 0.537602
24481 0.537602
19541 0.537477
2113 0.537333
18581 0.536452
22860 0.536286
28931 0.536101
1764 0.536101
8412 0.536101
5739 0.535654
28472 0.535654
17676 0.535654
25146 0.535654
23720 0.535382
28080 0.535199
6250 0.535199
14816 0.535199
11632 0.535067
8453 0.535067
1015 0.534927
25065 0.534927
25692 0.534927
9360 0.534927
26637 0.534829
24787 0.534699
20254 0.534699
13772 0.534618
24680 0.534263
26639 0.534263
18956 0.534263
1674 0.534263
10803 0.533924
29114 0.533851
22303 0.533851
15728 0.533653
439 0.533537
20854 0.533431
13564 0.533091
11228 0.533091
26478 0.532927
5954 0.532879
6617 0.532879
3098 0.532710
26613 0.532572
1677 0.531863
25971 0.531227
27749 0.531227
2520 0.530763
3909 0.530714
3176 0.530714
17707 0.530653
27112 0.530653
24102 0.530653
1301 0.530575
28480 0.529992
20078 0.529992
19330 0.529811
25056 0.529811
14372 0.529811
2893 0.529811
17405 0.529657
2789 0.529657
21157 0.529657
6630 0.529657
17172 0.529466
25386 0.529411
3085 0.529223
6 0.529223
10800 0.528823
8314 0.528558
22654 0.528558
22055 0.528558
22365 0.528162
7517 0.528162
17057 0.528115
12807 0.528115
10290 0.527800
12142 0.527800
6812 0.527800
3266 0.527466
28995 0.527413
29734 0.527413
17483 0.527340
18888 0.527340
28266 0.527340
10515 0.527158
29708 0.526738
9009 0.526738
11861 0.526738
22977 0.526441
28675 0.526302
12440 0.526168
12020 0.525915
8544 0.525915
5423 0.525915
4700 0.525680
906 0.525680
25766 0.525635
20128 0.525379
411 0.525379
16718 0.525379
8416 0.525258
17331 0.525143
1852 0.524977
5133 0.524977
21907 0.524977
1006 0.524924
1555 0.524924
24230 0.524722
4300 0.524722
8953 0.524722
27345 0.524722
771 0.524417
5364 0.524277
295 0.524144
27388 0.524144
12898 0.523900
12528 0.523733
3896 0.523733
29906 0.523577
20257 0.523577
17691 0.523480
17648 0.523480
25759 0.523480
15634 0.522980
7994 0.522839
181 0.522839
9507 0.522648
5672 0.522648
2135 0.522648
20767 0.522648
12453 0.522589
25721 0.522324
24044 0.522185
28846 0.521944
16408 0.521944
1595 0.521944
29223 0.521838
27213 0.521741
10711 0.521076
24925 0.521076
20818 0.520987
24779 0.520987
28914 0.520906
18431 0.520906
22305 0.520768
7936 0.520768
2559 0.520603
19565 0.520513
8796 0.519422
18950 0.519422
26291 0.519422
17510 0.519422
1529 0.519422
28811 0.519422
4585 0.519422
15139 0.519422
27439 0.518375
28783 0.518143
17222 0.518143
19847 0.518083
28769 0.517946
29205 0.517946
3526 0.517946
23716 0.517867
7845 0.517867
9061 0.517778
4876 0.517293
6787 0.517124
26136 0.517124
19978 0.517028
7212 0.517028
3074 0.517028
4233 0.516688
8714 0.516552
7960 0.516402
7700 0.516402
7801 0.516293
14308 0.516293
21828 0.516235
11918 0.516176
8775 0.516176
25048 0.516049
28347 0.516049
18022 0.516049
29564 0.515913
362 0.515764
4580 0.515427
25813 0.515020
20845 0.515020
26283 0.515020
27700 0.515020
28192 0.515020
28038 0.515020
6948 0.515020
17116 0.514846
28371 0.514522
16108 0.514522
3923 0.514522
14790 0.514452
4035 0.514228
16667 0.514034
21119 0.513983
15096 0.513983
5917 0.513714
5452 0.513714
16660 0.513714
15431 0.513599
15760 0.513417
12827 0.513417
19253 0.513417
6884 0.513354
10212 0.513088
28074 0.513088
4690 0.512588
16827 0.512127
1243 0.512127
22486 0.512002
11544 0.511738
20830 0.511670
12120 0.511306
2207 0.511306
1945 0.511306
16229 0.511306
14749 0.511306
5289 0.511010
5660 0.511010
18654 0.510822
10027 0.510692
3279 0.510692
6605 0.510692
2591 0.510597
4576 0.510597
23294 0.509978
22561 0.509803
2205 0.509752
4316 0.509752
2690 0.509752
5885 0.509752
5324 0.509433
5626 0.509266
23116 0.509034
756 0.508728
17926 0.508728
26190 0.508657
8169 0.508556
20634 0.508130
13050 0.508130
6049 0.508130
12029 0.508130
11545 0.507670
1822 0.507550
4263 0.507550
21274 0.507462
25565 0.507462
18161 0.507172
6330 0.507172
1791 0.507172
29177 0.507172
10924 0.507055
22994 0.506906
1966 0.506781
6560 0.506781
5867 0.506781
18436 0.506257
27851 0.506257
10145 0.506188
26821 0.506188
28103 0.505753
26384 0.505753
12800 0.505642
21170 0.505642
15965 0.504994
17873 0.504878
9926 0.504386
8856 0.504335
10902 0.504145
16086 0.504145
24735 0.503871
6309 0.503871
26235 0.503871
8852 0.503871
17492 0.503750
9313 0.503750
18919 0.503440
7713 0.503117
9466 0.502985
23267 0.502985
7439 0.502985
17598 0.502432
24602 0.501896
16740 0.501815
16720 0.501686
17961 0.501634
26716 0.501547
13578 0.501547
16647 0.500871
19889 0.500871
24662 0.500871
10304 0.500184
13796 0.500184
5987 0.500095
2743 0.499979
11629 0.499906
19756 0.499821
16381 0.499525
15717 0.499354
8411 0.499354
15285 0.499132
880 0.498995
13820 0.498835
23192 0.498835
20320 0.498835
18210 0.498835
1169 0.498776
17604 0.498645
23811 0.498645
5207 0.498645
3299 0.498645
18713 0.498134
17737 0.498134
14995 0.498134
28298 0.498134
24565 0.497968
12181 0.497968
797 0.497908
24528 0.497519
1262 0.497519
4390 0.497319
18861 0.497319
397 0.497319
17663 0.497319
2497 0.496697
11664 0.496439
9005 0.496101
15757 0.495812
10830 0.495812
4613 0.495812
14550 0.495486
10172 0.495486
20399 0.495427
2430 0.495343
24879 0.495343
25693 0.495114
21663 0.494855
3773 0.494636
22932 0.494636
16764 0.494636
1570 0.494636
837 0.494450
26378 0.494450
13058 0.494450
14892 0.494450
29188 0.494252
25610 0.494252
24932 0.494193
9858 0.494193
26645 0.494193
24714 0.494193
24959 0.494084
12730 0.493675
14806 0.493320
19621 0.492825
1668 0.492749
26269 0.492687
27315 0.492592
12367 0.492084
19828 0.492084
22111 0.491556
20299 0.491453
12058 0.491385
6671 0.491385
20266 0.491385
5029 0.491385
2590 0.491385
2714 0.491301
20632 0.491301
14690 0.491050
28923 0.490854
19116 0.490725
28689 0.490725
15195 0.490437
24246 0.490437
26958 0.490100
27048 0.490100
15839 0.489935
2115 0.489935
625 0.489935
27773 0.489508
5567 0.489455
2553 0.488996
11126 0.488868
25660 0.488609
3573 0.488555
15766 0.488412
20159 0.488257
6593 0.488132
24614 0.488028
3105 0.487805
369 0.486958
28228 0.486958
28159 0.486958
29465 0.485994
19450 0.485547
26481 0.485547
7102 0.485362
8565 0.485121
12191 0.485121
12751 0.485121
27799 0.484938
10655 0.484714
6776 0.484583
4400 0.484583
29018 0.484583
16137 0.484435
2660 0.484435
25203 0.484077
4543 0.484077
25181 0.483955
9761 0.483600
26086 0.483600
3487 0.483600
20021 0.483212
19050 0.483212
12612 0.483212
17992 0.483150
24476 0.483063
11418 0.483063
11178 0.483063
16922 0.482843
5824 0.482560
3295 0.481575
27600 0.481575
7519 0.481524
26974 0.481229
4754 0.481229
11980 0.481229
13737 0.481229
10560 0.481229
19298 0.480946
26916 0.480900
23620 0.480900
8770 0.480836
3884 0.480587
25401 0.480587
19588 0.480587
13925 0.480587
15317 0.480587
716 0.480587
21831 0.480465
16101 0.480465
9640 0.480288
21147 0.480288
23886 0.480114
22716 0.479863
26417 0.479782
16155 0.479728
15524 0.479467
5349 0.479467
25849 0.479467
16694 0.479467
6962 0.479467
697 0.479216
8690 0.479167
27847 0.479094
26648 0.479094
25163 0.478744
20019 0.478610
19832 0.478415
6909 0.477868
18259 0.477811
11970 0.477811
15237 0.477533
26624 0.477426
19566 0.477426
15589 0.477219
24931 0.477219
18008 0.477020
9489 0.476829
10418 0.476829
27302 0.476783
493 0.476783
26247 0.476706
255 0.476557
26650 0.476413
16761 0.476342
21829 0.476342
16190 0.476137
25437 0.475941
4269 0.475878
10003 0.475878
17343 0.475634
17387 0.475403
7329 0.475403
12591 0.475239
25965 0.475186
185 0.474980
14444 0.474784
20381 0.474599
5472 0.474599
22327 0.474095
28131 0.474095
22494 0.473943
25373 0.473943
27103 0.473797
735 0.473797
13658 0.473525
22245 0.473525
5778 0.473525
22931 0.473397
22504 0.473397
11317 0.473158
23402 0.473158
7823 0.473045
8981 0.472884
9004 0.472732
18670 0.472453
28791 0.472324
17356 0.472324
22421 0.472202
26418 0.472086
1053 0.472086
16450 0.471869
27215 0.471769
15410 0.471769
1568 0.471581
8290 0.471581
18512 0.471327
9183 0.471327
29377 0.471327
13679 0.471250
13271 0.470515
17024 0.470515
5704 0.470330
7224 0.470330
12355 0.470330
27228 0.470021
1713 0.470021
9986 0.469664
25359 0.469567
9073 0.469567
167 0.469478
13801 0.469436
17658 0.469396
25088 0.469357
24894 0.469357
5686 0.467480
15068 0.467480
21677 0.467480
1537 0.467480
25073 0.467480
21691 0.467480
23454 0.467480
8817 0.467480
3591 0.467480
2897 0.467480
8421 0.467480
25793 0.467480
28643 0.467480
17398 0.467480
24620 0.467480
15371 0.467480
11168 0.467480
22518 0.467480
15654 0.467480
25874 0.467480
6340 0.467480
197 0.467480
9644 0.465499
11747 0.465456
12103 0.465365
17570 0.465264
1751 0.465211
23451 0.464967
16779 0.464967
16297 0.464897
22508 0.464824
16283 0.464824
17886 0.464664
18061 0.464664
29552 0.464483
6380 0.464384
21766 0.463695
12565 0.463616
22038 0.463535
5301 0.463535
3055 0.463361
10262 0.463361
6870 0.463268
21811 0.463171
4918 0.463070
18945 0.463070
22888 0.462963
26237 0.462963
18926 0.462963
10291 0.462734
11961 0.462734
27759 0.462610
8303 0.462480
27894 0.462343
4643 0.462343
21292 0.462343
15795 0.462044
6549 0.461825
20653 0.461709
26115 0.461709
17588 0.461587
27982 0.461525
13560 0.461461
28882 0.461329
26146 0.461329
18364 0.461047
23555 0.460737
22265 0.460020
21223 0.459970
13654 0.459656
15683 0.459601
21374 0.459489
23933 0.459489
26277 0.459373
28220 0.459314
14765 0.459132
28413 0.459132
12878 0.459132
24971 0.459132
25199 0.459132
27701 0.458941
5259 0.458876
21484 0.458742
15476 0.458742
5481 0.458604
2715 0.458314
26198 0.458314
19956 0.458083
6324 0.457741
10237 0.457091
15896 0.456855
22320 0.456733
24827 0.456733
15047 0.456608
21717 0.456608
27241 0.456608
22939 0.456415
11816 0.456349
24292 0.456349
6781 0.456078
502 0.455793
3434 0.455719
18914 0.455493
283 0.455338
7787 0.455338
2270 0.455069
1399 0.455069
1672 0.455069
10378 0.454845
23168 0.454845
23696 0.454788
7807 0.454494
12381 0.454494
19698 0.454231
22922 0.454123
9464 0.454123
9138 0.453958
1811 0.453864
22432 0.453525
160 0.453525
3024 0.453314
11138 0.453314
28016 0.453314
24872 0.453169
21369 0.452871
13588 0.452795
17289 0.452740
26554 0.452740
14053 0.452400
20792 0.452400
4569 0.452400
9329 0.452400
25933 0.452090
5577 0.452044
16856 0.451983
7441 0.451983
7888 0.451897
12112 0.451766
26251 0.451543
16671 0.451543
8370 0.451543
15281 0.451280
19288 0.451280
23373 0.451077
29589 0.451077
23479 0.451077
20394 0.451077
14629 0.450869
5444 0.450709
9121 0.450583
23793 0.450325
16416 0.450058
12049 0.450058
6454 0.450058
22201 0.449981
20010 0.449922
12472 0.449500
17446 0.449500
7678 0.449500
11176 0.449500
6772 0.449500
10993 0.449500
9372 0.449107
27704 0.449057
240 0.449057
10301 0.448905
22034 0.448905
15684 0.448781
16084 0.448697
16167 0.448455
25377 0.448399
14817 0.448399
15017 0.448268
8765 0.448268
25630 0.448002
8607 0.447885
11541 0.447820
5137 0.447820
5732 0.447587
8405 0.447587
4861 0.447349
22333 0.447349
24868 0.447280
6906 0.446637
19691 0.446576
10533 0.446576
14840 0.446231
29016 0.445862
8886 0.445793
7197 0.445219
26275 0.445219
21181 0.445219
18570 0.444726
8907 0.444676
10750 0.444299
17 0.444299
893 0.444212
13221 0.443810
24375 0.443300
27966 0.443109
1020 0.443109
22766 0.443037
18253 0.443037
26245 0.442876
8835 0.442585
25745 0.442517
17943 0.442471
881 0.442211
12739 0.442211
26196 0.442211
18069 0.441896
18671 0.441896
22661 0.441826
12669 0.441509
26866 0.441244
14921 0.441196
13749 0.441019
24342 0.441019
16072 0.440825
3729 0.440657
7298 0.440557
27087 0.440557
6017 0.440228
9368 0.440160
22178 0.440160
17240 0.439833
26574 0.439833
16549 0.439833
8554 0.439603
4928 0.439511
2729 0.439511
17097 0.439511
17529 0.439431
10249 0.439431
10673 0.439148
13400 0.439070
25790 0.439070
15891 0.438948
29580 0.438859
28697 0.438262
28544 0.438262
16361 0.438262
29217 0.438262
14636 0.438262
25118 0.437595
27718 0.437543
9383 0.437320
25000 0.437320
1571 0.437075
3863 0.436657
27916 0.436444
11424 0.436315
10565 0.436315
14664 0.436315
26133 0.436315
22741 0.436315
14683 0.436165
11699 0.436165
29399 0.436165
11749 0.435992
20422 0.435992
28840 0.435786
7054 0.434865
9424 0.434640
28205 0.434592
12495 0.434517
5006 0.434384
29011 0.433889
19041 0.433744
9237 0.433744
357 0.433550
6508 0.433425
12469 0.433338
4043 0.432852
28979 0.432852
2415 0.432852
17026 0.432470
11590 0.432419
23961 0.432419
24295 0.432031
16921 0.432031
11212 0.432031
18288 0.431911
3459 0.431911
24588 0.431749
11696 0.431749
620 0.431366
26616 0.431306
14282 0.431078
28866 0.430917
16605 0.430917
1729 0.430917
4246 0.430857
24427 0.430574
8557 0.430316
13936 0.430196
2330 0.430082
25736 0.430082
17924 0.429522
17748 0.429522
24368 0.429318
134 0.429318
4345 0.429088
10767 0.429016
1385 0.428693
15240 0.428523
23366 0.428523
10578 0.428138
12503 0.427975
24294 0.427828
7051 0.427759
29337 0.427759
15444 0.427694
22073 0.427573
11222 0.427573
27706 0.427573
18749 0.427410
2648 0.427139
20180 0.427139
18166 0.426922
10886 0.426922
17787 0.426745
21882 0.426318
24055 0.426232
24093 0.426028
980 0.425926
16423 0.425882
12959 0.425842
4194 0.424982
8249 0.424982
9020 0.424982
27119 0.424982
20795 0.424982
12798 0.424982
4117 0.424982
25904 0.424125
27787 0.424085
9240 0.424042
318 0.423881
6082 0.423881
2602 0.423814
27544 0.423654
14985 0.423150
2943 0.423059
18026 0.423059
24559 0.423059
7621 0.422958
2160 0.422846
25763 0.422581
21219 0.422581
7166 0.422581
17042 0.422422
19307 0.422303
21409 0.422240
22894 0.422240
2476 0.422173
29115 0.422030
7861 0.422030
26643 0.422030
25137 0.421872
22107 0.421872
29404 0.421872
1374 0.421696
6536 0.421498
14464 0.421498
15621 0.421334
29279 0.421275
22820 0.421275
20147 0.421275
19321 0.421275
28315 0.421153
1545 0.421153
17889 0.420953
29314 0.420732
18094 0.420732
19740 0.420536
10096 0.420536
10946 0.420485
11801 0.420485
21764 0.420322
15931 0.420207
25863 0.420086
22332 0.419892
6424 0.419892
27609 0.419824
14560 0.419824
12637 0.419824
11950 0.419533
12024 0.419533
5420 0.419208
22990 0.419208
15638 0.418968
5033 0.418840
29720 0.418784
8332 0.418486
5930 0.418423
17107 0.418159
6622 0.417859
21173 0.417748
26156 0.417393
3636 0.417046
12250 0.416942
1814 0.416861
28810 0.416861
11826 0.416667
6339 0.416667
11152 0.416667
29168 0.416566
19064 0.416566
110 0.416566
8879 0.416566
7351 0.416249
25581 0.416082
22404 0.415787
10919 0.415538
17085 0.415538
7013 0.415538
7429 0.415538
21737 0.415274
22617 0.415052
20099 0.415052
14585 0.414700
19560 0.414700
11994 0.414700
11671 0.414514
7459 0.414514
5002 0.414514
22294 0.414357
7207 0.414223
23633 0.414223
8425 0.414223
14899 0.414054
25380 0.413914
5066 0.413914
11049 0.413914
154 0.413798
18117 0.413798
25100 0.413614
18744 0.413321
18878 0.413321
12309 0.413177
25281 0.413177
26533 0.413122
16237 0.413122
29119 0.413075
9830 0.413075
20717 0.413034
6621 0.412482
6876 0.412482
8513 0.412482
20017 0.412482
21724 0.412482
8084 0.412482
15826 0.412482
19231 0.412482
5710 0.411828
12209 0.411770
5370 0.411770
16812 0.411770
29505 0.411701
23762 0.411382
11087 0.411302
11262 0.411302
7414 0.411209
15603 0.411100
8537 0.411100
28474 0.410756
17031 0.410470
12170 0.410470
20509 0.410288
14066 0.409876
22668 0.409647
22808 0.409647
15903 0.409375
10248 0.409375
18723 0.409045
26356 0.408341
13696 0.408341
26477 0.408341
20923 0.408279
24835 0.407686
26683 0.407547
23283 0.407348
8218 0.407160
10289 0.407160
19363 0.407160
10122 0.407160
13851 0.407010
25272 0.406958
14617 0.406958
18924 0.406916
22022 0.406916
22564 0.406504
23546 0.405969
7660 0.405896
2766 0.405576
7989 0.405467
14286 0.405467
23291 0.405329
25500 0.405329
27926 0.405275
21830 0.405149
29645 0.404995
25282 0.404801
17438 0.404550
21833 0.404550
25822 0.404360
29828 0.403995
20746 0.403995
17390 0.403995
16356 0.403844
10000 0.403844
17857 0.403844
9381 0.403844
28696 0.403733
7531 0.403409
5707 0.403409
13304 0.403409
21643 0.403357
9379 0.403357
16325 0.403000
26926 0.403000
5927 0.403000
18934 0.403000
26536 0.403000
12431 0.402552
3810 0.402466
21243 0.402033
19442 0.401973
15042 0.401516
6982 0.401516
26907 0.401270
19007 0.401024
28868 0.401024
320 0.400697
12293 0.400697
12099 0.400697
18705 0.400388
15741 0.400388
1634 0.400388
14283 0.400328
6079 0.400095
21033 0.399983
27319 0.399818
9540 0.399818
29445 0.399818
26006 0.399555
22087 0.399555
19146 0.399355
28331 0.399068
17765 0.399068
3348 0.399068
12397 0.399068
2049 0.398798
9205 0.398733
15742 0.398733
27574 0.398733
10605 0.398543
128 0.398420
14979 0.398301
19608 0.398128
23960 0.398128
23800 0.397855
21998 0.397855
10930 0.397855
3970 0.397855
7323 0.397855
27536 0.397649
8840 0.397599
29311 0.397358
20646 0.397205
6723 0.397205
25785 0.397205
16103 0.397131
18972 0.397131
7570 0.396917
508 0.396715
4496 0.396715
46 0.396650
13769 0.396523
21562 0.396342
26059 0.396169
9953 0.396169
7728 0.396006
29546 0.395953
8394 0.395850
28993 0.395750
22850 0.395750
17315 0.395750
1481 0.395560
16729 0.395212
23705 0.394761
7445 0.394761
9214 0.394498
18265 0.394498
28164 0.394436
26193 0.394436
5881 0.394436
12342 0.394260
26349 0.394260
14420 0.394260
27528 0.394260
11835 0.393944
2198 0.393944
19679 0.393944
14072 0.393801
18707 0.393014
2401 0.393014
16723 0.392925
9331 0.392840
29593 0.392840
27843 0.392080
5407 0.392080
17870 0.391986
14663 0.391986
20116 0.391818
10240 0.391743
15157 0.391743
17754 0.391743
29746 0.391672
6377 0.391606
4794 0.391486
14709 0.391431
9766 0.391329
24653 0.391329
4716 0.391329
7497 0.391329
13777 0.391283
3599 0.391239
3570 0.391239
27526 0.391239
10511 0.391197
1734 0.389567
27259 0.389567
25510 0.389567
4687 0.389567
7740 0.389567
21357 0.389567
27194 0.389567
307 0.389567
19134 0.389567
25828 0.389567
7844 0.389567
22962 0.389567
24832 0.389567
13786 0.389567
3993 0.389567
19126 0.389567
24066 0.389567
25765 0.387989
16589 0.387909
23041 0.387909
17416 0.387865
3621 0.387820
20663 0.387666
21049 0.387666
21926 0.387483
23164 0.387414
21396 0.387414
13629 0.387414
6866 0.387340
19008 0.387177
870 0.387085
17014 0.386265
21782 0.385993
930 0.385993
773 0.385422
6004 0.384983
8364 0.384983
16926 0.384983
14214 0.384873
20565 0.384757
2597 0.384507
18180 0.384507
1419 0.384507
6048 0.384441
27350 0.384441
23606 0.384372
9060 0.384230
28245 0.383921
12787 0.383921
13439 0.383921
21848 0.383383
9142 0.383334
766 0.383180
5887 0.383019
5806 0.383019
19299 0.383019
7068 0.382850
28742 0.382850
28678 0.382732
27097 0.382732
20835 0.382672
24320 0.382484
22097 0.382484
11093 0.382484
14534 0.382285
5762 0.382075
15992 0.381928
17760 0.381852
29845 0.381616
16687 0.381616
8140 0.381207
5412 0.380812
4582 0.380812
14752 0.380812
25755 0.380812
19562 0.380753
13003 0.380753
18231 0.380507
15453 0.380507
24508 0.380507
24854 0.380507
1177 0.380247
5174 0.380247
8961 0.380247
3875 0.380179
7071 0.380179
992 0.380179
20814 0.380179
12331 0.380179
13159 0.380065
20922 0.379971
24701 0.379827
3272 0.379827
12956 0.379827
6185 0.379679
2894 0.379578
9135 0.379448
1431 0.379448
20346 0.379038
15748 0.379038
21172 0.378685
9868 0.378526
24584 0.378307
29927 0.378307
13340 0.378251
7795 0.378109
835 0.378109
15840 0.378109
2662 0.378109
13199 0.377762
8242 0.377658
12932 0.377468
28567 0.377393
26231 0.377393
2681 0.377000
21281 0.377000
12899 0.376361
13396 0.376361
23837 0.376133
7089 0.376016
963 0.375863
4091 0.375653
20291 0.375486
18012 0.375486
12744 0.375486
27147 0.375437
23500 0.375437
24330 0.375271
19930 0.374583
18333 0.374583
29585 0.374583
17221 0.374389
29229 0.373984
14157 0.373984
24241 0.373984
20958 0.373984
3707 0.373557
11539 0.373557
21126 0.373502
3189 0.373431
22009 0.373431
15863 0.373106
22501 0.373106
7596 0.372989
22895 0.372989
8071 0.372837
15635 0.372775
6943 0.372629
3004 0.372443
25648 0.372329
3579 0.372197
22098 0.372076
29462 0.372076
21967 0.371859
13219 0.371859
7410 0.371859
22550 0.371859
29417 0.371637
1032 0.371587
20179 0.371507
22041 0.371507
27976 0.371363
11800 0.371363
19130 0.371363
14113 0.371363
27205 0.371234
12396 0.371016
9946 0.370689
4317 0.370408
26339 0.370281
7431 0.370281
5650 0.370176
4362 0.370088
11029 0.370088
12905 0.369758
9601 0.369691
25713 0.369691
16888 0.369589
15171 0.369589
25214 0.369589
11587 0.369063
7983 0.369063
29631 0.368553
24791 0.368509
1391 0.368509
27027 0.368394
12590 0.368394
5237 0.368317
10169 0.368016
940 0.367814
20296 0.367814
4036 0.367575
27621 0.367516
23963 0.367516
6601 0.367451
8024 0.367451
2601 0.367306
1083 0.367131
11041 0.367131
19692 0.366917
613 0.366651
24503 0.366651
11839 0.366403
27019 0.366228
23209 0.366228
18718 0.366228
9954 0.366099
7632 0.366099
7552 0.366099
10897 0.365956
23590 0.365956
23741 0.365956
1538 0.365565
9219 0.365219
6303 0.365219
3874 0.365219
18900 0.365219
10756 0.364862
5966 0.364796
19941 0.364634
26724 0.364634
18606 0.364634
4280 0.364549
27381 0.364433
8175 0.364270
5100 0.364118
7798 0.363907
20756 0.363907
25878 0.363907
16875 0.363840
10626 0.363595
10333 0.363595
12500 0.363595
312 0.363377
6819 0.363377
6853 0.363326
27054 0.363091
14769 0.362950
24092 0.362950
6101 0.362950
23245 0.362950
4793 0.362950
18147 0.362884
29061 0.362884
19206 0.362700
21326 0.362700
13320 0.362535
20883 0.361987
15927 0.361987
6849 0.361920
28722 0.361920
5353 0.361740
5427 0.361454
13539 0.361337
13091 0.361234
2593 0.361143
18177 0.361062
11135 0.360710
28603 0.360556
764 0.360440
9923 0.360392
24892 0.360349
2596 0.359600
5170 0.359600
5813 0.359600
29046 0.359600
9751 0.359600
457 0.359600
26032 0.359600
20197 0.359600
25892 0.359600
4769 0.359600
16664 0.359600
1403 0.358854
2499 0.358811
9100 0.358710
23694 0.358401
11777 0.358150
9522 0.358150
7111 0.358150
25664 0.357980
14706 0.357879
2905 0.357879
13857 0.357765
7656 0.357635
20836 0.357485
18984 0.357485
4373 0.357485
130 0.357485
18192 0.357309
27854 0.357309
13236 0.356943
13618 0.356712
4029 0.356552
5365 0.356375
23314 0.356311
13229 0.356311
8865 0.356175
2938 0.355900
28102 0.355691
4099 0.355394
16478 0.355394
22847 0.355285
25589 0.355193
14862 0.355048
1707 0.355048
18281 0.355048
2546 0.354893
1691 0.354784
26560 0.354487
29198 0.354487
22113 0.354487
20887 0.354442
27954 0.354151
63 0.354151
4771 0.354151
14660 0.354151
934 0.353827
4222 0.353827
8089 0.353685
20190 0.353556
20806 0.353556
23326 0.353328
29529 0.353045
1174 0.352995
29792 0.352372
12295 0.352372
20348 0.352211
7704 0.352077
27098 0.351867
9808 0.351867
8465 0.351867
2450 0.351374
13835 0.351285
16433 0.351215
8434 0.351159
24062 0.350610
12332 0.350610
26038 0.350610
12172 0.350610
20054 0.350610
25299 0.350610
20278 0.350610
29482 0.350137
26972 0.350137
12068 0.349985
16791 0.349910
16833 0.349611
2069 0.349611
28908 0.349518
18947 0.349405
2418 0.349267
3876 0.349155
28768 0.349023
20793 0.349023
12788 0.349023
7784 0.348725
7917 0.348560
23151 0.348432
4885 0.348432
25064 0.348362
14584 0.348362
23577 0.348362
15689 0.347451
10720 0.347451
10786 0.347451
20636 0.347324
23818 0.347324
9919 0.347271
13731 0.347271
7634 0.347271
19245 0.347037
22696 0.347037
27525 0.346648
22289 0.346281
7320 0.346281
29534 0.346281
24279 0.346281
25310 0.346281
11652 0.346281
20844 0.345769
17207 0.345769
7778 0.345529
11959 0.345529
2952 0.345298
12378 0.345298
28668 0.345045
22754 0.344862
7901 0.344862
22591 0.344862
24547 0.344862
23237 0.344862
4550 0.344862
23585 0.344617
24597 0.344459
14514 0.344349
20856 0.344157
9995 0.344084
4619 0.343735
5194 0.343455
20834 0.343455
315 0.343409
15500 0.343347
11153 0.342655
13819 0.342550
4912 0.342058
16588 0.341790
4520 0.341790
29931 0.341725
2529 0.341725
27448 0.341725
2704 0.341538
27932 0.341418
23027 0.341418
13999 0.341418
14950 0.341302
15484 0.341134
18609 0.340871
23855 0.340871
12107 0.340871
3408 0.340871
22667 0.340626
11934 0.340626
3747 0.340548
27765 0.340398
10093 0.339985
8582 0.339985
14419 0.339798
7829 0.339798
16730 0.339738
13556 0.339622
10452 0.339511
8514 0.339300
9596 0.339300
6501 0.338923
12383 0.338923
28240 0.338754
3938 0.338754
9560 0.338308
25192 0.338308
16778 0.338308
24354 0.338308
11038 0.338308
28852 0.338177
17448 0.338177
14730 0.338054
29771 0.337937
22260 0.337937
12274 0.337937
22493 0.337937
2361 0.337485
12507 0.337357
4209 0.337237
618 0.337237
9676 0.337237
13488 0.337125
13172 0.337125
11197 0.337020
24789 0.336586
12661 0.336586
25273 0.336097
6632 0.336001
98 0.336001
29909 0.336001
18652 0.335914
13974 0.335833
14448 0.335759
23745 0.335690
11952 0.335627
7192 0.335366
12260 0.335323
17335 0.335283
8219 0.333914
20517 0.333914
29976 0.333914
17313 0.333914
14348 0.333914
29634 0.333914
22837 0.333914
28180 0.333914
25521 0.333914
5532 0.333914
7926 0.333914
15434 0.333914
17756 0.333914
2392 0.332557
16604 0.332517
6883 0.332475
27918 0.332430
3771 0.332382
1193 0.332332
12904 0.332277
10332 0.332219
28774 0.332219
17158 0.332157
13594 0.332157
17610 0.332017
2671 0.331853
1638 0.331853
13288 0.331760
18113 0.331760
8505 0.331760
22447 0.331760
28369 0.331132
11053 0.330865
2303 0.330865
14040 0.330764
24364 0.330657
14489 0.330657
27908 0.330657
14639 0.330541
11358 0.330541
3090 0.330418
23584 0.330418
23637 0.329986
23188 0.329875
5838 0.329875
16214 0.329817
28470 0.329758
24189 0.329758
11345 0.329633
25707 0.329501
29348 0.329501
21256 0.329361
18865 0.329211
19006 0.329211
1610 0.328697
3359 0.328286
12592 0.328286
4133 0.328231
24228 0.328056
8561 0.328056
22037 0.328056
7972 0.327871
22361 0.327871
17389 0.327871
5482 0.327806
6486 0.327534
1979 0.327534
6011 0.327236
4507 0.327236
15550 0.327044
13061 0.326994
27627 0.326994
10410 0.326733
5227 0.326624
26239 0.326394
17526 0.326149
4698 0.326149
23988 0.325887
3517 0.325887
15967 0.325887
28066 0.325819
29394 0.325819
9050 0.325819
22233 0.325819
12076 0.325703
2782 0.325608
20437 0.325461
16903 0.325461
21535 0.325461
2080 0.325203
2239 0.325069
13194 0.324986
1395 0.324639
27031 0.324374
3842 0.324328
20452 0.324328
29094 0.324264
12822 0.324093
15609 0.323640
23426 0.323640
10200 0.323414
10696 0.323257
29747 0.323143
25774 0.323055
13813 0.322845
682 0.322400
26346 0.322042
16118 0.321917
15752 0.321747
8813 0.321392
6707 0.321071
9956 0.320820
3828 0.320617
26791 0.320617
3040 0.320558
15721 0.320558
26208 0.320558
5800 0.320354
10989 0.320354
634 0.320354
20631 0.320192
28801 0.319396
1246 0.319255
25001 0.319204
17807 0.318736
21230 0.318736
21856 0.318736
11402 0.318736
8424 0.318736
13828 0.318736
11260 0.318736
29116 0.318237
1916 0.318180
147 0.318180
12901 0.318108
18186 0.318108
21240 0.317705
9831 0.317581
16768 0.317425
27554 0.317425
11763 0.317425
21100 0.317294
21016 0.317294
6002 0.316936
986 0.316936
163 0.316936
16073 0.316680
1827 0.316523
17766 0.316417
612 0.316236
14531 0.316170
12486 0.316124
14488 0.315865
3433 0.315865
4348 0.315549
27539 0.315477
15630 0.315477
6414 0.314883
17669 0.314650
12482 0.314448
21944 0.314448
4776 0.314387
29178 0.314387
915 0.314272
29616 0.314167
26004 0.313818
5257 0.313677
12148 0.313677
4951 0.313394
22781 0.313394
12094 0.313260
20334 0.313144
22429 0.313045
28013 0.312487
23887 0.312371
10134 0.312284
720 0.312284
10544 0.311653
27352 0.311653
8567 0.311653
7184 0.311653
3472 0.311653
20145 0.311653
13776 0.311653
10111 0.311025
4350 0.310984
21351 0.310886
10824 0.310886
26963 0.310824
14843 0.310753
27396 0.310667
13635 0.310360
4311 0.310063
2253 0.309931
29569 0.309931
6545 0.309776
9698 0.309655
8390 0.309362
11559 0.309180
16358 0.309078
27306 0.308967
15962 0.308713
26259 0.308713
20930 0.308713
3369 0.308537
24393 0.308537
25108 0.308489
7261 0.308229
27051 0.308112
27493 0.307853
21723 0.307553
1975 0.307553
7629 0.307553
19582 0.307553
1185 0.307031
776 0.306931
129 0.306931
3121 0.306784
3705 0.306718
7084 0.306544
21112 0.306210
6396 0.306210
914 0.306088
3117 0.305828
13743 0.305828
28730 0.305736
10437 0.305336
6561 0.305293
3051 0.304451
10954 0.304406
16576 0.304052
27968 0.303967
21169 0.303862
13030 0.303862
25128 0.303730
8743 0.303730
24669 0.303558
14015 0.302821
26805 0.302487
2114 0.302250
6108 0.302024
16487 0.301961
26358 0.301600
18072 0.301600
8569 0.301211
10127 0.300953
19114 0.300853
13382 0.300718
2159 0.300523
17555 0.300389
2739 0.300389
12158 0.300216
5403 0.300216
26956 0.299667
19505 0.299667
25044 0.299667
20191 0.299667
9235 0.299667
5228 0.299419
25827 0.299301
9248 0.299187
17277 0.299187
19876 0.299187
7341 0.298970
29411 0.298970
8778 0.298846
15901 0.298846
8383 0.298668
14655 0.298611
8299 0.298391
7343 0.298391
14715 0.298187
8461 0.297904
20341 0.297904
3977 0.297758
25993 0.297758
11727 0.297688
1160 0.297301
1895 0.297242
23589 0.297018
10858 0.296624
5120 0.296624
27681 0.296624
16669 0.296451
21437 0.296071
18564 0.296071
11395 0.295753
12098 0.295753
29398 0.295250
723 0.295012
19164 0.294906
15167 0.294906
24056 0.294906
11742 0.294716
9125 0.294550
13847 0.294110
14193 0.293705
27591 0.293705
13773 0.293705
10292 0.293643
15205 0.293485
11979 0.293440
22839 0.293397
23920 0.293397
22336 0.293397
4557 0.293358
5874 0.292175
12719 0.292175
20323 0.292175
17123 0.292175
10531 0.292175
29551 0.292175
27158 0.292175
3126 0.292175
3915 0.292175
29979 0.292175
9158 0.292175
14574 0.291002
15824 0.290963
21625 0.290921
25177 0.290921
9582 0.290876
386 0.290721
13854 0.290721
14305 0.290596
1260 0.290524
9850 0.290265
12933 0.289838
9960 0.289678
23865 0.289282
15118 0.289163
15659 0.289163
5035 0.288892
26454 0.288568
27699 0.288568
14982 0.288568
26532 0.288445
17609 0.288314
9970 0.288314
29243 0.287680
6686 0.287488
19053 0.287278
29312 0.287278
2998 0.287223
22695 0.287223
118 0.287049
21942 0.286797
18112 0.286662
17520 0.286212
12401 0.286011
24397 0.286011
6184 0.285380
14571 0.285380
27316 0.285316
14459 0.285049
11063 0.285049
12338 0.284683
5717 0.284445
9934 0.284445
12248 0.284104
15719 0.283983
4650 0.283731
3953 0.283618
26400 0.283618
17050 0.283321
13361 0.283321
24484 0.283321
18421 0.283321
29756 0.283004
23399 0.282870
26057 0.282295
1879 0.282100
2857 0.282100
13054 0.282100
21160 0.281614
11554 0.281614
5183 0.281467
29480 0.281354
29487 0.281354
22511 0.280999
29655 0.280999
26398 0.280889
8261 0.280889
24136 0.280488
16609 0.280488
12585 0.280488
16303 0.280488
12924 0.280102
7612 0.280102
537 0.280001
7266 0.280001
24981 0.279689
27550 0.279593
10700 0.279593
29885 0.279472
2772 0.279472
5948 0.279472
26252 0.279472
16816 0.279092
2800 0.279092
10306 0.278949
28041 0.278894
3852 0.278630
3268 0.278550
26589 0.278550
29241 0.278499
24961 0.278262
16855 0.278262
9064 0.278262
24774 0.277961
12832 0.277711
27641 0.277566
23442 0.277566
7775 0.277319
12043 0.277319
18150 0.277319
17088 0.276943
11635 0.276943
7648 0.276797
23274 0.276672
22553 0.276615
20080 0.276343
1326 0.276343
9776 0.276148
4656 0.276148
16203 0.275842
11224 0.275842
20654 0.275693
395 0.275637
24823 0.275637
16247 0.274988
12553 0.274988
7725 0.274988
4615 0.274432
14561 0.274390
17718 0.274343
24156 0.274220
13115 0.274139
10464 0.273838
3407 0.273749
9116 0.273749
13269 0.273647
20544 0.273525
10512 0.273380
4161 0.273325
10668 0.273203
1599 0.272894
27577 0.272697
3717 0.272697
169 0.272697
13911 0.272458
26886 0.272458
11825 0.272318
9008 0.272318
27745 0.272227
20942 0.272227
9304 0.272078
18183 0.272025
15846 0.271791
10826 0.271791
393 0.271565
5728 0.271516
19129 0.271440
12365 0.271440
11205 0.271440
22153 0.271003
26160 0.271003
19246 0.270857
4760 0.270857
6587 0.270443
15201 0.270443
9552 0.270220
10832 0.270220
8974 0.270152
7076 0.270099
18569 0.269700
11233 0.269286
390 0.269229
26483 0.269229
15132 0.269155
12235 0.269155
26060 0.269155
26600 0.269155
13603 0.268904
13000 0.268801
18590 0.268667
10608 0.268410
29762 0.268226
29668 0.268226
12702 0.267982
19471 0.267720
21850 0.267534
12443 0.267464
10411 0.267464
22200 0.267131
11657 0.267131
308 0.267131
14370 0.267131
16624 0.267131
4616 0.266826
4384 0.266826
20564 0.266826
7348 0.266768
20800 0.266286
23733 0.266045
1237 0.265614
12674 0.265167
10620 0.264905
19406 0.264829
12414 0.264829
16712 0.264611
4494 0.264611
21027 0.264611
29295 0.264611
10549 0.264412
2226 0.264412
15440 0.263900
8709 0.263900
22401 0.263900
14159 0.263900
8958 0.263369
29117 0.263221
28175 0.263151
27779 0.262957
5733 0.262957
22220 0.262957
27162 0.262785
12318 0.262785
11037 0.262629
3708 0.262489
431 0.262245
17547 0.262138
26305 0.262138
19021 0.261950
1024 0.261866
27172 0.261866
21605 0.261866
3099 0.261866
19127 0.261789
4821 0.261420
379 0.261420
15014 0.261324
13992 0.261029
10748 0.260972
11082 0.260972
5900 0.260826
22358 0.259711
18067 0.259711
23604 0.259711
19798 0.259711
28430 0.259711
628 0.259711
5023 0.259711
24403 0.259711
27124 0.259711
8749 0.259711
3293 0.259711
20796 0.259711
23128 0.259711
17171 0.259711
24747 0.259711
28289 0.259711
16742 0.259711
28825 0.258647
25304 0.258514
10912 0.258514
24711 0.258276
26869 0.258201
10747 0.258118
8430 0.258118
24494 0.257591
23153 0.257510
19711 0.257328
18629 0.257328
15552 0.257226
21358 0.256992
3765 0.256992
1081 0.256857
29389 0.256709
22212 0.256709
19668 0.256709
17469 0.256544
24094 0.256544
21448 0.256360
3379 0.256360
16337 0.256294
24084 0.256153
28322 0.256153
9274 0.255835
23898 0.255835
8788 0.255653
17411 0.255453
11651 0.255453
10007 0.255233
3700 0.255175
28806 0.255175
5588 0.255175
11852 0.255175
20158 0.254989
4172 0.254788
10501 0.254717
27500 0.254568
21783 0.254328
4422 0.254065
24177 0.253835
14388 0.253835
3696 0.253586
19163 0.253586
6444 0.253586
6506 0.253453
967 0.253218
12777 0.253017
17226 0.252692
18418 0.252439
29047 0.252439
2817 0.252395
10166 0.252333
18389 0.252168
23909 0.252072
23141 0.251559
3136 0.251492
1362 0.251492
29563 0.251333
14425 0.251333
9971 0.251333
27977 0.251333
23091 0.251216
26462 0.251126
25095 0.250907
19980 0.250907
11760 0.250843
20378 0.250436
20994 0.250436
24374 0.250436
11059 0.250092
13129 0.249911
26693 0.249722
5350 0.249722
29538 0.249498
25221 0.249323
20918 0.249323
2804 0.249323
28987 0.249164
14183 0.248954
4074 0.248954
28735 0.248954
29079 0.248660
604 0.248660
13246 0.248660
1226 0.248419
29366 0.248419
13909 0.248419
11515 0.248349
20338 0.248051
897 0.248051
2628 0.247743
22495 0.247489
27861 0.247489
20938 0.247489
4237 0.247344
1116 0.247344
6759 0.247225
25887 0.247225
2508 0.247042
9807 0.246806
8017 0.246726
2548 0.246660
4138 0.246042
19170 0.246042
10953 0.246042
27117 0.246042
9565 0.246042
19764 0.246042
20589 0.246042
24750 0.245525
7773 0.245427
10932 0.245362
3203 0.245283
11778 0.245283
12019 0.245283
6343 0.245283
10462 0.245050
21516 0.244612
24038 0.244434
25839 0.244364
27763 0.244014
29109 0.244014
4849 0.243778
24758 0.243778
6877 0.243778
26455 0.243198
7036 0.243198
28120 0.242997
4645 0.242681
24004 0.242469
8409 0.242291
13206 0.242291
18870 0.242291
19353 0.242291
16745 0.242218
1224 0.242218
26612 0.241800
12449 0.241422
18913 0.241362
4315 0.241280
19707 0.241077
21379 0.240969
28481 0.240823
5129 0.240823
26467 0.240823
19191 0.240823
3509 0.240762
9211 0.240762
27407 0.240057
24770 0.240001
10885 0.240001
27320 0.239733
12875 0.239733
9366 0.239488
21278 0.239441
9972 0.239441
17716 0.239441
155 0.239441
5974 0.239372
22620 0.239052
6921 0.239052
5571 0.239052
19234 0.239052
15784 0.239052
4890 0.238934
6728 0.238510
23070 0.238510
12556 0.238279
13442 0.238279
26399 0.238068
27073 0.238068
7340 0.237939
11151 0.237541
23126 0.237490
18205 0.237299
8214 0.237127
15122 0.237127
2537 0.236699
4347 0.236699
10893 0.236101
13277 0.235987
11974 0.235790
1276 0.235790
13171 0.235210
28477 0.235210
1406 0.235123
9835 0.234977
14515 0.234977
15211 0.234977
11215 0.234858
21736 0.234858
23231 0.234807
13022 0.234761
3309 0.234761
29259 0.233740
19026 0.233740
20210 0.233740
7403 0.233740
12168 0.233740
15363 0.233740
27465 0.233740
79 0.233740
9833 0.233740
23780 0.233740
7228 0.233740
14497 0.233740
26541 0.233740
28290 0.232770
17646 0.232728
5125 0.232728
25631 0.232728
10352 0.232632
24266 0.232577
5447 0.232449
23942 0.232373
24031 0.232288
24556 0.232192
7673 0.232192
24118 0.232192
27472 0.231725
11798 0.231535
7727 0.231426
6997 0.231305
19599 0.231022
11678 0.230854
19761 0.230730
1265 0.230664
7456 0.230664
9989 0.229908
15498 0.229908
24306 0.229744
14572 0.229744
9580 0.229687
17133 0.229687
1439 0.229438
14032 0.229371
27790 0.229157
29744 0.228659
28720 0.228546
2405 0.228546
21528 0.228546
6833 0.228367
16554 0.228039
17725 0.228039
4484 0.227747
17785 0.227747
29916 0.227669
26002 0.227534
18331 0.227423
572 0.227423
13920 0.227247
25400 0.227062
24567 0.227062
9645 0.227062
23808 0.226932
15548 0.226932
10485 0.226932
12686 0.226932
16560 0.226585
733 0.226200
20884 0.226200
20146 0.226200
19205 0.225883
12494 0.225772
10884 0.225539
8092 0.225434
27585 0.225434
15699 0.225292
27755 0.225162
23934 0.224990
5738 0.224990
24900 0.224938
740 0.224750
25269 0.224750
6836 0.224750
2255 0.224554
9876 0.224496
6974 0.224390
29118 0.224296
20183 0.224134
29169 0.224134
28666 0.224134
25590 0.224001
17853 0.223942
6455 0.223794
29420 0.223794
21108 0.223675
28092 0.223675
14654 0.223577
24325 0.223318
21047 0.223235
3252 0.223235
27510 0.223071
8651 0.222609
5613 0.222609
18439 0.222106
10612 0.222053
10077 0.221988
20079 0.221988
4903 0.221650
21092 0.221554
10792 0.221438
9286 0.221292
17763 0.221235
6106 0.221105
14070 0.220509
27714 0.220329
2866 0.220329
8007 0.220278
10706 0.220114
8376 0.220114
14902 0.219991
4574 0.219854
9589 0.219756
5107 0.219756
20583 0.219535
7631 0.219474
10599 0.219131
26025 0.219131
27456 0.219131
1526 0.219131
14112 0.219131
22307 0.219131
24477 0.218771
11203 0.218704
26802 0.218704
8117 0.218704
26924 0.218537
28775 0.218329
26525 0.218157
21293 0.218157
3890 0.218157
17620 0.218157
26201 0.217996
815 0.217653
2994 0.217653
12838 0.217433
11885 0.217192
25546 0.217135
13043 0.216872
16715 0.216713
17408 0.216637
29688 0.216235
2382 0.216062
26840 0.215955
3165 0.215585
1380 0.215429
9749 0.215287
551 0.215158
15222 0.215158
19045 0.214933
7759 0.214659
11905 0.214659
22160 0.214544
3900 0.214262
21142 0.213880
9324 0.213880
27116 0.213787
24209 0.213787
28986 0.213705
20603 0.213512
23325 0.213461
25404 0.213415
8891 0.212491
18443 0.212491
18222 0.212491
10081 0.212491
7508 0.212491
15133 0.212491
14684 0.212491
26492 0.212491
20528 0.212491
7686 0.212491
21330 0.212491
15197 0.211616
16587 0.211616
10645 0.211529
22949 0.211361
23562 0.211361
17727 0.211361
4658 0.211361
23092 0.211211
27431 0.210749
5647 0.210667
19794 0.210477
21569 0.210366
4551 0.210242
19241 0.210103
28657 0.209946
10233 0.209946
24339 0.209889
28756 0.209889
288 0.209767
15628 0.209319
14069 0.209319
15462 0.209136
28551 0.209136
1626 0.209036
2295 0.208930
5772 0.208930
10600 0.208930
18395 0.208696
7980 0.208696
12873 0.208500
3192 0.208431
11132 0.208431
22202 0.208283
18916 0.208041
6429 0.207989
17569 0.207769
27534 0.207769
717 0.207350
7413 0.207257
1027 0.207111
17297 0.207111
1869 0.206957
18031 0.206850
6803 0.206850
12981 0.206621
10157 0.206517
20945 0.206241
16272 0.206241
13837 0.206241
7267 0.205938
20951 0.205486
21795 0.205235
4720 0.205035
12425 0.204657
23258 0.204522
6637 0.204522
16531 0.204363
11023 0.204140
18771 0.203843
15254 0.203773
11968 0.203718
12341 0.203718
20993 0.203674
11942 0.203252
1777 0.203252
6179 0.203252
4256 0.203252
26698 0.203252
28132 0.203252
28194 0.202832
6799 0.202832
25223 0.202788
20344 0.202734
8319 0.202665
4094 0.202665
16750 0.202665
9144 0.202665
444 0.202372
1039 0.202372
22736 0.202372
18045 0.202153
28699 0.201866
5899 0.201500
29565 0.201500
3847 0.201500
16459 0.201307
11703 0.200686
22960 0.200686
11568 0.200349
18982 0.200349
23775 0.200349
15986 0.199778
6847 0.199677
8020 0.199534
1247 0.199210
743 0.198928
11992 0.198928
14651 0.198928
9624 0.198085
452 0.198085
11293 0.198085
22383 0.198085
7178 0.198085
26140 0.197875
19792 0.197691
1002 0.197527
24465 0.197527
19856 0.197380
19322 0.197313
1525 0.197249
6890 0.197249
9913 0.197130
14096 0.196972
23903 0.196972
15817 0.196834
2768 0.196834
4790 0.196834
24904 0.196604
9963 0.196507
1296 0.196420
11774 0.196040
3216 0.195950
21544 0.195743
18165 0.195598
10405 0.194783
19974 0.194783
10180 0.194783
17420 0.194783
18405 0.194783
18226 0.194783
15433 0.194783
18576 0.194783
4839 0.193975
11143 0.193833
9201 0.193774
5942 0.193774
5382 0.193707
3678 0.193543
29530 0.193174
18941 0.193090
12164 0.193090
16437 0.192996
25002 0.192892
10112 0.192775
4371 0.192775
18282 0.192643
4588 0.192492
24144 0.192379
23197 0.192318
23832 0.192115
18817 0.191960
19443 0.191787
28116 0.191590
2979 0.191425
2959 0.191425
17666 0.191366
8703 0.191366
9785 0.191366
24064 0.191366
25599 0.191242
11296 0.190808
14011 0.190808
19287 0.190808
4739 0.190603
12771 0.190549
2724 0.190549
27505 0.190253
9027 0.189914
23587 0.189914
28578 0.189840
24370 0.189519
16738 0.189263
7916 0.189263
23489 0.189154
27638 0.189154
27727 0.188981
936 0.188500
15503 0.188321
445 0.188321
4939 0.187827
24600 0.187569
23528 0.187433
4393 0.187433
26155 0.187386
29113 0.186992
8446 0.186992
4506 0.186992
6947 0.186553
12775 0.186495
7331 0.186495
23436 0.186418
15060 0.186165
19951 0.185930
17181 0.185930
9316 0.185754
8457 0.185754
2134 0.185141
15032 0.185141
27748 0.185044
6748 0.185044
5999 0.184879
21857 0.184879
23939 0.184818
10869 0.184532
23859 0.184532
8715 0.184532
16841 0.184532
23861 0.184532
26817 0.184532
22543 0.184276
29786 0.184159
25417 0.183962
28034 0.183962
27642 0.183840
24605 0.183565
22948 0.183325
22284 0.183325
19489 0.183325
7116 0.183049
25507 0.183049
18682 0.183049
29683 0.182927
24035 0.182813
3149 0.182813
5142 0.182760
18156 0.182760
23021 0.182431
17428 0.182431
13561 0.182274
22563 0.182274
5149 0.182274
18097 0.182135
18536 0.181953
20366 0.181953
24280 0.181953
20414 0.181663
28541 0.181442
6761 0.181442
8322 0.181350
11972 0.181268
23279 0.180960
4463 0.180960
29137 0.180870
23336 0.180793
29499 0.180793
15866 0.180793
4554 0.180727
10104 0.180669
28891 0.180617
29298 0.180617
6244 0.180572
10453 0.180531
5891 0.179800
28563 0.179800
23142 0.179800
6314 0.179800
5443 0.179800
2474 0.179800
14438 0.179800
25185 0.179075
9513 0.179075
15020 0.178940
25545 0.178883
1705 0.178817
6538 0.178742
6442 0.178655
633 0.178655
26366 0.178655
577 0.178655
17769 0.178356
1974 0.178276
29472 0.177846
22665 0.177846
17018 0.177524
10140 0.177524
22595 0.177524
29385 0.177524
14740 0.177524
25167 0.177392
17432 0.177244
11077 0.176778
29225 0.176664
12836 0.176408
11878 0.176408
18317 0.176186
28732 0.176186
8875 0.176038
11389 0.175933
20875 0.175305
17497 0.175048
7399 0.174633
18887 0.174578
21787 0.174433
8014 0.174216
23429 0.174216
5246 0.174062
6860 0.173946
27873 0.173635
26501 0.173635
7130 0.173635
22910 0.173569
24091 0.173519
19723 0.173141
16917 0.173141
26388 0.173141
29313 0.173141
24564 0.173141
29781 0.173141
2631 0.172764
24613 0.172764
25935 0.172649
23492 0.172016
22396 0.171868
19671 0.171727
14213 0.171727
18607 0.171673
19757 0.171552
26493 0.171552
6788 0.171552
17481 0.171409
20833 0.171275
8823 0.171029
16175 0.171029
27549 0.171029
5236 0.171029
27503 0.170769
7493 0.170709
22945 0.170540
8366 0.170540
17913 0.170435
23425 0.170435
15580 0.170435
20775 0.170435
19453 0.170274
20765 0.169993
8274 0.169993
12831 0.169993
18419 0.169993
2143 0.169993
27637 0.169811
25443 0.169755
13583 0.169377
29077 0.169154
15776 0.169088
8890 0.168969
4611 0.168969
11552 0.168969
26713 0.168969
25550 0.168969
290 0.168812
28737 0.168461
11925 0.168461
3438 0.168372
22892 0.168293
5978 0.168048
4668 0.167957
9039 0.167957
4135 0.167813
28458 0.166957
20498 0.166957
29859 0.166957
10666 0.166957
13164 0.166957
13648 0.166957
29343 0.166957
17490 0.166957
16140 0.166259
19496 0.166110
15182 0.166045
26290 0.165969
26197 0.165969
27777 0.165880
6268 0.165880
27262 0.165880
5864 0.165880
3866 0.165566
16539 0.165480
4940 0.165142
3269 0.165142
18911 0.164817
24191 0.164606
20548 0.164606
10536 0.164440
539 0.164440
19003 0.164440
12373 0.164197
4852 0.164197
18893 0.163836
15219 0.163767
17119 0.163767
25586 0.163767
6021 0.163618
11772 0.163074
1913 0.163074
22938 0.163074
28027 0.163074
24952 0.162804
33 0.162730
22633 0.162602
29999 0.162602
24222 0.162493
9875 0.162319
20092 0.161707
9384 0.161629
7711 0.161629
25649 0.161629
15924 0.161571
28933 0.161200
14107 0.160874
6534 0.160830
7799 0.160774
18985 0.160508
16007 0.160508
25018 0.160096
20357 0.159927
25787 0.159581
21898 0.159368
27452 0.159368
20721 0.159368
23228 0.158943
11862 0.158852
12606 0.158712
7518 0.158712
12545 0.158647
7208 0.158647
15087 0.158468
21167 0.158468
6961 0.158261
22438 0.158085
14606 0.158085
5524 0.158085
27831 0.157799
5528 0.157577
15710 0.157441
27828 0.157325
18508 0.157224
19878 0.156697
14101 0.156630
16572 0.156479
6771 0.156479
15650 0.155827
7235 0.155827
19022 0.155827
21515 0.155827
287 0.155827
22927 0.155827
27582 0.154966
10530 0.154888
8740 0.154454
24417 0.154357
22173 0.154357
13060 0.154245
17850 0.154114
16310 0.153903
14253 0.153272
10804 0.153105
20035 0.153044
14938 0.152914
4456 0.152914
8515 0.152771
11139 0.152771
21168 0.152771
13884 0.152694
6645 0.152138
25268 0.151931
17671 0.151779
20030 0.151779
22314 0.151779
29405 0.151615
20924 0.151243
19289 0.151175
17091 0.151175
23989 0.151125
27304 0.150800
9317 0.150800
14993 0.150800
24772 0.150800
24741 0.150800
29039 0.150476
27135 0.150427
26081 0.150427
2836 0.150359
11105 0.150194
18415 0.150194
13535 0.149994
17383 0.149833
10185 0.149833
25654 0.149833
2536 0.149833
960 0.149686
5020 0.149594
8342 0.149594
14983 0.149485
19473 0.149423
10161 0.149423
385 0.149196
22379 0.148879
26872 0.148879
21995 0.148879
1165 0.148879
26088 0.148621
6041 0.148564
1259 0.148564
8646 0.148406
4337 0.148406
10920 0.148406
9714 0.148406
28538 0.148225
11796 0.148071
14379 0.147937
24642 0.147937
28079 0.147937
19384 0.147767
15851 0.147625
9323 0.147006
6606 0.146922
17103 0.146922
22714 0.146922
10788 0.146852
2360 0.146852
6334 0.146087
20515 0.146087
18879 0.146087
20245 0.146087
29901 0.146087
3930 0.145481
21013 0.145481
4792 0.145438
5553 0.145331
8855 0.145180
4067 0.144880
20258 0.144696
19238 0.144284
26020 0.144010
10815 0.143840
1348 0.143693
26228 0.143639
19867 0.143525
22889 0.143525
17210 0.143525
22083 0.143525
12289 0.143399
11115 0.142841
24870 0.142841
11034 0.142658
14969 0.142524
1007 0.142524
26056 0.142276
27808 0.142052
17904 0.142052
12588 0.141661
28420 0.141661
20208 0.141050
26030 0.140807
15879 0.140677
28659 0.140499
14735 0.140499
1785 0.140499
21380 0.140445
1714 0.140445
19215 0.140244
15980 0.140244
10961 0.140244
19294 0.140029
14260 0.140029
8480 0.139964
29196 0.139964
14038 0.139964
2046 0.139964
3419 0.139844
1744 0.139844
16959 0.139844
21900 0.139736
27517 0.139546
27502 0.139546
13123 0.139546
24428 0.139315
16451 0.139249
12941 0.139131
7355 0.138659
29362 0.138659
11226 0.138659
3722 0.138659
23542 0.138659
16282 0.138399
16655 0.138308
91 0.138233
5172 0.138119
1396 0.138074
16389 0.138074
4866 0.137494
10390 0.137494
693 0.137494
10562 0.137494
4478 0.137494
2336 0.136919
1370 0.136919
4780 0.136823
22267 0.136601
1622 0.136348
17148 0.136348
20260 0.136159
7149 0.136159
10910 0.136159
594 0.135895
514 0.135895
29141 0.135783
28698 0.135720
12267 0.135653
5768 0.135653
5390 0.135653
25197 0.135653
26807 0.135501
24712 0.135501
18880 0.135110
17890 0.135110
16996 0.135050
22065 0.134850
6893 0.134850
22775 0.134850
29044 0.134665
22699 0.134665
15568 0.134615
28925 0.134615
19171 0.134615
6558 0.134452
3644 0.134333
8238 0.134333
3316 0.133914
22090 0.133914
15008 0.133566
2974 0.133566
13980 0.133566
14849 0.133566
8667 0.133566
13512 0.133566
8759 0.133566
24069 0.133273
6579 0.133273
13264 0.133273
12593 0.133143
12155 0.133143
27128 0.132933
11011 0.132807
512 0.132807
9987 0.132306
24929 0.132306
9655 0.132114
13156 0.132056
25096 0.131950
27434 0.131950
10856 0.131950
7017 0.131853
20620 0.131479
17847 0.131479
6644 0.131315
4844 0.131315
7467 0.131181
25571 0.131069
13329 0.131069
12862 0.131069
13832 0.130894
25348 0.130662
25711 0.130581
24543 0.130413
25645 0.129856
17516 0.129856
6207 0.129856
19492 0.129257
126 0.129138
14570 0.129138
12929 0.129138
26561 0.128664
12376 0.128557
5492 0.128429
21141 0.128272
11354 0.128077
24633 0.127917
10820 0.127727
13491 0.127727
27572 0.127139
12247 0.127139
6105 0.126657
17457 0.126609
1847 0.126346
22567 0.125968
20524 0.125667
29003 0.125667
11813 0.125667
9468 0.125218
5713 0.125218
24549 0.124813
29621 0.124661
29299 0.124661
11184 0.124661
20440 0.124534
364 0.124477
17489 0.124477
21726 0.124477
17423 0.124210
4418 0.123836
23351 0.123672
29081 0.123563
11306 0.123021
12950 0.123021
6570 0.123021
4290 0.123021
15834 0.123021
8783 0.123021
28482 0.123021
23056 0.123021
2161 0.122525
9251 0.122435
13745 0.122377
22865 0.122306
19190 0.122306
18329 0.121855
6936 0.121855
9054 0.121855
27804 0.121740
23534 0.121740
8680 0.121599
14802 0.121423
4296 0.121423
27801 0.121280
3229 0.121280
15998 0.121109
15166 0.120640
16355 0.120640
2532 0.120640
12786 0.120485
18154 0.120381
353 0.120147
14374 0.119867
22897 0.119867
27191 0.119867
8548 0.119526
14247 0.119526
8532 0.119357
4508 0.119357
11097 0.119034
7308 0.119034
26403 0.118851
25184 0.118851
24336 0.118650
19525 0.118650
16980 0.118486
1502 0.118486
13607 0.118486
4377 0.118349
9898 0.118183
6456 0.118183
17683 0.118183
2735 0.118050
16619 0.117942
12369 0.117605
28843 0.117404
2506 0.117404
21365 0.117359
21496 0.117359
11123 0.116870
28996 0.116870
16289 0.116870
3831 0.116870
10740 0.116341
9231 0.116341
23524 0.116224
17470 0.116224
3251 0.116144
1627 0.115904
6834 0.115817
18556 0.115817
6443 0.115427
18007 0.115143
9143 0.114954
1181 0.114783
11766 0.114719
3620 0.114329
11935 0.114273
24282 0.114019
13417 0.114019
6357 0.113711
6408 0.113558
5976 0.113558
10977 0.113466
17741 0.113328
22663 0.113328
24802 0.112918
17980 0.112918
29660 0.112375
2605 0.112375
18498 0.112195
10705 0.111897
3332 0.111837
7723 0.111305
26563 0.111305
16183 0.111305
3697 0.111305
10307 0.110825
26431 0.110825
23342 0.110777
20433 0.110719
21767 0.110349
1282 0.110255
17792 0.109878
21499 0.109737
2206 0.109566
3166 0.109410
21674 0.109352
25642 0.109079
9167 0.108998
24717 0.108947
29619 0.108947
8966 0.108716
7836 0.108716
13094 0.108487
695 0.108487
22177 0.108436
25613 0.108356
11008 0.108356
22792 0.108356
247 0.108356
4100 0.108213
24935 0.108031
13958 0.107880
6463 0.107643
3975 0.107643
8387 0.107643
24104 0.107579
2585 0.107579
22283 0.107467
15025 0.107467
4665 0.107330
19074 0.107330
1460 0.107330
19720 0.107330
4623 0.107220
20713 0.106940
29427 0.106731
15267 0.106731
17789 0.106686
5825 0.106245
28343 0.106245
12735 0.106245
10802 0.106245
23945 0.105765
25394 0.105645
8353 0.105560
7219 0.105375
12740 0.105183
19736 0.104944
5232 0.104944
18087 0.104944
16305 0.104944
23918 0.104883
7205 0.104518
9473 0.104518
13368 0.104465
8048 0.104348
7718 0.104215
7870 0.104215
23964 0.103884
15073 0.103629
8187 0.103310
26463 0.103310
22885 0.102969
15911 0.102904
21513 0.102904
665 0.102743
8123 0.102743
20189 0.102743
29861 0.102518
24881 0.102518
14127 0.102261
24590 0.102261
4517 0.102181
22498 0.102119
23564 0.102119
16697 0.102070
27907 0.101626
20151 0.101626
11304 0.101626
4695 0.100999
5941 0.100999
29346 0.100999
4034 0.100654
25562 0.100379
8318 0.100379
1906 0.100318
9795 0.100174
14937 0.099767
16743 0.099767
15110 0.099700
2492 0.099700
22492 0.099464
7548 0.099042
10269 0.099042
9610 0.098938
3250 0.098938
27149 0.098938
20113 0.098565
10488 0.098417
4703 0.098302
3723 0.098302
26200 0.098302
23748 0.098210
21555 0.098210
5784 0.097975
4568 0.097975
25922 0.097845
26737 0.097799
24630 0.097392
7478 0.097392
28711 0.097392
8375 0.097392
12680 0.097392
24140 0.097392
21729 0.096988
29069 0.096887
24276 0.096815
5847 0.096815
27875 0.096498
12747 0.096246
20819 0.096189
12717 0.096058
8904 0.095893
3162 0.095893
8921 0.095893
26559 0.095795
3617 0.095404
8102 0.095404
2454 0.095127
10254 0.094335
414 0.094250
15036 0.093966
9752 0.093913
21387 0.093496
13803 0.093496
24356 0.093496
12226 0.093496
15472 0.093496
27153 0.093031
23691 0.093031
3054 0.092965
11362 0.092965
27229 0.092965
8989 0.092672
13766 0.092114
3021 0.091920
2238 0.091920
16641 0.091920
27184 0.091663
18460 0.091663
7913 0.091663
3336 0.091407
13702 0.091216
3442 0.091068
22765 0.090899
17641 0.090773
28974 0.090675
9023 0.090286
12589 0.089409
29246 0.089409
21158 0.088923
22721 0.088923
16847 0.088762
5500 0.088442
3365 0.088019
2315 0.087652
22942 0.087652
15119 0.087108
29943 0.087108
19136 0.087031
9363 0.086973
22437 0.086973
25974 0.086973
759 0.086973
15170 0.086928
18367 0.086570
24271 0.086570
19695 0.086570
26150 0.086570
21333 0.086570
10949 0.086216
20549 0.086216
19181 0.086216
13689 0.086171
5147 0.086115
21131 0.086039
13469 0.085664
9625 0.085515
238 0.085515
12030 0.085515
2550 0.085384
3920 0.085384
6762 0.084996
17761 0.084996
17941 0.084825
829 0.084825
11929 0.084776
10310 0.084612
1264 0.084484
16565 0.084339
1735 0.084231
5042 0.083978
6551 0.083978
23509 0.083907
4602 0.083907
18831 0.083907
8881 0.083479
23410 0.083479
15985 0.082985
4672 0.082740
23023 0.082496
2545 0.082496
23834 0.082375
14468 0.082014
2118 0.082014
24075 0.081537
12543 0.081301
27366 0.081301
17494 0.081301
21453 0.081066
19235 0.080999
25459 0.080949
9448 0.080600
16075 0.080600
5675 0.080254
12134 0.080205
8359 0.080205
17846 0.080205
23335 0.080205
6615 0.080139
29352 0.079911
15310 0.079684
328 0.079571
13162 0.079571
1011 0.079426
22539 0.079234
17063 0.079234
25234 0.079234
7187 0.079234
27283 0.079234
23876 0.079042
17715 0.079042
218 0.079042
7813 0.078900
27660 0.078662
8345 0.078662
25780 0.078286
4359 0.077913
26704 0.077913
5565 0.077913
7131 0.077913
23817 0.077913
11102 0.077913
15990 0.077913
2157 0.077913
990 0.077590
28803 0.077483
18173 0.077483
28233 0.077397
16430 0.077397
1510 0.077397
6996 0.076951
26362 0.076816
22280 0.076816
323 0.076636
7751 0.076636
10048 0.076636
7879 0.076636
22970 0.076636
23016 0.076636
11234 0.076636
1786 0.076386
230 0.076101
24880 0.076013
27725 0.075749
22744 0.075400
25857 0.075097
20639 0.074997
15535 0.074917
14621 0.074711
10399 0.074711
16100 0.074439
5297 0.074439
21777 0.074203
25772 0.074035
24828 0.073968
10398 0.073813
6729 0.073426
8916 0.073426
1823 0.073371
5804 0.073371
17701 0.073371
17374 0.073044
3750 0.073044
8511 0.072665
540 0.072397
5269 0.072397
959 0.072291
24467 0.072291
7412 0.072142
15395 0.072142
8689 0.072078
28809 0.071920
14868 0.071699
2434 0.071553
12689 0.071262
23130 0.071138
26386 0.071138
7022 0.070830
29466 0.070830
16460 0.070830
19452 0.070404
24625 0.070222
24760 0.070222
27413 0.070222
21204 0.070122
18296 0.069982
6241 0.069922
15202 0.069565
4911 0.069565
6452 0.069154
21315 0.069086
15061 0.069086
17001 0.069037
8578 0.068747
8300 0.068747
11392 0.068412
29263 0.068412
4054 0.068174
4123 0.068080
14946 0.067948
11195 0.067948
8075 0.067891
3134 0.067555
29568 0.067425
15271 0.067425
11625 0.067332
9217 0.067167
21956 0.066783
24592 0.066783
12662 0.066783
14287 0.066783
11283 0.066466
25931 0.066242
5408 0.066028
14363 0.065842
27400 0.065710
15820 0.065535
9762 0.065447
27713 0.065290
28389 0.065290
2805 0.065290
22044 0.065230
20083 0.065230
26326 0.064928
12754 0.064928
3521 0.064928
10153 0.064928
15392 0.064928
15771 0.064629
23921 0.064629
22103 0.064569
28126 0.064569
979 0.064332
26202 0.064038
13416 0.063863
8006 0.063516
15672 0.063516
434 0.063459
19052 0.063459
12489 0.063173
11458 0.063173
17776 0.063173
7601 0.062833
1263 0.062833
29839 0.062609
27747 0.062609
13169 0.062331
22448 0.062165
13878 0.062055
29049 0.061836
23640 0.061836
16377 0.061511
5334 0.061188
24984 0.061188
13063 0.061188
10965 0.061188
999 0.061108
21003 0.060870
6619 0.060870
8834 0.060870
27226 0.060712
8692 0.060712
19530 0.060554
5394 0.060242
15954 0.060242
9341 0.059933
5284 0.059678
18786 0.059552
27654 0.059425
13932 0.059425
11141 0.059325
6857 0.059325
26733 0.059175
21480 0.059175
21631 0.059175
26219 0.059175
19783 0.059175
19976 0.059025
5551 0.058926
7381 0.058926
26105 0.058803
11711 0.058679
26110 0.058679
24728 0.058435
23414 0.058435
7297 0.058435
3059 0.058435
12311 0.058435
14080 0.058193
12442 0.058144
22984 0.058072
28049 0.058072
13037 0.057952
14811 0.057952
2935 0.057952
28236 0.057856
29743 0.057714
27996 0.057571
11388 0.057477
24797 0.057359
9841 0.057359
2321 0.057359
396 0.057010
26881 0.057010
17216 0.057010
13195 0.057010
17458 0.056779
1736 0.056733
26912 0.056459
18269 0.056323
20892 0.056323
28082 0.056187
10980 0.056098
24452 0.055986
3315 0.055986
24531 0.055986
19285 0.055652
22399 0.055389
20249 0.055323
28601 0.055127
21184 0.054998
19549 0.054612
11451 0.054612
13540 0.054358
3207 0.054044
5526 0.054044
2965 0.053857
23742 0.053733
7894 0.053733
21143 0.053610
11512 0.053426
7818 0.053365
14335 0.053123
21684 0.053123
7221 0.053123
10246 0.053123
28139 0.052882
3015 0.052823
6680 0.052526
16989 0.052408
11171 0.052408
9631 0.052174
3312 0.051942
19552 0.051942
16249 0.051712
7986 0.051712
14298 0.051371
17232 0.051259
15937 0.051259
25916 0.051259
12648 0.051091
23730 0.051035
26265 0.050813
26015 0.050593
14495 0.050375
22096 0.050267
4599 0.050159
14148 0.049998
13527 0.049998
7796 0.049944
9789 0.049732
12804 0.049732
18176 0.049732
15148 0.049521
25302 0.049469
1933 0.049208
10480 0.048951
10773 0.048951
25577 0.048696
5875 0.048444
25837 0.048444
6959 0.048444
6038 0.048293
13587 0.047947
14772 0.047702
23549 0.047460
4198 0.047316
12069 0.046936
17901 0.046438
9007 0.046285
16901 0.046285
2308 0.046133
15756 0.046133
12296 0.046133
5336 0.046133
24052 0.046057
17916 0.046057
8634 0.045608
1857 0.045534
26335 0.045534
12949 0.045386
29975 0.045240
7712 0.044950
15735 0.044950
12920 0.044522
15394 0.044381
10542 0.044381
8165 0.044311
28820 0.044102
6392 0.043895
24790 0.043826
6027 0.043826
8644 0.043285
9187 0.043285
15151 0.043086
24645 0.043020
22684 0.043020
25362 0.043020
16036 0.042757
25749 0.042692
11679 0.042498
24679 0.042306
12523 0.042242
16067 0.041989
22630 0.041989
13044 0.041739
404 0.041739
8917 0.041739
26523 0.041739
13582 0.041554
23284 0.041492
23220 0.041492
10447 0.041370
19825 0.041370
11896 0.041248
149 0.041007
21430 0.041007
13640 0.041007
582 0.041007
20827 0.040300
15942 0.040300
15514 0.040127
27079 0.039956
7027 0.039842
10323 0.039786
1016 0.039786
18373 0.039617
16538 0.039450
12699 0.039284
13178 0.039174
4370 0.039174
3092 0.039120
12216 0.038795
23537 0.038795
11191 0.038635
29235 0.038529
21855 0.038529
9774 0.038476
10683 0.038476
1949 0.038162
7314 0.038110
26026 0.037904
26746 0.037904
17808 0.037853
11486 0.037853
17879 0.037700
18993 0.037498
15272 0.037398
10326 0.037398
23199 0.037299
13722 0.037102
9319 0.036906
2482 0.036713
3120 0.036713
1757 0.036522
12320 0.036333
18196 0.035960
24806 0.035595
3147 0.035415
5031 0.035415
29576 0.035237
1682 0.034887
20283 0.034714
26361 0.034714
6164 0.034714
26024 0.034714
29464 0.034543
8976 0.034374
13537 0.034374
2759 0.033875
5969 0.033875
6941 0.033391
15647 0.032464
27583 0.032166
5990 0.032019
11805 0.031874
10523 0.031874
11514 0.031729
5863 0.031586
25501 0.031445
5933 0.031304
244 0.031304
19148 0.031165
758 0.031165
22791 0.031027
7110 0.031027
8653 0.031027
21537 0.030891
24470 0.030755
15058 0.030554
13970 0.030554
29600 0.030488
19622 0.030356
17174 0.030356
22251 0.030356
11785 0.030356
2861 0.030225
17406 0.029839
12806 0.029839
5808 0.029776
16695 0.029776
23907 0.029713
22786 0.029587
10476 0.029463
18732 0.029463
19716 0.029401
18465 0.029340
24799 0.029340
2811 0.029217
10434 0.029217
24340 0.029036
7838 0.028976
7148 0.028976
1394 0.028857
24377 0.028857
14719 0.028857
10412 0.028857
11210 0.028680
1128 0.028505
25314 0.028505
7346 0.028505
16578 0.028389
8808 0.028389
1331 0.028332
4860 0.028332
17861 0.028161
21757 0.028161
10416 0.028049
3412 0.027993
27405 0.027662
8260 0.027662
13748 0.027662
2691 0.027499
2163 0.027499
16069 0.027179
20448 0.027179
3940 0.027022
9574 0.027022
6718 0.027022
8584 0.026867
25010 0.026713
21770 0.026561
17090 0.026411
11324 0.026411
8751 0.025971
15307 0.025971
26369 0.025828
3271 0.025828
4125 0.025828
1071 0.025686
6057 0.025407
26218 0.025133
6072 0.024999
24764 0.024866
4309 0.024734
17009 0.024734
29636 0.024475
11844 0.024348
18466 0.024348
21416 0.024222
27565 0.024097
25760 0.023973
11836 0.023973
27394 0.023851
10406 0.023491
4778 0.023374
889 0.023143
27927 0.023029
5330 0.022916
28559 0.022804
21697 0.022804
11119 0.022475
20404 0.022475
20194 0.022367
10229 0.022261
14628 0.022155
20773 0.022051
19647 0.021947
1558 0.021947
25307 0.021947
17284 0.021643
14055 0.021643
23519 0.021543
21308 0.021543
29053 0.021543
15024 0.021153
21827 0.021153
28926 0.021058
487 0.021058
11179 0.020963
14612 0.020594
9400 0.020504
27248 0.020504
3825 0.020150
21893 0.020064
845 0.019642
7458 0.019238
23319 0.019159
9413 0.019081
6666 0.015583
874 0.015479
17566 0.015479
13409 0.015378
16431 0.015277
3209 0.015178
3418 0.015178
8854 0.015080
8340 0.014983
12143 0.014983
27454 0.014983
21155 0.014888
21343 0.014794
25752 0.014609
20319 0.014518
27531 0.014428
8193 0.014428
25390 0.014428
24972 0.014340
12876 0.014252
20633 0.014252
28523 0.013996
26618 0.013996
16515 0.013913
9925 0.013913
22331 0.013749
26145 0.013749
19991 0.013357
3383 0.013281
22830 0.013281
11060 0.013058
6201 0.012914
13399 0.012773
8935 0.012703
29158 0.012567
24710 0.012567
28213 0.012433
13293 0.012433
24912 0.012367
2224 0.012367
26835 0.012367
14169 0.012367
28320 0.012302
5213 0.012302
19036 0.012302
6502 0.012302
12611 0.012111
19937 0.012048
8883 0.011987
785 0.011987
484 0.011805
12027 0.011746
27347 0.011629
9600 0.011629
25164 0.011571
25202 0.011458
10466 0.011458
21936 0.011347
14351 0.011184
2319 0.011078
2761 0.011025
28969 0.010922
8570 0.010922
26768 0.010821
15674 0.010821
16267 0.010771
2220 0.010771
5837 0.010673
27166 0.010625
2985 0.010625
17548 0.010625
6898 0.010529
1311 0.010529
18455 0.010482
4767 0.010482
2853 0.010482
23025 0.010435
8178 0.010252
4113 0.010207
460 0.010119
18618 0.010119
7514 0.010075
16544 0.010075
13227 0.010075
459 0.009862
6471 0.009821
1727 0.009780
4411 0.009780
23331 0.009739
23450 0.009739
23669 0.009699
2964 0.009699
26049 0.009580
27679 0.009540
7940 0.009463
3386 0.009425
