6040
28957 1.346599
5862 1.342222
29022 1.334852
23713 1.331054
15660 1.331054
14588 1.324909
27887 1.319472
13836 1.317915
11340 1.312059
11693 1.311328
3749 1.309882
13200 1.306976
9365 1.306525
13144 1.305793
6287 1.304161
18657 1.300692
16614 1.298713
5804 1.296156
29934 1.296156
21185 1.295709
6691 1.294063
25181 1.293689
23730 1.292488
28774 1.291155
21936 1.290871
19334 1.289182
14626 1.283289
26191 1.281972
14552 1.278893
23837 1.275775
9572 1.272341
15553 1.271183
5838 1.268059
19633 1.267341
13756 1.265975
1553 1.264762
8886 1.263445
20274 1.261277
7751 1.260416
15961 1.260331
21809 1.259568
19933 1.258735
6676 1.258344
371 1.255942
17623 1.254989
20389 1.252519
22560 1.250169
29511 1.250169
10871 1.249078
28299 1.248665
23196 1.248665
21457 1.248381
22485 1.248255
16778 1.247448
11901 1.245874
4135 1.245107
22361 1.245107
14142 1.245107
12412 1.244354
2446 1.243320
12859 1.241257
4451 1.240475
12547 1.240139
29336 1.239150
15222 1.238409
25082 1.237103
29505 1.235001
11210 1.234195
16214 1.234195
21123 1.233249
29300 1.232570
10803 1.232467
25632 1.232326
423 1.231700
3601 1.231247
5140 1.231247
8448 1.230763
14750 1.229685
12571 1.229083
1474 1.227404
23004 1.225820
22716 1.225082
4486 1.224916
6410 1.224181
18503 1.223571
15106 1.222972
10433 1.222873
10876 1.222067
26105 1.221615
14794 1.221439
13485 1.219444
21762 1.219444
4301 1.219059
24795 1.218821
21258 1.218667
9479 1.218537
5459 1.218480
4462 1.217833
18669 1.217022
2260 1.216533
14568 1.216232
3895 1.215879
13153 1.215767
18947 1.215767
17317 1.215631
26642 1.215462
16035 1.214959
17033 1.214779
18907 1.214563
4878 1.214303
12675 1.213980
3125 1.213980
7492 1.213032
10762 1.213032
10259 1.212417
24349 1.211227
21579 1.211227
16983 1.211227
1008 1.209833
23169 1.209328
14742 1.208991
28703 1.208991
27386 1.208724
28384 1.208251
14514 1.207786
2393 1.207247
14174 1.207072
23021 1.206930
11431 1.206006
28633 1.205823
23706 1.205580
9720 1.205580
29958 1.205370
3954 1.205161
27629 1.205023
6505 1.204633
21308 1.204123
23065 1.203848
548 1.203848
19734 1.203255
13792 1.202953
22119 1.202833
18625 1.202418
23476 1.202418
16680 1.202418
18081 1.201384
24975 1.201384
6507 1.201217
6052 1.200076
11286 1.199800
20784 1.199527
27958 1.199527
1480 1.199527
28013 1.199450
16587 1.198992
3005 1.198992
21920 1.198643
19944 1.198544
11041 1.198544
7129 1.198105
10060 1.197960
532 1.197835
15483 1.196503
3352 1.196386
2979 1.196039
29342 1.195363
5776 1.195363
11736 1.195034
4376 1.194710
25604 1.194287
12873 1.194167
5109 1.193954
29053 1.193467
7447 1.193467
2844 1.193467
7752 1.192992
4479 1.192792
2976 1.192792
13666 1.192792
25773 1.192529
5365 1.192463
16571 1.191929
23501 1.191824
22973 1.191824
24460 1.191207
291 1.190787
5233 1.190513
5169 1.190513
18735 1.190320
3494 1.190320
28638 1.190320
3587 1.189586
11376 1.189586
27828 1.189522
26645 1.189204
29482 1.188937
27165 1.188831
28227 1.188674
18693 1.188287
3770 1.188287
22216 1.188109
251 1.188109
28762 1.187760
14497 1.187703
17289 1.187419
844 1.186866
1856 1.186437
8487 1.186437
29840 1.186201
19092 1.185816
21919 1.185816
5895 1.185075
26665 1.184836
7880 1.184718
22661 1.184370
7346 1.184370
24061 1.184370
29607 1.183831
11938 1.183568
23303 1.183059
25438 1.182568
15265 1.182448
17407 1.182329
13536 1.182152
25211 1.181581
27529 1.181581
10852 1.181196
10503 1.180770
5038 1.180563
26402 1.180258
21999 1.180258
15623 1.179766
21236 1.179766
3405 1.179528
28136 1.179528
4586 1.179065
26024 1.179065
7822 1.178549
6604 1.178405
28146 1.178263
20598 1.178263
25143 1.177986
21161 1.177450
7457 1.177192
12580 1.176695
666 1.176695
26262 1.176634
24592 1.175991
13496 1.175935
26721 1.175125
22322 1.175125
9473 1.174971
14624 1.174819
8920 1.174523
4122 1.173427
27492 1.172767
18843 1.172609
12405 1.172609
26533 1.172304
3707 1.172009
11566 1.171866
5722 1.171451
25162 1.171384
4893 1.171186
26466 1.171057
194 1.170994
18826 1.170806
4101 1.170623
10458 1.170445
19389 1.170271
25765 1.170214
2490 1.170101
3388 1.169773
25594 1.169773
19252 1.169460
22010 1.169017
5607 1.168876
25609 1.168214
29118 1.167850
805 1.167618
21076 1.167506
18245 1.167506
1760 1.167396
1232 1.167182
17739 1.166976
21547 1.166494
4204 1.166138
9686 1.165887
638 1.163728
24787 1.163728
16748 1.163630
18510 1.163535
10518 1.163535
4470 1.163352
28799 1.163264
19632 1.163178
14162 1.163094
5278 1.163094
28503 1.163012
13191 1.162703
22591 1.162489
17385 1.162162
6160 1.162162
15895 1.162100
20103 1.162040
24582 1.161866
21237 1.161549
17499 1.161549
457 1.161403
18615 1.161403
4807 1.161403
15223 1.161356
3508 1.161356
11606 1.161356
13433 1.161310
20343 1.161310
13582 1.161310
21107 1.161133
17197 1.161049
5794 1.161049
23223 1.160890
21316 1.156171
7999 1.156171
19703 1.156171
26671 1.156171
5793 1.156171
837 1.156171
6225 1.156171
8876 1.156171
18211 1.156171
20051 1.156171
25652 1.156171
4216 1.156171
18621 1.156171
23506 1.156171
13373 1.156171
9021 1.156171
15138 1.156171
29259 1.156171
7897 1.156171
7647 1.156171
5296 1.156171
1314 1.156171
1304 1.156171
9844 1.156171
25567 1.156171
7871 1.151293
22713 1.151251
12169 1.151078
14506 1.151078
21944 1.150986
27733 1.150892
3217 1.150743
19031 1.150692
1423 1.150639
4103 1.150419
16812 1.150180
12990 1.150054
22187 1.149988
5764 1.149712
23020 1.149639
22480 1.149488
9550 1.149410
17121 1.149248
22488 1.149078
21111 1.148807
10251 1.148712
18655 1.148614
27729 1.148614
8424 1.146616
25572 1.146455
21061 1.146289
12128 1.146029
5390 1.145848
560 1.145755
7849 1.145660
18658 1.145564
13011 1.145160
18860 1.145054
9134 1.144946
12748 1.144836
1804 1.144724
6501 1.144609
3868 1.144128
18931 1.143739
3817 1.143604
20811 1.143466
14034 1.143466
27055 1.143325
29833 1.143325
13989 1.142727
2691 1.142569
18215 1.142128
18744 1.142071
7040 1.142014
23061 1.141897
24080 1.141536
3418 1.141156
10691 1.140891
23141 1.140617
10603 1.140038
5709 1.139251
28987 1.138564
5901 1.138384
4207 1.137819
13194 1.137623
19160 1.137523
8038 1.137217
20104 1.136740
1846 1.136575
29469 1.136575
23259 1.136237
14600 1.136237
21209 1.136122
1327 1.136064
7958 1.135401
11551 1.135150
11754 1.135150
2041 1.134356
21451 1.134079
7419 1.133501
27810 1.133201
26690 1.133048
11577 1.132381
17069 1.132332
697 1.131983
25478 1.131831
27379 1.131831
18388 1.131360
3131 1.131307
9728 1.131307
1491 1.131146
3805 1.131037
16155 1.130927
23182 1.130478
15379 1.130190
24853 1.129592
4661 1.129283
3168 1.128423
6438 1.128311
4662 1.128199
11895 1.127972
9243 1.127972
5947 1.127972
16329 1.127972
24271 1.127624
13115 1.127624
24607 1.127267
29227 1.126901
20648 1.126827
11407 1.126777
832 1.126526
12298 1.126270
3639 1.126218
18527 1.126141
24135 1.126141
14132 1.126010
28943 1.125745
25479 1.125584
28276 1.125584
12233 1.125476
27683 1.124923
7049 1.124639
27953 1.124233
11111 1.124055
28237 1.123876
3297 1.123876
24904 1.123755
1260 1.123511
9659 1.123449
25402 1.122820
25758 1.122820
9193 1.122365
4835 1.122308
14922 1.122166
7251 1.122023
17297 1.122023
20256 1.121965
24593 1.121965
3073 1.121965
8560 1.121829
8136 1.121486
4599 1.121436
19102 1.120778
14436 1.120518
7627 1.119813
2929 1.118875
6887 1.118875
16097 1.118875
15424 1.118875
12386 1.118528
25425 1.118470
4876 1.118264
22420 1.118055
17457 1.117632
9910 1.117448
14471 1.117308
1793 1.117199
23570 1.117073
22469 1.117073
19777 1.116756
26264 1.116303
6544 1.115956
13180 1.115839
7643 1.115839
8575 1.115839
5437 1.114879
2725 1.114879
7170 1.114128
3238 1.114043
15179 1.114043
23108 1.113872
1083 1.113798
16195 1.113798
14172 1.113798
511 1.113743
6403 1.113743
9147 1.113350
9944 1.112950
15495 1.112266
25687 1.112126
5271 1.112126
29837 1.111892
11653 1.111892
16217 1.111703
13879 1.111457
22471 1.110382
12596 1.110382
19272 1.109924
13098 1.109924
15563 1.109924
18958 1.109509
8930 1.109390
27909 1.108842
10413 1.108787
24723 1.107709
24935 1.107592
14880 1.107319
3270 1.107121
9658 1.107121
12881 1.106520
21311 1.106443
24710 1.106443
424 1.106384
5401 1.105903
25171 1.105903
24665 1.105903
10548 1.105462
18741 1.105412
28449 1.105270
27182 1.105270
17267 1.105270
2347 1.105270
21027 1.105270
21727 1.105013
5051 1.104622
29217 1.104556
3979 1.103957
3294 1.103834
2816 1.103351
17495 1.103274
8238 1.103014
9577 1.102645
14682 1.102574
12854 1.102144
4693 1.101763
15582 1.101635
17574 1.101635
18063 1.101588
24896 1.101588
875 1.100675
14799 1.100675
14731 1.100634
13488 1.100586
6430 1.100526
25490 1.100526
17190 1.099925
15120 1.099647
11788 1.099496
28104 1.099310
7744 1.099310
17720 1.099140
24205 1.099140
17686 1.098935
29351 1.098935
4806 1.098362
394 1.098362
15501 1.098362
28598 1.098040
9296 1.097631
1450 1.097563
12043 1.097383
6041 1.097383
9601 1.097183
17660 1.097018
8767 1.096880
13556 1.096880
25229 1.096711
20828 1.096463
10354 1.096369
29742 1.096110
29640 1.095954
21397 1.095897
25356 1.095897
96 1.095849
7994 1.095320
6433 1.094673
21023 1.094673
11544 1.094600
26350 1.094011
7742 1.094011
17590 1.094011
15935 1.094011
10285 1.094011
20657 1.093675
6635 1.093675
7684 1.093521
11177 1.093336
23826 1.093283
8704 1.093107
7640 1.092529
15596 1.092213
1739 1.091939
1168 1.091939
7258 1.091939
11123 1.091939
12029 1.091540
9489 1.091425
10409 1.091339
17785 1.090951
7570 1.090727
3526 1.090479
6920 1.090104
23155 1.089959
19626 1.089894
12946 1.089585
5639 1.089370
2532 1.089039
23260 1.089039
21516 1.088952
29769 1.088881
28707 1.088881
1011 1.088821
3795 1.088821
16254 1.088771
6017 1.088771
3900 1.088728
22005 1.088161
5894 1.088161
24003 1.088161
21203 1.088161
11721 1.088161
15728 1.087540
22608 1.087351
13689 1.086907
9994 1.086801
18187 1.086522
12342 1.086522
4490 1.086263
14154 1.086263
5031 1.086100
21675 1.085958
28828 1.085673
13334 1.085385
12340 1.085385
4518 1.085178
27033 1.085121
8581 1.084655
13113 1.084256
13899 1.084256
2769 1.083561
21981 1.083497
28848 1.082853
4094 1.082657
15117 1.082597
11904 1.082597
3625 1.082373
6763 1.082131
4776 1.081797
9354 1.081739
1714 1.081739
25651 1.081579
12855 1.081095
5712 1.080973
29858 1.080769
26131 1.080357
10863 1.079940
10263 1.079875
10483 1.079875
11908 1.079730
14811 1.079730
1317 1.079093
685 1.079093
25004 1.079093
27353 1.079093
14326 1.078227
16780 1.077698
24097 1.077698
10138 1.077596
11601 1.077341
27344 1.077236
28789 1.077236
27668 1.077236
13050 1.077178
21283 1.077117
7460 1.076981
1573 1.076981
10583 1.076826
26496 1.076646
5537 1.076435
15025 1.076435
4684 1.075947
23315 1.075795
24715 1.075508
221 1.075287
926 1.075036
12489 1.074927
6075 1.074751
10227 1.074559
23475 1.074318
2099 1.074318
20012 1.074120
10289 1.074120
11487 1.073933
11906 1.073587
8474 1.073587
19890 1.073587
14740 1.073239
1294 1.073131
19875 1.072736
17565 1.072736
14126 1.072533
8499 1.072203
25776 1.072203
18064 1.072086
4182 1.071815
24253 1.071815
4466 1.071573
13417 1.071573
5262 1.071314
15080 1.070880
10633 1.070529
14625 1.070529
160 1.069890
14679 1.069728
301 1.069458
2500 1.069458
10424 1.069022
13670 1.068913
26298 1.068816
23558 1.068361
12586 1.068361
4405 1.068275
25706 1.068201
541 1.068201
7201 1.068138
21661 1.068082
14074 1.068032
5529 1.067988
29458 1.067949
28735 1.067235
18507 1.067235
22087 1.067235
8921 1.067235
20675 1.067235
4523 1.066509
6129 1.066371
9076 1.066247
24190 1.065771
18131 1.065771
26386 1.065688
28440 1.065688
7217 1.065688
5274 1.065491
28066 1.065079
24649 1.064753
21095 1.064753
1154 1.064593
7709 1.064593
1451 1.064411
18406 1.064411
3301 1.064203
11128 1.063894
26631 1.063894
20548 1.063894
5155 1.063677
29325 1.063264
13141 1.063264
5202 1.063020
13897 1.063020
6168 1.062743
1719 1.062743
16483 1.062743
28259 1.062427
26138 1.062427
5368 1.062128
8527 1.062128
5724 1.061790
23024 1.061403
16640 1.061403
11304 1.061220
13628 1.060707
3619 1.060620
11531 1.060356
7604 1.060356
8420 1.059823
19855 1.059823
18966 1.059349
15831 1.059202
5755 1.059202
26221 1.059014
19508 1.058923
22059 1.058663
27406 1.058663
6580 1.058539
26292 1.058190
16364 1.058006
11798 1.058006
10902 1.057934
7992 1.057773
19336 1.057353
23977 1.057071
20107 1.056715
4724 1.056400
22688 1.056400
10584 1.056400
26257 1.056255
8922 1.055925
22033 1.055634
20262 1.055634
18766 1.055634
11907 1.054753
27770 1.054156
27775 1.054156
3623 1.053725
15673 1.053725
695 1.053725
22058 1.053607
29241 1.052854
1900 1.052323
27100 1.052177
28327 1.052116
12578 1.052061
13522 1.052011
17710 1.051065
19147 1.051065
9891 1.051065
26435 1.050189
2339 1.050100
18324 1.050049
22436 1.050049
8584 1.049856
29820 1.049212
15593 1.049118
22769 1.048767
28267 1.048511
8361 1.048118
21536 1.047471
2616 1.047471
10744 1.047355
21055 1.047355
1756 1.047098
14643 1.046639
12388 1.046639
23464 1.046059
18078 1.046059
11103 1.046059
18873 1.046059
2808 1.045831
2548 1.045783
11710 1.045709
18417 1.045709
11808 1.045474
9521 1.045126
12642 1.045126
680 1.045001
8030 1.044662
17738 1.044284
7522 1.044284
27926 1.044284
49 1.044284
3018 1.043518
1167 1.043067
10972 1.043067
21933 1.042619
4516 1.042449
7240 1.042351
25918 1.041596
15133 1.041054
29322 1.040090
25971 1.039386
17458 1.039150
16791 1.038477
26135 1.038477
26268 1.038413
1535 1.037589
26123 1.037589
23136 1.037429
2584 1.037312
7508 1.037050
3200 1.037050
20022 1.036925
22809 1.036567
6811 1.036567
17789 1.036236
14695 1.036191
26400 1.035233
1986 1.035233
7112 1.034747
15192 1.034469
15273 1.034469
13110 1.034163
14789 1.034091
22273 1.033884
19773 1.033753
28269 1.033753
8074 1.033174
3762 1.033174
20695 1.032924
11930 1.032846
23543 1.032696
23939 1.032488
24046 1.032296
1658 1.032062
6270 1.031660
22465 1.031660
6340 1.031660
4249 1.031326
12655 1.031326
15418 1.030803
6520 1.030370
11368 1.029951
20263 1.029951
18386 1.028937
104 1.028886
22851 1.027708
13824 1.027708
3827 1.027708
3506 1.027708
14495 1.026600
22784 1.026555
20124 1.026507
19720 1.026397
14421 1.026397
19152 1.026187
17724 1.026006
21202 1.025382
13074 1.024930
26797 1.024930
105 1.024631
6901 1.024455
6639 1.024327
29655 1.023496
26409 1.023160
6162 1.022972
24267 1.022399
11371 1.022299
9434 1.022030
23240 1.022030
754 1.021733
14921 1.021517
10376 1.021517
27741 1.021403
15089 1.021034
26167 1.021034
8252 1.020151
24431 1.020151
26816 1.019802
4711 1.019802
25729 1.019728
6634 1.019420
10290 1.019420
9703 1.019420
24337 1.019256
19257 1.018998
3989 1.016946
25436 1.016029
26019 1.015702
1641 1.015420
17338 1.015175
5860 1.014699
28805 1.014447
19163 1.014376
10953 1.014185
24109 1.014185
23858 1.013785
26586 1.013140
23288 1.012594
4414 1.012369
22258 1.012270
8419 1.012270
14249 1.012230
9585 1.011650
25643 1.011650
11086 1.010977
3810 1.010693
14614 1.010693
29648 1.009200
16295 1.008676
2195 1.008676
14906 1.008225
12808 1.008225
3129 1.008181
8904 1.007944
508 1.007672
16637 1.007357
6869 1.006988
22798 1.006408
17512 1.006297
18935 1.006019
12769 1.006019
6448 1.005869
23187 1.005366
10598 1.004840
5478 1.004768
5692 1.004768
9699 1.004217
3361 1.002944
21706 1.002944
20835 1.002697
5691 1.002015
10728 1.002015
23602 1.002015
11807 1.001660
18427 1.001524
29108 1.001014
29305 1.000864
21804 0.999932
8379 0.998758
3897 0.998758
8942 0.998758
18332 0.997266
19387 0.997266
29651 0.996876
23413 0.996479
17888 0.995592
22800 0.995592
19366 0.995185
21078 0.995008
19599 0.994845
6511 0.994427
20924 0.992947
19283 0.992947
9402 0.992870
12098 0.991004
14412 0.991004
12227 0.991004
13832 0.989682
15139 0.989169
7044 0.988830
2377 0.987902
27305 0.987292
12336 0.986599
16029 0.986146
21678 0.985259
28951 0.984682
3398 0.983760
2208 0.983760
5491 0.983410
21317 0.983410
26482 0.982745
440 0.982745
28893 0.982124
20279 0.980994
7649 0.980994
17189 0.980550
15169 0.980433
23612 0.980066
19468 0.980066
18530 0.979806
28590 0.978299
22391 0.978299
29686 0.978299
23355 0.977790
2367 0.976872
28742 0.976765
4830 0.976765
3578 0.975989
20438 0.974933
25148 0.974383
6077 0.974181
15741 0.974181
3702 0.973618
20787 0.973618
2353 0.972953
24463 0.972953
29853 0.972369
2363 0.972235
10522 0.972127
12447 0.972067
27430 0.971457
4488 0.970928
12618 0.970928
20573 0.970613
1176 0.970613
8734 0.970358
9033 0.969692
1609 0.968176
3049 0.967957
16167 0.967957
26569 0.967408
1843 0.966979
28419 0.966190
5461 0.966190
16149 0.965797
26242 0.964752
9054 0.964389
4753 0.964256
3316 0.963476
15494 0.963476
4408 0.962498
19445 0.962498
5514 0.962434
2738 0.962434
10039 0.961154
12075 0.960511
14221 0.959840
13830 0.959036
12920 0.957970
15463 0.956831
17075 0.954773
13525 0.954637
12976 0.954456
2640 0.953841
5244 0.953334
1836 0.953251
29473 0.952685
21662 0.952141
4071 0.952141
21377 0.951581
27158 0.951432
19188 0.951280
28347 0.950963
21060 0.950963
271 0.950630
24252 0.947224
593 0.947224
5298 0.946864
198 0.945958
11390 0.945440
20524 0.944828
3373 0.944828
25514 0.944206
29063 0.943813
14746 0.943542
18516 0.942800
11722 0.942065
10387 0.941307
21605 0.940288
3002 0.939389
25073 0.937783
6237 0.936645
13725 0.935948
7827 0.935948
6449 0.935692
23038 0.934777
2296 0.934280
10386 0.932201
24385 0.930253
28639 0.928807
22621 0.924937
12812 0.924937
11823 0.924937
3374 0.922601
5836 0.922010
1042 0.919528
10564 0.916727
29168 0.915779
13526 0.914182
26117 0.912767
12166 0.911335
24961 0.908420
18915 0.908420
5040 0.904829
17251 0.903916
4634 0.903498
15325 0.902377
24529 0.899244
12750 0.898426
23658 0.897029
2679 0.896033
6548 0.892978
21515 0.891903
4751 0.891505
21499 0.890197
15101 0.888184
11163 0.882341
7481 0.877095
5477 0.876763
1953 0.872199
16358 0.850407
17439 0.616625
7121 0.616625
23539 0.616625
23450 0.616625
27015 0.616625
17569 0.616625
21835 0.616625
27250 0.616625
29338 0.613702
14628 0.613702
26769 0.612541
2346 0.612541
8204 0.611528
24165 0.610807
11421 0.610364
23484 0.610364
28942 0.609848
1390 0.609012
19308 0.607940
18603 0.607940
18579 0.607940
24892 0.606990
26049 0.606516
26559 0.606516
15633 0.605099
3723 0.605099
4600 0.604534
7714 0.603778
24970 0.603778
29301 0.603778
24333 0.603220
26376 0.603220
24740 0.602030
22715 0.601681
15510 0.601585
4379 0.601209
24989 0.601209
29621 0.601209
1252 0.601209
19770 0.601005
23127 0.600608
27618 0.600608
29425 0.600442
7243 0.600442
9427 0.599959
27155 0.599959
3433 0.599959
2229 0.599496
12200 0.599496
17713 0.599496
12017 0.599496
17585 0.598980
8248 0.598980
5093 0.598019
28056 0.597227
20931 0.597143
29080 0.597143
9827 0.597143
6903 0.597143
15666 0.597084
27665 0.597039
15293 0.596733
6140 0.596733
25606 0.596070
6153 0.595756
24657 0.595603
22917 0.595453
17778 0.595453
25942 0.595393
9555 0.595393
77 0.595256
8247 0.595256
12764 0.594989
27537 0.594989
15694 0.594337
20023 0.594294
24042 0.593996
18770 0.593880
23934 0.593542
2472 0.593542
25570 0.593433
1662 0.593298
5336 0.593298
553 0.593298
17584 0.592908
14675 0.592908
14707 0.592908
16438 0.592908
14827 0.592908
2337 0.592908
25156 0.592610
3360 0.592418
960 0.592324
5696 0.592185
463 0.592185
22519 0.591960
13344 0.591960
22082 0.591784
26287 0.591284
17433 0.590932
17208 0.590932
1013 0.590932
17649 0.590819
21282 0.590819
25312 0.590653
19195 0.590653
9831 0.590653
18391 0.590653
3596 0.590598
24840 0.589647
4778 0.589647
20057 0.589647
25791 0.589421
26543 0.589132
10407 0.588993
19328 0.588596
21146 0.588596
25124 0.588596
12318 0.588347
27814 0.588227
5033 0.588110
3653 0.588053
2495 0.588053
1878 0.587884
11802 0.587884
2249 0.587667
4032 0.587667
11868 0.587261
14516 0.587261
29491 0.586714
25882 0.586714
24153 0.586545
16403 0.586545
27308 0.586228
21947 0.586077
4429 0.586077
11704 0.586077
19860 0.585933
29153 0.585793
18855 0.585659
18889 0.585593
26294 0.585593
253 0.585529
4162 0.585403
27896 0.585403
3592 0.585403
20405 0.585403
17300 0.585403
20240 0.585403
4839 0.585282
23818 0.585050
25550 0.585050
8300 0.584887
4184 0.584887
27915 0.584887
17947 0.584730
9881 0.584730
8101 0.584438
9342 0.584438
16796 0.584438
2702 0.584301
24422 0.584301
10939 0.584301
29638 0.584171
3222 0.584171
16672 0.583925
11783 0.583925
4433 0.583925
25219 0.583809
4015 0.583488
17998 0.583389
11560 0.583389
17971 0.583389
3407 0.583293
1672 0.583201
2233 0.583201
14117 0.583201
6179 0.583112
18904 0.582943
13871 0.582710
11344 0.582710
25471 0.581914
19674 0.581914
25921 0.581815
17950 0.581815
19727 0.581721
2832 0.581547
943 0.581547
27547 0.581547
5280 0.581547
3216 0.581547
23496 0.581244
16348 0.581177
22853 0.581177
16356 0.581112
21248 0.580990
22153 0.580878
14620 0.580725
2827 0.580632
4696 0.580632
26161 0.580588
27657 0.580588
29372 0.580588
29599 0.580545
7844 0.578086
26523 0.578086
12941 0.578086
1061 0.578086
11351 0.578086
3464 0.578086
23972 0.578086
11648 0.578086
14699 0.578086
18942 0.578086
14251 0.578086
13997 0.578086
7341 0.578086
23516 0.578086
9922 0.578086
21696 0.575764
420 0.575726
12555 0.575646
1035 0.575561
18207 0.575470
3337 0.575371
14762 0.575320
22125 0.575320
1213 0.575090
13165 0.575090
29010 0.575027
11801 0.575027
12159 0.574961
20068 0.574582
23395 0.574495
16204 0.574403
8506 0.574403
2748 0.574307
9815 0.574307
12210 0.574307
16250 0.573461
2451 0.573386
19696 0.573386
29124 0.573308
5314 0.573228
23149 0.573228
12982 0.573145
4232 0.572782
14623 0.572782
6214 0.572782
27410 0.572683
1798 0.572580
7935 0.572580
3307 0.572473
5351 0.572246
14751 0.572126
20462 0.571441
21980 0.571441
2285 0.571441
15342 0.571441
27099 0.571285
23044 0.571121
10500 0.570949
839 0.570949
14424 0.570829
3236 0.570829
9325 0.570768
10767 0.570768
11890 0.570706
1016 0.570706
10825 0.570578
24861 0.570578
14925 0.570378
6670 0.570167
28254 0.570167
10440 0.570019
2850 0.570019
1925 0.570019
25414 0.569707
13236 0.569542
3047 0.569371
20172 0.568811
12286 0.568609
10552 0.568451
14823 0.568451
22461 0.568397
9781 0.568287
24265 0.568175
22728 0.567944
20420 0.567763
27553 0.567701
6464 0.567701
24371 0.567575
4924 0.567446
26259 0.567178
6123 0.567178
10200 0.567178
14147 0.566600
24658 0.565786
743 0.565786
17797 0.565786
11687 0.565680
11838 0.565239
5131 0.565239
14873 0.565239
16293 0.564947
19729 0.564642
21715 0.564515
20886 0.564322
4003 0.564322
10326 0.564211
12661 0.564211
27095 0.563986
1606 0.563986
29404 0.563986
11665 0.563633
24796 0.563512
6772 0.563263
27867 0.563263
25009 0.563109
17384 0.562738
27200 0.562738
4683 0.562462
19661 0.562116
9941 0.561755
28482 0.561703
10190 0.561569
24478 0.561569
913 0.561569
24192 0.561378
29139 0.561378
15411 0.560982
8462 0.560982
19880 0.560915
5903 0.560915
29446 0.560915
25816 0.560866
26414 0.560866
22643 0.560866
15414 0.560866
18044 0.560568
2035 0.560133
27062 0.559675
28542 0.559608
28688 0.559608
26622 0.559608
14658 0.559608
8978 0.559438
18206 0.559438
17238 0.559194
20549 0.559132
17578 0.559132
3863 0.559028
21763 0.558907
3305 0.558537
18715 0.558537
7982 0.558489
23613 0.558489
29362 0.558489
7301 0.558152
15941 0.558152
21979 0.558152
9915 0.558152
16899 0.557751
8029 0.557682
26090 0.557682
16643 0.557064
19171 0.556899
5334 0.556899
15231 0.556675
23893 0.556675
27917 0.556133
3341 0.556133
6103 0.556133
16017 0.555563
15468 0.555415
25060 0.555415
9385 0.555366
29180 0.554962
8671 0.554962
5735 0.554962
22074 0.554962
24905 0.554586
28997 0.554586
17392 0.554586
15764 0.554544
8276 0.554544
4099 0.554421
26289 0.554198
15809 0.553796
12722 0.553659
6139 0.553381
26832 0.553260
10531 0.552951
13726 0.552951
20889 0.552951
623 0.552951
7177 0.552706
20883 0.552507
18122 0.552507
27356 0.552393
2292 0.552341
27081 0.551978
15197 0.551917
20839 0.551809
27623 0.551479
6927 0.551128
11403 0.551072
25808 0.551026
2314 0.550558
11504 0.550558
25217 0.550114
357 0.550114
25516 0.550073
2719 0.549962
1128 0.549886
29668 0.549655
18455 0.549570
11849 0.549570
7052 0.549570
15044 0.549467
16849 0.549181
29204 0.549181
21045 0.549049
4471 0.549049
11053 0.549049
23542 0.548691
87 0.548691
26340 0.548691
19571 0.548691
19824 0.548509
25600 0.548509
20193 0.548440
2982 0.547904
4796 0.547660
1366 0.547660
23688 0.547660
25192 0.547660
2937 0.547366
5729 0.547117
1352 0.546761
12260 0.546376
4294 0.546376
4679 0.545970
25334 0.545970
4134 0.545832
636 0.545268
5923 0.544947
13571 0.544862
1548 0.544862
10622 0.544793
10783 0.544734
25274 0.544080
7661 0.544080
12297 0.544080
24453 0.543261
5075 0.543261
23778 0.542979
15489 0.542898
19490 0.542803
19932 0.542401
26151 0.542401
2477 0.542275
24685 0.542275
11746 0.542128
15842 0.541955
5057 0.541804
2030 0.541749
21566 0.541630
19115 0.541630
10550 0.541498
1592 0.541498
10745 0.541498
13195 0.541426
561 0.541426
24964 0.541186
1628 0.541186
7343 0.541186
2538 0.540961
3771 0.540961
14526 0.540961
14778 0.540961
2223 0.540899
8760 0.540547
4132 0.540547
7484 0.540267
29830 0.540178
16870 0.539546
28686 0.539546
21822 0.539546
11657 0.539546
14763 0.539201
1608 0.538618
8814 0.538491
20631 0.538491
6769 0.538323
15939 0.538020
738 0.537973
21876 0.537754
22166 0.537754
28470 0.537308
8586 0.537060
8793 0.537060
2668 0.537060
2604 0.536794
6889 0.536619
1210 0.536566
14341 0.536566
22776 0.536463
6576 0.536368
3604 0.536043
20392 0.535973
22034 0.535973
3509 0.535908
10223 0.535787
7408 0.535490
3957 0.535490
12521 0.535490
2425 0.535370
13146 0.535370
13615 0.535370
26462 0.535087
21 0.535087
15218 0.534729
19985 0.534646
28043 0.534574
25070 0.534511
6847 0.534511
28106 0.534456
24079 0.534408
11527 0.533617
27881 0.533617
17687 0.533617
12204 0.533617
24674 0.533617
17390 0.532885
25803 0.532798
12961 0.532745
26709 0.532686
9810 0.532686
8454 0.532618
24127 0.532539
20624 0.532129
26699 0.531947
6298 0.531064
11411 0.531064
20089 0.530701
14141 0.530701
29084 0.530478
23023 0.530478
5920 0.530354
10982 0.530147
22882 0.529912
12086 0.529912
8748 0.529912
27563 0.529699
22691 0.529643
14694 0.529331
12856 0.529331
26713 0.529331
7116 0.529331
21065 0.529193
27347 0.529193
27411 0.529095
15889 0.528967
12625 0.528887
8858 0.528887
13576 0.528887
7272 0.528832
29012 0.528535
6524 0.528251
27699 0.528128
4644 0.528128
23832 0.527932
21900 0.527817
28150 0.527817
29141 0.527713
26640 0.527376
20625 0.527376
8149 0.527214
15947 0.527166
20581 0.527166
25621 0.527166
9735 0.526999
19751 0.526999
14904 0.526863
25513 0.526863
5679 0.526863
28587 0.526700
2984 0.526573
5115 0.526387
8662 0.526030
5181 0.525532
19133 0.525532
10083 0.525532
954 0.525532
12737 0.525532
12221 0.525532
2935 0.525532
16351 0.525532
13699 0.525073
2803 0.525073
28575 0.525073
22861 0.525025
14528 0.524964
9750 0.524887
19440 0.524887
9680 0.524131
15277 0.523736
9323 0.523549
11437 0.523549
6435 0.523370
5471 0.523370
23371 0.523370
3178 0.523154
6565 0.523154
20994 0.523030
12778 0.522500
11881 0.521687
25021 0.521687
8355 0.521507
5757 0.521507
1033 0.521410
12916 0.521410
26447 0.520660
8183 0.520580
20771 0.520527
20641 0.520277
20933 0.520277
17704 0.520000
26106 0.520000
1409 0.519935
25482 0.519513
27364 0.519297
5753 0.519297
1943 0.519097
23053 0.518795
9341 0.518795
25468 0.518656
21484 0.518656
27263 0.518284
23891 0.518284
990 0.518118
18606 0.517965
20501 0.517965
28310 0.517689
22927 0.517524
9400 0.517234
26831 0.517106
24642 0.517106
17250 0.517045
3079 0.516987
20359 0.516724
20154 0.516348
8820 0.516348
12795 0.516148
2625 0.516059
9141 0.515322
28986 0.515322
22822 0.515322
6301 0.515322
29472 0.515250
16054 0.515185
11466 0.515022
28800 0.515022
15969 0.513854
8810 0.513854
8193 0.513854
20054 0.513854
12787 0.513854
27292 0.513854
14311 0.513854
28993 0.513854
5258 0.513854
1806 0.513854
8028 0.513854
6025 0.512779
26010 0.512642
13724 0.512642
13204 0.512588
7218 0.512465
11827 0.512465
14636 0.512394
25051 0.512315
5006 0.511580
10605 0.511486
8115 0.511383
15603 0.511272
438 0.511149
25897 0.510866
13675 0.510866
2650 0.510758
8099 0.510758
23060 0.510701
21063 0.510701
3597 0.510701
28112 0.510642
15355 0.510642
23093 0.510517
22483 0.510517
22219 0.510517
19971 0.510075
4971 0.509901
18923 0.509901
8970 0.509710
28834 0.509710
23090 0.509710
14532 0.509710
13671 0.509659
27797 0.509499
15429 0.509499
17200 0.509266
26470 0.509266
15527 0.509266
24342 0.509006
23178 0.508937
18366 0.508715
20951 0.508207
3763 0.507913
28983 0.507851
24682 0.507349
29615 0.507300
26101 0.507223
2309 0.507223
2543 0.507093
4255 0.507093
10056 0.506984
28251 0.506984
29696 0.506815
25235 0.506815
27405 0.506252
21893 0.506135
3872 0.505825
13901 0.505825
28718 0.505825
28027 0.505489
1620 0.505430
10679 0.505346
20766 0.505346
26432 0.505218
13465 0.505123
19593 0.504994
15759 0.504878
11923 0.504878
9372 0.504878
6117 0.504878
22552 0.504511
22943 0.504338
29085 0.504112
16592 0.504112
29179 0.503972
8148 0.503806
4648 0.503577
10914 0.503577
605 0.503274
5803 0.503274
22987 0.503204
28301 0.503149
17714 0.502683
23486 0.502683
23361 0.502228
12545 0.502228
21914 0.502109
9633 0.502109
29383 0.501827
16623 0.501735
29863 0.501735
16865 0.501472
9359 0.501472
17042 0.501472
22260 0.501472
10423 0.501197
2880 0.501197
20349 0.501007
22872 0.501007
23215 0.500830
18614 0.500830
28614 0.500610
29288 0.500507
836 0.500507
9449 0.500331
23324 0.500331
29568 0.500266
11463 0.500221
24070 0.500221
9040 0.499966
26514 0.499652
10650 0.499652
27800 0.499652
15056 0.499580
22950 0.499580
8675 0.499256
10831 0.499256
6921 0.499256
9790 0.498979
13103 0.498740
17124 0.498740
29637 0.498239
20091 0.498239
8020 0.498188
27550 0.497873
7254 0.497278
8186 0.497278
6147 0.497278
28293 0.497278
27070 0.497154
28165 0.497045
3403 0.496951
5445 0.496951
26890 0.496515
14524 0.496435
20711 0.496435
12059 0.496367
23785 0.496308
26891 0.495502
6029 0.495502
6412 0.495502
28003 0.495502
18730 0.495502
22557 0.495502
13677 0.495502
22840 0.495502
23814 0.494822
25851 0.494547
23489 0.494547
20805 0.494170
8436 0.493898
22632 0.493781
6085 0.493781
1702 0.493646
17485 0.493488
5357 0.493300
6146 0.493154
12125 0.492794
26646 0.492794
12399 0.492794
466 0.492794
23490 0.492629
19928 0.492570
9861 0.492443
7305 0.492305
21233 0.492305
14673 0.492305
28628 0.492185
1931 0.491988
6592 0.491988
1708 0.491765
16866 0.491765
26124 0.491705
20363 0.491373
27641 0.491373
23258 0.491373
14644 0.491223
12852 0.491117
3981 0.490888
24784 0.490888
2805 0.490888
6762 0.490497
14992 0.490497
10896 0.490497
22720 0.490497
23782 0.490497
7591 0.490033
13396 0.489903
13750 0.489903
16548 0.489903
9351 0.489806
6062 0.489806
23097 0.489672
14453 0.489550
17988 0.489385
29390 0.489385
20064 0.489334
7955 0.489149
13890 0.489149
11137 0.488953
10474 0.488895
26980 0.488523
6804 0.488383
4096 0.488383
7364 0.488321
27030 0.488161
18229 0.488161
4925 0.488032
11725 0.487836
22338 0.487467
3666 0.487467
13185 0.487405
7940 0.486809
27562 0.486809
3975 0.486809
22155 0.486809
11535 0.486240
22881 0.486185
5449 0.486185
128 0.486117
1280 0.486034
20015 0.485697
14481 0.485592
16445 0.485464
6201 0.485464
10959 0.485464
1490 0.484846
16013 0.484846
20135 0.484846
21325 0.484491
22662 0.484491
26693 0.484208
7006 0.483979
1924 0.483979
22898 0.483754
12071 0.483754
22933 0.483754
29213 0.483627
20713 0.483627
613 0.483627
12710 0.483490
21272 0.483490
20851 0.483023
21287 0.482673
26913 0.482673
8235 0.482253
22785 0.482195
18002 0.482195
3856 0.482195
519 0.481738
22002 0.481738
18681 0.481738
28035 0.481738
14989 0.481738
1991 0.481738
6080 0.481738
23862 0.481738
23437 0.481738
10938 0.481738
15356 0.481249
3689 0.481181
15744 0.481181
14727 0.480885
696 0.480784
27160 0.480655
1845 0.480487
27605 0.480487
29201 0.480487
711 0.480487
4489 0.480487
21779 0.480158
10319 0.480105
14232 0.479739
14257 0.479739
26979 0.479688
6886 0.479388
14809 0.479388
7205 0.479388
8647 0.479242
2610 0.479134
12901 0.478887
10866 0.478887
9390 0.478767
20287 0.478416
28915 0.478416
12012 0.478416
15196 0.478416
14968 0.478079
26250 0.478079
25887 0.478032
12837 0.478032
22316 0.477970
7360 0.477884
27227 0.477757
16842 0.477757
14363 0.477667
12022 0.477667
18818 0.477667
7916 0.477447
994 0.477387
6856 0.476985
22221 0.476667
19017 0.476483
6411 0.476412
23390 0.476412
22976 0.476412
19097 0.476070
16206 0.476070
14836 0.476070
11917 0.476070
24535 0.475745
10621 0.475682
14231 0.475315
11168 0.475315
7525 0.474719
10364 0.474639
18794 0.474639
2573 0.474585
4706 0.474327
1547 0.474327
20577 0.474327
4402 0.474327
7120 0.474030
24691 0.473841
26795 0.473748
16602 0.473748
27624 0.473612
12985 0.473612
15010 0.473286
4909 0.473286
17575 0.473223
14160 0.472979
13405 0.472979
13296 0.472745
1458 0.472689
13162 0.472308
24546 0.471907
16141 0.471907
29738 0.471907
22636 0.471718
11292 0.471718
19899 0.471305
24810 0.471305
17120 0.471033
29685 0.471033
5177 0.471033
20293 0.470839
14391 0.470654
19268 0.470535
26333 0.470535
28881 0.470477
58 0.470477
5744 0.470477
26777 0.470307
26711 0.470307
8530 0.470307
2775 0.470092
299 0.470092
23224 0.469988
10332 0.469511
19584 0.469511
21604 0.469511
22905 0.469337
7584 0.469337
7185 0.469171
17089 0.469171
27256 0.468718
10671 0.468580
18555 0.468580
1435 0.468514
17564 0.468449
23801 0.468322
55 0.468201
12883 0.467974
13882 0.467815
14215 0.467815
15615 0.467815
13325 0.467815
27494 0.467665
16654 0.467665
12515 0.467388
13251 0.467261
9985 0.467025
8643 0.466616
29026 0.466525
21664 0.466438
6432 0.466438
7671 0.466438
196 0.466438
2382 0.466355
26115 0.466275
21279 0.466198
25139 0.466198
29916 0.465471
9706 0.465377
25784 0.465288
7490 0.465288
7394 0.465288
4840 0.465205
26197 0.465205
24220 0.465126
22236 0.465052
19053 0.465052
12632 0.464915
17524 0.464915
24857 0.464735
7324 0.464629
21983 0.464629
135 0.464580
8292 0.464533
14640 0.464533
8806 0.464488
20490 0.464403
27952 0.464364
13070 0.462468
6087 0.462468
4189 0.462468
20323 0.462468
12646 0.462468
26992 0.462468
10724 0.462468
409 0.462468
3040 0.462468
19236 0.462468
22655 0.462468
18765 0.462468
23273 0.462468
8576 0.462468
281 0.462468
17440 0.462468
17166 0.460549
16709 0.460422
26326 0.460327
27303 0.460277
22351 0.460168
5775 0.460109
5144 0.460047
10738 0.459982
17007 0.459913
6440 0.459913
5905 0.459913
7175 0.459841
20852 0.459841
5302 0.459841
29994 0.459504
6702 0.459504
9228 0.459504
24908 0.459406
13520 0.459406
15752 0.458724
8915 0.458646
14422 0.458646
13292 0.458000
4846 0.458000
24878 0.457890
15620 0.457773
21606 0.457651
23802 0.457243
3401 0.457243
17354 0.457243
6323 0.457091
18396 0.456930
15676 0.456930
19738 0.456874
15488 0.456759
20676 0.456759
14630 0.456759
13786 0.456759
4990 0.456577
16100 0.456577
28133 0.456514
1256 0.456383
25680 0.456383
7945 0.456383
19170 0.456383
5516 0.456383
18534 0.456383
5666 0.456383
15073 0.455634
5510 0.455461
27978 0.455280
13295 0.455039
6229 0.454887
7782 0.454887
5393 0.454728
24128 0.454674
2458 0.454674
5791 0.454563
24584 0.454449
14945 0.454449
5625 0.454449
6577 0.454449
6473 0.454390
19892 0.454210
24993 0.454210
11194 0.454021
26886 0.453957
26377 0.453957
9095 0.453824
13329 0.453824
4652 0.453687
15726 0.453687
29019 0.453687
20152 0.453687
2039 0.453400
9762 0.453219
19984 0.453219
24719 0.453173
6484 0.453173
8963 0.453173
1632 0.453173
14206 0.453030
3791 0.452681
17419 0.452681
12891 0.452191
7987 0.452191
24224 0.452134
5629 0.451958
22834 0.451837
27376 0.451837
558 0.451837
923 0.451713
25239 0.451189
19154 0.451189
26203 0.451189
18149 0.451189
1974 0.450711
6341 0.450610
4901 0.450456
10579 0.450456
29487 0.449622
6037 0.449622
13972 0.449622
23697 0.449318
5173 0.449255
6866 0.449255
23345 0.448866
19802 0.448866
17582 0.448809
3894 0.448663
2784 0.448515
28338 0.448454
28790 0.447886
22744 0.447550
8468 0.447550
1040 0.447550
20609 0.447550
11389 0.447550
14189 0.447198
15226 0.447138
26909 0.447138
18259 0.447138
20458 0.447138
26369 0.447138
3630 0.447053
20321 0.446829
25261 0.446241
8562 0.445878
18682 0.445753
16753 0.445497
19184 0.445410
20611 0.445410
11533 0.445410
8327 0.445234
6204 0.445234
18731 0.445099
2443 0.445099
380 0.444681
23908 0.444681
27295 0.444681
27833 0.444681
11764 0.444681
9257 0.444681
23210 0.444179
14250 0.444092
29566 0.443970
4088 0.443887
16894 0.443887
29639 0.443783
19976 0.443783
12044 0.443783
20706 0.443647
241 0.443463
27627 0.443299
29854 0.443299
23656 0.443299
25929 0.443199
24699 0.443199
23765 0.442789
6911 0.442789
10672 0.442789
7991 0.442554
8737 0.442554
1653 0.442485
4106 0.442361
25278 0.442251
13491 0.442251
28277 0.441914
7870 0.441849
5519 0.441849
19386 0.441849
14080 0.441360
19846 0.441360
23821 0.441014
1374 0.441014
10269 0.440913
9528 0.440913
825 0.440446
5912 0.440446
25262 0.440446
9444 0.439909
16359 0.439909
11397 0.439848
12624 0.439450
25186 0.439345
29036 0.439216
8929 0.439052
12643 0.439052
26628 0.438359
3157 0.438287
8906 0.437840
23541 0.437840
22013 0.437840
19695 0.437727
6870 0.437470
4439 0.437470
3133 0.437470
9603 0.437470
10027 0.437208
5690 0.437159
6195 0.437089
17326 0.436776
28361 0.436776
19347 0.436291
11080 0.436100
19949 0.436100
26248 0.436100
22965 0.435933
18114 0.435659
14082 0.435508
4087 0.435508
28423 0.435441
5189 0.435378
3363 0.435264
705 0.435118
22202 0.434995
22360 0.434890
19382 0.434720
3781 0.434440
24456 0.434440
8187 0.434363
20888 0.434298
4565 0.434243
8606 0.434243
8794 0.434195
11 0.434154
9557 0.434154
7428 0.433564
17288 0.433564
6835 0.432949
26202 0.432904
24982 0.432852
4463 0.432632
7366 0.432389
7511 0.431976
16307 0.431637
8091 0.431637
17758 0.431637
2676 0.431637
24586 0.431490
25768 0.431318
14718 0.431318
28684 0.431318
12587 0.431115
27847 0.430871
24943 0.430730
17965 0.430203
310 0.429858
2059 0.429094
10088 0.428902
6170 0.428779
11342 0.428693
13269 0.428629
12160 0.428629
19448 0.428581
19826 0.428211
16441 0.428211
4894 0.427716
17905 0.427716
190 0.427716
1855 0.427400
17257 0.427281
16112 0.427281
8935 0.427281
6650 0.427054
20859 0.426741
20297 0.426682
7823 0.426682
7106 0.426549
20365 0.426549
28373 0.425958
4303 0.425958
1265 0.425958
13278 0.425958
17509 0.425958
16676 0.425655
26617 0.425584
29183 0.425584
26478 0.425471
16194 0.425471
27443 0.425384
2375 0.425384
28479 0.425258
7452 0.424918
17734 0.424716
12850 0.424716
17915 0.424488
24712 0.424488
12774 0.424417
16704 0.424417
27414 0.424283
8598 0.424157
1731 0.424098
8406 0.423929
24752 0.423929
4054 0.423929
18776 0.423929
18291 0.423929
12804 0.423109
1305 0.422989
24962 0.422989
23527 0.422989
211 0.422989
13757 0.422447
22229 0.422447
7139 0.422254
4770 0.422254
2029 0.421662
29239 0.421662
1982 0.421587
10807 0.421587
9 0.421408
15950 0.420426
237 0.420426
5688 0.420426
6120 0.420426
18646 0.419539
6474 0.419395
22948 0.419395
13889 0.419337
29725 0.419271
19828 0.419197
10716 0.419197
17375 0.418614
27358 0.418424
12775 0.418190
13324 0.418190
12255 0.418051
24731 0.417713
15249 0.417175
14781 0.416980
7561 0.416980
16419 0.416817
21563 0.416817
286 0.416817
15174 0.416638
16468 0.416638
1980 0.416509
19923 0.416222
3254 0.416028
28234 0.416028
13035 0.416028
17537 0.415977
25210 0.415977
19713 0.415702
10517 0.415582
18383 0.415324
13407 0.415036
23423 0.415036
1563 0.415036
18668 0.414770
12914 0.414151
24234 0.414151
21302 0.414151
17286 0.414000
6068 0.413938
16924 0.413676
3362 0.413465
5626 0.413380
6335 0.412918
11078 0.412918
1024 0.412576
19665 0.412576
6988 0.412472
1005 0.412392
7059 0.412392
5975 0.412392
15398 0.412200
7032 0.412200
24565 0.412200
27943 0.411969
18688 0.411969
16738 0.411915
8399 0.411915
24984 0.411621
10888 0.411621
18099 0.411621
27998 0.411518
28827 0.411398
10195 0.411398
6409 0.411330
14541 0.411083
28746 0.411083
25517 0.410871
28937 0.410603
18893 0.410603
21271 0.410416
20671 0.410416
17030 0.410416
8059 0.410254
29767 0.410071
2996 0.409782
11804 0.409782
18937 0.409477
11627 0.409477
11537 0.409362
22214 0.409180
24394 0.409180
17746 0.408812
29778 0.408693
18997 0.408607
2739 0.408607
12419 0.408607
20233 0.408060
21815 0.408060
8996 0.408060
13622 0.408060
20786 0.408060
22284 0.408060
323 0.407503
15569 0.407413
16745 0.407356
24408 0.407205
21895 0.406972
21625 0.406893
21821 0.406693
25069 0.406412
4011 0.406353
3945 0.406222
12429 0.406070
29146 0.405890
6067 0.405674
7186 0.405482
24580 0.405256
15579 0.405256
15118 0.405256
7329 0.404986
11108 0.404986
16661 0.404926
16907 0.404660
28670 0.404401
8868 0.404344
16455 0.404099
12268 0.404099
28798 0.403742
13116 0.403569
8217 0.403569
26846 0.403569
1328 0.402981
5014 0.402795
29161 0.402795
925 0.402595
18926 0.402146
22984 0.402146
8205 0.401544
27946 0.401121
4266 0.401121
27754 0.400984
29195 0.400930
5428 0.400806
14498 0.400806
9950 0.400806
13905 0.400213
23912 0.400213
21096 0.399664
5142 0.399664
6593 0.399320
26740 0.399320
16290 0.399154
13036 0.399154
25213 0.399084
2642 0.399084
26928 0.399032
19161 0.398680
16338 0.398680
29727 0.398345
19280 0.398237
19556 0.398152
4810 0.398152
23680 0.398152
27466 0.398026
29920 0.398026
18151 0.397938
2975 0.397723
19371 0.397664
774 0.397664
8529 0.397434
28612 0.397069
26078 0.396401
26501 0.396401
13160 0.396401
17178 0.396401
14155 0.396401
22238 0.396096
458 0.396096
11686 0.396096
3046 0.396036
3824 0.396036
27582 0.396036
1852 0.395695
13527 0.395695
26062 0.395532
23289 0.395532
23309 0.395375
10542 0.395147
21748 0.395147
14943 0.394790
20236 0.394790
10243 0.394790
2801 0.394523
17268 0.394523
3772 0.394523
23304 0.394270
8370 0.394149
11179 0.394031
22425 0.394031
12922 0.393860
22522 0.393805
8696 0.393590
16265 0.393590
20985 0.393590
624 0.393590
6197 0.393590
7354 0.393386
6640 0.393337
16046 0.393192
17808 0.393192
27666 0.392947
17243 0.392947
2534 0.392947
2417 0.392462
25083 0.392462
13450 0.392462
14268 0.392397
28508 0.392272
10933 0.392093
21251 0.391922
23461 0.391922
25323 0.391922
22434 0.391922
7070 0.391922
19838 0.391922
9143 0.391708
23341 0.391708
26787 0.391708
17772 0.391708
890 0.391508
21040 0.391319
2647 0.391142
23205 0.390976
4603 0.390670
27491 0.390529
1300 0.390395
13877 0.390395
26389 0.390395
9818 0.390208
21901 0.390208
24856 0.390034
11503 0.389872
20239 0.389323
20175 0.389206
5205 0.389206
8508 0.389206
28515 0.389206
10923 0.389206
23357 0.388894
11516 0.388801
20208 0.388713
8367 0.388629
10258 0.388549
5479 0.388473
10563 0.387877
25869 0.387877
10472 0.387784
1087 0.387784
192 0.387698
21190 0.387618
20590 0.387618
6719 0.387618
5621 0.387543
2582 0.387543
25735 0.387474
20095 0.387474
19714 0.387183
4105 0.387134
4163 0.386963
4389 0.385390
20035 0.385390
13600 0.385390
11729 0.385390
18292 0.385390
25370 0.385390
9967 0.385390
20258 0.385390
21968 0.385390
22540 0.385390
1418 0.385390
6142 0.385390
26077 0.385390
28105 0.385390
17420 0.385390
6868 0.385390
12591 0.383791
19412 0.383750
18620 0.383750
762 0.383750
22855 0.383707
2096 0.383564
17408 0.383510
29749 0.383454
6873 0.383393
6360 0.383329
16444 0.383329
29575 0.383110
498 0.383026
22299 0.382936
100 0.382936
17271 0.382838
29514 0.382838
15149 0.382282
20948 0.382282
5593 0.382282
6038 0.382205
18250 0.382124
13189 0.382124
16052 0.381949
20604 0.381536
8301 0.381290
29109 0.381155
2595 0.380856
19848 0.380856
23969 0.380856
8580 0.380747
10446 0.380690
23663 0.380690
28692 0.380512
3349 0.380319
15907 0.380319
24437 0.380319
24698 0.380319
24077 0.380111
6138 0.379962
12349 0.379461
16183 0.379273
19533 0.379072
18732 0.378913
13354 0.378858
9737 0.378629
26215 0.378569
28388 0.378569
18563 0.378569
11476 0.378187
16304 0.378187
12687 0.378119
19437 0.378119
21194 0.377759
24357 0.377525
20077 0.377525
28669 0.377328
661 0.377328
20685 0.377277
7474 0.377120
28622 0.377012
3199 0.376671
13223 0.376428
1138 0.376170
13231 0.375898
2480 0.375898
29714 0.375756
23100 0.375756
23871 0.375756
2022 0.375756
3606 0.375609
13336 0.375380
17921 0.375380
17697 0.375302
24820 0.375302
25967 0.374974
28115 0.374974
28748 0.374379
29236 0.374196
23071 0.374055
16416 0.373422
1338 0.373422
7151 0.373422
17676 0.373347
29935 0.373293
4813 0.373293
26023 0.372326
15944 0.372231
4965 0.372231
2092 0.371626
21120 0.371626
26484 0.371626
2431 0.371461
6240 0.371461
16756 0.371248
10371 0.371117
239 0.371117
208 0.371117
28173 0.370964
18158 0.370847
9113 0.370568
10404 0.370568
13617 0.370568
19301 0.370486
22599 0.370375
13092 0.369975
27365 0.369975
15313 0.369975
21046 0.369975
21622 0.369552
24021 0.369498
7055 0.369427
1797 0.369427
14978 0.368840
19935 0.368634
3568 0.368338
7468 0.368087
21327 0.367873
19943 0.367873
20073 0.367653
21021 0.367603
29274 0.367254
21180 0.367196
14545 0.367196
15695 0.367038
9340 0.366591
21554 0.366312
10752 0.366121
17148 0.366121
9630 0.365794
7039 0.365794
4197 0.365728
18824 0.365107
16282 0.365107
7878 0.365107
2649 0.365107
28103 0.365107
325 0.365107
21481 0.365107
28976 0.364602
6356 0.364445
23787 0.364369
17346 0.363980
3006 0.363980
14931 0.363871
9990 0.363739
28177 0.363576
23354 0.363095
20842 0.363095
15109 0.362984
10276 0.362720
28610 0.362528
9175 0.362302
10445 0.362174
26632 0.361646
1440 0.361303
14170 0.361303
1950 0.361303
1531 0.360999
25165 0.360999
13492 0.360951
1392 0.360951
6247 0.360886
24369 0.360886
9091 0.360641
18322 0.360365
12574 0.360365
17015 0.360365
2895 0.360119
16067 0.360005
21361 0.360005
16159 0.360005
29113 0.359698
2100 0.359698
20376 0.359698
11673 0.359482
25817 0.359431
2466 0.359199
16845 0.359199
19402 0.359199
21838 0.359059
22057 0.359059
3404 0.359059
28765 0.358598
17871 0.358413
10014 0.358250
2765 0.358250
3581 0.358250
28667 0.358106
9030 0.358040
17430 0.358040
28414 0.357710
14570 0.357710
23086 0.357579
20503 0.357579
26538 0.357464
2542 0.357464
18085 0.357272
3703 0.357191
28741 0.356486
13359 0.356486
6637 0.356486
22999 0.355745
20404 0.355745
4146 0.355745
16235 0.355745
10516 0.355745
22419 0.355745
7707 0.355745
29232 0.355007
22462 0.354965
3716 0.354864
23952 0.354864
22859 0.354734
6877 0.354654
4472 0.354559
5781 0.354559
15650 0.354559
5333 0.354559
21712 0.354142
20945 0.353652
1487 0.353652
4588 0.353652
25038 0.353540
9458 0.353540
11016 0.353479
17916 0.353116
15203 0.353116
11433 0.352936
24603 0.352936
21658 0.352888
19044 0.352730
19316 0.352730
28964 0.352554
25209 0.352554
1892 0.352211
26897 0.352085
3812 0.351878
13001 0.351878
26793 0.351584
21430 0.351584
13838 0.351476
13717 0.351476
13392 0.351476
28885 0.351242
29912 0.351242
2200 0.351242
1023 0.351089
16530 0.350749
22168 0.350749
16330 0.350355
27655 0.350033
3094 0.350033
2829 0.350033
15004 0.350033
27407 0.349976
15786 0.349976
19543 0.349671
16489 0.349540
13459 0.349211
12836 0.349033
7127 0.349033
20552 0.349033
3741 0.349033
14272 0.349033
15632 0.349033
26206 0.349033
17640 0.349033
11227 0.348789
5599 0.348594
1635 0.348594
8756 0.348303
10052 0.348095
12794 0.347974
22348 0.347520
13935 0.347348
16101 0.346851
1153 0.346851
5723 0.346851
11666 0.346851
4500 0.346851
27987 0.346851
20118 0.346851
1851 0.346851
14555 0.346851
9284 0.346851
25358 0.346851
4949 0.346851
3637 0.346851
16373 0.346342
17507 0.346233
25583 0.346233
27468 0.346233
25554 0.346159
25344 0.345771
21412 0.345771
17932 0.345771
25534 0.345771
19063 0.345659
3164 0.345659
1066 0.345522
22826 0.345350
25890 0.345350
28924 0.344935
17645 0.344697
25053 0.344391
17800 0.344163
7075 0.343985
18227 0.343985
26857 0.343985
26593 0.343985
18919 0.343887
21883 0.343727
10709 0.343601
26345 0.343548
342 0.343548
9389 0.343122
12010 0.343040
26316 0.343040
21427 0.343040
3818 0.343040
27874 0.342979
27697 0.342979
27654 0.342932
2109 0.342569
12614 0.342569
20188 0.342569
2031 0.342569
10306 0.342569
16823 0.342569
18184 0.342569
24356 0.342227
4590 0.342185
5457 0.342185
29237 0.342132
27555 0.342062
5789 0.341824
20063 0.341725
28783 0.341725
11362 0.341596
16998 0.341346
15467 0.341165
19143 0.341165
27902 0.340991
4014 0.340922
15817 0.340766
22799 0.340658
21828 0.340468
24949 0.340468
12289 0.340468
26460 0.340468
3607 0.340345
16380 0.340345
11767 0.340050
13319 0.340050
7666 0.339666
26599 0.339426
2493 0.339144
23227 0.339144
3299 0.339144
13370 0.338982
20428 0.338982
3128 0.338982
19391 0.338878
3932 0.338627
25007 0.338627
25190 0.338392
28919 0.338125
1125 0.338062
7268 0.337876
7662 0.337876
540 0.337643
2090 0.337643
14192 0.337643
383 0.337643
24300 0.337477
11010 0.337423
6961 0.337217
10158 0.337217
27107 0.336974
24606 0.336898
7504 0.336749
13984 0.336607
27045 0.336607
24191 0.336538
10357 0.336538
13919 0.336341
28815 0.336341
6361 0.336341
8740 0.336155
27513 0.335981
21144 0.335817
7698 0.335469
28864 0.335290
24177 0.334819
11790 0.334681
15370 0.334681
18610 0.334552
16666 0.334490
5088 0.334490
18726 0.334430
1627 0.334430
24227 0.334315
25351 0.334315
22610 0.334315
26799 0.334005
6778 0.333621
9274 0.333621
5465 0.333311
24542 0.333220
20254 0.332494
24129 0.332399
20277 0.332313
10028 0.332313
12516 0.332233
26750 0.332160
8094 0.332160
7651 0.332029
16509 0.331970
18010 0.331970
17701 0.331816
10066 0.331688
26096 0.330335
18238 0.330335
7609 0.330335
19589 0.330335
94 0.330335
16860 0.330335
7210 0.330335
4765 0.328992
13915 0.328952
8380 0.328911
8155 0.328866
11244 0.328715
3612 0.328658
7027 0.328458
9627 0.328380
19564 0.328295
7518 0.328295
22747 0.328295
12825 0.328295
9979 0.328203
28308 0.327582
5956 0.327499
10360 0.327499
27421 0.327411
28239 0.327218
18968 0.327218
1561 0.327112
13547 0.327112
14467 0.326998
9566 0.326998
15327 0.326876
343 0.326602
7755 0.326281
12133 0.326223
2465 0.326100
16404 0.326100
28655 0.325969
17236 0.325682
22604 0.325682
5631 0.325682
11144 0.325524
5467 0.325028
14313 0.324978
19821 0.324767
22760 0.324712
24154 0.324539
9690 0.324539
14810 0.324160
28604 0.323728
17209 0.323728
15975 0.323728
12683 0.323538
9167 0.323488
13425 0.323488
19791 0.323336
8761 0.323231
13225 0.323231
29448 0.322652
18197 0.322652
1036 0.322394
24254 0.322117
18461 0.321972
19637 0.321972
28209 0.321821
25613 0.321584
18361 0.321584
28345 0.321159
6991 0.320851
11366 0.320787
17514 0.320787
14279 0.320619
4387 0.320619
3676 0.320523
61 0.320324
26036 0.320170
5668 0.320170
29038 0.319792
3152 0.319792
115 0.319679
3880 0.319468
20614 0.319323
14928 0.319323
23529 0.319277
4941 0.319277
27552 0.318944
20313 0.318944
4170 0.318537
15819 0.318298
28067 0.318212
4880 0.318100
28483 0.318100
10627 0.317810
7250 0.317629
9780 0.317575
13038 0.317380
26952 0.317380
7390 0.317380
6979 0.317180
15165 0.317180
11682 0.317121
23457 0.317121
11578 0.317015
11141 0.316920
21053 0.316759
6333 0.316628
8075 0.316628
15011 0.316628
25913 0.316628
3452 0.316571
12844 0.316571
6742 0.316426
18067 0.316218
27399 0.316218
6724 0.315972
22605 0.315972
20530 0.315782
7267 0.315782
27400 0.315741
15700 0.315319
15378 0.315319
27318 0.315319
512 0.315319
2817 0.314826
18126 0.314697
23586 0.314397
14460 0.314299
3790 0.314299
8710 0.314299
21954 0.314177
18986 0.314022
18019 0.314022
13933 0.313893
22055 0.313735
20518 0.313538
26130 0.313355
16066 0.313130
701 0.312846
28754 0.312846
26325 0.312735
20133 0.312735
4081 0.312095
25467 0.311897
19343 0.311776
12213 0.311663
29086 0.311507
13979 0.311507
10214 0.311458
29536 0.311458
18202 0.311277
20131 0.311277
22723 0.311277
17357 0.311277
18524 0.311277
22439 0.311077
4050 0.311077
18482 0.311017
16272 0.310903
8874 0.310799
21708 0.310799
15250 0.310314
2178 0.310314
12876 0.310192
27116 0.310192
19891 0.310192
20454 0.310192
6261 0.310035
13715 0.310035
2 0.309902
3192 0.309294
15168 0.309294
23243 0.309137
6805 0.309137
27744 0.309137
3569 0.309137
14935 0.309075
8979 0.309023
28314 0.308977
25115 0.308936
18664 0.308312
17810 0.308312
19613 0.308312
22463 0.308312
10135 0.308312
2986 0.308312
8913 0.308312
12527 0.308312
11115 0.308312
21721 0.308312
18083 0.307553
18312 0.307492
25339 0.307421
1129 0.307337
33 0.307337
10635 0.307033
16127 0.307033
4642 0.307033
24954 0.306851
2614 0.306739
13268 0.306739
29128 0.306739
10607 0.306455
18706 0.306201
22047 0.305865
10731 0.305764
23458 0.305764
25252 0.305764
4355 0.305764
5398 0.305654
22844 0.305596
367 0.305596
28478 0.305404
29617 0.305404
12933 0.305229
2078 0.305182
17065 0.304924
16116 0.304809
20317 0.304620
15677 0.304620
10653 0.304552
13714 0.304256
7675 0.303908
15146 0.303908
6606 0.303908
12926 0.303740
10797 0.303641
5888 0.303641
21435 0.303495
17105 0.303429
4621 0.303429
24812 0.303258
19071 0.302927
21288 0.302267
4544 0.302115
17261 0.302063
17386 0.302063
10947 0.302063
3567 0.302063
2696 0.302020
3105 0.301610
19344 0.301610
1226 0.301610
17138 0.301610
23454 0.301610
3994 0.301610
16040 0.301610
23376 0.301187
456 0.301142
14100 0.301086
15043 0.301086
2541 0.301015
20249 0.301015
11378 0.300708
9937 0.300708
22290 0.300604
22350 0.300604
12480 0.300604
1671 0.300604
13477 0.300474
12322 0.300304
9371 0.300304
23609 0.300304
9514 0.299927
25860 0.299927
6541 0.299366
8417 0.299244
6684 0.299109
9534 0.299109
9313 0.299010
1172 0.299010
5528 0.298786
24071 0.298786
19629 0.298786
20294 0.298724
23620 0.298724
28250 0.298724
15913 0.298678
5645 0.298367
12912 0.298367
14385 0.298367
9532 0.298035
29850 0.297726
20906 0.297301
25427 0.297168
28275 0.297117
21534 0.297117
12415 0.296998
25798 0.296771
16171 0.296716
11965 0.296454
10815 0.296454
16881 0.296162
16075 0.296162
11357 0.296093
13563 0.295980
23364 0.295642
23366 0.295466
16639 0.295193
12201 0.295193
24018 0.294942
9490 0.294710
19731 0.294710
23631 0.294566
314 0.294496
18311 0.294298
28486 0.294298
14342 0.294298
1837 0.294055
5737 0.294055
29277 0.293942
15358 0.293444
22185 0.293273
15798 0.293273
10775 0.293114
16892 0.292966
29766 0.292966
562 0.292897
17281 0.292897
2812 0.292702
21557 0.292702
6086 0.292702
20016 0.292702
20157 0.292365
15366 0.292365
21171 0.292219
24616 0.292219
13785 0.292085
22925 0.292085
10089 0.291962
21473 0.291849
12540 0.291744
20174 0.291556
3821 0.291556
28017 0.291556
22638 0.291472
22191 0.291393
14850 0.290957
9885 0.290622
5911 0.290556
17423 0.290439
21717 0.290387
12805 0.290387
11958 0.290339
28380 0.290294
20449 0.290252
10827 0.289043
8237 0.289043
1732 0.289043
19905 0.289043
16838 0.289043
28544 0.289043
6782 0.289043
9048 0.289043
13656 0.289043
8086 0.289043
9533 0.289043
22250 0.287882
26352 0.287882
7541 0.287843
6859 0.287843
20048 0.287545
27249 0.287247
5480 0.287247
4604 0.287154
26929 0.287154
26801 0.286730
29436 0.286485
6940 0.286485
13326 0.286391
3753 0.286290
21984 0.286181
18863 0.286063
11939 0.286063
5340 0.286063
8504 0.285935
945 0.285474
29581 0.285223
4154 0.284933
17260 0.284933
26754 0.284771
28583 0.284771
21214 0.284596
16456 0.284406
18883 0.284304
24078 0.284304
20326 0.284198
3001 0.284144
21339 0.283972
12184 0.283787
2172 0.283589
23257 0.283375
7295 0.283144
24621 0.283144
21917 0.283144
19373 0.282620
12332 0.282620
17757 0.282503
28845 0.282503
434 0.282503
13734 0.282321
5344 0.282258
3233 0.281993
6871 0.281993
7624 0.281993
12112 0.281756
10848 0.281631
4331 0.281631
12888 0.281503
29938 0.281503
28511 0.281503
603 0.281396
9610 0.281396
4058 0.281231
16133 0.281058
26490 0.280851
1893 0.280689
2683 0.280284
24839 0.279970
227 0.279838
3177 0.279719
23216 0.279268
3644 0.279076
21798 0.279076
4091 0.278720
28113 0.278720
25359 0.278720
15940 0.278595
5973 0.278595
24248 0.278450
21145 0.278337
20039 0.278337
29674 0.278337
9927 0.278249
11181 0.277878
25795 0.277481
28532 0.277481
19862 0.277481
3988 0.277481
13597 0.277481
22491 0.276999
6912 0.276999
5066 0.276999
5429 0.276927
9184 0.276927
17792 0.276691
18709 0.276691
3010 0.276691
26296 0.276596
2798 0.276596
24380 0.276476
18570 0.276253
9988 0.275959
30000 0.275959
2037 0.275784
162 0.275643
12272 0.275513
34 0.275513
12967 0.275279
4152 0.274828
22671 0.274828
9842 0.274734
8998 0.274591
6027 0.274591
28945 0.274591
29843 0.274525
191 0.274525
11490 0.274525
21247 0.273974
12696 0.273830
16372 0.273706
29831 0.273650
8470 0.273650
18102 0.273503
9794 0.273380
26416 0.273277
3023 0.273188
6716 0.273188
23804 0.272804
27134 0.272804
10525 0.272804
16148 0.272682
621 0.272634
12729 0.272040
21033 0.272040
17631 0.272040
2741 0.272040
1290 0.271490
997 0.271449
23931 0.271402
13637 0.271346
7837 0.271201
21390 0.270815
25125 0.270713
4826 0.270593
1591 0.270593
4117 0.270274
14113 0.270133
6321 0.269969
9995 0.269969
23792 0.269773
13676 0.269773
12136 0.269600
24797 0.269537
4884 0.269399
5154 0.269399
4527 0.269162
7701 0.268877
5325 0.268530
28971 0.268397
8484 0.268283
4768 0.268232
11164 0.268098
21005 0.267954
25369 0.267954
23763 0.267632
8264 0.267632
14610 0.267544
27832 0.267256
23176 0.266809
21518 0.266809
20780 0.266399
6704 0.266343
3211 0.266270
25085 0.266022
23013 0.265919
21792 0.265919
16333 0.265673
4372 0.265532
1448 0.265532
11913 0.265532
2971 0.265351
22030 0.265351
28097 0.265177
8354 0.265177
10868 0.265109
21115 0.265109
14710 0.264956
5352 0.264956
14008 0.264666
15186 0.264666
11867 0.264666
427 0.264666
9360 0.264596
9799 0.264596
2782 0.264596
3620 0.263909
17872 0.263909
5648 0.263909
13168 0.263909
4691 0.263909
10654 0.263688
11902 0.263583
21037 0.263431
26528 0.263431
6273 0.263193
7845 0.263081
7448 0.263081
25850 0.263015
16279 0.262537
13761 0.262482
21195 0.262482
28847 0.262482
21555 0.262325
25727 0.262224
4444 0.262224
8533 0.261775
14040 0.261775
20169 0.261775
21644 0.261775
28770 0.261515
9247 0.261227
19339 0.261227
9081 0.261227
14057 0.261071
8514 0.261071
1194 0.261071
22947 0.261071
868 0.260880
13958 0.260880
19478 0.260880
9723 0.260399
1746 0.260330
29073 0.260264
24790 0.260138
734 0.259967
15836 0.259814
15597 0.259549
24819 0.259433
28953 0.259231
6875 0.259142
13340 0.259059
20480 0.258982
8855 0.258523
27105 0.258523
29307 0.258294
18974 0.258294
29567 0.258294
6766 0.258122
20506 0.258122
11875 0.258074
24720 0.258074
26609 0.258030
7097 0.257989
23167 0.256927
19503 0.256927
25618 0.256927
13362 0.256927
5630 0.256927
26087 0.256927
21382 0.256927
10589 0.256927
6351 0.256927
19217 0.256927
10219 0.256927
28306 0.256927
23710 0.256927
17755 0.256927
5268 0.255874
4759 0.255874
23041 0.255834
4308 0.255790
16986 0.255790
16813 0.255743
205 0.255743
14211 0.255743
5868 0.255636
23546 0.255575
25367 0.255575
10506 0.255507
4063 0.255507
16652 0.255507
13379 0.255433
29690 0.255433
20303 0.255259
23753 0.255259
9128 0.254830
23682 0.254750
8209 0.254750
20744 0.254468
27002 0.254358
10965 0.254237
24328 0.254104
4851 0.254104
1401 0.254104
27460 0.253957
27423 0.253794
26241 0.253794
7439 0.253675
8620 0.253612
2993 0.253546
27753 0.253257
18875 0.252715
15818 0.252439
20718 0.252439
29965 0.252255
20970 0.252255
11052 0.252255
12517 0.252255
16163 0.251747
22148 0.251747
15998 0.251602
7654 0.251602
27140 0.251602
26635 0.251602
26620 0.251602
22819 0.251602
12619 0.251552
26211 0.251342
10097 0.251342
5671 0.251342
9264 0.250867
22589 0.250504
14435 0.250504
25028 0.250504
25308 0.250381
4464 0.250381
19348 0.249983
16231 0.249983
21077 0.249983
16807 0.249733
8535 0.249690
18645 0.249628
16597 0.249464
16220 0.249464
1334 0.249370
12709 0.249234
10619 0.249021
10782 0.248862
22504 0.248796
3303 0.248796
6993 0.248639
29849 0.248523
900 0.248433
7387 0.248154
16877 0.248105
8742 0.247751
9894 0.247367
12641 0.247367
7747 0.247232
15127 0.247232
21909 0.246949
29610 0.246823
28863 0.246823
14737 0.246222
7748 0.245994
27080 0.245994
23517 0.245558
17815 0.245087
13771 0.244951
9644 0.244951
15591 0.244951
25859 0.244836
12279 0.244692
2605 0.244575
26209 0.244575
8695 0.244477
5305 0.244394
21971 0.244394
22334 0.243404
1010 0.243404
27000 0.243404
9480 0.243404
29753 0.242893
25126 0.242849
16353 0.242849
28751 0.242653
21041 0.242342
17634 0.242342
13193 0.242130
24424 0.242130
17347 0.242130
5521 0.241745
6721 0.241745
27478 0.241745
17441 0.241588
5568 0.241398
19000 0.241288
3195 0.241288
7746 0.241288
7234 0.241165
6359 0.241165
23481 0.240869
6226 0.240651
2008 0.240651
8888 0.240651
18880 0.240591
28155 0.240591
20045 0.240484
12477 0.240392
7244 0.240392
5970 0.240392
18846 0.240392
29021 0.240243
23392 0.240243
5326 0.240079
11439 0.240079
22631 0.239960
4016 0.239870
14937 0.239694
5655 0.239621
28777 0.239567
12939 0.239208
15546 0.239208
23607 0.238878
26348 0.238693
9955 0.238693
20798 0.238693
24841 0.238386
22944 0.238386
9023 0.238181
23731 0.238181
18760 0.238181
19126 0.238035
1841 0.237717
19314 0.237717
5515 0.237428
20522 0.237163
15644 0.236920
6141 0.236806
7214 0.236490
26148 0.236490
26946 0.236490
5117 0.236207
9216 0.236154
29192 0.235953
7262 0.235953
1299 0.235516
25050 0.235388
19754 0.235327
15473 0.234994
11914 0.234994
21966 0.234756
7948 0.234585
13102 0.234585
7736 0.234585
13322 0.234431
14557 0.234431
13510 0.234290
21602 0.233570
24443 0.232689
5678 0.232689
18525 0.232689
15848 0.232689
1884 0.232689
29308 0.232602
20109 0.232526
5400 0.232526
7738 0.232526
231 0.232458
11548 0.232458
20499 0.232396
15332 0.232396
22566 0.232396
25780 0.232341
17397 0.232290
12004 0.232244
10096 0.232202
1370 0.232202
10244 0.231234
10084 0.231234
18320 0.231234
20801 0.231234
12810 0.231234
8642 0.231234
18609 0.231234
12154 0.231234
19219 0.231234
2328 0.231234
2265 0.231234
17426 0.231234
13908 0.231234
15437 0.231234
2157 0.231234
29162 0.231234
18905 0.231234
21373 0.231234
15311 0.231234
25466 0.231234
16871 0.231234
5312 0.231234
26725 0.231234
4336 0.230275
12206 0.230275
3924 0.230138
6588 0.230138
18219 0.230138
21253 0.230084
9362 0.230084
15513 0.230084
9813 0.230084
27960 0.230024
3288 0.229957
16670 0.229882
25535 0.229882
17083 0.229882
3351 0.229798
26568 0.229798
21614 0.229798
27579 0.229798
14047 0.229703
23321 0.229241
10442 0.229053
8834 0.228826
12677 0.228693
16069 0.228545
514 0.228545
20846 0.228257
8078 0.227977
4640 0.227443
339 0.227281
27085 0.227105
13531 0.227105
14043 0.226978
802 0.226912
14938 0.226912
8382 0.226700
27020 0.226700
3958 0.226466
17750 0.226466
19466 0.226466
5455 0.226314
20162 0.226314
15571 0.226207
5968 0.226207
4176 0.226207
14619 0.226096
9307 0.226096
21386 0.226096
1078 0.225918
1004 0.225857
20873 0.225594
10016 0.225594
16401 0.225594
21988 0.225305
4526 0.225305
8463 0.225228
15208 0.225228
10771 0.225228
5160 0.225228
24445 0.225095
10925 0.224985
24860 0.224985
29048 0.224811
25010 0.224628
16852 0.224499
21687 0.224499
22783 0.224405
19724 0.224227
28817 0.224227
3933 0.223775
20517 0.223775
1988 0.223775
23747 0.223775
22257 0.223775
5450 0.223775
3432 0.223775
9747 0.223775
15826 0.223462
19072 0.223462
995 0.223415
1470 0.223018
13618 0.222876
25045 0.222876
7115 0.222876
11070 0.222876
15775 0.222527
3345 0.222341
10178 0.222341
3928 0.222146
28330 0.222089
9912 0.222089
2419 0.221985
3877 0.221891
1896 0.221599
8334 0.221394
9077 0.221394
24116 0.221277
7512 0.221277
26742 0.221277
7808 0.221181
28030 0.220724
23453 0.220680
10891 0.220680
28811 0.220223
28247 0.220223
17218 0.220223
7494 0.220223
222 0.220223
3719 0.219768
6808 0.219725
14862 0.219526
12907 0.219274
922 0.218864
7241 0.218735
21205 0.218735
18936 0.218388
27288 0.218333
24695 0.218333
28010 0.218333
8763 0.218145
17996 0.217967
6652 0.217967
2140 0.217754
15988 0.217632
18978 0.217498
11049 0.216782
5308 0.216782
13681 0.216475
23154 0.216475
13249 0.216426
24569 0.216195
15476 0.216107
16467 0.216107
19889 0.215988
22100 0.215819
29229 0.215819
1699 0.215819
6169 0.215819
24942 0.215659
6397 0.215659
13478 0.215319
13810 0.215102
3963 0.215102
26854 0.215102
6320 0.215102
16006 0.214808
22035 0.214451
5498 0.214451
19805 0.214451
10489 0.214451
28292 0.214389
18908 0.214389
14929 0.214106
29221 0.214106
13653 0.213917
8798 0.213917
5507 0.213858
3426 0.213858
17353 0.213746
26994 0.213746
21223 0.213590
17836 0.213590
16603 0.213119
22737 0.213119
374 0.212979
428 0.212979
19233 0.212979
19226 0.212979
20453 0.212979
8407 0.212792
10264 0.212735
8032 0.212629
12346 0.212485
2242 0.212141
7939 0.211587
977 0.211587
26198 0.211587
26638 0.211495
13512 0.211414
11631 0.211414
3660 0.211343
23829 0.211280
12617 0.211224
19037 0.211173
4736 0.211173
5943 0.210213
15233 0.210213
27743 0.210213
7741 0.210213
24286 0.210213
18065 0.210213
24012 0.210213
4282 0.210213
14988 0.210213
11122 0.210213
28252 0.210213
5091 0.210213
12765 0.210213
6451 0.210213
11625 0.209348
7973 0.209262
4084 0.209212
15829 0.209095
1883 0.208947
13203 0.208857
15952 0.208319
11310 0.208220
9863 0.208220
10814 0.208220
22183 0.207988
2238 0.207851
24531 0.207695
22137 0.207639
14556 0.207518
358 0.207238
17206 0.206894
691 0.206690
10467 0.206635
14020 0.206459
28713 0.206196
29465 0.206050
2881 0.205958
10900 0.205958
27970 0.205542
5641 0.205542
5634 0.205542
6629 0.205301
15506 0.205237
12266 0.205237
15130 0.205127
27795 0.205127
5580 0.205127
28664 0.205127
24032 0.205035
29009 0.204891
5248 0.204891
3067 0.204891
3539 0.204632
1874 0.204406
2834 0.204406
11396 0.204347
8298 0.204303
11561 0.204030
12261 0.204030
25722 0.204030
13120 0.204030
23637 0.204030
187 0.204030
27159 0.203731
15191 0.203678
24640 0.203678
10298 0.203602
17900 0.203486
12173 0.203486
29918 0.203486
2672 0.203486
12754 0.203400
19338 0.203035
2155 0.202837
22039 0.202837
23877 0.202628
5013 0.202330
21415 0.202330
10910 0.202049
18630 0.201951
4030 0.201951
22571 0.201589
1369 0.201490
10295 0.201073
3459 0.201073
29142 0.201073
10031 0.201073
20412 0.201073
14161 0.201073
17291 0.201073
25345 0.201073
11021 0.200614
1710 0.200614
9805 0.200403
23569 0.200403
21830 0.200403
25131 0.200203
3552 0.199986
17597 0.199832
28685 0.199832
28804 0.199832
7213 0.199702
5044 0.199542
17452 0.199542
26086 0.199340
26701 0.199076
27271 0.199013
24497 0.199013
17658 0.199013
26083 0.198799
6982 0.198606
14856 0.198201
4825 0.198201
8983 0.198201
18111 0.197903
13535 0.197847
2361 0.197847
28506 0.197766
20461 0.197766
8089 0.197766
10217 0.197636
20298 0.197395
23192 0.197395
16143 0.197395
25754 0.197395
28683 0.197261
12378 0.197075
6089 0.197075
24968 0.197016
17005 0.196795
24503 0.196474
17528 0.196474
22024 0.196474
12434 0.196474
8256 0.196199
17531 0.195961
22812 0.195754
15492 0.195754
15079 0.195571
8434 0.195409
17607 0.195198
8313 0.195198
7653 0.195134
15617 0.195134
8293 0.195017
19765 0.194860
17781 0.194860
9898 0.194860
17114 0.194724
7431 0.194603
9414 0.194603
27104 0.194400
10102 0.194314
11131 0.194237
13711 0.194237
29571 0.194237
8901 0.193938
24517 0.193938
4569 0.193938
22894 0.193938
21546 0.193849
12457 0.193849
15157 0.193772
18501 0.193704
18106 0.193704
1368 0.193704
19959 0.193644
10496 0.192695
17794 0.192695
13451 0.192695
26873 0.192695
13441 0.192695
27635 0.192695
22347 0.192695
29890 0.192695
4690 0.192695
17301 0.192695
21948 0.192695
5299 0.191807
8216 0.191555
20650 0.191103
27942 0.190927
24706 0.190824
23978 0.190709
16202 0.190578
19648 0.190578
6531 0.190256
1373 0.190193
15027 0.189731
3929 0.189731
15667 0.189536
16544 0.189373
16563 0.189315
15055 0.189059
23657 0.189059
5993 0.189059
27639 0.188763
13387 0.188763
26978 0.188763
24215 0.188763
10873 0.188560
19284 0.188506
21381 0.188214
10205 0.188214
12246 0.187995
14344 0.187878
9309 0.187804
12615 0.187487
18190 0.187487
5557 0.187234
29794 0.187190
26629 0.187190
24831 0.187126
3134 0.187126
11257 0.186856
19735 0.186646
28887 0.186479
7657 0.186479
7590 0.186302
19216 0.186163
21079 0.185917
25812 0.185917
18898 0.185813
17242 0.185730
372 0.185558
842 0.185558
11450 0.185558
8172 0.185558
6370 0.185482
21291 0.185424
1915 0.185378
18162 0.185378
11218 0.184987
18429 0.184987
25042 0.184987
17045 0.184553
3082 0.184495
7061 0.184495
4975 0.184420
11322 0.184420
23445 0.183936
12753 0.183936
454 0.183936
14971 0.183826
18654 0.183762
27796 0.183691
26091 0.183691
22746 0.183358
2110 0.183295
10147 0.183060
3014 0.182897
10983 0.182553
29740 0.182553
29614 0.182553
19906 0.182553
24130 0.182553
5561 0.182301
4794 0.182254
16794 0.182185
24268 0.182185
5833 0.182185
7147 0.181990
16817 0.181990
557 0.181756
16697 0.181756
11624 0.181360
26939 0.181360
10760 0.181087
13843 0.180966
10862 0.180854
1303 0.180652
13437 0.180652
27372 0.180475
23686 0.180320
29269 0.180320
17596 0.180182
21058 0.180182
1149 0.180003
17425 0.179849
19545 0.179849
19552 0.179849
23301 0.179716
25295 0.179716
22203 0.179599
16458 0.179599
20267 0.179497
9917 0.179020
9760 0.179020
19920 0.178931
25030 0.178931
22177 0.178789
16729 0.178732
3081 0.178732
24500 0.178732
13960 0.178681
2525 0.178681
18448 0.178681
6773 0.178681
1228 0.178636
16956 0.177872
7678 0.177872
21441 0.177872
13256 0.177872
9089 0.177872
763 0.177872
7017 0.177872
9282 0.177872
11013 0.177116
16725 0.177116
24249 0.177071
11333 0.177021
29845 0.176965
29755 0.176965
163 0.176365
28076 0.176365
25089 0.176365
16678 0.176277
6540 0.175939
14300 0.175939
7231 0.175939
28079 0.175621
19783 0.175621
29261 0.175343
27776 0.175343
16428 0.174883
26923 0.174770
12189 0.174516
2896 0.174516
942 0.174516
17612 0.174516
18252 0.174516
6734 0.174297
214 0.174151
21616 0.173426
27798 0.173426
6607 0.173171
15685 0.172411
19983 0.172348
26053 0.172348
21249 0.172196
26968 0.171659
23421 0.171285
4676 0.171285
14501 0.171285
13780 0.171285
20082 0.171285
28166 0.170583
20867 0.170234
16599 0.170025
1183 0.170025
26469 0.169886
27608 0.169833
17538 0.169833
955 0.169713
19228 0.169572
7108 0.169439
16954 0.169439
19310 0.169196
11134 0.169196
8948 0.169196
471 0.169196
7224 0.169196
16568 0.169196
12767 0.168879
908 0.168608
14330 0.168608
12858 0.168608
10199 0.168608
10870 0.168511
27145 0.168449
20719 0.168374
14212 0.168374
12211 0.168170
10093 0.168170
14187 0.167935
13062 0.167935
29803 0.167935
28592 0.167735
6959 0.167735
7337 0.167735
8828 0.167735
24936 0.167341
25439 0.167341
2277 0.167341
25387 0.167341
16685 0.167276
28047 0.167157
1364 0.167157
16879 0.167002
959 0.166870
6158 0.166755
12178 0.166655
7668 0.166567
24287 0.166489
3469 0.166489
1583 0.166247
1447 0.166156
19326 0.166080
59 0.166014
29946 0.165958
15847 0.165908
29707 0.165167
19104 0.165167
10944 0.165167
17253 0.165167
12314 0.165167
25117 0.164476
20251 0.164385
14188 0.163791
15927 0.163706
11569 0.163706
22327 0.163609
3590 0.163499
12562 0.163372
4226 0.163224
23914 0.163050
28734 0.162841
11320 0.162841
28982 0.162489
20242 0.162489
3796 0.162080
26200 0.162080
26694 0.162011
27854 0.162011
12376 0.161864
20901 0.161769
5374 0.161769
14575 0.161769
20161 0.161769
6932 0.161561
23966 0.161326
19857 0.161326
23058 0.161106
6393 0.161059
1378 0.160986
14970 0.160859
27941 0.160859
11944 0.160751
13924 0.160394
10080 0.160261
27429 0.160261
28337 0.160261
23673 0.160162
12440 0.160162
28461 0.159896
24785 0.159839
6981 0.159796
2951 0.159796
28967 0.159472
19297 0.159472
8233 0.159149
3437 0.159149
9605 0.158690
11192 0.158507
5795 0.158507
22743 0.158213
6502 0.158213
10791 0.157916
6987 0.157871
29 0.157385
29770 0.157385
8282 0.157149
15077 0.157011
2656 0.157011
5068 0.156946
20983 0.156769
22983 0.156390
7831 0.156390
1735 0.156239
6834 0.156239
21276 0.156048
5511 0.156048
28147 0.156048
19278 0.155888
19673 0.155888
13239 0.155888
9111 0.155754
9237 0.154951
16839 0.154894
12798 0.154894
9936 0.154801
9700 0.154156
11915 0.154156
21741 0.154156
22376 0.154156
15068 0.154156
9191 0.154156
21943 0.154156
20694 0.154156
8067 0.154156
10620 0.154156
14764 0.153516
25277 0.153474
26136 0.153474
13789 0.153304
5842 0.153227
1636 0.153135
8842 0.153135
9802 0.152882
27569 0.152702
3696 0.152702
3331 0.152591
3911 0.152591
4293 0.152462
10491 0.152462
293 0.152253
26804 0.151985
9663 0.151985
13948 0.151629
29624 0.151629
28738 0.151629
14463 0.151463
3766 0.151275
24807 0.151133
9145 0.150805
6096 0.150805
5573 0.150805
28349 0.150396
6851 0.150302
18110 0.150152
21297 0.149990
24329 0.149622
21450 0.149622
26119 0.149622
18546 0.149622
4431 0.149505
1669 0.149505
20032 0.149505
12365 0.149183
15692 0.149183
23188 0.149183
11328 0.149183
24917 0.149183
620 0.148863
8867 0.148814
709 0.148747
29873 0.148747
14676 0.148584
26669 0.148499
2141 0.148227
20823 0.148081
14858 0.147882
26337 0.147821
11628 0.147596
28810 0.147283
17777 0.146971
8551 0.146636
10645 0.146483
3615 0.146351
27163 0.146351
12187 0.146351
3003 0.146351
28564 0.146351
17058 0.146351
3415 0.146183
9715 0.146183
5530 0.146043
7199 0.145823
12129 0.145823
3727 0.145430
25533 0.145347
17592 0.145278
16948 0.145220
18980 0.145220
18909 0.145220
4436 0.145126
7729 0.145126
26157 0.145126
7826 0.144521
28011 0.144521
3987 0.144521
6796 0.144521
24235 0.143830
3855 0.143705
18023 0.143705
21167 0.143705
28889 0.143624
19323 0.143145
1243 0.142898
16415 0.142898
1379 0.142737
26111 0.142467
455 0.142298
25954 0.141861
15925 0.141572
20040 0.141572
1544 0.141572
24686 0.141572
12500 0.141310
17613 0.141310
26302 0.141129
23134 0.140996
7847 0.140996
25983 0.140996
8236 0.140996
26602 0.140853
22319 0.140529
21610 0.140142
23718 0.140142
8249 0.140142
14432 0.139757
19866 0.139538
7203 0.139438
14458 0.139438
17650 0.139298
17211 0.139298
9139 0.139298
11267 0.139169
13599 0.138939
21707 0.138741
15708 0.138741
3144 0.138741
23998 0.138741
17234 0.138741
13892 0.138345
15259 0.138345
9028 0.138238
22326 0.138238
27029 0.137822
3921 0.137822
20989 0.137639
6854 0.137491
7125 0.137173
4607 0.136690
11077 0.136020
20439 0.136020
29980 0.136020
4140 0.135357
25147 0.135357
17938 0.135297
1696 0.135137
18775 0.134700
28879 0.134581
14851 0.133872
10894 0.133772
21903 0.133772
9962 0.133772
1549 0.133661
19885 0.133661
23705 0.133602
16161 0.133404
6177 0.133404
25612 0.133404
12633 0.132675
18192 0.132555
14 0.132555
6906 0.132555
4191 0.132478
17491 0.132478
3777 0.132478
13994 0.132425
22486 0.132134
16375 0.131508
10765 0.131508
10532 0.131268
5677 0.131112
5427 0.131112
18876 0.131064
20000 0.130887
10845 0.130698
7089 0.130698
18941 0.130698
19784 0.130440
14697 0.130440
25728 0.130440
19989 0.130440
1455 0.130069
1939 0.129907
10384 0.129774
23474 0.129774
1132 0.129664
14900 0.129491
1211 0.129491
20390 0.129261
14544 0.129261
13967 0.129181
2089 0.129181
27385 0.129116
15047 0.129061
13474 0.129015
22845 0.129015
25406 0.129015
13199 0.128463
23951 0.128463
2783 0.128463
9975 0.128463
14405 0.128463
2598 0.128463
206 0.128463
11880 0.128463
27576 0.128463
20207 0.128463
16190 0.128463
29802 0.127917
8143 0.127917
9270 0.127818
9701 0.127285
26104 0.127285
28509 0.126897
24212 0.126837
2519 0.126837
16492 0.126704
23063 0.126546
23898 0.126546
12079 0.126304
25376 0.125920
13632 0.125920
18902 0.125368
5790 0.125368
6506 0.125368
10010 0.124991
14406 0.124991
2168 0.124991
24632 0.124732
14321 0.124685
26652 0.124617
4539 0.124617
5642 0.124319
18571 0.124319
20681 0.124217
23677 0.124077
28759 0.124077
18999 0.124077
9847 0.123875
18278 0.123875
15334 0.123875
417 0.123325
23702 0.123325
28116 0.123199
13435 0.123142
21132 0.123142
3259 0.123142
23208 0.122997
29391 0.122997
18817 0.122878
18248 0.122878
21139 0.122779
7206 0.122508
4137 0.122508
21352 0.122197
18454 0.121702
7983 0.121702
3633 0.121702
2073 0.121702
14602 0.121211
17106 0.121171
8024 0.121171
25372 0.121123
28431 0.121065
24854 0.120995
5008 0.120907
24846 0.120907
23991 0.120907
18416 0.120907
28841 0.120725
22966 0.120725
16071 0.120644
27853 0.120644
26506 0.120295
2152 0.120242
8331 0.120242
5700 0.120122
21877 0.120122
4674 0.119810
18121 0.119810
4713 0.119604
16798 0.119604
9951 0.119604
28014 0.119604
29119 0.119604
14137 0.119604
25194 0.119417
22248 0.119193
10417 0.119193
19847 0.119193
18263 0.119091
26375 0.118859
17748 0.118582
21501 0.118582
9338 0.118306
13149 0.118245
21173 0.118077
15856 0.118077
24662 0.117977
20037 0.117826
27640 0.117577
26829 0.117577
25804 0.117378
22313 0.117378
20241 0.117215
28763 0.117081
19485 0.117081
26254 0.117081
21818 0.116916
1536 0.116678
10660 0.116589
22883 0.116344
29295 0.116344
1867 0.116263
17855 0.116198
11517 0.116145
6372 0.116101
21200 0.116101
2575 0.115617
13088 0.115617
28386 0.115617
1564 0.115617
12167 0.115617
16857 0.115617
13874 0.115042
7530 0.114978
25950 0.114978
24485 0.114978
25558 0.114662
4265 0.114472
20413 0.114190
19479 0.113722
20736 0.113350
18850 0.113258
6976 0.113048
26564 0.112548
23252 0.112250
15084 0.112250
12276 0.112114
53 0.112052
21977 0.112052
7256 0.111888
9352 0.111888
27024 0.111707
23944 0.111560
20471 0.111560
17023 0.111438
8918 0.111438
12331 0.111438
27518 0.111438
24037 0.111438
17624 0.111289
13237 0.111289
14955 0.111170
27936 0.111073
4555 0.111073
9218 0.110992
22538 0.110771
18515 0.110638
6102 0.110638
1050 0.110638
370 0.110638
617 0.110112
22296 0.110112
24666 0.110112
26521 0.110112
1102 0.109590
7519 0.109166
27087 0.108959
12518 0.108700
11585 0.108700
23242 0.108180
17616 0.108180
15066 0.108053
27337 0.107909
29382 0.107829
15806 0.107779
746 0.107779
23525 0.107779
18772 0.107551
5106 0.107551
112 0.107324
9711 0.107195
6992 0.107053
12827 0.106929
25176 0.106873
7259 0.106873
2807 0.106723
26798 0.106489
6387 0.106489
9869 0.106489
22428 0.106489
14527 0.106315
13055 0.106315
3847 0.106315
4718 0.106179
24150 0.106071
5960 0.106071
1179 0.105793
20903 0.105793
22891 0.105640
17213 0.105586
15634 0.105586
22613 0.105106
6945 0.105106
18981 0.105106
10838 0.104674
7568 0.104631
893 0.104631
26274 0.104631
20616 0.104631
15903 0.104513
25739 0.104513
19354 0.103925
2350 0.103925
10091 0.103925
22837 0.103819
19930 0.103759
19358 0.103692
6581 0.103692
9562 0.103397
27311 0.103230
27242 0.103230
1400 0.103098
25862 0.102979
702 0.102979
25391 0.102979
5695 0.102771
10919 0.102771
11385 0.102771
23976 0.102564
2437 0.102446
14853 0.102446
9080 0.102446
23835 0.102152
26696 0.102015
12802 0.102015
13101 0.102015
2547 0.101743
15906 0.101641
22089 0.101419
14703 0.101025
6741 0.100537
25456 0.100537
21199 0.100537
14075 0.099670
24435 0.099670
8473 0.099575
16088 0.099575
8063 0.099456
23317 0.099242
5647 0.099242
5026 0.099242
20986 0.098818
5069 0.098398
5063 0.098398
27374 0.098165
17108 0.097877
17614 0.097877
13900 0.097248
21800 0.097248
11299 0.097248
13742 0.097157
12822 0.097157
8899 0.097157
29722 0.097157
1679 0.096925
6578 0.096925
20067 0.096852
29932 0.096796
9471 0.096796
6860 0.096796
27426 0.096796
24751 0.096348
3893 0.096348
8610 0.096348
6663 0.095948
14180 0.095777
15486 0.095464
4203 0.095354
29748 0.095354
17895 0.095214
5300 0.095028
22102 0.094865
11848 0.094768
5166 0.094381
24230 0.094381
16440 0.094168
22938 0.094107
20310 0.093998
21357 0.093744
26186 0.093563
1686 0.093240
7111 0.093240
12104 0.093025
6678 0.093025
5827 0.092958
10315 0.092958
20576 0.092958
13593 0.092958
5612 0.092494
16503 0.092494
18011 0.092494
25361 0.092494
5831 0.092494
22587 0.092494
18031 0.092084
5867 0.092084
16701 0.092034
5913 0.091881
4029 0.091449
28839 0.091449
11454 0.091277
21776 0.091127
15102 0.090427
26342 0.090091
4772 0.089924
22447 0.089510
15252 0.089366
18738 0.089318
4021 0.088936
18437 0.088936
4762 0.088558
15270 0.088370
7398 0.088370
20632 0.088370
5405 0.088183
18119 0.088089
18557 0.087970
11998 0.087970
24180 0.087810
18882 0.087810
6597 0.087810
11399 0.087810
26672 0.087672
2334 0.087494
16479 0.087442
13963 0.087442
14513 0.087258
18112 0.087258
11268 0.087258
13998 0.087024
29131 0.086713
11879 0.086713
24189 0.086353
28290 0.086353
7614 0.086174
24044 0.086098
19808 0.085996
23913 0.085996
29031 0.085642
5185 0.085642
13157 0.085642
16595 0.085642
7959 0.085642
4157 0.085642
22289 0.085642
18243 0.085642
24297 0.085291
23352 0.085248
8106 0.085192
18491 0.084857
5380 0.084746
29966 0.084746
21289 0.084598
25483 0.084469
19200 0.084085
25405 0.083916
11290 0.083867
17960 0.083867
18910 0.083705
24088 0.083579
25172 0.083579
8547 0.083244
24956 0.083078
14415 0.083007
2097 0.082954
11300 0.082584
20043 0.082584
10850 0.082584
21946 0.082584
25264 0.082584
7595 0.082584
29799 0.082164
12100 0.082164
25640 0.081612
25491 0.081612
2232 0.081492
20628 0.081135
28588 0.081135
29954 0.081135
581 0.081135
13869 0.080663
11629 0.080197
26473 0.080197
16677 0.080131
20290 0.080081
24827 0.079736
13337 0.079736
15520 0.079736
23037 0.079736
28635 0.079394
11771 0.079345
25294 0.079280
24981 0.079054
5182 0.079054
8907 0.078958
19124 0.078958
19657 0.078575
4819 0.078575
24914 0.078575
25769 0.078384
3438 0.078384
19078 0.078195
21222 0.078054
545 0.078054
19700 0.077944
22404 0.077819
6033 0.077819
23398 0.077819
2712 0.077401
2145 0.077078
25146 0.077078
3505 0.077078
16263 0.076713
16557 0.076652
5474 0.076568
6730 0.076441
4740 0.076441
405 0.076351
6391 0.076351
17899 0.076351
21810 0.076126
15576 0.076064
27287 0.076064
10662 0.075814
4093 0.075567
20148 0.075567
225 0.075402
18500 0.075076
13538 0.074894
29549 0.074592
18104 0.074592
25347 0.074592
4468 0.074592
22701 0.074292
27664 0.074250
3622 0.074193
9377 0.074193
20971 0.074114
3289 0.073910
11539 0.073910
2868 0.073910
22514 0.073798
6599 0.073798
22207 0.073641
19540 0.073575
18708 0.073408
14195 0.073408
21320 0.073242
26739 0.073175
27177 0.073175
3651 0.073021
12706 0.072715
26411 0.072639
11043 0.072639
16826 0.072585
16361 0.072261
24168 0.072261
14369 0.071886
13424 0.071886
318 0.071886
24522 0.071812
17312 0.071812
5810 0.071812
22460 0.071516
28287 0.071516
10002 0.071369
8811 0.071369
28502 0.070993
28708 0.070931
11547 0.070931
15883 0.070683
3941 0.070498
20381 0.070427
20395 0.070427
25404 0.070376
16374 0.070071
5366 0.070071
15441 0.070071
682 0.069769
15662 0.069769
12084 0.069769
14389 0.069719
3503 0.069649
1557 0.069649
8604 0.069470
22928 0.069470
8939 0.069370
22549 0.069232
15108 0.069173
3080 0.069173
24361 0.069025
11596 0.068878
5353 0.068820
2047 0.068820
5220 0.068683
10101 0.068586
6934 0.068586
8572 0.068412
2528 0.068412
24826 0.068412
14414 0.068010
1151 0.068010
1157 0.068010
20630 0.068010
21621 0.068010
27737 0.068010
13509 0.067725
15351 0.067725
16296 0.067678
5525 0.067678
23404 0.067678
21367 0.067443
15705 0.067350
11825 0.067350
14409 0.067219
4614 0.067219
20679 0.067163
6832 0.066702
24519 0.066447
14282 0.066338
13456 0.066067
13731 0.066067
20936 0.065692
7549 0.065532
11878 0.065444
3535 0.065320
23000 0.065320
5801 0.065320
9305 0.065320
20640 0.065268
28040 0.065136
23472 0.065136
9877 0.064953
14549 0.064832
2717 0.064232
16292 0.063936
3522 0.063877
23589 0.063877
1127 0.063877
28183 0.063352
28672 0.063179
2518 0.063064
9260 0.062835
14062 0.062779
20134 0.062496
18284 0.062496
17143 0.062496
19583 0.062496
11716 0.062160
13034 0.062160
15195 0.061938
10314 0.061827
15908 0.061827
10565 0.061662
9106 0.061390
26047 0.061254
13449 0.060851
11441 0.060851
19882 0.060851
21334 0.060851
2373 0.060851
11161 0.060533
2922 0.060453
25785 0.060453
18778 0.060453
11738 0.060322
28196 0.060217
22293 0.060217
17648 0.060217
23017 0.060061
15009 0.060061
1039 0.060061
17883 0.059905
3034 0.059802
4253 0.059545
24418 0.059291
3483 0.059291
11002 0.059291
13568 0.058913
15930 0.058913
26172 0.058788
9254 0.058788
23238 0.058540
25723 0.058540
5242 0.058392
27587 0.058392
10294 0.058294
3333 0.058294
10903 0.058172
27658 0.058099
4482 0.057809
27815 0.057521
9100 0.057236
22303 0.057095
378 0.056954
10777 0.056861
9252 0.056861
25639 0.056745
15113 0.056745
19974 0.056675
24184 0.056675
26931 0.056675
10478 0.056629
15362 0.056629
9649 0.056629
8421 0.056629
17031 0.056399
23556 0.056399
8025 0.056399
28321 0.056399
14756 0.056170
17682 0.056170
3232 0.056170
232 0.056125
29786 0.056057
28436 0.055854
20858 0.055719
7461 0.055719
14584 0.055585
29293 0.055585
22467 0.055496
73 0.055385
20595 0.055056
200 0.054408
6383 0.054280
27514 0.054090
12499 0.054090
28480 0.053775
19763 0.053775
29666 0.053775
7373 0.053526
1017 0.053526
25417 0.053526
16913 0.053465
19045 0.053157
13821 0.053035
1441 0.052854
24714 0.052854
12265 0.052553
24559 0.052315
6493 0.052315
18286 0.052080
8134 0.052080
7618 0.051615
26858 0.050821
14307 0.050821
20402 0.050543
12351 0.050488
5127 0.050268
1454 0.050268
6865 0.049835
27098 0.049728
11692 0.049728
16331 0.049728
4944 0.049728
18452 0.049621
6182 0.049462
16776 0.049409
8268 0.049199
9770 0.049199
12385 0.048990
10586 0.048938
3202 0.048784
8902 0.048784
7942 0.048784
27482 0.048579
8377 0.048579
21600 0.048375
17868 0.048174
8908 0.048174
3745 0.047974
24040 0.047974
3320 0.047776
17341 0.047579
13796 0.047579
7038 0.047579
17559 0.047433
13381 0.047191
26421 0.046999
720 0.046809
25945 0.046714
9250 0.046714
10123 0.046714
14238 0.046479
12135 0.046247
2533 0.046247
9602 0.046247
7204 0.046017
25260 0.045941
23653 0.045941
11820 0.045563
24994 0.045563
16328 0.045340
1350 0.045340
23099 0.045340
3647 0.045119
15163 0.045119
3290 0.045046
9824 0.044900
20599 0.044755
6943 0.044683
16487 0.044255
4734 0.044185
8617 0.044045
16564 0.044045
21793 0.043905
21991 0.043836
19756 0.043629
25284 0.043424
22143 0.043356
12219 0.043356
12020 0.043356
3688 0.043221
25150 0.043020
23784 0.043020
19422 0.042558
9242 0.042235
8010 0.042043
1537 0.042043
18611 0.042043
3724 0.041789
745 0.041664
29107 0.041539
2301 0.041539
5559 0.041477
25199 0.041292
44 0.041108
7396 0.041108
13372 0.040926
359 0.040926
11239 0.040806
11426 0.040806
113 0.040390
2262 0.040332
2818 0.039868
12137 0.039868
21438 0.039697
8229 0.039527
14176 0.039359
10403 0.039192
21490 0.038972
28787 0.038972
8993 0.038972
21136 0.038972
10907 0.038863
29757 0.038863
5751 0.038539
27711 0.038539
28398 0.038539
25590 0.038539
3230 0.038539
20854 0.038379
9617 0.038326
1137 0.038221
17102 0.038221
25867 0.038063
19817 0.038063
5812 0.037701
19432 0.037447
27935 0.037296
28471 0.037146
25775 0.036997
4237 0.036704
7809 0.036511
28062 0.036511
9110 0.036320
390 0.036320
20235 0.035943
12705 0.035943
25531 0.035943
29057 0.035758
23561 0.035758
12864 0.035758
19248 0.035393
18205 0.035213
20305 0.034859
4341 0.034859
21526 0.034859
5682 0.034685
245 0.034685
12474 0.034685
10146 0.034513
18623 0.034005
148 0.033675
10485 0.033675
11602 0.033512
3690 0.033512
16028 0.033512
25421 0.033351
26016 0.033192
8427 0.033192
2381 0.033192
23514 0.033033
14593 0.033033
27395 0.033033
23850 0.032722
2261 0.032722
29860 0.032568
17909 0.032416
2182 0.032416
16933 0.032416
3533 0.032265
4737 0.032116
16437 0.031821
21305 0.031821
5951 0.031676
309 0.031676
2237 0.031676
17618 0.031532
13591 0.031532
12935 0.031532
26901 0.031389
3621 0.031108
22105 0.030695
13358 0.030695
19499 0.030627
26476 0.030560
19305 0.030426
24303 0.030426
9882 0.030227
29337 0.030227
11973 0.029837
16600 0.029837
14908 0.029519
26534 0.029519
16014 0.029457
22038 0.029270
24194 0.029147
13306 0.029086
26611 0.028904
9333 0.028784
8846 0.028725
15862 0.028547
27124 0.028547
19398 0.028430
21521 0.028372
26944 0.028314
20248 0.028199
24675 0.028085
29598 0.027860
6173 0.027693
8964 0.027693
17011 0.027528
12037 0.027528
3731 0.027528
23597 0.027365
6876 0.027204
19332 0.026732
12171 0.026732
21561 0.026427
4118 0.026427
26614 0.026427
18326 0.026427
3560 0.026128
28201 0.025981
2087 0.025836
13873 0.025693
17689 0.025410
4515 0.025271
16601 0.025271
1434 0.025134
9797 0.025134
22382 0.025134
21987 0.024731
8891 0.024731
29622 0.024731
22864 0.024599
19204 0.024340
4845 0.024340
18531 0.024340
20808 0.024213
3489 0.023839
25819 0.023716
783 0.023716
6406 0.023716
16136 0.023595
7759 0.023595
5123 0.023476
13660 0.023476
21953 0.023240
5316 0.023240
15628 0.023008
25955 0.023008
23635 0.022894
22374 0.022894
20341 0.022670
19477 0.022670
23559 0.022559
2190 0.022559
10365 0.022450
2510 0.022450
28676 0.022341
18172 0.021815
28045 0.021712
10826 0.021510
7216 0.021411
25947 0.021411
13586 0.021312
25304 0.021312
25159 0.021214
12093 0.020926
8376 0.020738
12691 0.020284
4307 0.020107
5598 0.020020
6883 0.019934
28231 0.019848
15807 0.019764
16903 0.019513
10829 0.019270
22442 0.019032
28615 0.018954
14239 0.018876
18079 0.018723
10541 0.018573
13317 0.015416
24118 0.015314
22735 0.015314
24659 0.015314
18774 0.015213
22286 0.015213
17345 0.015113
26424 0.015113
2007 0.014918
29776 0.014823
29407 0.014543
13171 0.014543
5375 0.014452
16216 0.014452
18881 0.014362
4581 0.014362
4885 0.014362
2671 0.014274
21299 0.014274
26388 0.014274
29711 0.014100
29034 0.013930
21150 0.013930
14023 0.013764
29751 0.013764
17343 0.013444
8981 0.013366
15750 0.013366
18590 0.013289
20355 0.013289
5328 0.013289
18749 0.013213
23069 0.012991
29646 0.012918
21172 0.012918
10600 0.012918
8632 0.012846
76 0.012636
27046 0.012432
16484 0.012432
17726 0.012365
19807 0.012300
6097 0.012235
25113 0.012235
838 0.012170
25679 0.012107
29661 0.012107
1956 0.012043
26201 0.011981
11833 0.011919
18584 0.011919
12944 0.011919
13550 0.011919
23295 0.011798
29859 0.011798
940 0.011738
6696 0.011738
1223 0.011678
9146 0.011678
27884 0.011678
22064 0.011562
26813 0.011562
56 0.011447
3913 0.011391
13737 0.011335
28626 0.011225
12637 0.011225
23555 0.011117
16459 0.011064
17128 0.011064
19827 0.011011
3424 0.010805
19712 0.010656
23629 0.010607
19979 0.010511
29483 0.010463
24814 0.010369
27611 0.010323
17620 0.010277
23438 0.010142
28019 0.010098
483 0.010054
25536 0.010010
1877 0.010010
23353 0.009882
1927 0.009798
8425 0.009757
8615 0.009555
19903 0.009516
16593 0.009516
15423 0.009362
12031 0.009324
21281 0.009324
3369 0.009249
