6040
2 0.309902
9 0.421408
11 0.434154
14 0.132555
21 0.535087
29 0.157385
33 0.307337
34 0.275513
44 0.041108
49 1.044284
53 0.112052
55 0.468201
56 0.011447
58 0.470477
59 0.166014
61 0.320324
73 0.055385
76 0.012636
77 0.595256
87 0.548691
94 0.330335
96 1.095849
100 0.382936
104 1.028886
105 1.024631
112 0.107324
113 0.040390
115 0.319679
128 0.486117
135 0.464580
148 0.033675
160 1.069890
162 0.275643
163 0.176365
187 0.204030
190 0.427716
191 0.274525
192 0.387698
194 1.170994
196 0.466438
198 0.945958
200 0.054408
205 0.255743
206 0.128463
208 0.371117
211 0.422989
214 0.174151
221 1.075287
222 0.220223
225 0.075402
227 0.279838
231 0.232458
232 0.056125
237 0.420426
239 0.371117
241 0.443463
245 0.034685
251 1.188109
253 0.585529
271 0.950630
281 0.462468
286 0.416817
291 1.190787
293 0.152253
299 0.470092
301 1.069458
309 0.031676
310 0.429858
314 0.294496
318 0.071886
323 0.407503
325 0.365107
339 0.227281
342 0.343548
343 0.326602
357 0.550114
358 0.207238
359 0.040926
367 0.305596
370 0.110638
371 1.255942
372 0.185558
374 0.212979
378 0.056954
380 0.444681
383 0.337643
390 0.036320
394 1.098362
405 0.076351
409 0.462468
417 0.123325
420 0.575726
423 1.231700
424 1.106384
427 0.264666
428 0.212979
434 0.282503
438 0.511149
440 0.982745
454 0.183936
455 0.142298
456 0.301142
457 1.161403
458 0.396096
463 0.592185
466 0.492794
471 0.169196
483 0.010054
498 0.383026
508 1.007672
511 1.113743
512 0.315319
514 0.228545
519 0.481738
532 1.197835
540 0.337643
541 1.068201
545 0.078054
548 1.203848
553 0.593298
557 0.181756
558 0.451837
560 1.145755
561 0.541426
562 0.292897
581 0.081135
593 0.947224
603 0.281396
605 0.503274
613 0.483627
617 0.110112
620 0.148863
621 0.272634
623 0.552951
624 0.393590
636 0.545268
638 1.163728
661 0.377328
666 1.176695
680 1.045001
682 0.069769
685 1.079093
691 0.206690
695 1.053725
696 0.480784
697 1.131983
701 0.312846
702 0.102979
705 0.435118
709 0.148747
711 0.480487
720 0.046809
734 0.259967
738 0.537973
743 0.565786
745 0.041664
746 0.107779
754 1.021733
762 0.383750
763 0.177872
774 0.397664
783 0.023716
802 0.226912
805 1.167618
825 0.440446
832 1.126526
836 0.500507
837 1.156171
838 0.012170
839 0.570949
842 0.185558
844 1.186866
868 0.260880
875 1.100675
890 0.391508
893 0.104631
900 0.248433
908 0.168608
913 0.561569
922 0.218864
923 0.451713
925 0.402595
926 1.075036
940 0.011738
942 0.174516
943 0.581547
945 0.285474
954 0.525532
955 0.169713
959 0.166870
960 0.592324
977 0.211587
990 0.518118
994 0.477387
995 0.223415
997 0.271449
1004 0.225857
1005 0.412392
1008 1.209833
1010 0.243404
1011 1.088821
1013 0.590932
1016 0.570706
1017 0.053526
1023 0.351089
1024 0.412576
1033 0.521410
1035 0.575561
1036 0.322394
1039 0.060061
1040 0.447550
1042 0.919528
1050 0.110638
1061 0.578086
1066 0.345522
1078 0.225918
1083 1.113798
1087 0.387784
1102 0.109590
1125 0.338062
1127 0.063877
1128 0.549886
1129 0.307337
1132 0.129664
1137 0.038221
1138 0.376170
1149 0.180003
1151 0.068010
1153 0.346851
1154 1.064593
1157 0.068010
1167 1.043067
1168 1.091939
1172 0.299010
1176 0.970613
1179 0.105793
1183 0.170025
1194 0.261071
1210 0.536566
1211 0.129491
1213 0.575090
1223 0.011678
1226 0.301610
1228 0.178636
1232 1.167182
1243 0.142898
1252 0.601209
1256 0.456383
1260 1.123511
1265 0.425958
1280 0.486034
1290 0.271490
1294 1.073131
1299 0.235516
1300 0.390395
1303 0.180652
1304 1.156171
1305 0.422989
1314 1.156171
1317 1.079093
1327 1.136064
1328 0.402981
1334 0.249370
1338 0.373422
1350 0.045340
1352 0.546761
1364 0.167157
1366 0.547660
1368 0.193704
1369 0.201490
1370 0.232202
1373 0.190193
1374 0.441014
1378 0.160986
1379 0.142737
1390 0.609012
1392 0.360951
1400 0.103098
1401 0.254104
1409 0.519935
1418 0.385390
1423 1.150639
1434 0.025134
1435 0.468514
1440 0.361303
1441 0.052854
1447 0.166156
1448 0.265532
1450 1.097563
1451 1.064411
1454 0.050268
1455 0.130069
1458 0.472689
1470 0.223018
1474 1.227404
1480 1.199527
1487 0.353652
1490 0.484846
1491 1.131146
1531 0.360999
1535 1.037589
1536 0.116678
1537 0.042043
1544 0.141572
1547 0.474327
1548 0.544862
1549 0.133661
1553 1.264762
1557 0.069649
1561 0.327112
1563 0.415036
1564 0.115617
1573 1.076981
1583 0.166247
1591 0.270593
1592 0.541498
1606 0.563986
1608 0.538618
1609 0.968176
1620 0.505430
1627 0.334430
1628 0.541186
1632 0.453173
1635 0.348594
1636 0.153135
1641 1.015420
1653 0.442485
1658 1.032062
1662 0.593298
1669 0.149505
1671 0.300604
1672 0.583201
1679 0.096925
1686 0.093240
1696 0.135137
1699 0.215819
1702 0.493646
1708 0.491765
1710 0.200614
1714 1.081739
1719 1.062743
1731 0.424098
1732 0.289043
1735 0.156239
1739 1.091939
1746 0.260330
1756 1.047098
1760 1.167396
1793 1.117199
1797 0.369427
1798 0.572580
1804 1.144724
1806 0.513854
1836 0.953251
1837 0.294055
1841 0.237717
1843 0.966979
1845 0.480487
1846 1.136575
1851 0.346851
1852 0.395695
1855 0.427400
1856 1.186437
1867 0.116263
1874 0.204406
1877 0.010010
1878 0.587884
1883 0.208947
1884 0.232689
1892 0.352211
1893 0.280689
1896 0.221599
1900 1.052323
1915 0.185378
1924 0.483979
1925 0.570019
1927 0.009798
1931 0.491988
1939 0.129907
1943 0.519097
1950 0.361303
1953 0.872199
1956 0.012043
1974 0.450711
1980 0.416509
1982 0.421587
1986 1.035233
1988 0.223775
1991 0.481738
2007 0.014918
2008 0.240651
2022 0.375756
2029 0.421662
2030 0.541749
2031 0.342569
2035 0.560133
2037 0.275784
2039 0.453400
2041 1.134356
2047 0.068820
2059 0.429094
2073 0.121702
2078 0.305182
2087 0.025836
2089 0.129181
2090 0.337643
2092 0.371626
2096 0.383564
2097 0.082954
2099 1.074318
2100 0.359698
2109 0.342569
2110 0.183295
2140 0.217754
2141 0.148227
2145 0.077078
2152 0.120242
2155 0.202837
2157 0.231234
2168 0.124991
2172 0.283589
2178 0.310314
2182 0.032416
2190 0.022559
2195 1.008676
2200 0.351242
2208 0.983760
2223 0.540899
2229 0.599496
2232 0.081492
2233 0.583201
2237 0.031676
2238 0.207851
2242 0.212141
2249 0.587667
2260 1.216533
2261 0.032722
2262 0.040332
2265 0.231234
2277 0.167341
2285 0.571441
2292 0.552341
2296 0.934280
2301 0.041539
2309 0.507223
2314 0.550558
2328 0.231234
2334 0.087494
2337 0.592908
2339 1.050100
2346 0.612541
2347 1.105270
2350 0.103925
2353 0.972953
2361 0.197847
2363 0.972235
2367 0.976872
2373 0.060851
2375 0.425384
2377 0.987902
2381 0.033192
2382 0.466355
2393 1.207247
2417 0.392462
2419 0.221985
2425 0.535370
2431 0.371461
2437 0.102446
2443 0.445099
2446 1.243320
2451 0.573386
2458 0.454674
2465 0.326100
2466 0.359199
2472 0.593542
2477 0.542275
2480 0.375898
2490 1.170101
2493 0.339144
2495 0.588053
2500 1.069458
2510 0.022450
2518 0.063064
2519 0.126837
2525 0.178681
2528 0.068412
2532 1.089039
2533 0.046247
2534 0.392947
2538 0.540961
2541 0.301015
2542 0.357464
2543 0.507093
2547 0.101743
2548 1.045783
2573 0.474585
2575 0.115617
2582 0.387543
2584 1.037312
2595 0.380856
2598 0.128463
2604 0.536794
2605 0.244575
2610 0.479134
2614 0.306739
2616 1.047471
2625 0.516059
2640 0.953841
2642 0.399084
2647 0.391142
2649 0.365107
2650 0.510758
2656 0.157011
2668 0.537060
2671 0.014274
2672 0.203486
2676 0.431637
2679 0.896033
2683 0.280284
2691 1.142569
2696 0.302020
2702 0.584301
2712 0.077401
2717 0.064232
2719 0.549962
2725 1.114879
2738 0.962434
2739 0.408607
2741 0.272040
2748 0.574307
2765 0.358250
2769 1.083561
2775 0.470092
2782 0.264596
2783 0.128463
2784 0.448515
2798 0.276596
2801 0.394523
2803 0.525073
2805 0.490888
2807 0.106723
2808 1.045831
2812 0.292702
2816 1.103351
2817 0.314826
2818 0.039868
2827 0.580632
2829 0.350033
2832 0.581547
2834 0.204406
2844 1.193467
2850 0.570019
2868 0.073910
2880 0.501197
2881 0.205958
2895 0.360119
2896 0.174516
2922 0.060453
2929 1.118875
2935 0.525532
2937 0.547366
2951 0.159796
2971 0.265351
2975 0.397723
2976 1.192792
2979 1.196039
2982 0.547904
2984 0.526573
2986 0.308312
2993 0.253546
2996 0.409782
3001 0.284144
3002 0.939389
3003 0.146351
3005 1.198992
3006 0.363980
3010 0.276691
3014 0.182897
3018 1.043518
3023 0.273188
3034 0.059802
3040 0.462468
3046 0.396036
3047 0.569371
3049 0.967957
3067 0.204891
3073 1.121965
3079 0.516987
3080 0.069173
3081 0.178732
3082 0.184495
3094 0.350033
3105 0.301610
3125 1.213980
3128 0.338982
3129 1.008181
3131 1.131307
3133 0.437470
3134 0.187126
3144 0.138741
3152 0.319792
3157 0.438287
3164 0.345659
3168 1.128423
3177 0.279719
3178 0.523154
3192 0.309294
3195 0.241288
3199 0.376671
3200 1.037050
3202 0.048784
3211 0.266270
3216 0.581547
3217 1.150743
3222 0.584171
3230 0.038539
3232 0.056170
3233 0.281993
3236 0.570829
3238 1.114043
3254 0.416028
3259 0.123142
3270 1.107121
3288 0.229957
3289 0.073910
3290 0.045046
3294 1.103834
3297 1.123876
3299 0.339144
3301 1.064203
3303 0.248796
3305 0.558537
3307 0.572473
3316 0.963476
3320 0.047776
3331 0.152591
3333 0.058294
3337 0.575371
3341 0.556133
3345 0.222341
3349 0.380319
3351 0.229798
3352 1.196386
3360 0.592418
3361 1.002944
3362 0.413465
3363 0.435264
3369 0.009249
3373 0.944828
3374 0.922601
3388 1.169773
3398 0.983760
3401 0.457243
3403 0.496951
3404 0.359059
3405 1.179528
3407 0.583293
3415 0.146183
3418 1.141156
3424 0.010805
3426 0.213858
3432 0.223775
3433 0.599959
3437 0.159149
3438 0.078384
3452 0.316571
3459 0.201073
3464 0.578086
3469 0.166489
3483 0.059291
3489 0.023839
3494 1.190320
3503 0.069649
3505 0.077078
3506 1.027708
3508 1.161356
3509 0.535908
3522 0.063877
3526 1.090479
3533 0.032265
3535 0.065320
3539 0.204632
3552 0.199986
3560 0.026128
3567 0.302063
3568 0.368338
3569 0.309137
3578 0.975989
3581 0.358250
3587 1.189586
3590 0.163499
3592 0.585403
3596 0.590598
3597 0.510701
3601 1.231247
3604 0.536043
3606 0.375609
3607 0.340345
3612 0.328658
3615 0.146351
3619 1.060620
3620 0.263909
3621 0.031108
3622 0.074193
3623 1.053725
3625 1.082373
3630 0.447053
3633 0.121702
3637 0.346851
3639 1.126218
3644 0.279076
3647 0.045119
3651 0.073021
3653 0.588053
3660 0.211343
3666 0.487467
3676 0.320523
3688 0.043221
3689 0.481181
3690 0.033512
3696 0.152702
3702 0.973618
3703 0.357191
3707 1.172009
3716 0.354864
3719 0.219768
3723 0.605099
3724 0.041789
3727 0.145430
3731 0.027528
3741 0.349033
3745 0.047974
3749 1.309882
3753 0.286290
3762 1.033174
3763 0.507913
3766 0.151275
3770 1.188287
3771 0.540961
3772 0.394523
3777 0.132478
3781 0.434440
3790 0.314299
3791 0.452681
3795 1.088821
3796 0.162080
3805 1.131037
3810 1.010693
3812 0.351878
3817 1.143604
3818 0.343040
3821 0.291556
3824 0.396036
3827 1.027708
3847 0.106315
3855 0.143705
3856 0.482195
3863 0.559028
3868 1.144128
3872 0.505825
3877 0.221891
3880 0.319468
3893 0.096348
3894 0.448663
3895 1.215879
3897 0.998758
3900 1.088728
3911 0.152591
3913 0.011391
3921 0.137822
3924 0.230138
3928 0.222146
3929 0.189731
3932 0.338627
3933 0.223775
3941 0.070498
3945 0.406222
3954 1.205161
3957 0.535490
3958 0.226466
3963 0.215102
3975 0.486809
3979 1.103957
3981 0.490888
3987 0.144521
3988 0.277481
3989 1.016946
3994 0.301610
4003 0.564322
4011 0.406353
4014 0.340922
4015 0.583488
4016 0.239870
4021 0.088936
4029 0.091449
4030 0.201951
4032 0.587667
4050 0.311077
4054 0.423929
4058 0.281231
4063 0.255507
4071 0.952141
4081 0.312095
4084 0.209212
4087 0.435508
4088 0.443887
4091 0.278720
4093 0.075567
4094 1.082657
4096 0.488383
4099 0.554421
4101 1.170623
4103 1.150419
4105 0.387134
4106 0.442361
4117 0.270274
4118 0.026427
4122 1.173427
4132 0.540547
4134 0.545832
4135 1.245107
4137 0.122508
4140 0.135357
4146 0.355745
4152 0.274828
4154 0.284933
4157 0.085642
4162 0.585403
4163 0.386963
4170 0.318537
4176 0.226207
4182 1.071815
4184 0.584887
4189 0.462468
4191 0.132478
4197 0.365728
4203 0.095354
4204 1.166138
4207 1.137819
4216 1.156171
4226 0.163224
4232 0.572782
4237 0.036704
4249 1.031326
4253 0.059545
4255 0.507093
4265 0.114472
4266 0.401121
4282 0.210213
4293 0.152462
4294 0.546376
4301 1.219059
4303 0.425958
4307 0.020107
4308 0.255790
4331 0.281631
4336 0.230275
4341 0.034859
4355 0.305764
4372 0.265532
4376 1.194710
4379 0.601209
4387 0.320619
4389 0.385390
4402 0.474327
4405 1.068275
4408 0.962498
4414 1.012369
4429 0.586077
4431 0.149505
4433 0.583925
4436 0.145126
4439 0.437470
4444 0.262224
4451 1.240475
4462 1.217833
4463 0.432632
4464 0.250381
4466 1.071573
4468 0.074592
4470 1.163352
4471 0.549049
4472 0.354559
4479 1.192792
4482 0.057809
4486 1.224916
4488 0.970928
4489 0.480487
4490 1.086263
4500 0.346851
4515 0.025271
4516 1.042449
4518 1.085178
4523 1.066509
4526 0.225305
4527 0.269162
4539 0.124617
4544 0.302115
4555 0.111073
4565 0.434243
4569 0.193938
4581 0.014362
4586 1.179065
4588 0.353652
4590 0.342185
4599 1.121436
4600 0.604534
4603 0.390670
4604 0.287154
4607 0.136690
4614 0.067219
4621 0.303429
4634 0.903498
4640 0.227443
4642 0.307033
4644 0.528128
4648 0.503577
4652 0.453687
4661 1.129283
4662 1.128199
4674 0.119810
4676 0.171285
4679 0.545970
4683 0.562462
4684 1.075947
4690 0.192695
4691 0.263909
4693 1.101763
4696 0.580632
4706 0.474327
4711 1.019802
4713 0.119604
4718 0.106179
4724 1.056400
4734 0.044185
4736 0.211173
4737 0.032116
4740 0.076441
4751 0.891505
4753 0.964256
4759 0.255874
4762 0.088558
4765 0.328992
4768 0.268232
4770 0.422254
4772 0.089924
4776 1.081797
4778 0.589647
4794 0.182254
4796 0.547660
4806 1.098362
4807 1.161403
4810 0.398152
4813 0.373293
4819 0.078575
4825 0.198201
4826 0.270593
4830 0.976765
4835 1.122308
4839 0.585282
4840 0.465205
4845 0.024340
4846 0.458000
4851 0.254104
4876 1.118264
4878 1.214303
4880 0.318100
4884 0.269399
4885 0.014362
4893 1.171186
4894 0.427716
4901 0.450456
4909 0.473286
4924 0.567446
4925 0.488032
4941 0.319277
4944 0.049728
4949 0.346851
4965 0.372231
4971 0.509901
4975 0.184420
4990 0.456577
5006 0.511580
5008 0.120907
5013 0.202330
5014 0.402795
5026 0.099242
5031 1.086100
5033 0.588110
5038 1.180563
5040 0.904829
5044 0.199542
5051 1.104622
5057 0.541804
5063 0.098398
5066 0.276999
5068 0.156946
5069 0.098398
5075 0.543261
5088 0.334490
5091 0.210213
5093 0.598019
5106 0.107551
5109 1.193954
5115 0.526387
5117 0.236207
5123 0.023476
5127 0.050268
5131 0.565239
5140 1.231247
5142 0.399664
5144 0.460047
5154 0.269399
5155 1.063677
5160 0.225228
5166 0.094381
5169 1.190513
5173 0.449255
5177 0.471033
5181 0.525532
5182 0.079054
5185 0.085642
5189 0.435378
5202 1.063020
5205 0.389206
5220 0.068683
5233 1.190513
5242 0.058392
5244 0.953334
5248 0.204891
5258 0.513854
5262 1.071314
5268 0.255874
5271 1.112126
5274 1.065491
5278 1.163094
5280 0.581547
5296 1.156171
5298 0.946864
5299 0.191807
5300 0.095028
5302 0.459841
5305 0.244394
5308 0.216782
5312 0.231234
5314 0.573228
5316 0.023240
5325 0.268530
5326 0.240079
5328 0.013289
5333 0.354559
5334 0.556899
5336 0.593298
5340 0.286063
5344 0.282258
5351 0.572246
5352 0.264956
5353 0.068820
5357 0.493300
5365 1.192463
5366 0.070071
5368 1.062128
5374 0.161769
5375 0.014452
5380 0.084746
5390 1.145848
5393 0.454728
5398 0.305654
5400 0.232526
5401 1.105903
5405 0.088183
5427 0.131112
5428 0.400806
5429 0.276927
5437 1.114879
5445 0.496951
5449 0.486185
5450 0.223775
5455 0.226314
5457 0.342185
5459 1.218480
5461 0.966190
5465 0.333311
5467 0.325028
5471 0.523370
5474 0.076568
5477 0.876763
5478 1.004768
5479 0.388473
5480 0.287247
5491 0.983410
5498 0.214451
5507 0.213858
5510 0.455461
5511 0.156048
5514 0.962434
5515 0.237428
5516 0.456383
5519 0.441849
5521 0.241745
5525 0.067678
5528 0.298786
5529 1.067988
5530 0.146043
5537 1.076435
5557 0.187234
5559 0.041477
5561 0.182301
5568 0.241398
5573 0.150805
5580 0.205127
5593 0.382282
5598 0.020020
5599 0.348594
5607 1.168876
5612 0.092494
5621 0.387543
5625 0.454449
5626 0.413380
5629 0.451958
5630 0.256927
5631 0.325682
5634 0.205542
5639 1.089370
5641 0.205542
5642 0.124319
5645 0.298367
5647 0.099242
5648 0.263909
5655 0.239621
5666 0.456383
5668 0.320170
5671 0.251342
5677 0.131112
5678 0.232689
5679 0.526863
5682 0.034685
5688 0.420426
5690 0.437159
5691 1.002015
5692 1.004768
5695 0.102771
5696 0.592185
5700 0.120122
5709 1.139251
5712 1.080973
5722 1.171451
5723 0.346851
5724 1.061790
5729 0.547117
5735 0.554962
5737 0.294055
5744 0.470477
5751 0.038539
5753 0.519297
5755 1.059202
5757 0.521507
5764 1.149712
5775 0.460109
5776 1.195363
5781 0.354559
5789 0.341824
5790 0.125368
5791 0.454563
5793 1.156171
5794 1.161049
5795 0.158507
5801 0.065320
5803 0.503274
5804 1.296156
5810 0.071812
5812 0.037701
5827 0.092958
5831 0.092494
5833 0.182185
5836 0.922010
5838 1.268059
5842 0.153227
5860 1.014699
5862 1.342222
5867 0.092084
5868 0.255636
5888 0.303641
5894 1.088161
5895 1.185075
5901 1.138384
5903 0.560915
5905 0.459913
5911 0.290556
5912 0.440446
5913 0.091881
5920 0.530354
5923 0.544947
5943 0.210213
5947 1.127972
5951 0.031676
5956 0.327499
5960 0.106071
5968 0.226207
5970 0.240392
5973 0.278595
5975 0.412392
5993 0.189059
6017 1.088771
6025 0.512779
6027 0.274591
6029 0.495502
6033 0.077819
6037 0.449622
6038 0.382205
6041 1.097383
6052 1.200076
6062 0.489806
6067 0.405674
6068 0.413938
6075 1.074751
6077 0.974181
6080 0.481738
6085 0.493781
6086 0.292702
6087 0.462468
6089 0.197075
6096 0.150805
6097 0.012235
6102 0.110638
6103 0.556133
6117 0.504878
6120 0.420426
6123 0.567178
6129 1.066371
6138 0.379962
6139 0.553381
6140 0.596733
6141 0.236806
6142 0.385390
6146 0.493154
6147 0.497278
6153 0.595756
6158 0.166755
6160 1.162162
6162 1.022972
6168 1.062743
6169 0.215819
6170 0.428779
6173 0.027693
6177 0.133404
6179 0.583112
6182 0.049462
6195 0.437089
6197 0.393590
6201 0.485464
6204 0.445234
6214 0.572782
6225 1.156171
6226 0.240651
6229 0.454887
6237 0.936645
6240 0.371461
6247 0.360886
6261 0.310035
6270 1.031660
6273 0.263193
6287 1.304161
6298 0.531064
6301 0.515322
6320 0.215102
6321 0.269969
6323 0.457091
6333 0.316628
6335 0.412918
6340 1.031660
6341 0.450610
6351 0.256927
6356 0.364445
6359 0.241165
6360 0.383329
6361 0.336341
6370 0.185482
6372 0.116101
6383 0.054280
6387 0.106489
6391 0.076351
6393 0.161059
6397 0.215659
6403 1.113743
6406 0.023716
6409 0.411330
6410 1.224181
6411 0.476412
6412 0.495502
6430 1.100526
6432 0.466438
6433 1.094673
6435 0.523370
6438 1.128311
6440 0.459913
6448 1.005869
6449 0.935692
6451 0.210213
6464 0.567701
6473 0.454390
6474 0.419395
6484 0.453173
6493 0.052315
6501 1.144609
6502 0.158213
6505 1.204633
6506 0.125368
6507 1.201217
6511 0.994427
6520 1.030370
6524 0.528251
6531 0.190256
6540 0.175939
6541 0.299366
6544 1.115956
6548 0.892978
6565 0.523154
6576 0.536368
6577 0.454449
6578 0.096925
6580 1.058539
6581 0.103692
6588 0.230138
6592 0.491988
6593 0.399320
6597 0.087810
6599 0.073798
6604 1.178405
6606 0.303908
6607 0.173171
6629 0.205301
6634 1.019420
6635 1.093675
6637 0.356486
6639 1.024327
6640 0.393337
6650 0.427054
6652 0.217967
6663 0.095948
6670 0.570167
6676 1.258344
6678 0.093025
6684 0.299109
6691 1.294063
6696 0.011738
6702 0.459504
6704 0.266343
6716 0.273188
6719 0.387618
6721 0.241745
6724 0.315972
6730 0.076441
6734 0.174297
6741 0.100537
6742 0.316426
6762 0.490497
6763 1.082131
6766 0.258122
6769 0.538323
6772 0.563263
6773 0.178681
6778 0.333621
6782 0.289043
6796 0.144521
6804 0.488383
6805 0.309137
6808 0.219725
6811 1.036567
6832 0.066702
6834 0.156239
6835 0.432949
6847 0.534511
6851 0.150302
6854 0.137491
6856 0.476985
6859 0.287843
6860 0.096796
6865 0.049835
6866 0.449255
6868 0.385390
6869 1.006988
6870 0.437470
6871 0.281993
6873 0.383393
6875 0.259142
6876 0.027204
6877 0.354654
6883 0.019934
6886 0.479388
6887 1.118875
6889 0.536619
6901 1.024455
6903 0.597143
6906 0.132555
6911 0.442789
6912 0.276999
6920 1.090104
6921 0.499256
6927 0.551128
6932 0.161561
6934 0.068586
6940 0.286485
6943 0.044683
6945 0.105106
6959 0.167735
6961 0.337217
6976 0.113048
6979 0.317180
6981 0.159796
6982 0.198606
6987 0.157871
6988 0.412472
6991 0.320851
6992 0.107053
6993 0.248639
7006 0.483979
7017 0.177872
7027 0.328458
7032 0.412200
7038 0.047579
7039 0.365794
7040 1.142014
7044 0.988830
7049 1.124639
7052 0.549570
7055 0.369427
7059 0.412392
7061 0.184495
7070 0.391922
7075 0.343985
7089 0.130698
7097 0.257989
7106 0.426549
7108 0.169439
7111 0.093240
7112 1.034747
7115 0.222876
7116 0.529331
7120 0.474030
7121 0.616625
7125 0.137173
7127 0.349033
7129 1.198105
7139 0.422254
7147 0.181990
7151 0.373422
7170 1.114128
7175 0.459841
7177 0.552706
7185 0.469171
7186 0.405482
7199 0.145823
7201 1.068138
7203 0.139438
7204 0.046017
7205 0.479388
7206 0.122508
7210 0.330335
7213 0.199702
7214 0.236490
7216 0.021411
7217 1.065688
7218 0.512465
7224 0.169196
7231 0.175939
7234 0.241165
7240 1.042351
7241 0.218735
7243 0.600442
7244 0.240392
7250 0.317629
7251 1.122023
7254 0.497278
7256 0.111888
7258 1.091939
7259 0.106873
7262 0.235953
7267 0.315782
7268 0.337876
7272 0.528832
7295 0.283144
7301 0.558152
7305 0.492305
7324 0.464629
7329 0.404986
7337 0.167735
7341 0.578086
7343 0.541186
7346 1.184370
7354 0.393386
7360 0.477884
7364 0.488321
7366 0.432389
7373 0.053526
7387 0.248154
7390 0.317380
7394 0.465288
7396 0.041108
7398 0.088370
7408 0.535490
7419 1.133501
7428 0.433564
7431 0.194603
7439 0.253675
7447 1.193467
7448 0.263081
7452 0.424918
7457 1.177192
7460 1.076981
7461 0.055719
7468 0.368087
7474 0.377120
7481 0.877095
7484 0.540267
7490 0.465288
7492 1.213032
7494 0.220223
7504 0.336749
7508 1.037050
7511 0.431976
7512 0.221277
7518 0.328295
7519 0.109166
7522 1.044284
7525 0.474719
7530 0.114978
7541 0.287843
7549 0.065532
7561 0.416980
7568 0.104631
7570 1.090727
7584 0.469337
7590 0.186302
7591 0.490033
7595 0.082584
7604 1.060356
7609 0.330335
7614 0.086174
7618 0.051615
7624 0.281993
7627 1.119813
7640 1.092529
7643 1.115839
7647 1.156171
7649 0.980994
7651 0.332029
7653 0.195134
7654 0.251602
7657 0.186479
7661 0.544080
7662 0.337876
7666 0.339666
7668 0.166567
7671 0.466438
7675 0.303908
7678 0.177872
7684 1.093521
7698 0.335469
7701 0.268877
7707 0.355745
7709 1.064593
7714 0.603778
7729 0.145126
7736 0.234585
7738 0.232526
7741 0.210213
7742 1.094011
7744 1.099310
7746 0.241288
7747 0.247232
7748 0.245994
7751 1.260416
7752 1.192992
7755 0.326281
7759 0.023595
7782 0.454887
7808 0.221181
7809 0.036511
7822 1.178549
7823 0.426682
7826 0.144521
7827 0.935948
7831 0.156390
7837 0.271201
7844 0.578086
7845 0.263081
7847 0.140996
7849 1.145660
7870 0.441849
7871 1.151293
7878 0.365107
7880 1.184718
7897 1.156171
7916 0.477447
7935 0.572580
7939 0.211587
7940 0.486809
7942 0.048784
7945 0.456383
7948 0.234585
7955 0.489149
7958 1.135401
7959 0.085642
7973 0.209262
7982 0.558489
7983 0.121702
7987 0.452191
7991 0.442554
7992 1.057773
7994 1.095320
7999 1.156171
8010 0.042043
8020 0.498188
8024 0.121171
8025 0.056399
8028 0.513854
8029 0.557682
8030 1.044662
8032 0.212629
8038 1.137217
8059 0.410254
8063 0.099456
8067 0.154156
8074 1.033174
8075 0.316628
8078 0.227977
8086 0.289043
8089 0.197766
8091 0.431637
8094 0.332160
8099 0.510758
8101 0.584438
8106 0.085192
8115 0.511383
8134 0.052080
8136 1.121486
8143 0.127917
8148 0.503806
8149 0.527214
8155 0.328866
8172 0.185558
8183 0.520580
8186 0.497278
8187 0.434363
8193 0.513854
8204 0.611528
8205 0.401544
8209 0.254750
8216 0.191555
8217 0.403569
8229 0.039527
8233 0.159149
8235 0.482253
8236 0.140996
8237 0.289043
8238 1.103014
8247 0.595256
8248 0.598980
8249 0.140142
8252 1.020151
8256 0.196199
8264 0.267632
8268 0.049199
8276 0.554544
8282 0.157149
8292 0.464533
8293 0.195017
8298 0.204303
8300 0.584887
8301 0.381290
8313 0.195198
8327 0.445234
8331 0.120242
8334 0.221394
8354 0.265177
8355 0.521507
8361 1.048118
8367 0.388629
8370 0.394149
8376 0.020738
8377 0.048579
8379 0.998758
8380 0.328911
8382 0.226700
8399 0.411915
8406 0.423929
8407 0.212792
8417 0.299244
8419 1.012270
8420 1.059823
8421 0.056629
8424 1.146616
8425 0.009757
8427 0.033192
8434 0.195409
8436 0.493898
8448 1.230763
8454 0.532618
8462 0.560982
8463 0.225228
8468 0.447550
8470 0.273650
8473 0.099575
8474 1.073587
8484 0.268283
8487 1.186437
8499 1.072203
8504 0.285935
8506 0.574403
8508 0.389206
8514 0.261071
8527 1.062128
8529 0.397434
8530 0.470307
8533 0.261775
8535 0.249690
8547 0.083244
8551 0.146636
8560 1.121829
8562 0.445878
8572 0.068412
8575 1.115839
8576 0.462468
8580 0.380747
8581 1.084655
8584 1.049856
8586 0.537060
8598 0.424157
8604 0.069470
8606 0.434243
8610 0.096348
8615 0.009555
8617 0.044045
8620 0.253612
8632 0.012846
8642 0.231234
8643 0.466616
8647 0.479242
8662 0.526030
8671 0.554962
8675 0.499256
8695 0.244477
8696 0.393590
8704 1.093107
8710 0.314299
8734 0.970358
8737 0.442554
8740 0.336155
8742 0.247751
8748 0.529912
8756 0.348303
8760 0.540547
8761 0.323231
8763 0.218145
8767 1.096880
8793 0.537060
8794 0.434195
8798 0.213917
8806 0.464488
8810 0.513854
8811 0.071369
8814 0.538491
8820 0.516348
8828 0.167735
8834 0.228826
8842 0.153135
8846 0.028725
8855 0.258523
8858 0.528887
8867 0.148814
8868 0.404344
8874 0.310799
8876 1.156171
8886 1.263445
8888 0.240651
8891 0.024731
8899 0.097157
8901 0.193938
8902 0.048784
8904 1.007944
8906 0.437840
8907 0.078958
8908 0.048174
8913 0.308312
8915 0.458646
8918 0.111438
8920 1.174523
8921 1.067235
8922 1.055925
8929 0.439052
8930 1.109390
8935 0.427281
8939 0.069370
8942 0.998758
8948 0.169196
8963 0.453173
8964 0.027693
8970 0.509710
8978 0.559438
8979 0.309023
8981 0.013366
8983 0.198201
8993 0.038972
8996 0.408060
8998 0.274591
9021 1.156171
9023 0.238181
9028 0.138238
9030 0.358040
9033 0.969692
9040 0.499966
9048 0.289043
9054 0.964389
9076 1.066247
9077 0.221394
9080 0.102446
9081 0.261227
9089 0.177872
9091 0.360641
9095 0.453824
9100 0.057236
9106 0.061390
9110 0.036320
9111 0.155754
9113 0.370568
9128 0.254830
9134 1.144946
9139 0.139298
9141 0.515322
9143 0.391708
9145 0.150805
9146 0.011678
9147 1.113350
9167 0.323488
9175 0.362302
9184 0.276927
9191 0.154156
9193 1.122365
9216 0.236154
9218 0.110992
9228 0.459504
9237 0.154951
9242 0.042235
9243 1.127972
9247 0.261227
9250 0.046714
9252 0.056861
9254 0.058788
9257 0.444681
9260 0.062835
9264 0.250867
9270 0.127818
9274 0.333621
9282 0.177872
9284 0.346851
9296 1.097631
9305 0.065320
9307 0.226096
9309 0.187804
9313 0.299010
9323 0.523549
9325 0.570768
9333 0.028784
9338 0.118306
9340 0.366591
9341 0.518795
9342 0.584438
9351 0.489806
9352 0.111888
9354 1.081739
9359 0.501472
9360 0.264596
9362 0.230084
9365 1.306525
9371 0.300304
9372 0.504878
9377 0.074193
9385 0.555366
9389 0.343122
9390 0.478767
9400 0.517234
9402 0.992870
9414 0.194603
9427 0.599959
9434 1.022030
9444 0.439909
9449 0.500331
9458 0.353540
9471 0.096796
9473 1.174971
9479 1.218537
9480 0.243404
9489 1.091425
9490 0.294710
9514 0.299927
9521 1.045126
9528 0.440913
9532 0.298035
9533 0.289043
9534 0.299109
9550 1.149410
9555 0.595393
9557 0.434154
9562 0.103397
9566 0.326998
9572 1.272341
9577 1.102645
9585 1.011650
9601 1.097183
9602 0.046247
9603 0.437470
9605 0.158690
9610 0.281396
9617 0.038326
9627 0.328380
9630 0.365794
9633 0.502109
9644 0.244951
9649 0.056629
9658 1.107121
9659 1.123449
9663 0.151985
9680 0.524131
9686 1.165887
9690 0.324539
9699 1.004217
9700 0.154156
9701 0.127285
9703 1.019420
9706 0.465377
9711 0.107195
9715 0.146183
9720 1.205580
9723 0.260399
9728 1.131307
9735 0.526999
9737 0.378629
9747 0.223775
9750 0.524887
9760 0.179020
9762 0.453219
9770 0.049199
9780 0.317575
9781 0.568287
9790 0.498979
9794 0.273380
9797 0.025134
9799 0.264596
9802 0.152882
9805 0.200403
9810 0.532686
9813 0.230084
9815 0.574307
9818 0.390208
9824 0.044900
9827 0.597143
9831 0.590653
9842 0.274734
9844 1.156171
9847 0.123875
9861 0.492443
9863 0.208220
9869 0.106489
9877 0.064953
9881 0.584730
9882 0.030227
9885 0.290622
9891 1.051065
9894 0.247367
9898 0.194860
9910 1.117448
9912 0.222089
9915 0.558152
9917 0.179020
9922 0.578086
9927 0.278249
9936 0.154801
9937 0.300708
9941 0.561755
9944 1.112950
9950 0.400806
9951 0.119604
9955 0.238693
9962 0.133772
9967 0.385390
9975 0.128463
9979 0.328203
9985 0.467025
9988 0.275959
9990 0.363739
9994 1.086801
9995 0.269969
10002 0.071369
10010 0.124991
10014 0.358250
10016 0.225594
10027 0.437208
10028 0.332313
10031 0.201073
10039 0.961154
10052 0.348095
10056 0.506984
10060 1.197960
10066 0.331688
10080 0.160261
10083 0.525532
10084 0.231234
10088 0.428902
10089 0.291962
10091 0.103925
10093 0.168170
10096 0.232202
10097 0.251342
10101 0.068586
10102 0.194314
10123 0.046714
10135 0.308312
10138 1.077596
10146 0.034513
10147 0.183060
10158 0.337217
10178 0.222341
10190 0.561569
10195 0.411398
10199 0.168608
10200 0.567178
10205 0.188214
10214 0.311458
10217 0.197636
10219 0.256927
10223 0.535787
10227 1.074559
10243 0.394790
10244 0.231234
10251 1.148712
10258 0.388549
10259 1.212417
10263 1.079875
10264 0.212735
10269 0.440913
10276 0.362720
10285 1.094011
10289 1.074120
10290 1.019420
10294 0.058294
10295 0.201073
10298 0.203602
10306 0.342569
10314 0.061827
10315 0.092958
10319 0.480105
10326 0.564211
10332 0.469511
10354 1.096369
10357 0.336538
10360 0.327499
10364 0.474639
10365 0.022450
10371 0.371117
10376 1.021517
10384 0.129774
10386 0.932201
10387 0.941307
10403 0.039192
10404 0.370568
10407 0.588993
10409 1.091339
10413 1.108787
10417 0.119193
10423 0.501197
10424 1.069022
10433 1.222873
10440 0.570019
10442 0.229053
10445 0.362174
10446 0.380690
10458 1.170445
10467 0.206635
10472 0.387784
10474 0.488895
10478 0.056629
10483 1.079875
10485 0.033675
10489 0.214451
10491 0.152462
10496 0.192695
10500 0.570949
10503 1.180770
10506 0.255507
10516 0.355745
10517 0.415582
10518 1.163535
10522 0.972127
10525 0.272804
10531 0.552951
10532 0.131268
10541 0.018573
10542 0.395147
10548 1.105462
10550 0.541498
10552 0.568451
10563 0.387877
10564 0.916727
10565 0.061662
10579 0.450456
10583 1.076826
10584 1.056400
10586 0.048938
10589 0.256927
10598 1.004840
10600 0.012918
10603 1.140038
10605 0.511486
10607 0.306455
10619 0.249021
10620 0.154156
10621 0.475682
10622 0.544793
10627 0.317810
10633 1.070529
10635 0.307033
10645 0.146483
10650 0.499652
10653 0.304552
10654 0.263688
10660 0.116589
10662 0.075814
10671 0.468580
10672 0.442789
10679 0.505346
10691 1.140891
10709 0.343601
10716 0.419197
10724 0.462468
10728 1.002015
10731 0.305764
10738 0.459982
10744 1.047355
10745 0.541498
10752 0.366121
10760 0.181087
10762 1.213032
10765 0.131508
10767 0.570768
10771 0.225228
10775 0.293114
10777 0.056861
10782 0.248862
10783 0.544734
10791 0.157916
10797 0.303641
10803 1.232467
10807 0.421587
10814 0.208220
10815 0.296454
10825 0.570578
10826 0.021510
10827 0.289043
10829 0.019270
10831 0.499256
10838 0.104674
10845 0.130698
10848 0.281631
10850 0.082584
10852 1.181196
10862 0.180854
10863 1.079940
10866 0.478887
10868 0.265109
10870 0.168511
10871 1.249078
10873 0.188560
10876 1.222067
10888 0.411621
10891 0.220680
10894 0.133772
10896 0.490497
10900 0.205958
10902 1.057934
10903 0.058172
10907 0.038863
10910 0.202049
10914 0.503577
10919 0.102771
10923 0.389206
10925 0.224985
10933 0.392093
10938 0.481738
10939 0.584301
10944 0.165167
10947 0.302063
10953 1.014185
10959 0.485464
10965 0.254237
10972 1.043067
10982 0.530147
10983 0.182553
11002 0.059291
11010 0.337423
11013 0.177116
11016 0.353479
11021 0.200614
11041 1.198544
11043 0.072639
11049 0.216782
11052 0.252255
11053 0.549049
11070 0.222876
11077 0.136020
11078 0.412918
11080 0.436100
11086 1.010977
11103 1.046059
11108 0.404986
11111 1.124055
11115 0.308312
11122 0.210213
11123 1.091939
11128 1.063894
11131 0.194237
11134 0.169196
11137 0.488953
11141 0.316920
11144 0.325524
11161 0.060533
11163 0.882341
11164 0.268098
11168 0.475315
11177 1.093336
11179 0.394031
11181 0.277878
11192 0.158507
11194 0.454021
11210 1.234195
11218 0.184987
11227 0.348789
11239 0.040806
11244 0.328715
11257 0.186856
11267 0.139169
11268 0.087258
11286 1.199800
11290 0.083867
11292 0.471718
11299 0.097248
11300 0.082584
11304 1.061220
11310 0.208220
11320 0.162841
11322 0.184420
11328 0.149183
11333 0.177021
11340 1.312059
11342 0.428693
11344 0.582710
11351 0.578086
11357 0.296093
11362 0.341596
11366 0.320787
11368 1.029951
11371 1.022299
11376 1.189586
11378 0.300708
11385 0.102771
11389 0.447550
11390 0.945440
11396 0.204347
11397 0.439848
11399 0.087810
11403 0.551072
11407 1.126777
11411 0.531064
11421 0.610364
11426 0.040806
11431 1.206006
11433 0.352936
11437 0.523549
11439 0.240079
11441 0.060851
11450 0.185558
11454 0.091277
11463 0.500221
11466 0.515022
11476 0.378187
11487 1.073933
11490 0.274525
11503 0.389872
11504 0.550558
11516 0.388801
11517 0.116145
11527 0.533617
11531 1.060356
11533 0.445410
11535 0.486240
11537 0.409362
11539 0.073910
11544 1.094600
11547 0.070931
11548 0.232458
11551 1.135150
11560 0.583389
11561 0.204030
11566 1.171866
11569 0.163706
11577 1.132381
11578 0.317015
11585 0.108700
11596 0.068878
11601 1.077341
11602 0.033512
11606 1.161356
11624 0.181360
11625 0.209348
11627 0.409477
11628 0.147596
11629 0.080197
11631 0.211414
11648 0.578086
11653 1.111892
11657 0.539546
11665 0.563633
11666 0.346851
11673 0.359482
11682 0.317121
11686 0.396096
11687 0.565680
11692 0.049728
11693 1.311328
11704 0.586077
11710 1.045709
11716 0.062160
11721 1.088161
11722 0.942065
11725 0.487836
11729 0.385390
11736 1.195034
11738 0.060322
11746 0.542128
11754 1.135150
11764 0.444681
11767 0.340050
11771 0.079345
11783 0.583925
11788 1.099496
11790 0.334681
11798 1.058006
11801 0.575027
11802 0.587884
11804 0.409782
11807 1.001660
11808 1.045474
11820 0.045563
11823 0.924937
11825 0.067350
11827 0.512465
11833 0.011919
11838 0.565239
11848 0.094768
11849 0.549570
11867 0.264666
11868 0.587261
11875 0.258074
11878 0.065444
11879 0.086713
11880 0.128463
11881 0.521687
11890 0.570706
11895 1.127972
11901 1.245874
11902 0.263583
11904 1.082597
11906 1.073587
11907 1.054753
11908 1.079730
11913 0.265532
11914 0.234994
11915 0.154156
11917 0.476070
11923 0.504878
11930 1.032846
11938 1.183568
11939 0.286063
11944 0.160751
11958 0.290339
11965 0.296454
11973 0.029837
11998 0.087970
12004 0.232244
12010 0.343040
12012 0.478416
12017 0.599496
12020 0.043356
12022 0.477667
12029 1.091540
12031 0.009324
12037 0.027528
12043 1.097383
12044 0.443783
12059 0.496367
12071 0.483754
12075 0.960511
12079 0.126304
12084 0.069769
12086 0.529912
12093 0.020926
12098 0.991004
12100 0.082164
12104 0.093025
12112 0.281756
12125 0.492794
12128 1.146029
12129 0.145823
12133 0.326223
12135 0.046247
12136 0.269600
12137 0.039868
12154 0.231234
12159 0.574961
12160 0.428629
12166 0.911335
12167 0.115617
12169 1.151078
12171 0.026732
12173 0.203486
12178 0.166655
12184 0.283787
12187 0.146351
12189 0.174516
12200 0.599496
12201 0.295193
12204 0.533617
12206 0.230275
12210 0.574307
12211 0.168170
12213 0.311663
12219 0.043356
12221 0.525532
12227 0.991004
12233 1.125476
12246 0.187995
12255 0.418051
12260 0.546376
12261 0.204030
12265 0.052553
12266 0.205237
12268 0.404099
12272 0.275513
12276 0.112114
12279 0.244692
12286 0.568609
12289 0.340468
12297 0.544080
12298 1.126270
12314 0.165167
12318 0.588347
12322 0.300304
12331 0.111438
12332 0.282620
12336 0.986599
12340 1.085385
12342 1.086522
12346 0.212485
12349 0.379461
12351 0.050488
12365 0.149183
12376 0.161864
12378 0.197075
12385 0.048990
12386 1.118528
12388 1.046639
12399 0.492794
12405 1.172609
12412 1.244354
12415 0.296998
12419 0.408607
12429 0.406070
12434 0.196474
12440 0.160162
12447 0.972067
12457 0.193849
12474 0.034685
12477 0.240392
12480 0.300604
12489 1.074927
12499 0.054090
12500 0.141310
12515 0.467388
12516 0.332233
12517 0.252255
12518 0.108700
12521 0.535490
12527 0.308312
12540 0.291744
12545 0.502228
12547 1.240139
12555 0.575646
12562 0.163372
12571 1.229083
12574 0.360365
12578 1.052061
12580 1.176695
12586 1.068361
12587 0.431115
12591 0.383791
12596 1.110382
12614 0.342569
12615 0.187487
12617 0.211224
12618 0.970928
12619 0.251552
12624 0.439450
12625 0.528887
12632 0.464915
12633 0.132675
12637 0.011225
12641 0.247367
12642 1.045126
12643 0.439052
12646 0.462468
12655 1.031326
12661 0.564211
12675 1.213980
12677 0.228693
12683 0.323538
12687 0.378119
12691 0.020284
12696 0.273830
12705 0.035943
12706 0.072715
12709 0.249234
12710 0.483490
12722 0.553659
12729 0.272040
12737 0.525532
12748 1.144836
12750 0.898426
12753 0.183936
12754 0.203400
12764 0.594989
12765 0.210213
12767 0.168879
12769 1.006019
12774 0.424417
12775 0.418190
12778 0.522500
12787 0.513854
12794 0.347974
12795 0.516148
12798 0.154894
12802 0.102015
12804 0.423109
12805 0.290387
12808 1.008225
12810 0.231234
12812 0.924937
12822 0.097157
12825 0.328295
12827 0.106929
12836 0.349033
12837 0.478032
12844 0.316571
12850 0.424716
12852 0.491117
12854 1.102144
12855 1.081095
12856 0.529331
12858 0.168608
12859 1.241257
12864 0.035758
12873 1.194167
12876 0.310192
12881 1.106520
12883 0.467974
12888 0.281503
12891 0.452191
12901 0.478887
12907 0.219274
12912 0.298367
12914 0.414151
12916 0.521410
12920 0.957970
12922 0.393860
12926 0.303740
12933 0.305229
12935 0.031532
12939 0.239208
12941 0.578086
12944 0.011919
12946 1.089585
12961 0.532745
12967 0.275279
12976 0.954456
12982 0.573145
12985 0.473612
12990 1.150054
13001 0.351878
13011 1.145160
13034 0.062160
13035 0.416028
13036 0.399154
13038 0.317380
13050 1.077178
13055 0.106315
13062 0.167935
13070 0.462468
13074 1.024930
13088 0.115617
13092 0.369975
13098 1.109924
13101 0.102015
13102 0.234585
13103 0.498740
13110 1.034163
13113 1.084256
13115 1.127624
13116 0.403569
13120 0.204030
13141 1.063264
13144 1.305793
13146 0.535370
13149 0.118245
13153 1.215767
13157 0.085642
13160 0.396401
13162 0.472308
13165 0.575090
13168 0.263909
13171 0.014543
13180 1.115839
13185 0.487405
13189 0.382124
13191 1.162703
13193 0.242130
13194 1.137623
13195 0.541426
13199 0.128463
13200 1.306976
13203 0.208857
13204 0.512588
13223 0.376428
13225 0.323231
13231 0.375898
13236 0.569542
13237 0.111289
13239 0.155888
13249 0.216426
13251 0.467261
13256 0.177872
13268 0.306739
13269 0.428629
13278 0.425958
13292 0.458000
13295 0.455039
13296 0.472745
13306 0.029086
13317 0.015416
13319 0.340050
13322 0.234431
13324 0.418190
13325 0.467815
13326 0.286391
13329 0.453824
13334 1.085385
13336 0.375380
13337 0.079736
13340 0.259059
13344 0.591960
13354 0.378858
13358 0.030695
13359 0.356486
13362 0.256927
13370 0.338982
13372 0.040926
13373 1.156171
13379 0.255433
13381 0.047191
13387 0.188763
13392 0.351476
13396 0.489903
13405 0.472979
13407 0.415036
13417 1.071573
13424 0.071886
13425 0.323488
13433 1.161310
13435 0.123142
13437 0.180652
13441 0.192695
13449 0.060851
13450 0.392462
13451 0.192695
13456 0.066067
13459 0.349211
13465 0.505123
13474 0.129015
13477 0.300474
13478 0.215319
13485 1.219444
13488 1.100586
13491 0.442251
13492 0.360951
13496 1.175935
13509 0.067725
13510 0.234290
13512 0.211414
13520 0.459406
13522 1.052011
13525 0.954637
13526 0.914182
13527 0.395695
13531 0.227105
13535 0.197847
13536 1.182152
13538 0.074894
13547 0.327112
13550 0.011919
13556 1.096880
13563 0.295980
13568 0.058913
13571 0.544862
13576 0.528887
13582 1.161310
13586 0.021312
13591 0.031532
13593 0.092958
13597 0.277481
13599 0.138939
13600 0.385390
13615 0.535370
13617 0.370568
13618 0.222876
13622 0.408060
13628 1.060707
13632 0.125920
13637 0.271346
13653 0.213917
13656 0.289043
13660 0.023476
13666 1.192792
13670 1.068913
13671 0.509659
13675 0.510866
13676 0.269773
13677 0.495502
13681 0.216475
13689 1.086907
13699 0.525073
13711 0.194237
13714 0.304256
13715 0.310035
13717 0.351476
13724 0.512642
13725 0.935948
13726 0.552951
13731 0.066067
13734 0.282321
13737 0.011335
13742 0.097157
13750 0.489903
13756 1.265975
13757 0.422447
13761 0.262482
13771 0.244951
13780 0.171285
13785 0.292085
13786 0.456759
13789 0.153304
13792 1.202953
13796 0.047579
13810 0.215102
13821 0.053035
13824 1.027708
13830 0.959036
13832 0.989682
13836 1.317915
13838 0.351476
13843 0.180966
13869 0.080663
13871 0.582710
13873 0.025693
13874 0.115042
13877 0.390395
13879 1.111457
13882 0.467815
13889 0.419337
13890 0.489149
13892 0.138345
13897 1.063020
13899 1.084256
13900 0.097248
13901 0.505825
13905 0.400213
13908 0.231234
13915 0.328952
13919 0.336341
13924 0.160394
13933 0.313893
13935 0.347348
13948 0.151629
13958 0.260880
13960 0.178681
13963 0.087442
13967 0.129181
13972 0.449622
13979 0.311507
13984 0.336607
13989 1.142727
13994 0.132425
13997 0.578086
13998 0.087024
14008 0.264666
14020 0.206459
14023 0.013764
14034 1.143466
14040 0.261775
14043 0.226978
14047 0.229703
14057 0.261071
14062 0.062779
14074 1.068032
14075 0.099670
14080 0.441360
14082 0.435508
14100 0.301086
14113 0.270133
14117 0.583201
14126 1.072533
14132 1.126010
14137 0.119604
14141 0.530701
14142 1.245107
14147 0.566600
14154 1.086263
14155 0.396401
14160 0.472979
14161 0.201073
14162 1.163094
14170 0.361303
14172 1.113798
14174 1.207072
14176 0.039359
14180 0.095777
14187 0.167935
14188 0.163791
14189 0.447198
14192 0.337643
14195 0.073408
14206 0.453030
14211 0.255743
14212 0.168374
14215 0.467815
14221 0.959840
14231 0.475315
14232 0.479739
14238 0.046479
14239 0.018876
14249 1.012230
14250 0.444092
14251 0.578086
14257 0.479739
14268 0.392397
14272 0.349033
14279 0.320619
14282 0.066338
14300 0.175939
14307 0.050821
14311 0.513854
14313 0.324978
14321 0.124685
14326 1.078227
14330 0.168608
14341 0.536566
14342 0.294298
14344 0.187878
14363 0.477667
14369 0.071886
14385 0.298367
14389 0.069719
14391 0.470654
14405 0.128463
14406 0.124991
14409 0.067219
14412 0.991004
14414 0.068010
14415 0.083007
14421 1.026397
14422 0.458646
14424 0.570829
14432 0.139757
14435 0.250504
14436 1.120518
14453 0.489550
14458 0.139438
14460 0.314299
14463 0.151463
14467 0.326998
14471 1.117308
14481 0.485592
14495 1.026600
14497 1.187703
14498 0.400806
14501 0.171285
14506 1.151078
14513 0.087258
14514 1.207786
14516 0.587261
14524 0.496435
14526 0.540961
14527 0.106315
14528 0.524964
14532 0.509710
14541 0.411083
14544 0.129261
14545 0.367196
14549 0.064832
14552 1.278893
14555 0.346851
14556 0.207518
14557 0.234431
14568 1.216232
14570 0.357710
14575 0.161769
14584 0.055585
14588 1.324909
14593 0.033033
14600 1.136237
14602 0.121211
14610 0.267544
14614 1.010693
14619 0.226096
14620 0.580725
14623 0.572782
14624 1.174819
14625 1.070529
14626 1.283289
14628 0.613702
14630 0.456759
14636 0.512394
14640 0.464533
14643 1.046639
14644 0.491223
14658 0.559608
14673 0.492305
14675 0.592908
14676 0.148584
14679 1.069728
14682 1.102574
14694 0.529331
14695 1.036191
14697 0.130440
14699 0.578086
14703 0.101025
14707 0.592908
14710 0.264956
14718 0.431318
14727 0.480885
14731 1.100634
14737 0.246222
14740 1.073239
14742 1.208991
14746 0.943542
14750 1.229685
14751 0.572126
14756 0.056170
14762 0.575320
14763 0.539201
14764 0.153516
14778 0.540961
14781 0.416980
14789 1.034091
14794 1.221439
14799 1.100675
14809 0.479388
14810 0.324160
14811 1.079730
14823 0.568451
14827 0.592908
14836 0.476070
14850 0.290957
14851 0.133872
14853 0.102446
14856 0.198201
14858 0.147882
14862 0.219526
14873 0.565239
14880 1.107319
14900 0.129491
14904 0.526863
14906 1.008225
14908 0.029519
14921 1.021517
14922 1.122166
14925 0.570378
14928 0.319323
14929 0.214106
14931 0.363871
14935 0.309075
14937 0.239694
14938 0.226912
14943 0.394790
14945 0.454449
14955 0.111170
14968 0.478079
14970 0.160859
14971 0.183826
14978 0.368840
14988 0.210213
14989 0.481738
14992 0.490497
15004 0.350033
15009 0.060061
15010 0.473286
15011 0.316628
15025 1.076435
15027 0.189731
15043 0.301086
15044 0.549467
15047 0.129061
15055 0.189059
15056 0.499580
15066 0.108053
15068 0.154156
15073 0.455634
15077 0.157011
15079 0.195571
15080 1.070880
15084 0.112250
15089 1.021034
15101 0.888184
15102 0.090427
15106 1.222972
15108 0.069173
15109 0.362984
15113 0.056745
15117 1.082597
15118 0.405256
15120 1.099647
15127 0.247232
15130 0.205127
15133 1.041054
15138 1.156171
15139 0.989169
15146 0.303908
15149 0.382282
15157 0.193772
15163 0.045119
15165 0.317180
15168 0.309294
15169 0.980433
15174 0.416638
15179 1.114043
15186 0.264666
15191 0.203678
15192 1.034469
15195 0.061938
15196 0.478416
15197 0.551917
15203 0.353116
15208 0.225228
15218 0.534729
15222 1.238409
15223 1.161356
15226 0.447138
15231 0.556675
15233 0.210213
15249 0.417175
15250 0.310314
15252 0.089366
15259 0.138345
15265 1.182448
15270 0.088370
15273 1.034469
15277 0.523736
15293 0.596733
15311 0.231234
15313 0.369975
15325 0.902377
15327 0.326876
15332 0.232396
15334 0.123875
15342 0.571441
15351 0.067725
15355 0.510642
15356 0.481249
15358 0.293444
15362 0.056629
15366 0.292365
15370 0.334681
15378 0.315319
15379 1.130190
15398 0.412200
15411 0.560982
15414 0.560866
15418 1.030803
15423 0.009362
15424 1.118875
15429 0.509499
15437 0.231234
15441 0.070071
15463 0.956831
15467 0.341165
15468 0.555415
15473 0.234994
15476 0.216107
15483 1.196503
15486 0.095464
15488 0.456759
15489 0.542898
15492 0.195754
15494 0.963476
15495 1.112266
15501 1.098362
15506 0.205237
15510 0.601585
15513 0.230084
15520 0.079736
15527 0.509266
15546 0.239208
15553 1.271183
15563 1.109924
15569 0.407413
15571 0.226207
15576 0.076064
15579 0.405256
15582 1.101635
15591 0.244951
15593 1.049118
15596 1.092213
15597 0.259549
15603 0.511272
15615 0.467815
15617 0.195134
15620 0.457773
15623 1.179766
15628 0.023008
15632 0.349033
15633 0.605099
15634 0.105586
15644 0.236920
15650 0.354559
15660 1.331054
15662 0.069769
15666 0.597084
15667 0.189536
15673 1.053725
15676 0.456930
15677 0.304620
15685 0.172411
15692 0.149183
15694 0.594337
15695 0.367038
15700 0.315319
15705 0.067350
15708 0.138741
15726 0.453687
15728 1.087540
15741 0.974181
15744 0.481181
15750 0.013366
15752 0.458724
15759 0.504878
15764 0.554544
15775 0.222527
15786 0.349976
15798 0.293273
15806 0.107779
15807 0.019764
15809 0.553796
15817 0.340766
15818 0.252439
15819 0.318298
15826 0.223462
15829 0.209095
15831 1.059202
15836 0.259814
15842 0.541955
15847 0.165908
15848 0.232689
15856 0.118077
15862 0.028547
15883 0.070683
15889 0.528967
15895 1.162100
15903 0.104513
15906 0.101641
15907 0.380319
15908 0.061827
15913 0.298678
15925 0.141572
15927 0.163706
15930 0.058913
15935 1.094011
15939 0.538020
15940 0.278595
15941 0.558152
15944 0.372231
15947 0.527166
15950 0.420426
15952 0.208319
15961 1.260331
15969 0.513854
15975 0.323728
15988 0.217632
15998 0.251602
16006 0.214808
16013 0.484846
16014 0.029457
16017 0.555563
16028 0.033512
16029 0.986146
16035 1.214959
16040 0.301610
16046 0.393192
16052 0.381949
16054 0.515185
16066 0.313130
16067 0.360005
16069 0.228545
16071 0.120644
16075 0.296162
16088 0.099575
16097 1.118875
16100 0.456577
16101 0.346851
16112 0.427281
16116 0.304809
16127 0.307033
16133 0.281058
16136 0.023595
16141 0.471907
16143 0.197395
16148 0.272682
16149 0.965797
16155 1.130927
16159 0.360005
16161 0.133404
16163 0.251747
16167 0.967957
16171 0.296716
16183 0.379273
16190 0.128463
16194 0.425471
16195 1.113798
16202 0.190578
16204 0.574403
16206 0.476070
16214 1.234195
16216 0.014452
16217 1.111703
16220 0.249464
16231 0.249983
16235 0.355745
16250 0.573461
16254 1.088771
16263 0.076713
16265 0.393590
16272 0.310903
16279 0.262537
16282 0.365107
16290 0.399154
16292 0.063936
16293 0.564947
16295 1.008676
16296 0.067678
16304 0.378187
16307 0.431637
16328 0.045340
16329 1.127972
16330 0.350355
16331 0.049728
16333 0.265673
16338 0.398680
16348 0.581177
16351 0.525532
16353 0.242849
16356 0.581112
16358 0.850407
16359 0.439909
16361 0.072261
16364 1.058006
16372 0.273706
16373 0.346342
16374 0.070071
16375 0.131508
16380 0.340345
16401 0.225594
16403 0.586545
16404 0.326100
16415 0.142898
16416 0.373422
16419 0.416817
16428 0.174883
16437 0.031821
16438 0.592908
16440 0.094168
16441 0.428211
16444 0.383329
16445 0.485464
16455 0.404099
16456 0.284406
16458 0.179599
16459 0.011064
16467 0.216107
16468 0.416638
16479 0.087442
16483 1.062743
16484 0.012432
16487 0.044255
16489 0.349540
16492 0.126704
16503 0.092494
16509 0.331970
16530 0.350749
16544 0.189373
16548 0.489903
16557 0.076652
16563 0.189315
16564 0.044045
16568 0.169196
16571 1.191929
16587 1.198992
16592 0.504112
16593 0.009516
16595 0.085642
16597 0.249464
16599 0.170025
16600 0.029837
16601 0.025271
16602 0.473748
16603 0.213119
16614 1.298713
16623 0.501735
16637 1.007357
16639 0.295193
16640 1.061403
16643 0.557064
16652 0.255507
16654 0.467665
16661 0.404926
16666 0.334490
16670 0.229882
16672 0.583925
16676 0.425655
16677 0.080131
16678 0.176277
16680 1.202418
16685 0.167276
16697 0.181756
16701 0.092034
16704 0.424417
16709 0.460422
16725 0.177116
16729 0.178732
16738 0.411915
16745 0.407356
16748 1.163630
16753 0.445497
16756 0.371248
16776 0.049409
16778 1.247448
16780 1.077698
16791 1.038477
16794 0.182185
16796 0.584438
16798 0.119604
16807 0.249733
16812 1.150180
16813 0.255743
16817 0.181990
16823 0.342569
16826 0.072585
16838 0.289043
16839 0.154894
16842 0.477757
16845 0.359199
16849 0.549181
16852 0.224499
16857 0.115617
16860 0.330335
16865 0.501472
16866 0.491765
16870 0.539546
16871 0.231234
16877 0.248105
16879 0.167002
16881 0.296162
16892 0.292966
16894 0.443887
16899 0.557751
16903 0.019513
16907 0.404660
16913 0.053465
16924 0.413676
16933 0.032416
16948 0.145220
16954 0.169439
16956 0.177872
16983 1.211227
16986 0.255790
16998 0.341346
17005 0.196795
17007 0.459913
17011 0.027528
17015 0.360365
17023 0.111438
17030 0.410416
17031 0.056399
17033 1.214779
17042 0.501472
17045 0.184553
17058 0.146351
17065 0.304924
17069 1.132332
17075 0.954773
17083 0.229882
17089 0.469171
17102 0.038221
17105 0.303429
17106 0.121171
17108 0.097877
17114 0.194724
17120 0.471033
17121 1.149248
17124 0.498740
17128 0.011064
17138 0.301610
17143 0.062496
17148 0.366121
17166 0.460549
17178 0.396401
17189 0.980550
17190 1.099925
17197 1.161049
17200 0.509266
17206 0.206894
17208 0.590932
17209 0.323728
17211 0.139298
17213 0.105586
17218 0.220223
17234 0.138741
17236 0.325682
17238 0.559194
17242 0.185730
17243 0.392947
17250 0.517045
17251 0.903916
17253 0.165167
17257 0.427281
17260 0.284933
17261 0.302063
17267 1.105270
17268 0.394523
17271 0.382838
17281 0.292897
17286 0.414000
17288 0.433564
17289 1.187419
17291 0.201073
17297 1.122023
17300 0.585403
17301 0.192695
17312 0.071812
17317 1.215631
17326 0.436776
17338 1.015175
17341 0.047579
17343 0.013444
17345 0.015113
17346 0.363980
17347 0.242130
17353 0.213746
17354 0.457243
17357 0.311277
17375 0.418614
17384 0.562738
17385 1.162162
17386 0.302063
17390 0.532885
17392 0.554586
17397 0.232290
17407 1.182329
17408 0.383510
17419 0.452681
17420 0.385390
17423 0.290439
17425 0.179849
17426 0.231234
17430 0.358040
17433 0.590932
17439 0.616625
17440 0.462468
17441 0.241588
17452 0.199542
17457 1.117632
17458 1.039150
17485 0.493488
17491 0.132478
17495 1.103274
17499 1.161549
17507 0.346233
17509 0.425958
17512 1.006297
17514 0.320787
17524 0.464915
17528 0.196474
17531 0.195961
17537 0.415977
17538 0.169833
17559 0.047433
17564 0.468449
17565 1.072736
17569 0.616625
17574 1.101635
17575 0.473223
17578 0.559132
17582 0.448809
17584 0.592908
17585 0.598980
17590 1.094011
17592 0.145278
17596 0.180182
17597 0.199832
17607 0.195198
17612 0.174516
17613 0.141310
17614 0.097877
17616 0.108180
17618 0.031532
17620 0.010277
17623 1.254989
17624 0.111289
17631 0.272040
17634 0.242342
17640 0.349033
17645 0.344697
17648 0.060217
17649 0.590819
17650 0.139298
17658 0.199013
17660 1.097018
17676 0.373347
17682 0.056170
17686 1.098935
17687 0.533617
17689 0.025410
17697 0.375302
17701 0.331816
17704 0.520000
17710 1.051065
17713 0.599496
17714 0.502683
17720 1.099140
17724 1.026006
17726 0.012365
17734 0.424716
17738 1.044284
17739 1.166976
17746 0.408812
17748 0.118582
17750 0.226466
17755 0.256927
17757 0.282503
17758 0.431637
17772 0.391708
17777 0.146971
17778 0.595453
17781 0.194860
17785 1.090951
17789 1.036236
17792 0.276691
17794 0.192695
17797 0.565786
17800 0.344163
17808 0.393192
17810 0.308312
17815 0.245087
17836 0.213590
17855 0.116198
17868 0.048174
17871 0.358413
17872 0.263909
17883 0.059905
17888 0.995592
17895 0.095214
17899 0.076351
17900 0.203486
17905 0.427716
17909 0.032416
17915 0.424488
17916 0.353116
17921 0.375380
17932 0.345771
17938 0.135297
17947 0.584730
17950 0.581815
17960 0.083867
17965 0.430203
17971 0.583389
17988 0.489385
17996 0.217967
17998 0.583389
18002 0.482195
18010 0.331970
18011 0.092494
18019 0.314022
18023 0.143705
18031 0.092084
18044 0.560568
18063 1.101588
18064 1.072086
18065 0.210213
18067 0.316218
18078 1.046059
18079 0.018723
18081 1.201384
18083 0.307553
18085 0.357272
18099 0.411621
18102 0.273503
18104 0.074592
18106 0.193704
18110 0.150152
18111 0.197903
18112 0.087258
18114 0.435659
18119 0.088089
18121 0.119810
18122 0.552507
18126 0.314697
18131 1.065771
18149 0.451189
18151 0.397938
18158 0.370847
18162 0.185378
18172 0.021815
18184 0.342569
18187 1.086522
18190 0.187487
18192 0.132555
18197 0.322652
18202 0.311277
18205 0.035213
18206 0.559438
18207 0.575470
18211 1.156171
18215 1.142128
18219 0.230138
18227 0.343985
18229 0.488161
18238 0.330335
18243 0.085642
18245 1.167506
18248 0.122878
18250 0.382124
18252 0.174516
18259 0.447138
18263 0.119091
18278 0.123875
18284 0.062496
18286 0.052080
18291 0.423929
18292 0.385390
18311 0.294298
18312 0.307492
18320 0.231234
18322 0.360365
18324 1.050049
18326 0.026427
18332 0.997266
18361 0.321584
18366 0.508715
18383 0.415324
18386 1.028937
18388 1.131360
18391 0.590653
18396 0.456930
18406 1.064411
18416 0.120907
18417 1.045709
18427 1.001524
18429 0.184987
18437 0.088936
18448 0.178681
18452 0.049621
18454 0.121702
18455 0.549570
18461 0.321972
18482 0.311017
18491 0.084857
18500 0.075076
18501 0.193704
18503 1.223571
18507 1.067235
18510 1.163535
18515 0.110638
18516 0.942800
18524 0.311277
18525 0.232689
18527 1.126141
18530 0.979806
18531 0.024340
18534 0.456383
18546 0.149622
18555 0.468580
18557 0.087970
18563 0.378569
18570 0.276253
18571 0.124319
18579 0.607940
18584 0.011919
18590 0.013289
18603 0.607940
18606 0.517965
18609 0.231234
18610 0.334552
18611 0.042043
18614 0.500830
18615 1.161403
18620 0.383750
18621 1.156171
18623 0.034005
18625 1.202418
18630 0.201951
18645 0.249628
18646 0.419539
18654 0.183762
18655 1.148614
18657 1.300692
18658 1.145564
18664 0.308312
18668 0.414770
18669 1.217022
18681 0.481738
18682 0.445753
18688 0.411969
18693 1.188287
18706 0.306201
18708 0.073408
18709 0.276691
18715 0.558537
18726 0.334430
18730 0.495502
18731 0.445099
18732 0.378913
18735 1.190320
18738 0.089318
18741 1.105412
18744 1.142071
18749 0.013213
18760 0.238181
18765 0.462468
18766 1.055634
18770 0.593880
18772 0.107551
18774 0.015213
18775 0.134700
18776 0.423929
18778 0.060453
18794 0.474639
18817 0.122878
18818 0.477667
18824 0.365107
18826 1.170806
18843 1.172609
18846 0.240392
18850 0.113258
18855 0.585659
18860 1.145054
18863 0.286063
18873 1.046059
18875 0.252715
18876 0.131064
18880 0.240591
18881 0.014362
18882 0.087810
18883 0.284304
18889 0.585593
18893 0.410603
18898 0.185813
18902 0.125368
18904 0.582943
18905 0.231234
18907 1.214563
18908 0.214389
18909 0.145220
18910 0.083705
18915 0.908420
18919 0.343887
18923 0.509901
18926 0.402146
18931 1.143739
18935 1.006019
18936 0.218388
18937 0.409477
18941 0.130698
18942 0.578086
18947 1.215767
18958 1.109509
18966 1.059349
18968 0.327218
18974 0.258294
18978 0.217498
18980 0.145220
18981 0.105106
18986 0.314022
18997 0.408607
18999 0.124077
19000 0.241288
19017 0.476483
19031 1.150692
19037 0.211173
19044 0.352730
19045 0.053157
19053 0.465052
19063 0.345659
19071 0.302927
19072 0.223462
19078 0.078195
19092 1.185816
19097 0.476070
19102 1.120778
19104 0.165167
19115 0.541630
19124 0.078958
19126 0.238035
19133 0.525532
19143 0.341165
19147 1.051065
19152 1.026187
19154 0.451189
19160 1.137523
19161 0.398680
19163 1.014376
19170 0.456383
19171 0.556899
19184 0.445410
19188 0.951280
19195 0.590653
19200 0.084085
19204 0.024340
19216 0.186163
19217 0.256927
19219 0.231234
19226 0.212979
19228 0.169572
19233 0.212979
19236 0.462468
19248 0.035393
19252 1.169460
19257 1.018998
19268 0.470535
19272 1.109924
19278 0.155888
19280 0.398237
19283 0.992947
19284 0.188506
19297 0.159472
19301 0.370486
19305 0.030426
19308 0.607940
19310 0.169196
19314 0.237717
19316 0.352730
19323 0.143145
19326 0.166080
19328 0.588596
19332 0.026732
19334 1.289182
19336 1.057353
19338 0.203035
19339 0.261227
19343 0.311776
19344 0.301610
19347 0.436291
19348 0.249983
19354 0.103925
19358 0.103692
19366 0.995185
19371 0.397664
19373 0.282620
19382 0.434720
19386 0.441849
19387 0.997266
19389 1.170271
19391 0.338878
19398 0.028430
19402 0.359199
19412 0.383750
19422 0.042558
19432 0.037447
19437 0.378119
19440 0.524887
19445 0.962498
19448 0.428581
19466 0.226466
19468 0.980066
19477 0.022670
19478 0.260880
19479 0.113722
19485 0.117081
19490 0.542803
19499 0.030627
19503 0.256927
19508 1.058923
19533 0.379072
19540 0.073575
19543 0.349671
19545 0.179849
19552 0.179849
19556 0.398152
19564 0.328295
19571 0.548691
19583 0.062496
19584 0.469511
19589 0.330335
19593 0.504994
19599 0.994845
19613 0.308312
19626 1.089894
19629 0.298786
19632 1.163178
19633 1.267341
19637 0.321972
19648 0.190578
19657 0.078575
19661 0.562116
19665 0.412576
19673 0.155888
19674 0.581914
19695 0.437727
19696 0.573386
19700 0.077944
19703 1.156171
19712 0.010656
19713 0.415702
19714 0.387183
19720 1.026397
19724 0.224227
19727 0.581721
19729 0.564642
19731 0.294710
19734 1.203255
19735 0.186646
19738 0.456874
19751 0.526999
19754 0.235327
19756 0.043629
19763 0.053775
19765 0.194860
19770 0.601005
19773 1.033753
19777 1.116756
19783 0.175621
19784 0.130440
19791 0.323336
19802 0.448866
19805 0.214451
19807 0.012300
19808 0.085996
19817 0.038063
19821 0.324767
19824 0.548509
19826 0.428211
19827 0.011011
19828 0.419197
19838 0.391922
19846 0.441360
19847 0.119193
19848 0.380856
19855 1.059823
19857 0.161326
19860 0.585933
19862 0.277481
19866 0.139538
19875 1.072736
19880 0.560915
19882 0.060851
19885 0.133661
19889 0.215988
19890 1.073587
19891 0.310192
19892 0.454210
19899 0.471305
19903 0.009516
19905 0.289043
19906 0.182553
19920 0.178931
19923 0.416222
19928 0.492570
19930 0.103759
19932 0.542401
19933 1.258735
19935 0.368634
19943 0.367873
19944 1.198544
19949 0.436100
19959 0.193644
19971 0.510075
19974 0.056675
19976 0.443783
19979 0.010511
19983 0.172348
19984 0.453219
19985 0.534646
19989 0.130440
20000 0.130887
20012 1.074120
20015 0.485697
20016 0.292702
20022 1.036925
20023 0.594294
20032 0.149505
20035 0.385390
20037 0.117826
20039 0.278337
20040 0.141572
20043 0.082584
20045 0.240484
20048 0.287545
20051 1.156171
20054 0.513854
20057 0.589647
20063 0.341725
20064 0.489334
20067 0.096852
20068 0.574582
20073 0.367653
20077 0.377525
20082 0.171285
20089 0.530701
20091 0.498239
20095 0.387474
20103 1.162040
20104 1.136740
20107 1.056715
20109 0.232526
20118 0.346851
20124 1.026507
20131 0.311277
20133 0.312735
20134 0.062496
20135 0.484846
20148 0.075567
20152 0.453687
20154 0.516348
20157 0.292365
20161 0.161769
20162 0.226314
20169 0.261775
20172 0.568811
20174 0.291556
20175 0.389206
20188 0.342569
20193 0.548440
20207 0.128463
20208 0.388713
20233 0.408060
20235 0.035943
20236 0.394790
20239 0.389323
20240 0.585403
20241 0.117215
20242 0.162489
20248 0.028199
20249 0.301015
20251 0.164385
20254 0.332494
20256 1.121965
20258 0.385390
20262 1.055634
20263 1.029951
20267 0.179497
20274 1.261277
20277 0.332313
20279 0.980994
20287 0.478416
20290 0.080081
20293 0.470839
20294 0.298724
20297 0.426682
20298 0.197395
20303 0.255259
20305 0.034859
20310 0.093998
20313 0.318944
20317 0.304620
20321 0.446829
20323 0.462468
20326 0.284198
20341 0.022670
20343 1.161310
20349 0.501007
20355 0.013289
20359 0.516724
20363 0.491373
20365 0.426549
20376 0.359698
20381 0.070427
20389 1.252519
20390 0.129261
20392 0.535973
20395 0.070427
20402 0.050543
20404 0.355745
20405 0.585403
20412 0.201073
20413 0.114190
20420 0.567763
20428 0.338982
20438 0.974933
20439 0.136020
20449 0.290252
20453 0.212979
20454 0.310192
20458 0.447138
20461 0.197766
20462 0.571441
20471 0.111560
20480 0.258982
20490 0.464403
20499 0.232396
20501 0.517965
20503 0.357579
20506 0.258122
20517 0.223775
20518 0.313538
20522 0.237163
20524 0.944828
20530 0.315782
20548 1.063894
20549 0.559132
20552 0.349033
20573 0.970613
20576 0.092958
20577 0.474327
20581 0.527166
20590 0.387618
20595 0.055056
20598 1.178263
20599 0.044755
20604 0.381536
20609 0.447550
20611 0.445410
20614 0.319323
20616 0.104631
20624 0.532129
20625 0.527376
20628 0.081135
20630 0.068010
20631 0.538491
20632 0.088370
20640 0.065268
20641 0.520277
20648 1.126827
20650 0.191103
20657 1.093675
20671 0.410416
20675 1.067235
20676 0.456759
20679 0.067163
20681 0.124217
20685 0.377277
20694 0.154156
20695 1.032924
20706 0.443647
20711 0.496435
20713 0.483627
20718 0.252439
20719 0.168374
20736 0.113350
20744 0.254468
20766 0.505346
20771 0.520527
20780 0.266399
20784 1.199527
20786 0.408060
20787 0.973618
20798 0.238693
20801 0.231234
20805 0.494170
20808 0.024213
20811 1.143466
20823 0.148081
20828 1.096463
20835 1.002697
20839 0.551809
20842 0.363095
20846 0.228257
20851 0.483023
20852 0.459841
20854 0.038379
20858 0.055719
20859 0.426741
20867 0.170234
20873 0.225594
20883 0.552507
20886 0.564322
20888 0.434298
20889 0.552951
20901 0.161769
20903 0.105793
20906 0.297301
20924 0.992947
20931 0.597143
20933 0.520277
20936 0.065692
20945 0.353652
20948 0.382282
20951 0.508207
20970 0.252255
20971 0.074114
20983 0.156769
20985 0.393590
20986 0.098818
20989 0.137639
20994 0.523030
21005 0.267954
21021 0.367603
21023 1.094673
21027 1.105270
21033 0.272040
21037 0.263431
21040 0.391319
21041 0.242342
21045 0.549049
21046 0.369975
21053 0.316759
21055 1.047355
21058 0.180182
21060 0.950963
21061 1.146289
21063 0.510701
21065 0.529193
21076 1.167506
21077 0.249983
21078 0.995008
21079 0.185917
21095 1.064753
21096 0.399664
21107 1.161133
21111 1.148807
21115 0.265109
21120 0.371626
21123 1.233249
21132 0.123142
21136 0.038972
21139 0.122779
21144 0.335817
21145 0.278337
21146 0.588596
21150 0.013930
21161 1.177450
21167 0.143705
21171 0.292219
21172 0.012918
21173 0.118077
21180 0.367196
21185 1.295709
21190 0.387618
21194 0.377759
21195 0.262482
21199 0.100537
21200 0.116101
21202 1.025382
21203 1.088161
21205 0.218735
21209 1.136122
21214 0.284596
21222 0.078054
21223 0.213590
21233 0.492305
21236 1.179766
21237 1.161549
21247 0.273974
21248 0.580990
21249 0.172196
21251 0.391922
21253 0.230084
21258 1.218667
21271 0.410416
21272 0.483490
21276 0.156048
21279 0.466198
21281 0.009324
21282 0.590819
21283 1.077117
21287 0.482673
21288 0.302267
21289 0.084598
21291 0.185424
21297 0.149990
21299 0.014274
21302 0.414151
21305 0.031821
21308 1.204123
21311 1.106443
21316 1.156171
21317 0.983410
21320 0.073242
21325 0.484491
21327 0.367873
21334 0.060851
21339 0.283972
21352 0.122197
21357 0.093744
21361 0.360005
21367 0.067443
21373 0.231234
21377 0.951581
21381 0.188214
21382 0.256927
21386 0.226096
21390 0.270815
21397 1.095897
21412 0.345771
21415 0.202330
21427 0.343040
21430 0.351584
21435 0.303495
21438 0.039697
21441 0.177872
21450 0.149622
21451 1.134079
21457 1.248381
21473 0.291849
21481 0.365107
21484 0.518656
21490 0.038972
21499 0.890197
21501 0.118582
21515 0.891903
21516 1.088952
21518 0.266809
21521 0.028372
21526 0.034859
21534 0.297117
21536 1.047471
21546 0.193849
21547 1.166494
21554 0.366312
21555 0.262325
21557 0.292702
21561 0.026427
21563 0.416817
21566 0.541630
21579 1.211227
21600 0.048375
21602 0.233570
21604 0.469511
21605 0.940288
21606 0.457651
21610 0.140142
21614 0.229798
21616 0.173426
21621 0.068010
21622 0.369552
21625 0.406893
21644 0.261775
21658 0.352888
21661 1.068082
21662 0.952141
21664 0.466438
21675 1.085958
21678 0.985259
21687 0.224499
21696 0.575764
21706 1.002944
21707 0.138741
21708 0.310799
21712 0.354142
21715 0.564515
21717 0.290387
21721 0.308312
21727 1.105013
21741 0.154156
21748 0.395147
21762 1.219444
21763 0.558907
21776 0.091127
21779 0.480158
21792 0.265919
21793 0.043905
21798 0.279076
21800 0.097248
21804 0.999932
21809 1.259568
21810 0.076126
21815 0.408060
21818 0.116916
21821 0.406693
21822 0.539546
21828 0.340468
21830 0.200403
21835 0.616625
21838 0.359059
21876 0.537754
21877 0.120122
21883 0.343727
21893 0.506135
21895 0.406972
21900 0.527817
21901 0.390208
21903 0.133772
21909 0.246949
21914 0.502109
21917 0.283144
21919 1.185816
21920 1.198643
21933 1.042619
21936 1.290871
21943 0.154156
21944 1.150986
21946 0.082584
21947 0.586077
21948 0.192695
21953 0.023240
21954 0.314177
21966 0.234756
21968 0.385390
21971 0.244394
21977 0.112052
21979 0.558152
21980 0.571441
21981 1.083497
21983 0.464629
21984 0.286181
21987 0.024731
21988 0.225305
21991 0.043836
21999 1.180258
22002 0.481738
22005 1.088161
22010 1.169017
22013 0.437840
22024 0.196474
22030 0.265351
22033 1.055634
22034 0.535973
22035 0.214451
22038 0.029270
22039 0.202837
22047 0.305865
22055 0.313735
22057 0.359059
22058 1.053607
22059 1.058663
22064 0.011562
22074 0.554962
22082 0.591784
22087 1.067235
22089 0.101419
22100 0.215819
22102 0.094865
22105 0.030695
22119 1.202833
22125 0.575320
22137 0.207639
22143 0.043356
22148 0.251747
22153 0.580878
22155 0.486809
22166 0.537754
22168 0.350749
22177 0.178789
22183 0.207988
22185 0.293273
22187 1.149988
22191 0.291393
22202 0.434995
22203 0.179599
22207 0.073641
22214 0.409180
22216 1.188109
22219 0.510517
22221 0.476667
22229 0.422447
22236 0.465052
22238 0.396096
22248 0.119193
22250 0.287882
22257 0.223775
22258 1.012270
22260 0.501472
22273 1.033884
22284 0.408060
22286 0.015213
22289 0.085642
22290 0.300604
22293 0.060217
22296 0.110112
22299 0.382936
22303 0.057095
22313 0.117378
22316 0.477970
22319 0.140529
22322 1.175125
22326 0.138238
22327 0.163609
22334 0.243404
22338 0.487467
22347 0.192695
22348 0.347520
22350 0.300604
22351 0.460168
22360 0.434890
22361 1.245107
22374 0.022894
22376 0.154156
22382 0.025134
22391 0.978299
22404 0.077819
22419 0.355745
22420 1.118055
22425 0.394031
22428 0.106489
22434 0.391922
22436 1.050049
22439 0.311077
22442 0.019032
22447 0.089510
22460 0.071516
22461 0.568397
22462 0.354965
22463 0.308312
22465 1.031660
22467 0.055496
22469 1.117073
22471 1.110382
22480 1.149488
22483 0.510517
22485 1.248255
22486 0.132134
22488 1.149078
22491 0.276999
22504 0.248796
22514 0.073798
22519 0.591960
22522 0.393805
22538 0.110771
22540 0.385390
22549 0.069232
22552 0.504511
22557 0.495502
22560 1.250169
22566 0.232396
22571 0.201589
22587 0.092494
22589 0.250504
22591 1.162489
22599 0.370375
22604 0.325682
22605 0.315972
22608 1.087351
22610 0.334315
22613 0.105106
22621 0.924937
22631 0.239960
22632 0.493781
22636 0.471718
22638 0.291472
22643 0.560866
22655 0.462468
22661 1.184370
22662 0.484491
22671 0.274828
22688 1.056400
22691 0.529643
22701 0.074292
22713 1.151251
22715 0.601681
22716 1.225082
22720 0.490497
22723 0.311277
22728 0.567944
22735 0.015314
22737 0.213119
22743 0.158213
22744 0.447550
22746 0.183358
22747 0.328295
22760 0.324712
22769 1.048767
22776 0.536463
22783 0.224405
22784 1.026555
22785 0.482195
22798 1.006408
22799 0.340658
22800 0.995592
22809 1.036567
22812 0.195754
22819 0.251602
22822 0.515322
22826 0.345350
22834 0.451837
22837 0.103819
22840 0.495502
22844 0.305596
22845 0.129015
22851 1.027708
22853 0.581177
22855 0.383707
22859 0.354734
22861 0.525025
22864 0.024599
22872 0.501007
22881 0.486185
22882 0.529912
22883 0.116344
22891 0.105640
22894 0.193938
22898 0.483754
22905 0.469337
22917 0.595453
22925 0.292085
22927 0.517524
22928 0.069470
22933 0.483754
22938 0.094107
22943 0.504338
22944 0.238386
22947 0.261071
22948 0.419395
22950 0.499580
22965 0.435933
22966 0.120725
22973 1.191824
22976 0.476412
22983 0.156390
22984 0.402146
22987 0.503204
22999 0.355745
23000 0.065320
23004 1.225820
23013 0.265919
23017 0.060061
23020 1.149639
23021 1.206930
23023 0.530478
23024 1.061403
23037 0.079736
23038 0.934777
23041 0.255834
23044 0.571121
23053 0.518795
23058 0.161106
23060 0.510701
23061 1.141897
23063 0.126546
23065 1.203848
23069 0.012991
23071 0.374055
23086 0.357579
23090 0.509710
23093 0.510517
23097 0.489672
23099 0.045340
23100 0.375756
23108 1.113872
23127 0.600608
23134 0.140996
23136 1.037429
23141 1.140617
23149 0.573228
23154 0.216475
23155 1.089959
23167 0.256927
23169 1.209328
23176 0.266809
23178 0.508937
23182 1.130478
23187 1.005366
23188 0.149183
23192 0.197395
23196 1.248665
23205 0.390976
23208 0.122997
23210 0.444179
23215 0.500830
23216 0.279268
23223 1.160890
23224 0.469988
23227 0.339144
23238 0.058540
23240 1.022030
23242 0.108180
23243 0.309137
23252 0.112250
23257 0.283375
23258 0.491373
23259 1.136237
23260 1.089039
23273 0.462468
23288 1.012594
23289 0.395532
23295 0.011798
23301 0.179716
23303 1.183059
23304 0.394270
23309 0.395375
23315 1.075795
23317 0.099242
23321 0.229241
23324 0.500331
23341 0.391708
23345 0.448866
23352 0.085248
23353 0.009882
23354 0.363095
23355 0.977790
23357 0.388894
23361 0.502228
23364 0.295642
23366 0.295466
23371 0.523370
23376 0.301187
23390 0.476412
23392 0.240243
23395 0.574495
23398 0.077819
23404 0.067678
23413 0.996479
23421 0.171285
23423 0.415036
23437 0.481738
23438 0.010142
23445 0.183936
23450 0.616625
23453 0.220680
23454 0.301610
23457 0.317121
23458 0.305764
23461 0.391922
23464 1.046059
23472 0.065136
23474 0.129774
23475 1.074318
23476 1.202418
23481 0.240869
23484 0.610364
23486 0.502683
23489 0.494547
23490 0.492629
23496 0.581244
23501 1.191824
23506 1.156171
23514 0.033033
23516 0.578086
23517 0.245558
23525 0.107779
23527 0.422989
23529 0.319277
23539 0.616625
23541 0.437840
23542 0.548691
23543 1.032696
23546 0.255575
23555 0.011117
23556 0.056399
23558 1.068361
23559 0.022559
23561 0.035758
23569 0.200403
23570 1.117073
23586 0.314397
23589 0.063877
23597 0.027365
23602 1.002015
23607 0.238878
23609 0.300304
23612 0.980066
23613 0.558489
23620 0.298724
23629 0.010607
23631 0.294566
23635 0.022894
23637 0.204030
23653 0.045941
23656 0.443299
23657 0.189059
23658 0.897029
23663 0.380690
23673 0.160162
23677 0.124077
23680 0.398152
23682 0.254750
23686 0.180320
23688 0.547660
23697 0.449318
23702 0.123325
23705 0.133602
23706 1.205580
23710 0.256927
23713 1.331054
23718 0.140142
23730 1.292488
23731 0.238181
23747 0.223775
23753 0.255259
23763 0.267632
23765 0.442789
23778 0.542979
23782 0.490497
23784 0.043020
23785 0.496308
23787 0.364369
23792 0.269773
23801 0.468322
23802 0.457243
23804 0.272804
23814 0.494822
23818 0.585050
23821 0.441014
23826 1.093283
23829 0.211280
23832 0.527932
23835 0.102152
23837 1.275775
23850 0.032722
23858 1.013785
23862 0.481738
23871 0.375756
23877 0.202628
23891 0.518284
23893 0.556675
23898 0.126546
23908 0.444681
23912 0.400213
23913 0.085996
23914 0.163050
23931 0.271402
23934 0.593542
23939 1.032488
23944 0.111560
23951 0.128463
23952 0.354864
23966 0.161326
23969 0.380856
23972 0.578086
23976 0.102564
23977 1.057071
23978 0.190709
23991 0.120907
23998 0.138741
24003 1.088161
24012 0.210213
24018 0.294942
24021 0.369498
24032 0.205035
24037 0.111438
24040 0.047974
24042 0.593996
24044 0.086098
24046 1.032296
24061 1.184370
24070 0.500221
24071 0.298786
24077 0.380111
24078 0.284304
24079 0.534408
24080 1.141536
24088 0.083579
24097 1.077698
24109 1.014185
24116 0.221277
24118 0.015314
24127 0.532539
24128 0.454674
24129 0.332399
24130 0.182553
24135 1.126141
24150 0.106071
24153 0.586545
24154 0.324539
24165 0.610807
24168 0.072261
24177 0.334819
24180 0.087810
24184 0.056675
24189 0.086353
24190 1.065771
24191 0.336538
24192 0.561378
24194 0.029147
24205 1.099140
24212 0.126837
24215 0.188763
24220 0.465126
24224 0.452134
24227 0.334315
24230 0.094381
24234 0.414151
24235 0.143830
24248 0.278450
24249 0.177071
24252 0.947224
24253 1.071815
24254 0.322117
24265 0.568175
24267 1.022399
24268 0.182185
24271 1.127624
24286 0.210213
24287 0.166489
24297 0.085291
24300 0.337477
24303 0.030426
24328 0.254104
24329 0.149622
24333 0.603220
24337 1.019256
24342 0.509006
24349 1.211227
24356 0.342227
24357 0.377525
24361 0.069025
24369 0.360886
24371 0.567575
24380 0.276476
24385 0.930253
24394 0.409180
24408 0.407205
24418 0.059291
24422 0.584301
24424 0.242130
24431 1.020151
24435 0.099670
24437 0.380319
24443 0.232689
24445 0.225095
24453 0.543261
24456 0.434440
24460 1.191207
24463 0.972953
24478 0.561569
24485 0.114978
24497 0.199013
24500 0.178732
24503 0.196474
24517 0.193938
24519 0.066447
24522 0.071812
24529 0.899244
24531 0.207695
24535 0.475745
24542 0.333220
24546 0.471907
24559 0.052315
24565 0.412200
24569 0.216195
24580 0.405256
24582 1.161866
24584 0.454449
24586 0.431490
24592 1.175991
24593 1.121965
24603 0.352936
24606 0.336898
24607 1.127267
24616 0.292219
24621 0.283144
24632 0.124732
24640 0.203678
24642 0.517106
24649 1.064753
24657 0.595603
24658 0.565786
24659 0.015314
24662 0.117977
24665 1.105903
24666 0.110112
24674 0.533617
24675 0.028085
24682 0.507349
24685 0.542275
24686 0.141572
24691 0.473841
24695 0.218333
24698 0.380319
24699 0.443199
24706 0.190824
24710 1.106443
24712 0.424488
24714 0.052854
24715 1.075508
24719 0.453173
24720 0.258074
24723 1.107709
24731 0.417713
24740 0.602030
24751 0.096348
24752 0.423929
24784 0.490888
24785 0.159839
24787 1.163728
24790 0.260138
24795 1.218821
24796 0.563512
24797 0.269537
24807 0.151133
24810 0.471305
24812 0.303258
24814 0.010369
24819 0.259433
24820 0.375302
24826 0.068412
24827 0.079736
24831 0.187126
24839 0.279970
24840 0.589647
24841 0.238386
24846 0.120907
24853 1.129592
24854 0.120995
24856 0.390034
24857 0.464735
24860 0.224985
24861 0.570578
24878 0.457890
24892 0.606990
24896 1.101588
24904 1.123755
24905 0.554586
24908 0.459406
24914 0.078575
24917 0.149183
24935 1.107592
24936 0.167341
24942 0.215659
24943 0.430730
24949 0.340468
24954 0.306851
24956 0.083078
24961 0.908420
24962 0.422989
24964 0.541186
24968 0.197016
24970 0.603778
24975 1.201384
24981 0.079054
24982 0.432852
24984 0.411621
24989 0.601209
24993 0.454210
24994 0.045563
25004 1.079093
25007 0.338627
25009 0.563109
25010 0.224628
25021 0.521687
25028 0.250504
25030 0.178931
25038 0.353540
25042 0.184987
25045 0.222876
25050 0.235388
25051 0.512315
25053 0.344391
25060 0.555415
25069 0.406412
25070 0.534511
25073 0.937783
25082 1.237103
25083 0.392462
25085 0.266022
25089 0.176365
25113 0.012235
25115 0.308936
25117 0.164476
25124 0.588596
25125 0.270713
25126 0.242849
25131 0.200203
25139 0.466198
25143 1.177986
25146 0.077078
25147 0.135357
25148 0.974383
25150 0.043020
25156 0.592610
25159 0.021214
25162 1.171384
25165 0.360999
25171 1.105903
25172 0.083579
25176 0.106873
25181 1.293689
25186 0.439345
25190 0.338392
25192 0.547660
25194 0.119417
25199 0.041292
25209 0.352554
25210 0.415977
25211 1.181581
25213 0.399084
25217 0.550114
25219 0.583809
25229 1.096711
25235 0.506815
25239 0.451189
25252 0.305764
25260 0.045941
25261 0.446241
25262 0.440446
25264 0.082584
25274 0.544080
25277 0.153474
25278 0.442251
25284 0.043424
25294 0.079280
25295 0.179716
25304 0.021312
25308 0.250381
25312 0.590653
25323 0.391922
25334 0.545970
25339 0.307421
25344 0.345771
25345 0.201073
25347 0.074592
25351 0.334315
25356 1.095897
25358 0.346851
25359 0.278720
25361 0.092494
25367 0.255575
25369 0.267954
25370 0.385390
25372 0.121123
25376 0.125920
25387 0.167341
25391 0.102979
25402 1.122820
25404 0.070376
25405 0.083916
25406 0.129015
25414 0.569707
25417 0.053526
25421 0.033351
25425 1.118470
25427 0.297168
25436 1.016029
25438 1.182568
25439 0.167341
25456 0.100537
25466 0.231234
25467 0.311897
25468 0.518656
25471 0.581914
25478 1.131831
25479 1.125584
25482 0.519513
25483 0.084469
25490 1.100526
25491 0.081612
25513 0.526863
25514 0.944206
25516 0.550073
25517 0.410871
25531 0.035943
25533 0.145347
25534 0.345771
25535 0.229882
25536 0.010010
25550 0.585050
25554 0.346159
25558 0.114662
25567 1.156171
25570 0.593433
25572 1.146455
25583 0.346233
25590 0.038539
25594 1.169773
25600 0.548509
25604 1.194287
25606 0.596070
25609 1.168214
25612 0.133404
25613 0.321584
25618 0.256927
25621 0.527166
25632 1.232326
25639 0.056745
25640 0.081612
25643 1.011650
25651 1.081579
25652 1.156171
25679 0.012107
25680 0.456383
25687 1.112126
25706 1.068201
25722 0.204030
25723 0.058540
25727 0.262224
25728 0.130440
25729 1.019728
25735 0.387474
25739 0.104513
25754 0.197395
25758 1.122820
25765 1.170214
25768 0.431318
25769 0.078384
25773 1.192529
25775 0.036997
25776 1.072203
25780 0.232341
25784 0.465288
25785 0.060453
25791 0.589421
25795 0.277481
25798 0.296771
25803 0.532798
25804 0.117378
25808 0.551026
25812 0.185917
25816 0.560866
25817 0.359431
25819 0.023716
25850 0.263015
25851 0.494547
25859 0.244836
25860 0.299927
25862 0.102979
25867 0.038063
25869 0.387877
25882 0.586714
25887 0.478032
25890 0.345350
25897 0.510866
25913 0.316628
25918 1.041596
25921 0.581815
25929 0.443199
25942 0.595393
25945 0.046714
25947 0.021411
25950 0.114978
25954 0.141861
25955 0.023008
25967 0.374974
25971 1.039386
25983 0.140996
26010 0.512642
26016 0.033192
26019 1.015702
26023 0.372326
26024 1.179065
26036 0.320170
26047 0.061254
26049 0.606516
26053 0.172348
26062 0.395532
26077 0.385390
26078 0.396401
26083 0.198799
26086 0.199340
26087 0.256927
26090 0.557682
26091 0.183691
26096 0.330335
26101 0.507223
26104 0.127285
26105 1.221615
26106 0.520000
26111 0.142467
26115 0.466275
26117 0.912767
26119 0.149622
26123 1.037589
26124 0.491705
26130 0.313355
26131 1.080357
26135 1.038477
26136 0.153474
26138 1.062427
26148 0.236490
26151 0.542401
26157 0.145126
26161 0.580588
26167 1.021034
26172 0.058788
26186 0.093563
26191 1.281972
26197 0.465205
26198 0.211587
26200 0.162080
26201 0.011981
26202 0.432904
26203 0.451189
26206 0.349033
26209 0.244575
26211 0.251342
26215 0.378569
26221 1.059014
26241 0.253794
26242 0.964752
26248 0.436100
26250 0.478079
26254 0.117081
26257 1.056255
26259 0.567178
26262 1.176634
26264 1.116303
26268 1.038413
26274 0.104631
26287 0.591284
26289 0.554198
26292 1.058190
26294 0.585593
26296 0.276596
26298 1.068816
26302 0.141129
26316 0.343040
26325 0.312735
26326 0.460327
26333 0.470535
26337 0.147821
26340 0.548691
26342 0.090091
26345 0.343548
26348 0.238693
26350 1.094011
26352 0.287882
26369 0.447138
26375 0.118859
26376 0.603220
26377 0.453957
26386 1.065688
26388 0.014274
26389 0.390395
26400 1.035233
26402 1.180258
26409 1.023160
26411 0.072639
26414 0.560866
26416 0.273277
26421 0.046999
26424 0.015113
26432 0.505218
26435 1.050189
26447 0.520660
26460 0.340468
26462 0.535087
26466 1.171057
26469 0.169886
26470 0.509266
26473 0.080197
26476 0.030560
26478 0.425471
26482 0.982745
26484 0.371626
26490 0.280851
26496 1.076646
26501 0.396401
26506 0.120295
26514 0.499652
26521 0.110112
26523 0.578086
26528 0.263431
26533 1.172304
26534 0.029519
26538 0.357464
26543 0.589132
26559 0.606516
26564 0.112548
26568 0.229798
26569 0.967408
26586 1.013140
26593 0.343985
26599 0.339426
26602 0.140853
26609 0.258030
26611 0.028904
26614 0.026427
26617 0.425584
26620 0.251602
26622 0.559608
26628 0.438359
26629 0.187190
26631 1.063894
26632 0.361646
26635 0.251602
26638 0.211495
26640 0.527376
26642 1.215462
26645 1.189204
26646 0.492794
26652 0.124617
26665 1.184836
26669 0.148499
26671 1.156171
26672 0.087672
26690 1.133048
26693 0.484208
26694 0.162011
26696 0.102015
26699 0.531947
26701 0.199076
26709 0.532686
26711 0.470307
26713 0.529331
26721 1.175125
26725 0.231234
26739 0.073175
26740 0.399320
26742 0.221277
26750 0.332160
26754 0.284771
26769 0.612541
26777 0.470307
26787 0.391708
26793 0.351584
26795 0.473748
26797 1.024930
26798 0.106489
26799 0.334005
26801 0.286730
26804 0.151985
26813 0.011562
26816 1.019802
26829 0.117577
26831 0.517106
26832 0.553260
26846 0.403569
26854 0.215102
26857 0.343985
26858 0.050821
26873 0.192695
26886 0.453957
26890 0.496515
26891 0.495502
26897 0.352085
26901 0.031389
26909 0.447138
26913 0.482673
26923 0.174770
26928 0.399032
26929 0.287154
26931 0.056675
26939 0.181360
26944 0.028314
26946 0.236490
26952 0.317380
26968 0.171659
26978 0.188763
26979 0.479688
26980 0.488523
26992 0.462468
26994 0.213746
27000 0.243404
27002 0.254358
27015 0.616625
27020 0.226700
27024 0.111707
27029 0.137822
27030 0.488161
27033 1.085121
27045 0.336607
27046 0.012432
27055 1.143325
27062 0.559675
27070 0.497154
27080 0.245994
27081 0.551978
27085 0.227105
27087 0.108959
27095 0.563986
27098 0.049728
27099 0.571285
27100 1.052177
27104 0.194400
27105 0.258523
27107 0.336974
27116 0.310192
27124 0.028547
27134 0.272804
27140 0.251602
27145 0.168449
27155 0.599959
27158 0.951432
27159 0.203731
27160 0.480655
27163 0.146351
27165 1.188831
27177 0.073175
27182 1.105270
27200 0.562738
27227 0.477757
27242 0.103230
27249 0.287247
27250 0.616625
27256 0.468718
27263 0.518284
27271 0.199013
27287 0.076064
27288 0.218333
27292 0.513854
27295 0.444681
27303 0.460277
27305 0.987292
27308 0.586228
27311 0.103230
27318 0.315319
27337 0.107909
27344 1.077236
27347 0.529193
27353 1.079093
27356 0.552393
27358 0.418424
27364 0.519297
27365 0.369975
27372 0.180475
27374 0.098165
27376 0.451837
27379 1.131831
27385 0.129116
27386 1.208724
27395 0.033033
27399 0.316218
27400 0.315741
27405 0.506252
27406 1.058663
27407 0.349976
27410 0.572683
27411 0.529095
27414 0.424283
27421 0.327411
27423 0.253794
27426 0.096796
27429 0.160261
27430 0.971457
27443 0.425384
27460 0.253957
27466 0.398026
27468 0.346233
27478 0.241745
27482 0.048579
27491 0.390529
27492 1.172767
27494 0.467665
27513 0.335981
27514 0.054090
27518 0.111438
27529 1.181581
27537 0.594989
27547 0.581547
27550 0.497873
27552 0.318944
27553 0.567701
27555 0.342062
27562 0.486809
27563 0.529699
27569 0.152702
27576 0.128463
27579 0.229798
27582 0.396036
27587 0.058392
27605 0.480487
27608 0.169833
27611 0.010323
27618 0.600608
27623 0.551479
27624 0.473612
27627 0.443299
27629 1.205023
27635 0.192695
27639 0.188763
27640 0.117577
27641 0.491373
27654 0.342932
27655 0.350033
27657 0.580588
27658 0.058099
27664 0.074250
27665 0.597039
27666 0.392947
27668 1.077236
27683 1.124923
27697 0.342979
27699 0.528128
27711 0.038539
27729 1.148614
27733 1.150892
27737 0.068010
27741 1.021403
27743 0.210213
27744 0.309137
27753 0.253257
27754 0.400984
27770 1.054156
27775 1.054156
27776 0.175343
27795 0.205127
27796 0.183691
27797 0.509499
27798 0.173426
27800 0.499652
27810 1.133201
27814 0.588227
27815 0.057521
27828 1.189522
27832 0.267256
27833 0.444681
27847 0.430871
27853 0.120644
27854 0.162011
27867 0.563263
27874 0.342979
27881 0.533617
27884 0.011678
27887 1.319472
27896 0.585403
27902 0.340991
27909 1.108842
27915 0.584887
27917 0.556133
27926 1.044284
27935 0.037296
27936 0.111073
27941 0.160859
27942 0.190927
27943 0.411969
27946 0.401121
27952 0.464364
27953 1.124233
27958 1.199527
27960 0.230024
27970 0.205542
27978 0.455280
27987 0.346851
27998 0.411518
28003 0.495502
28010 0.218333
28011 0.144521
28013 1.199450
28014 0.119604
28017 0.291556
28019 0.010098
28027 0.505489
28030 0.220724
28035 0.481738
28040 0.065136
28043 0.534574
28045 0.021712
28047 0.167157
28056 0.597227
28062 0.036511
28066 1.065079
28067 0.318212
28076 0.176365
28079 0.175621
28097 0.265177
28103 0.365107
28104 1.099310
28105 0.385390
28106 0.534456
28112 0.510642
28113 0.278720
28115 0.374974
28116 0.123199
28133 0.456514
28136 1.179528
28146 1.178263
28147 0.156048
28150 0.527817
28155 0.240591
28165 0.497045
28166 0.170583
28173 0.370964
28177 0.363576
28183 0.063352
28196 0.060217
28201 0.025981
28209 0.321821
28227 1.188674
28231 0.019848
28234 0.416028
28237 1.123876
28239 0.327218
28247 0.220223
28250 0.298724
28251 0.506984
28252 0.210213
28254 0.570167
28259 1.062427
28267 1.048511
28269 1.033753
28275 0.297117
28276 1.125584
28277 0.441914
28287 0.071516
28290 0.086353
28292 0.214389
28293 0.497278
28299 1.248665
28301 0.503149
28306 0.256927
28308 0.327582
28310 0.517689
28314 0.308977
28321 0.056399
28327 1.052116
28330 0.222089
28337 0.160261
28338 0.448454
28345 0.321159
28347 0.950963
28349 0.150396
28361 0.436776
28373 0.425958
28380 0.290294
28384 1.208251
28386 0.115617
28388 0.378569
28398 0.038539
28414 0.357710
28419 0.966190
28423 0.435441
28431 0.121065
28436 0.055854
28440 1.065688
28449 1.105270
28461 0.159896
28470 0.537308
28471 0.037146
28478 0.305404
28479 0.425258
28480 0.053775
28482 0.561703
28483 0.318100
28486 0.294298
28502 0.070993
28503 1.163012
28506 0.197766
28508 0.392272
28509 0.126897
28511 0.281503
28515 0.389206
28532 0.277481
28542 0.559608
28544 0.289043
28564 0.146351
28575 0.525073
28583 0.284771
28587 0.526700
28588 0.081135
28590 0.978299
28592 0.167735
28598 1.098040
28604 0.323728
28610 0.362528
28612 0.397069
28614 0.500610
28615 0.018954
28622 0.377012
28626 0.011225
28628 0.492185
28633 1.205823
28635 0.079394
28638 1.190320
28639 0.928807
28655 0.325969
28664 0.205127
28667 0.358106
28669 0.377328
28670 0.404401
28672 0.063179
28676 0.022341
28683 0.197261
28684 0.431318
28685 0.199832
28686 0.539546
28688 0.559608
28692 0.380512
28703 1.208991
28707 1.088881
28708 0.070931
28713 0.206196
28718 0.505825
28734 0.162841
28735 1.067235
28738 0.151629
28741 0.356486
28742 0.976765
28746 0.411083
28748 0.374379
28751 0.242653
28754 0.312846
28759 0.124077
28762 1.187760
28763 0.117081
28765 0.358598
28770 0.261515
28774 1.291155
28777 0.239567
28783 0.341725
28787 0.038972
28789 1.077236
28790 0.447886
28798 0.403742
28799 1.163264
28800 0.515022
28804 0.199832
28805 1.014447
28810 0.147283
28811 0.220223
28815 0.336341
28817 0.224227
28827 0.411398
28828 1.085673
28834 0.509710
28839 0.091449
28841 0.120725
28845 0.282503
28847 0.262482
28848 1.082853
28863 0.246823
28864 0.335290
28879 0.134581
28881 0.470477
28885 0.351242
28887 0.186479
28889 0.143624
28893 0.982124
28915 0.478416
28919 0.338125
28924 0.344935
28937 0.410603
28942 0.609848
28943 1.125745
28945 0.274591
28951 0.984682
28953 0.259231
28957 1.346599
28964 0.352554
28967 0.159472
28971 0.268397
28976 0.364602
28982 0.162489
28983 0.507851
28986 0.515322
28987 1.138564
28993 0.513854
28997 0.554586
29009 0.204891
29010 0.575027
29012 0.528535
29019 0.453687
29021 0.240243
29022 1.334852
29026 0.466525
29031 0.085642
29034 0.013930
29036 0.439216
29038 0.319792
29048 0.224811
29053 1.193467
29057 0.035758
29063 0.943813
29073 0.260264
29080 0.597143
29084 0.530478
29085 0.504112
29086 0.311507
29107 0.041539
29108 1.001014
29109 0.381155
29113 0.359698
29118 1.167850
29119 0.119604
29124 0.573308
29128 0.306739
29131 0.086713
29139 0.561378
29141 0.527713
29142 0.201073
29146 0.405890
29153 0.585793
29161 0.402795
29162 0.231234
29168 0.915779
29179 0.503972
29180 0.554962
29183 0.425584
29192 0.235953
29195 0.400930
29201 0.480487
29204 0.549181
29213 0.483627
29217 1.104556
29221 0.214106
29227 1.126901
29229 0.215819
29232 0.355007
29236 0.374196
29237 0.342132
29239 0.421662
29241 1.052854
29259 1.156171
29261 0.175343
29269 0.180320
29274 0.367254
29277 0.293942
29288 0.500507
29293 0.055585
29295 0.116344
29300 1.232570
29301 0.603778
29305 1.000864
29307 0.258294
29308 0.232602
29322 1.040090
29325 1.063264
29336 1.239150
29337 0.030227
29338 0.613702
29342 1.195363
29351 1.098935
29362 0.558489
29372 0.580588
29382 0.107829
29383 0.501827
29390 0.489385
29391 0.122997
29404 0.563986
29407 0.014543
29425 0.600442
29436 0.286485
29446 0.560915
29448 0.322652
29458 1.067949
29465 0.206050
29469 1.136575
29472 0.515250
29473 0.952685
29482 1.188937
29483 0.010463
29487 0.449622
29491 0.586714
29505 1.235001
29511 1.250169
29514 0.382838
29536 0.311458
29549 0.074592
29566 0.443970
29567 0.258294
29568 0.500266
29571 0.194237
29575 0.383110
29581 0.285223
29598 0.027860
29599 0.580545
29607 1.183831
29610 0.246823
29614 0.182553
29615 0.507300
29617 0.305404
29621 0.601209
29622 0.024731
29624 0.151629
29637 0.498239
29638 0.584171
29639 0.443783
29640 1.095954
29646 0.012918
29648 1.009200
29651 0.996876
29655 1.023496
29661 0.012107
29666 0.053775
29668 0.549655
29674 0.278337
29685 0.471033
29686 0.978299
29690 0.255433
29696 0.506815
29707 0.165167
29711 0.014100
29714 0.375756
29722 0.097157
29725 0.419271
29727 0.398345
29738 0.471907
29740 0.182553
29742 1.096110
29748 0.095354
29749 0.383454
29751 0.013764
29753 0.242893
29755 0.176965
29757 0.038863
29766 0.292966
29767 0.410071
29769 1.088881
29770 0.157385
29776 0.014823
29778 0.408693
29786 0.056057
29794 0.187190
29799 0.082164
29802 0.127917
29803 0.167935
29820 1.049212
29830 0.540178
29831 0.273650
29833 1.143325
29837 1.111892
29840 1.186201
29843 0.274525
29845 0.176965
29849 0.248523
29850 0.297726
29853 0.972369
29854 0.443299
29858 1.080769
29859 0.011798
29860 0.032568
29863 0.501735
29873 0.148747
29890 0.192695
29912 0.351242
29916 0.465471
29918 0.203486
29920 0.398026
29932 0.096796
29934 1.296156
29935 0.373293
29938 0.281503
29946 0.165958
29954 0.081135
29958 1.205370
29965 0.252255
29966 0.084746
29980 0.136020
29994 0.459504
30000 0.275959
