6021
1 0.144205
3 0.500121
6 0.335147
7 0.068955
13 0.098069
17 0.584009
18 0.292423
21 0.210626
26 1.055471
66 0.483907
72 0.139572
74 0.190276
76 1.101471
81 0.459548
84 0.202446
85 0.567155
88 1.143655
96 0.443231
99 1.203578
105 0.582690
108 0.564521
109 1.044231
112 1.065573
119 0.194153
124 1.010207
126 0.332813
127 0.345068
142 0.591546
152 0.165492
158 0.193074
168 0.571430
175 0.052957
177 0.446484
189 0.926755
190 0.227671
194 0.118815
197 0.190802
199 0.486546
203 0.962862
207 0.070209
210 0.583856
213 0.333708
216 0.140805
219 0.281176
223 0.035283
237 0.290865
247 0.521683
248 0.046107
257 0.542562
260 0.271935
265 0.456851
267 0.026479
271 0.102973
275 0.091057
279 0.485636
285 0.536840
288 1.069333
290 0.025743
292 1.026588
293 0.257432
298 0.296675
299 0.356444
303 0.554279
306 0.406637
313 0.216243
317 0.519481
322 1.134410
341 0.059155
348 0.292423
349 0.546548
350 0.426492
352 1.086935
353 0.519676
360 0.332468
375 0.379818
376 0.290958
385 1.084501
386 1.095046
387 0.201009
391 1.158444
393 0.317250
400 1.178767
404 0.551640
408 1.086041
410 0.601789
411 0.967141
413 1.201349
414 0.355007
421 0.289611
422 0.264101
427 0.125614
429 0.428240
430 0.436364
432 0.436297
441 1.107635
442 0.549770
447 0.327386
448 0.190630
452 0.353424
459 0.361708
460 0.601789
462 0.520957
465 0.168780
466 0.417799
468 0.121232
472 0.187323
477 0.251229
480 0.149156
481 0.031169
488 0.050095
490 0.328941
491 0.050921
495 0.406208
499 0.221276
503 1.037882
504 0.093048
506 0.123717
511 0.573908
512 0.500237
517 0.491079
519 0.027582
525 0.193074
526 0.482248
528 0.400759
542 1.201349
546 0.534666
547 0.235456
548 0.561308
549 0.276055
559 0.584440
567 0.236417
568 0.330984
581 0.230334
582 1.151669
583 0.192007
588 0.386148
589 0.538045
597 0.217208
598 1.045118
599 0.061784
603 0.012259
607 0.407493
609 0.496476
612 0.218060
623 0.312276
642 0.429053
643 0.548081
644 1.138809
646 0.498131
655 0.513650
660 0.387764
668 0.377470
671 0.497186
674 0.087430
684 0.146330
692 0.501204
694 0.162589
696 0.057349
710 0.576736
714 0.010981
724 0.586200
729 1.063489
731 1.065355
737 0.443423
744 0.508585
745 0.333966
747 0.356444
768 0.429830
769 0.454509
781 0.334063
784 0.158181
785 0.558429
789 0.396049
791 1.299008
794 0.186416
801 0.365275
819 0.568011
821 0.569930
824 0.523168
825 0.206865
826 1.110175
831 0.538520
836 1.023041
842 0.028604
850 0.042512
857 0.452725
877 0.265872
884 0.044988
889 0.172046
908 0.096537
911 1.045425
915 0.496476
920 0.325617
927 0.304337
928 0.450201
929 0.229143
939 1.149176
953 1.072633
957 0.221157
970 0.444170
971 0.169528
972 0.996382
974 0.099012
975 0.415852
985 0.524820
987 0.121361
988 0.582387
996 0.326741
999 0.484578
1010 0.585319
1015 0.034580
1017 1.094086
1020 0.197649
1021 0.324797
1029 0.380552
1034 0.089494
1046 0.313901
1047 0.545150
1049 1.105443
1053 0.114132
1055 0.582192
1066 0.559249
1067 0.068547
1077 0.036014
1080 0.268158
1082 0.460886
1083 0.570124
1084 0.508849
1093 0.531745
1103 0.293405
1112 0.019227
1115 0.131526
1117 0.547628
1126 0.307057
1129 0.190630
1132 0.281491
1137 0.497844
1139 0.576896
1140 0.559914
1144 0.540999
1145 1.319185
1146 1.314990
1152 0.304505
1157 0.292045
1164 0.113480
1170 1.208811
1171 0.593013
1172 0.589208
1180 0.117146
1183 1.124372
1187 0.482127
1196 0.429535
1201 0.070822
1202 0.343243
1211 1.093571
1214 0.013164
1218 1.127797
1221 1.070132
1222 0.564861
1224 0.564216
1233 0.064061
1235 1.179765
1242 0.364290
1244 0.408862
1251 0.444170
1261 1.213608
1273 0.975532
1275 0.522837
1279 0.461232
1280 0.280388
1285 0.524183
1291 0.134529
1292 0.498400
1293 0.317250
1294 0.025601
1295 0.475901
1298 0.227425
1302 0.163693
1303 1.254981
1307 0.579222
1309 0.284965
1310 0.065821
1316 0.202054
1319 0.417040
1320 0.429622
1321 0.130162
1332 0.014127
1333 0.422577
1342 0.448077
1349 0.396874
1362 0.029328
1367 0.181156
1372 0.224544
1385 0.576693
1388 1.169691
1390 0.867641
1392 0.474679
1397 0.226038
1402 0.352777
1404 0.503671
1413 0.101841
1417 1.099540
1418 0.270304
1420 0.246169
1422 1.050322
1425 0.408862
1434 1.070301
1440 0.463377
1442 0.381605
1444 0.404108
1445 0.401000
1451 0.232915
1454 0.271982
1456 0.281241
1457 0.106635
1458 0.371214
1461 0.059714
1466 0.260842
1468 1.016593
1469 0.449192
1472 0.416094
1494 1.016370
1495 0.362014
1508 1.147816
1510 0.214811
1513 1.151158
1516 0.315491
1528 0.097553
1529 0.286035
1532 0.336757
1534 0.617837
1535 0.371296
1538 0.109805
1539 1.136022
1561 0.203434
1569 1.110836
1570 0.115364
1576 0.301299
1577 0.074339
1580 0.388380
1584 0.301779
1591 0.961262
1594 0.186282
1595 0.134964
1597 0.350582
1600 0.148677
1608 0.251229
1616 0.380552
1620 0.151927
1629 0.349280
1636 0.429622
1639 0.457657
1642 0.033741
1654 0.266867
1655 1.143963
1661 0.568293
1666 0.561670
1667 0.110915
1668 0.425806
1684 0.537422
1685 0.421252
1688 0.010776
1689 0.565431
1690 0.365085
1697 0.384416
1701 0.122587
1705 0.367157
1711 0.166284
1715 0.108121
1738 1.111638
1752 1.012847
1759 0.520370
1763 0.463377
1766 0.353184
1767 0.283059
1773 0.246477
1781 0.042905
1785 0.544405
1789 0.087666
1795 0.535780
1799 0.523168
1809 1.090300
1810 0.106769
1816 0.500562
1819 0.208397
1826 0.291194
1829 0.493956
1831 0.579222
1835 0.272575
1844 0.095401
1848 0.497342
1854 1.045909
1856 0.266867
1857 1.173488
1862 0.207926
1863 0.125498
1877 0.431282
1879 0.412779
1880 0.195400
1883 0.418715
1884 0.510007
1886 0.272575
1892 0.981992
1902 0.129746
1903 0.588564
1923 0.289611
1927 0.471231
1928 0.379818
1929 1.059953
1930 1.139607
1931 1.047529
1932 0.140417
1933 1.219414
1937 0.467533
1940 0.356444
1951 1.253398
1952 0.455934
1953 0.294692
1962 0.522785
1967 0.490347
1968 0.281611
1976 0.023763
1981 0.495706
1984 0.103181
2003 1.338980
2016 0.614115
2024 0.602391
2027 0.191478
2037 0.106279
2040 0.321790
2045 0.524578
2052 0.246978
2053 0.459383
2076 0.424561
2078 0.341065
2079 0.990123
2082 0.540133
2087 0.258870
2090 0.174279
2094 1.082063
2096 0.527064
2098 0.556053
2100 0.937052
2109 0.557769
2117 0.146638
2118 1.127958
2119 0.448430
2128 0.463377
2137 0.107263
2141 0.163370
2154 0.939003
2158 0.081294
2168 0.187856
2170 0.174494
2176 0.026479
2183 1.034325
2187 0.166574
2195 0.600675
2201 0.159785
2214 0.227891
2216 1.060466
2221 0.420403
2222 0.235851
2225 1.046716
2228 0.432486
2231 0.185351
2233 0.061510
2238 0.299373
2240 0.293277
2243 0.113712
2249 0.243209
2251 0.076213
2279 0.029514
2282 0.357893
2283 0.121941
2290 0.250474
2294 0.048674
2301 0.235851
2302 0.216083
2319 0.549025
2338 0.392864
2344 1.205317
2345 0.359303
2355 0.406637
2359 0.181007
2366 0.308255
2388 0.263804
2391 1.057710
2395 0.594709
2399 1.060014
2402 0.082326
2404 0.323866
2406 0.151431
2413 0.547628
2424 0.374791
2429 0.474154
2433 0.266793
2435 0.467533
2437 0.454579
2438 0.036776
2442 0.172687
2447 0.022171
2448 0.311628
2449 0.174389
2453 0.573705
2468 1.123760
2474 0.398379
2482 0.291127
2487 0.432954
2494 0.536542
2498 0.223854
2503 0.467442
2505 0.161933
2507 0.335147
2510 0.314917
2511 0.981389
2521 0.429622
2529 0.067745
2535 0.542869
2548 0.395850
2553 1.250538
2554 0.252993
2555 0.405455
2559 0.200095
2564 0.338726
2567 0.366513
2569 0.056235
2572 0.252993
2577 0.184124
2579 1.293408
2583 0.221615
2584 0.249011
2596 0.575795
2604 0.193074
2608 0.318572
2610 1.189753
2615 0.312829
2619 0.527422
2631 0.513745
2640 0.598529
2643 1.082767
2647 0.023054
2649 0.193074
2651 0.360138
2653 1.118033
2654 0.225427
2657 0.440400
2658 0.036014
2663 1.173488
2670 0.346202
2671 0.471959
2672 0.148281
2673 0.104880
2674 0.026328
2679 0.299265
2687 0.081772
2688 0.146925
2698 1.204172
2702 0.049826
2710 0.093208
2714 0.324659
2722 0.585319
2728 0.266545
2730 0.320800
2736 1.004365
2738 0.513472
2740 0.505279
2741 0.346914
2747 0.474217
2754 1.168787
2756 0.327386
2762 0.166574
2770 0.253754
2771 0.230154
2784 0.159785
2788 0.204431
2796 1.132411
2808 0.288409
2809 0.439088
2810 0.410588
2830 0.561234
2831 0.561308
2832 0.360713
2838 0.570827
2843 1.022770
2847 0.034240
2850 0.398720
2855 0.431962
2857 0.499329
2860 0.014852
2868 0.486652
2874 0.339810
2876 0.292940
2880 0.353810
2885 0.100734
2886 0.116373
2890 0.566117
2891 0.154459
2892 1.158444
2894 0.257432
2905 0.055428
2910 0.317250
2913 0.289611
2920 0.051774
2921 0.582192
2922 1.150872
2925 1.179254
2927 1.036007
2932 0.120962
2939 1.051920
2942 0.442934
2945 0.033741
2953 0.083743
2957 0.522304
2963 0.291066
2966 0.434416
2969 0.237629
2972 0.126553
2975 0.157548
2978 0.227146
2981 1.086041
2982 1.070048
2986 0.975023
2990 0.098892
2992 0.157320
2998 1.060271
3004 0.229143
3014 0.353424
3016 0.193074
3017 0.533494
3022 0.064061
3044 1.131813
3049 0.579222
3052 0.215981
3068 0.598257
3071 1.090300
3076 0.276326
3081 0.425322
3090 0.181955
3093 1.269833
3094 0.116907
3096 1.087741
3097 0.402407
3099 1.019046
3103 1.247555
3106 1.108511
3107 0.512586
3109 0.394579
3111 0.322605
3114 0.214736
3127 0.584738
3130 0.597906
3133 0.162808
3135 0.598213
3144 0.262581
3148 0.374646
3161 0.170167
3162 0.178222
3164 0.489651
3167 0.518251
3171 1.225926
3172 0.026785
3173 1.003629
3176 0.302203
3178 1.016914
3182 0.052897
3186 1.223078
3191 0.929530
3197 0.980222
3198 1.104423
3208 0.123239
3210 0.010726
3212 0.028255
3214 0.062619
3231 0.069014
3233 1.073680
3234 0.009418
3241 0.405455
3248 0.149477
3249 0.097439
3254 0.571951
3260 0.049035
3273 0.562481
3280 0.140032
3283 0.055829
3284 0.132936
3289 0.592446
3293 1.219414
3294 0.104880
3295 0.372565
3302 0.297037
3305 0.414130
3319 0.450201
3329 0.545864
3333 0.408862
3337 0.174038
3339 0.108914
3346 0.077230
3349 0.228640
3350 1.210160
3351 0.503671
3356 1.077353
3361 0.148876
3365 0.387764
3366 1.189336
3368 0.128716
3376 0.117015
3380 0.337684
3381 0.287812
3386 0.345665
3391 0.298568
3395 0.084421
3410 0.473675
3420 1.050453
3426 0.589266
3428 1.075241
3429 0.268271
3430 1.163096
3438 0.471231
3448 0.575533
3450 0.529574
3456 0.144162
3462 0.222421
3466 0.598257
3468 0.242063
3479 1.113697
3482 0.342858
3484 0.047870
3489 0.406052
3499 0.423821
3500 1.055011
3503 1.144487
3509 0.059662
3525 0.514864
3530 0.483907
3535 0.261795
3537 0.387724
3538 0.235789
3543 0.532760
3545 0.077230
3547 0.377470
3548 0.390345
3554 0.576396
3566 0.348987
3570 1.024203
3572 0.221977
3574 0.269133
3576 0.278026
3578 0.601789
3594 1.114452
3595 1.189336
3599 1.083866
3608 0.384416
3613 0.431282
3621 1.184418
3623 0.073319
3624 0.531745
3625 0.236618
3629 0.474890
3632 0.465238
3635 0.220656
3639 0.372143
3640 0.448077
3642 0.251608
3646 0.507248
3647 0.519887
3656 0.951579
3659 0.343653
3662 0.565752
3665 1.136308
3668 0.518251
3671 0.274040
3679 0.513826
3680 0.130696
3681 0.224846
3683 0.381439
3686 0.358064
3697 0.421252
3702 0.579222
3703 1.243208
3712 0.142432
3713 0.476617
3718 0.378862
3723 0.368104
3726 0.233917
3727 0.524578
3731 0.248238
3733 0.131145
3740 0.105848
3752 0.367760
3760 0.595164
3766 0.844473
3770 0.268158
3773 0.442227
3782 0.354839
3783 0.117609
3791 0.110328
3793 0.596158
3796 0.411410
3798 0.245317
3800 0.247853
3803 0.495519
3806 1.066846
3819 0.317803
3830 0.235851
3831 0.333053
3832 0.491461
3837 0.159002
3839 0.313093
3840 0.201468
3841 0.049719
3843 0.058286
3851 0.437524
3854 0.372832
3855 0.261795
3858 0.100734
3870 0.133027
3872 0.024134
3875 0.237272
3881 0.588876
3891 0.043172
3892 0.584172
3898 0.215789
3905 0.455103
3921 0.322216
3927 0.517603
3931 1.079098
3933 0.956650
3939 0.080822
3943 1.131995
3946 0.020779
3951 0.020779
3955 0.279817
3961 0.042318
3962 0.131855
3965 0.129919
3971 0.427580
3978 0.237272
3979 0.493273
3980 0.488425
3985 0.169528
3988 0.030892
3989 0.266867
3991 0.012730
4000 0.500121
4002 0.259651
4003 0.165492
4015 0.292318
4018 0.535415
4022 0.147104
4024 0.010981
4033 0.485799
4034 1.186158
4044 0.411630
4048 0.097553
4050 0.155844
4051 0.254293
4053 0.448897
4056 0.544522
4061 0.422349
4062 0.044843
4065 1.261671
4066 0.302614
4076 0.276326
4082 0.991246
4092 0.183718
4101 0.086883
4104 1.238336
4109 0.599665
4115 1.089563
4131 1.230206
4132 0.255760
4136 0.037827
4137 0.214811
4139 0.510267
4142 0.044556
4150 0.091456
4151 0.994513
4173 0.071289
4178 0.451720
4181 0.979778
4182 0.387805
4183 0.364290
4185 1.152503
4187 0.313461
4189 0.035644
4194 0.160477
4199 1.036502
4201 0.491461
4212 0.019148
4223 0.106001
4234 0.313461
4247 1.032946
4252 0.346029
4255 0.325177
4256 0.067156
4257 0.490769
4260 0.243883
4264 0.521300
4271 0.023522
4272 0.558779
4274 1.113456
4275 1.090300
4290 0.230334
4292 0.094782
4298 0.178222
4304 0.994566
4305 0.947236
4313 0.275130
4315 1.076232
4317 0.012661
4320 1.028618
4322 0.407152
4328 0.388639
4329 0.485575
4330 1.089678
4334 0.411891
4338 0.304567
4340 0.103301
4344 1.076090
4345 0.235047
4347 0.586554
4348 0.173767
4350 0.288368
4357 0.278026
4366 0.072403
4372 0.310396
4387 0.574354
4394 0.354626
4404 0.260650
4405 0.121941
4412 0.281176
4415 0.602187
4421 0.497411
4425 0.182227
4427 0.038190
4435 0.330984
4436 0.513787
4437 0.364787
4438 0.329638
4449 0.138093
4454 0.335339
4455 0.528970
4465 0.124930
4472 0.015446
4473 0.324364
4477 0.280835
4483 0.373692
4488 0.396815
4494 0.524578
4499 0.486989
4504 0.342267
4511 0.204131
4526 0.451496
4528 0.367032
4539 0.221977
4541 1.137381
4548 0.052657
4550 0.278533
4556 0.440712
4557 1.050572
4558 0.323287
4559 1.189753
4567 0.229395
4569 1.121075
4573 0.415165
4576 0.168705
4579 0.231689
4583 0.433239
4590 0.187013
4599 0.417636
4612 0.011701
4613 0.028083
4615 0.572187
4626 0.438019
4633 0.454509
4646 0.178222
4659 1.132115
4662 0.158819
4663 0.296675
4664 0.531745
4673 0.526565
4674 0.168064
4675 1.031812
4676 0.075084
4681 0.454292
4694 0.292940
4697 0.015143
4704 0.122937
4709 1.113141
4711 0.166341
4724 0.493956
4727 0.261058
4738 0.476617
4740 1.148870
4741 0.504193
4744 0.437524
4752 0.039049
4765 0.565095
4766 0.452410
4771 0.290865
4777 0.330984
4796 1.051745
4801 1.018026
4803 0.185351
4806 0.486546
4807 0.471764
4816 0.434416
4819 0.258682
4821 0.518251
4823 0.532258
4833 0.467191
4841 0.139712
4846 0.201468
4854 0.225538
4859 0.594465
4862 0.270805
4867 0.518062
4875 0.263949
4876 0.370322
4877 0.576503
4880 0.478088
4888 0.198590
4889 0.581916
4890 1.163592
4899 0.489915
4901 0.942803
4905 0.167890
4906 1.227399
4910 0.570827
4912 0.271245
4917 0.427733
4920 0.184188
4921 1.057501
4926 0.514864
4930 0.311224
4934 1.139453
4938 0.400759
4941 0.504093
4943 1.123339
4947 0.026328
4950 1.227165
4955 0.570490
4959 0.056509
4968 0.054644
4988 0.486260
4989 0.124461
4990 0.280388
4993 1.025705
4995 0.165492
4996 1.194807
4998 0.324993
4999 1.056826
5000 0.396310
5001 1.039967
5004 0.223016
5008 0.378576
5009 0.601623
5025 0.242220
5037 0.227358
5045 0.402937
5047 0.107991
5048 0.320012
5054 1.209803
5059 0.406637
5062 0.159002
5063 1.072177
5064 0.218345
5067 0.102973
5078 0.561670
5084 0.392376
5088 0.131145
5089 1.076671
5094 0.042125
5097 0.365824
5102 1.250835
5105 0.106279
5109 0.015143
5110 0.395566
5116 1.148457
5122 0.584089
5125 0.381133
5128 1.148370
5130 0.440774
5134 0.288110
5136 0.384368
5137 0.303144
5138 0.431718
5148 0.576450
5149 0.340094
5151 0.513401
5153 1.000721
5157 0.276861
5160 0.947818
5161 0.541070
5170 0.125804
5171 0.245730
5174 0.221712
5176 0.603213
5178 0.490996
5182 0.554469
5189 0.232658
5190 1.163733
5194 1.021322
5203 0.110915
5205 0.573487
5207 0.262581
5208 0.145633
5217 0.265068
5222 0.196522
5240 1.120085
5241 0.321153
5244 0.071133
5245 0.936828
5252 0.523818
5259 0.412207
5260 0.053140
5264 1.041429
5272 0.068721
5275 0.355432
5281 0.142578
5282 0.301064
5286 0.114801
5293 0.076718
5304 0.394635
5315 1.142575
5316 0.419135
5320 0.320421
5323 0.307551
5329 1.137381
5336 0.182912
5340 0.549365
5341 0.520318
5342 0.429938
5349 0.277234
5350 0.009901
5354 0.341327
5361 0.257432
5379 0.254293
5382 0.422416
5388 0.461494
5392 0.575949
5398 0.492671
5405 0.510501
5407 0.194320
5412 0.533665
5415 1.118951
5417 0.510007
5423 0.241342
5425 0.223186
5432 0.335781
5436 0.265186
5439 1.076671
5445 0.355663
5447 0.345613
5448 0.069606
5453 0.525161
5463 1.075241
5485 0.426795
5487 1.250709
5493 1.158444
5501 0.273274
5509 0.558898
5510 0.035104
5512 0.617837
5513 1.146859
5516 0.167669
5524 0.346973
5529 0.314154
5530 0.353630
5531 0.325350
5533 0.382605
5540 0.530502
5542 0.229143
5544 0.603468
5550 0.336322
5554 0.061239
5565 0.222035
5579 1.219414
5582 0.372717
5586 0.605228
5589 1.044871
5590 0.556053
5591 0.255760
5592 0.590151
5599 0.512277
5600 0.102647
5606 0.148281
5610 0.229601
5611 0.200500
5616 0.997021
5630 0.432954
5632 0.289611
5636 0.242465
5640 0.325177
5641 0.090101
5649 0.134845
5654 0.073943
5659 1.047233
5662 0.327244
5666 0.304854
5682 0.428624
5688 1.173488
5698 0.348290
5701 0.083170
5708 0.341436
5710 0.077230
5720 0.268271
5721 1.023041
5730 0.087983
5738 0.520370
5741 0.474543
5742 0.113270
5743 0.034072
5748 0.402464
5749 0.503671
5752 0.172902
5759 0.238308
5775 0.579222
5778 1.248323
5805 0.186282
5826 0.098591
5827 1.047839
5834 0.052065
5835 0.088685
5838 0.028027
5839 0.319571
5841 0.186095
5850 0.176791
5853 0.437634
5858 0.216900
5859 0.208818
5861 0.386148
5865 0.064959
5872 0.125237
5879 0.981389
5880 0.390487
5884 0.039946
5886 0.012456
5889 0.130898
5891 0.104837
5895 0.043442
5898 0.279143
5899 0.089879
5908 1.231196
5918 0.525161
5922 1.079353
5923 1.047764
5931 0.254110
5943 0.098292
5944 0.929107
5947 0.237340
5949 0.226301
5966 1.084785
5975 0.059029
5977 0.200955
5981 0.143313
5986 0.576450
5988 1.203432
5994 0.138800
5999 1.178078
6005 1.067466
6010 0.165492
6013 0.268759
6014 0.021256
6021 0.590806
6029 0.279268
6039 0.151307
6044 1.072633
6046 0.289611
6048 0.198155
6066 0.322134
6069 1.082480
6072 0.346914
6074 1.222407
6078 0.172420
6081 1.060466
6085 0.337879
6088 0.275274
6092 0.513699
6109 0.396049
6110 0.015446
6113 0.308918
6124 0.231689
6128 0.349475
6131 1.095955
6132 0.164800
6136 0.156195
6138 0.293690
6141 0.390800
6143 0.285914
6148 0.330984
6154 1.005043
6161 0.091628
6166 0.570124
6178 0.491792
6186 0.260059
6189 0.388639
6196 0.546018
6197 0.073943
6201 0.192007
6209 0.033578
6210 0.088685
6217 1.288415
6225 0.243883
6228 0.490296
6229 0.101285
6239 0.576282
6240 0.214010
6245 1.134004
6256 1.101934
6261 1.216690
6273 0.367311
6275 0.127302
6277 1.263757
6285 0.600327
6293 0.231689
6294 1.173488
6295 1.176451
6305 0.302614
6313 0.274885
6328 0.518123
6336 0.874743
6344 0.370702
6350 0.358954
6358 0.198590
6366 0.356444
6367 1.050018
6370 0.520370
6373 0.112713
6380 0.935961
6383 0.445974
6393 0.449545
6398 0.363433
6400 0.240432
6401 0.306004
6405 1.187405
6415 0.330984
6417 0.421252
6418 0.361660
6421 0.528970
6424 1.040518
6434 0.071762
6437 0.107083
6439 0.400190
6441 0.566350
6442 0.590290
6443 0.238363
6444 0.054644
6447 0.246706
6451 0.343653
6460 1.243697
6463 0.594465
6469 0.092062
6480 0.239678
6483 0.568293
6484 0.570490
6489 0.396584
6495 0.369832
6497 0.419437
6506 0.432672
6508 0.214811
6516 0.030687
6518 0.951750
6528 0.087430
6531 0.087983
6533 0.313971
6534 1.062792
6535 0.256077
6547 0.278026
6566 0.043105
6567 1.046716
6569 0.376118
6575 0.255853
6584 0.265370
6589 1.178246
6591 0.290865
6596 0.386148
6599 0.566898
6604 0.245055
6614 0.427387
6637 0.019307
6641 0.544329
6647 0.023522
6650 1.231499
6655 0.491748
6663 0.211500
6665 0.121144
6672 1.120727
6674 0.322134
6688 0.119581
6692 1.060014
6699 0.586744
6707 0.050921
6708 0.292940
6711 0.186529
6722 0.013874
6745 0.261795
6747 0.327090
6749 0.365824
6750 0.576091
6754 0.291010
6763 0.114132
6765 0.027419
6767 0.071762
6769 0.073552
6779 0.053385
6784 0.412779
6788 0.350721
6789 0.270981
6791 0.055694
6795 0.448077
6798 0.534666
6804 0.149799
6806 1.005043
6814 0.173511
6821 0.483142
6822 0.125498
6828 0.438989
6839 0.561670
6842 0.532993
6848 0.130792
6850 0.284965
6852 0.230536
6853 1.200460
6861 1.123339
6862 0.200797
6863 0.189687
6872 0.226960
6873 0.456175
6881 0.536223
6891 0.410420
6892 0.126953
6896 1.212464
6897 0.244560
6899 0.330984
6908 0.057066
6909 1.142998
6914 0.092214
6925 0.038939
6936 0.439220
6939 0.509473
6943 0.458900
6948 0.287975
6955 0.014042
6960 1.007997
6962 0.356444
6975 0.495753
6983 0.538575
6990 0.257432
6991 0.155198
6993 0.560537
6998 0.027747
7000 0.471702
7012 0.048018
7016 0.092675
7018 0.575624
7021 1.152901
7029 0.378267
7033 1.042599
7035 0.407693
7062 1.046962
7063 1.114452
7065 0.355256
7073 1.125719
7075 1.101000
7078 1.086041
7081 0.253212
7084 0.370322
7127 0.976298
7128 1.158444
7129 0.084032
7132 0.368596
7140 0.461013
7144 0.516263
7156 0.371977
7164 0.271814
7166 1.073360
7168 0.512491
7173 0.028604
7174 0.560293
7183 0.178987
7187 1.151899
7193 0.241342
7196 1.136858
7208 1.205620
7214 0.105313
7222 0.473031
7225 0.514864
7227 0.322216
7237 0.409694
7239 1.146859
7240 0.096037
7248 1.029728
7249 0.244957
7254 0.099651
7255 0.534666
7258 0.489121
7261 0.916571
7267 1.275819
7276 0.010726
7282 0.384147
7283 0.258581
7286 0.473618
7292 0.341065
7300 0.543467
7302 0.193074
7304 0.588822
7305 0.448430
7321 0.022604
7324 0.324797
7330 0.055164
7337 0.072028
7353 0.169528
7359 1.002630
7367 0.431049
7372 0.294021
7374 0.461181
7376 0.329415
7394 1.299717
7396 0.195648
7403 0.451183
7406 0.487073
7409 0.030485
7411 0.181322
7419 0.420220
7420 0.337637
7423 0.044556
7430 1.043101
7443 1.254183
7444 0.296223
7445 0.123567
7446 0.298213
7454 0.152427
7465 0.529166
7470 1.187165
7472 0.109675
7485 0.382505
7486 0.286954
7494 0.593013
7497 0.272575
7512 0.343653
7517 1.147305
7521 0.118209
7525 0.230154
7529 0.453023
7534 1.158444
7535 0.266923
7536 0.207096
7537 0.408214
7542 0.445974
7544 1.079098
7553 0.465766
7556 0.162330
7564 0.170047
7565 0.097553
7566 0.530233
7570 0.207646
7571 0.376730
7586 0.012730
7587 0.470618
7597 0.349475
7601 1.170900
7605 1.120668
7606 0.011643
7613 0.303670
7619 0.322079
7621 0.904689
7623 0.443231
7636 0.381260
7643 0.013470
7644 0.390487
7652 0.503258
7657 1.183357
7670 1.087311
7677 0.569060
7678 0.063651
7680 0.411891
7683 1.079234
7685 0.421252
7692 0.015045
7696 1.118100
7703 0.451342
7704 0.116329
7712 0.386148
7714 0.167331
7721 0.126553
7732 0.393233
7734 1.079295
7736 1.052113
7737 1.035480
7741 1.083220
7744 0.329175
7747 0.495435
7748 0.473237
7751 0.465277
7761 1.230100
7766 0.518123
7776 0.363433
7779 0.379373
7791 0.097115
7792 1.019430
7797 0.863752
7799 1.201349
7800 0.279268
7802 0.133433
7813 0.508347
7816 0.254173
7824 0.355432
7835 0.501315
7839 0.109287
7848 0.483746
7854 0.504797
7856 0.138736
7857 1.220136
7869 0.538811
7872 0.162330
7873 1.163211
7874 0.522249
7875 0.038455
7882 0.294208
7887 0.048879
7889 0.518541
7897 0.386148
7898 0.477349
7902 0.132685
7905 0.432954
7908 0.401193
7915 0.482195
7918 0.199467
7921 0.288045
7922 0.991461
7924 0.024134
7930 0.327961
7931 0.303258
7938 1.059481
7947 0.510007
7955 0.371296
7957 0.170830
7961 0.162087
7962 0.557944
7964 0.204748
7977 0.096537
7981 0.300750
7985 1.082230
8012 0.122749
8014 0.100734
8019 0.144805
8025 0.329638
8044 0.267729
8050 0.054196
8055 0.437634
8063 0.274040
8071 0.071070
8073 1.095432
8074 0.566898
8077 0.096092
8086 0.899318
8089 0.503008
8096 1.137123
8103 1.069333
8104 0.614909
8118 1.054923
8128 0.498702
8148 1.087254
8158 0.505503
8159 1.171315
8166 0.068144
8174 0.438019
8176 0.277019
8182 0.554943
8184 0.103228
8185 0.594074
8189 0.315939
8190 0.091456
8191 0.179083
8192 0.246477
8219 0.586314
8228 0.048268
8229 0.237629
8246 0.149477
8247 0.057349
8249 0.300894
8252 0.231689
8268 0.308097
8269 0.153529
8274 0.463377
8285 0.028083
8292 0.237895
8299 0.443659
8306 0.166284
8308 0.032329
8311 0.381605
8334 0.443659
8336 0.038939
8352 0.162589
8356 0.337002
8357 0.433063
8362 1.129840
8372 0.139212
8378 1.205197
8385 0.018913
8386 0.229774
8387 0.518251
8396 0.271347
8403 0.014948
8407 0.341137
8408 0.267781
8424 0.612731
8428 0.365318
8430 0.440635
8435 0.390975
8440 0.169528
8444 0.463377
8460 0.298213
8476 0.188365
8480 0.485575
8499 0.491853
8506 0.427960
8524 1.135950
8525 0.100734
8526 0.480631
8533 0.393434
8534 0.025887
8557 1.172985
8563 0.384546
8565 0.087430
8569 0.441881
8587 0.134462
8591 0.949924
8605 0.524820
8619 0.405139
8621 0.396584
8625 1.191168
8626 0.935457
8630 0.542562
8638 1.099036
8650 0.252552
8652 0.011033
8661 0.168780
8662 0.362357
8669 0.579222
8670 0.374988
8681 0.032179
8689 1.163547
8692 0.290865
8707 1.114452
8713 0.048879
8721 0.569405
8724 0.362014
8725 0.959039
8727 0.509473
8728 0.179207
8731 0.015243
8733 1.091179
8738 0.540607
8753 0.546548
8757 1.188403
8761 0.286497
8762 0.567401
8765 0.148112
8769 0.446629
8770 0.105915
8772 0.361660
8775 0.193074
8784 0.139812
8787 0.571700
8790 0.280835
8798 0.081652
8807 0.308157
8808 0.309544
8811 1.172746
8822 0.556944
8824 0.198996
8831 0.060704
8832 0.318838
8834 0.301678
8837 0.476617
8839 1.048797
8844 0.402464
8847 0.215524
8856 0.278796
8859 0.524398
8862 0.140702
8863 0.487766
8866 0.592692
8875 0.126023
8880 1.201349
8882 0.200955
8889 0.994822
8902 0.156414
8920 0.527123
8922 0.388380
8926 0.134035
8930 0.107139
8931 0.179083
8936 0.227551
8942 0.108774
8943 1.158444
8948 0.070637
8953 0.153671
8955 0.426220
8957 0.318199
8971 0.161643
8979 1.121075
8982 0.554748
8985 0.973367
8998 0.014481
9001 0.403438
9020 0.294877
9024 0.091114
9026 0.450506
9034 1.098867
9035 0.273814
9036 0.457411
9040 0.037571
9047 0.340396
9049 1.100035
9056 0.482685
9058 1.136308
9060 0.539549
9067 0.100250
9076 0.180202
9101 0.123385
9102 0.174389
9107 0.499219
9108 0.069368
9109 0.503162
9114 0.326164
9120 0.415852
9122 1.019934
9124 0.597906
9128 1.163172
9129 0.283059
9130 1.048365
9132 0.134035
9135 0.015045
9144 0.495519
9145 0.541447
9147 0.100112
9149 0.238185
9153 0.375711
9155 0.035463
9157 0.014214
9165 0.262289
9169 1.122909
9171 0.012005
9172 0.568011
9177 0.231689
9180 0.407365
9181 0.437149
9185 0.391297
9186 0.059407
9205 0.149916
9206 0.486260
9208 0.381381
9211 1.083866
9213 0.576693
9215 0.169211
9221 0.450506
9226 0.193074
9232 0.984165
9239 0.432166
9242 0.507811
9243 0.169528
9245 0.099498
9248 0.963825
9252 0.237386
9253 1.099036
9259 1.059953
9260 0.478488
9264 0.568293
9269 0.226038
9271 0.315097
9276 1.078062
9281 0.277472
9283 0.478386
9297 0.537097
9305 0.549770
9315 0.014214
9328 0.235047
9337 0.557226
9338 0.247853
9346 0.473031
9348 0.460745
9356 0.027419
9357 0.378576
9363 0.420273
9366 0.313350
9370 0.269838
9379 0.235789
9388 0.382505
9397 0.981919
9402 0.117808
9403 0.261795
9404 0.022826
9408 0.509715
9432 1.163987
9438 0.293157
9441 0.357277
9446 0.392089
9451 0.943529
9459 0.140805
9464 0.026479
9482 0.228087
9486 0.029204
9490 0.056786
9497 1.099540
9499 0.360405
9502 0.361073
9506 0.278026
9513 0.411061
9514 0.581645
9528 0.029452
9530 1.124963
9532 0.535458
9533 0.465896
9541 0.585073
9545 0.426421
9547 0.390487
9550 0.379373
9553 0.371846
9554 0.377642
9557 0.056740
9559 0.435575
9560 0.243883
9561 0.298213
9562 0.178947
9566 0.011701
9571 0.463377
9572 0.033257
9576 0.046031
9586 0.207201
9591 1.198390
9593 0.532452
9596 0.270926
9604 0.340396
9607 1.130862
9609 0.316933
9614 0.490296
9616 0.996964
9624 0.091628
9631 1.220503
9637 0.242722
9639 0.488364
9640 1.142575
9645 0.317745
9650 1.305022
9651 0.065821
9652 1.148626
9654 0.061239
9659 0.087430
9663 0.435096
9673 1.230100
9674 1.211100
9676 0.253590
9677 0.051259
9685 0.143987
9686 0.438067
9687 1.000721
9694 0.060441
9699 0.569292
9703 0.074738
9708 1.094676
9709 0.287718
9721 0.021961
9722 0.400105
9729 0.291127
9735 0.021552
9749 0.396310
9756 0.397993
9760 0.149477
9761 0.129826
9763 1.077910
9769 0.424931
9772 0.149477
9773 0.546340
9787 0.565876
9792 0.099012
9794 0.399463
9795 0.529574
9801 0.141274
9806 0.200095
9814 0.197783
9822 1.053131
9826 0.426795
9827 1.082063
9833 1.198737
9834 0.118538
9837 0.281241
9838 0.401594
9845 0.210626
9847 0.972265
9850 0.938869
9868 1.116233
9870 1.013011
9878 0.075041
9898 0.546681
9903 0.244957
9905 0.319571
9912 0.536680
9915 0.992952
9920 0.280182
9927 1.220932
9932 0.012067
9960 0.326741
9964 1.191542
9966 0.548081
9993 0.424561
9996 0.401249
10006 0.261392
10008 0.414192
10010 0.302656
10011 0.193925
10013 1.176451
10021 0.049295
10025 0.213694
10032 0.873741
10034 0.170359
10035 0.481600
10039 0.111657
10046 0.030220
10050 0.169270
10052 0.012456
10053 1.063877
10062 1.096013
10063 0.138163
10067 0.525161
10068 0.167738
10072 1.256422
10076 1.191542
10077 0.465966
10078 0.339057
10085 1.196515
10089 0.549968
10098 0.392277
10107 0.309816
10108 0.089686
10110 1.021322
10116 0.294021
10119 1.024039
10126 0.297701
10134 0.572187
10135 0.571499
10136 0.201009
10146 0.195956
10148 0.584009
10156 0.194986
10159 0.534666
10168 0.173225
10182 1.067585
10189 0.396815
10190 1.092247
10194 0.104364
10199 0.434416
10201 0.264101
10205 0.538811
10207 0.245173
10211 0.324929
10214 0.208047
10217 0.564370
10219 0.445555
10220 0.020686
10222 0.474543
10226 0.276861
10230 0.390487
10231 0.364454
10241 0.300569
10242 1.083520
10247 0.030620
10249 0.166816
10252 0.362014
10256 0.538811
10257 0.246477
10265 0.056740
10268 0.055829
10275 0.352076
10276 0.034072
10284 0.333053
10288 1.164915
10301 0.245498
10303 0.558429
10322 1.072388
10325 0.212381
10329 0.105848
10332 0.305782
10340 1.059481
10342 0.335339
10360 0.457411
10362 0.091456
10365 1.169691
10376 0.530372
10385 0.194320
10388 0.177174
10390 0.566117
10401 1.091976
10408 0.560293
10409 0.562982
10410 1.033880
10413 0.085459
10429 1.114820
10431 0.108392
10432 1.142718
10436 0.213047
10438 1.134004
10449 0.521067
10457 0.146211
10475 1.257739
10488 0.341436
10491 0.229143
10493 0.511646
10498 0.181209
10518 0.398446
10524 0.410167
10525 1.067330
10546 0.602187
10550 0.425251
10557 0.228265
10565 0.308918
10567 0.335147
10570 1.188664
10576 0.079893
10577 0.318435
10585 0.359517
10589 0.447708
10592 0.330984
10594 0.228995
10600 1.139028
10601 0.297037
10605 0.266923
10610 0.603157
10611 0.587380
10614 1.012771
10615 0.536223
10616 0.030485
10617 0.599195
10619 0.463377
10626 0.102973
10629 0.024517
10630 0.505503
10631 1.090300
10635 0.317250
10638 0.330984
10639 0.536680
10642 0.095401
10653 0.248642
10657 1.144815
10663 0.444760
10666 0.126553
10667 0.236954
10669 0.531938
10675 0.105313
10681 0.299265
10684 1.071560
10685 0.516084
10698 0.153529
10699 0.270805
10703 0.089111
10711 1.092036
10713 0.535780
10716 1.083924
10723 0.297037
10728 0.373276
10732 0.203800
10735 0.130162
10737 0.403387
10751 0.457657
10757 0.378018
10759 0.423821
10762 0.123441
10763 0.384585
10776 0.020235
10778 1.067114
10783 0.200500
10798 0.469639
10800 0.178222
10801 0.599665
10802 0.236954
10806 1.249421
10807 1.126443
10808 1.163502
10819 1.153514
10821 1.105126
10823 0.272575
10824 0.456530
10846 0.167198
10854 0.444842
10861 0.150447
10874 0.374587
10878 0.308210
10880 0.209718
10891 0.105750
10897 0.549968
10899 1.078551
10900 0.506526
10914 0.288324
10918 0.216243
10922 0.365824
10923 1.169913
10950 0.271734
10951 0.303258
10956 0.132936
10959 0.448017
10971 0.535507
10974 1.163882
10976 0.240165
10995 0.570490
10998 0.445116
11003 1.191542
11005 0.078539
11008 1.012679
11013 1.232387
11026 0.485799
11029 0.530953
11031 0.137761
11033 0.288170
11040 0.298953
11042 0.236671
11049 0.132738
11054 0.050921
11055 0.088685
11056 0.561234
11057 0.346839
11058 0.009457
11086 0.420273
11097 0.504138
11098 1.192516
11110 0.965370
11114 0.991506
11119 0.233917
11121 0.342397
11132 0.531261
11139 0.469435
11152 1.208811
11154 0.593013
11155 0.481913
11156 0.538811
11157 0.256336
11166 0.141130
11169 1.168345
11176 0.280063
11177 0.428121
11179 0.488313
11183 0.283501
11197 1.206937
11202 0.020235
11204 0.039492
11205 0.523168
11207 0.153098
11226 0.549770
11228 1.138120
11235 0.015344
11238 0.389861
11243 0.143906
11259 1.023410
11261 0.302709
11262 0.169043
11267 0.997549
11277 0.065883
11281 0.614423
11285 0.383779
11292 0.444842
11293 0.382875
11295 0.291010
11298 0.327861
11300 1.127414
11301 0.567155
11302 1.125345
11303 1.015961
11312 0.282185
11321 1.191925
11334 0.382399
11340 0.182227
11343 0.500361
11345 0.534666
11352 0.239163
11353 0.373383
11356 0.330984
11360 0.507130
11361 0.380999
11364 1.032829
11365 0.321527
11369 0.375711
11372 0.047870
11373 0.269691
11380 0.584957
11384 0.433063
11386 0.318572
11387 0.248642
11392 0.248642
11398 0.954558
11404 0.480631
11415 0.445116
11422 0.315491
11424 0.602391
11425 0.565431
11427 0.115844
11428 0.524058
11430 0.079893
11442 0.338140
11444 0.291432
11447 0.009859
11453 0.475652
11486 0.337684
11488 0.310924
11498 0.324174
11499 0.584440
11506 1.133150
11519 0.368596
11521 1.287160
11523 0.103181
11526 0.527064
11528 0.417040
11529 0.175054
11530 0.315316
11533 0.512754
11540 0.379127
11546 0.431962
11559 0.134845
11565 0.009418
11571 1.014220
11572 0.420273
11575 0.386148
11579 1.298015
11588 0.194619
11589 0.168266
11600 0.414489
11609 0.386148
11611 1.204781
11615 1.218021
11616 0.502458
11628 1.104219
11630 1.078062
11636 0.366513
11648 0.283175
11651 1.114132
11658 0.550650
11660 0.202348
11663 0.103548
11665 0.333053
11668 0.351779
11676 1.246427
11677 0.066577
11683 1.089625
11684 0.282547
11685 0.089603
11689 0.104718
11690 0.374646
11691 0.076718
11697 0.965370
11700 0.312276
11706 0.421252
11712 0.044272
11715 1.003985
11717 0.121450
11724 0.518541
11732 1.203578
11736 0.155757
11738 0.483524
11740 0.431282
11752 0.347533
11756 1.000786
11757 0.555511
11759 0.263283
11765 0.336757
11767 0.558779
11769 0.357277
11779 0.519084
11781 0.082378
11795 0.051486
11799 0.193074
11802 0.058904
11807 0.096092
11809 0.110915
11815 0.343796
11818 0.189564
11821 0.471460
11827 0.150285
11831 1.252671
11835 0.273341
11839 0.050095
11843 0.487073
11848 0.313350
11855 0.049719
11856 0.247135
11860 0.066742
11867 0.600158
11879 0.304091
11883 0.328941
11888 0.113712
11891 0.300517
11894 0.206215
11916 1.092247
11918 0.337879
11930 0.447932
11938 0.406279
11941 0.124676
11945 0.012800
11963 1.054184
11978 0.521300
11985 0.575624
11991 0.138163
11994 1.083705
12014 0.103963
12021 1.124372
12022 0.989844
12027 0.570490
12036 1.051992
12040 0.587085
12043 0.405783
12044 0.538267
12045 0.392864
12055 1.270867
12069 0.455934
12079 1.109770
12085 0.333875
12087 0.429745
12093 0.398379
12094 0.179141
12095 0.612731
12096 0.223559
12109 0.245498
12110 0.558286
12117 0.140746
12120 0.275130
12126 0.256138
12131 0.438588
12133 0.557591
12134 0.363433
12142 0.205530
12143 0.222778
12146 0.551195
12147 0.325350
12149 1.173359
12150 0.322750
12151 0.298213
12156 0.336531
12162 0.153002
12168 0.357187
12171 1.218710
12174 0.163931
12176 1.027299
12195 0.106524
12205 0.185351
12206 0.326864
12210 1.135729
12229 0.178947
12236 0.416094
12246 0.499167
12255 1.073360
12256 0.290865
12261 0.122659
12267 0.455103
12272 0.354927
12274 1.060744
12286 1.000186
12295 0.570490
12298 0.489343
12301 0.237629
12302 1.061907
12308 0.381067
12324 0.068144
12333 1.131503
12334 0.221276
12347 0.596426
12358 0.562982
12360 0.493763
12365 0.328849
12366 0.394364
12368 0.106933
12390 0.617837
12392 1.028618
12396 0.551640
12398 0.353630
12402 0.147572
12404 0.170718
12413 0.365162
12417 0.248705
12421 0.479829
12429 0.576396
12432 0.551195
12450 0.406637
12455 0.178222
12461 1.000186
12462 0.569726
12466 0.218060
12469 0.169211
12474 0.567637
12475 0.110328
12481 1.011433
12482 0.477923
12493 1.024777
12498 0.502605
12502 0.011943
12504 0.995687
12510 1.038605
12518 0.544568
12521 1.073085
12526 1.174608
12530 0.218345
12536 0.351932
12542 1.164150
12544 0.475259
12552 0.579222
12553 0.037169
12554 1.299717
12556 0.506116
12557 0.408005
12576 1.255792
12579 0.057562
12584 1.070917
12591 0.153818
12595 0.043715
12600 1.044871
12604 0.977646
12611 0.372143
12612 0.044556
12613 0.553593
12621 0.065449
12625 1.047529
12629 0.389971
12633 0.493763
12634 0.193882
12645 0.455342
12648 0.493763
12653 0.496476
12656 0.094292
12659 0.110328
12660 0.307342
12663 1.098730
12666 0.206865
12684 0.210626
12693 0.601138
12697 0.286035
12701 0.347533
12702 1.047764
12706 0.495435
12718 0.954012
12719 1.172235
12729 0.094353
12733 0.218817
12763 0.314794
12772 0.036014
12776 0.389393
12779 0.322134
12783 1.208377
12784 0.517740
12789 0.992952
12812 0.452601
12833 0.157970
12835 0.011193
12841 0.052359
12843 1.099540
12848 0.579222
12860 0.269638
12863 0.145564
12865 1.072177
12877 0.496476
12878 0.496476
12884 0.285155
12888 0.392864
12892 0.179372
12902 0.576896
12903 0.221276
12907 0.469369
12914 0.276643
12923 0.347064
12937 0.369923
12941 0.330984
12942 0.507509
12945 0.081772
12949 0.427387
12951 0.392478
12962 0.323588
12981 0.460817
12983 0.021256
12995 0.522435
13009 1.153597
13016 0.529289
13032 0.324364
13033 0.263949
13039 1.074701
13042 0.493153
13043 0.453823
13044 0.299954
13048 0.325513
13051 0.210626
13058 0.326741
13064 0.341592
13074 0.425806
13077 1.096469
13082 0.449088
13096 0.106001
13102 0.414130
13107 0.343243
13114 0.098292
13124 0.375986
13130 0.051716
13131 0.175835
13137 0.111657
13140 0.233721
13142 0.332516
13152 0.133667
13162 0.364787
13182 1.018309
13184 0.147886
13197 0.195793
13209 0.398505
13210 0.323529
13225 1.245638
13227 0.359517
13234 1.158444
13237 1.102690
13241 0.541240
13243 0.260775
13247 0.536542
13248 0.351044
13253 0.034928
13257 0.538811
13258 0.329025
13261 0.249511
13273 0.122528
13274 0.538811
13276 1.179254
13279 0.321790
13282 1.229576
13285 0.219165
13287 1.033071
13293 0.209506
13300 0.133272
13318 1.259874
13320 0.047283
13321 0.142578
13322 0.512491
13323 0.364290
13330 0.582020
13333 0.294411
13335 0.095651
13338 0.276055
13354 0.183257
13364 0.582319
13366 1.288189
13373 0.259491
13377 0.115844
13381 0.224596
13383 0.426492
13387 0.496476
13402 0.518983
13411 0.958712
13413 0.491748
13415 0.284965
13420 0.341436
13427 0.455781
13446 0.087983
13449 0.569060
13452 0.364227
13453 0.094843
13459 1.219912
13460 0.227146
13464 0.037369
13468 0.397749
13469 0.412430
13480 0.607708
13484 0.130696
13486 0.346839
13488 0.111389
13490 0.060441
13497 0.513826
13500 0.256293
13504 0.247897
13505 0.956513
13507 0.279817
13514 1.116062
13528 0.563844
13530 0.236417
13532 0.411678
13535 0.421252
13536 0.091114
13539 0.201468
13548 1.164095
13557 0.590151
13560 1.213134
13567 0.234154
13569 1.096824
13577 0.187856
13579 0.233917
13601 1.130189
13610 0.035283
13634 0.268070
13639 0.169528
13641 0.552155
13642 0.215286
13643 1.274842
13651 0.130267
13652 1.089135
13654 1.153597
13658 0.359517
13662 0.439220
13664 0.055164
13667 0.197925
13670 0.109287
13678 0.210626
13696 0.097700
13711 1.112106
13713 0.262998
13724 1.136586
13727 0.579222
13736 0.339810
13742 1.070830
13746 0.275130
13755 0.095651
13763 1.260483
13764 0.275130
13766 0.947299
13767 1.111690
13774 1.176639
13777 0.602187
13779 1.189090
13782 0.339648
13793 0.010343
13795 0.490111
13799 0.917579
13804 1.032670
13806 0.424380
13811 0.424561
13814 1.028698
13815 0.064061
13817 0.476726
13831 0.244957
13834 0.105750
13840 0.166284
13841 0.297753
13844 0.954697
13845 0.501992
13847 1.074054
13848 0.180357
13850 1.220875
13852 0.379127
13853 1.081214
13859 0.236188
13862 0.109030
13869 0.525341
13870 0.519887
13878 0.266545
13879 0.524820
13886 0.275522
13895 0.246881
13926 1.021260
13927 0.169211
13931 1.165063
13932 0.304337
13942 0.424380
13946 0.108266
13949 1.122467
13953 0.228640
13954 0.419936
13956 1.246427
13969 0.067482
13976 0.318004
13978 0.589753
13980 0.198590
13983 0.442552
13987 1.148543
13993 1.072177
14004 0.084470
14006 0.369504
14007 0.093928
14012 0.310644
14016 0.161067
14024 0.514864
14028 0.191084
14033 0.215981
14034 0.025460
14038 0.346839
14043 1.222407
14056 0.456851
14059 0.166234
14060 0.444760
14063 0.302203
14065 0.224596
14069 0.449545
14072 1.196219
14074 0.280520
14078 0.066742
14083 0.493956
14085 0.217208
14094 0.184429
14096 0.364454
14097 0.343243
14102 0.011086
14109 0.458422
14110 1.088398
14111 0.497928
14112 1.129483
14114 1.054392
14119 0.590151
14121 0.311514
14122 0.302203
14125 1.053131
14130 0.570827
14136 0.087983
14139 0.554347
14140 0.465595
14147 0.383591
14161 1.052113
14163 0.043510
14166 0.492671
14176 1.074641
14194 0.354347
14200 0.147104
14208 0.489749
14209 0.100734
14228 0.566630
14229 0.594074
14233 0.039605
14234 0.586200
14242 0.153671
14247 0.210626
14254 1.012679
14255 0.181955
14256 0.455622
14264 0.430460
14268 0.196584
14272 0.601079
14278 0.191395
14283 0.473618
14285 0.321153
14287 0.383941
14292 1.084048
14293 0.401000
14294 0.393646
14312 0.173767
14316 0.438330
14323 0.561234
14333 0.114571
14335 0.263283
14337 0.454579
14339 0.051774
14343 0.292793
14346 0.591043
14347 1.115002
14350 0.065449
14352 0.475652
14365 0.384368
14366 0.305524
14373 0.596774
14379 0.307941
14383 1.121075
14384 1.146501
14390 0.342397
14391 0.317803
14401 0.490111
14406 1.064516
14413 0.134964
14418 1.050514
14422 0.564861
14426 0.156195
14431 0.996045
14445 0.148876
14446 0.138093
14447 0.075224
14456 0.427894
14467 0.163820
14473 0.379490
14476 1.090300
14479 0.320641
14483 0.522712
14496 0.163931
14514 0.444760
14519 0.095401
14528 0.363188
14533 0.156060
14534 0.573809
14540 0.861556
14542 0.409694
14546 0.030755
14547 0.540207
14548 0.538364
14552 0.323588
14557 0.064061
14566 0.543627
14590 0.494399
14596 0.252552
14597 1.310016
14599 0.353247
14618 0.236417
14625 0.143018
14626 0.327518
14635 0.563899
14637 1.089397
14641 0.265116
14643 0.341436
14646 0.479708
14650 0.329025
14651 0.088732
14652 0.408862
14653 0.441312
14660 0.505503
14661 1.125964
14674 0.406637
14698 0.283701
14701 0.213398
14703 0.292423
14718 1.140437
14728 0.103228
14731 0.192231
14740 0.498571
14742 0.141130
14748 0.146638
14754 0.427960
14758 0.451597
14761 0.432614
14766 0.542024
14773 0.339810
14775 1.293477
14785 1.028525
14792 0.353630
14795 0.080939
14797 1.112630
14813 0.209673
14817 1.011865
14827 0.252481
14836 0.261218
14837 1.045425
14847 1.210626
14854 0.117146
14859 0.376247
14862 1.261091
14866 0.406471
14867 0.149799
14875 0.053262
14886 0.280835
14892 0.200500
14897 0.344563
14901 0.315939
14906 0.384318
14912 0.527898
14914 0.033257
14915 0.584009
14916 0.141588
14919 0.191932
14925 0.911309
14928 0.143426
14930 0.417799
14932 0.440824
14936 0.483746
14956 0.284757
14961 1.152182
14964 1.158444
14965 0.217504
14968 0.332380
14969 1.017170
14976 0.430279
14980 0.479356
14988 0.466386
14989 0.413730
14990 0.042382
14994 0.041007
14995 1.016012
14999 0.557364
15002 0.537422
15006 0.237629
15011 0.124977
15016 0.357974
15023 0.235851
15030 0.221712
15035 0.091114
15037 0.318254
15044 0.240865
15050 0.557226
15056 0.243130
15060 0.461327
15076 0.337411
15090 0.106524
15091 0.558535
15110 0.570986
15111 0.459625
15113 0.369565
15119 0.244640
15123 0.089111
15128 0.251836
15133 0.120358
15135 1.070375
15152 0.419936
15154 0.489915
15162 0.220656
15167 0.443890
15170 0.584009
15176 0.287294
15181 0.347533
15182 1.025508
15183 0.209673
15185 0.105794
15186 0.907215
15189 0.499512
15232 1.098108
15242 0.249665
15245 0.392531
15259 0.247531
15263 0.009614
15265 0.013164
15266 0.159286
15275 1.100522
15276 0.488364
15280 0.516991
15281 1.032277
15295 0.326980
15296 0.579222
15298 0.067351
15302 0.409551
15307 0.360405
15309 0.356444
15311 0.449749
15314 0.448897
15315 1.212325
15321 0.576221
15324 0.357187
15339 0.013392
15340 0.073319
15345 0.358810
15346 0.480631
15347 0.416140
15348 0.415109
15352 0.012259
15357 0.160709
15365 1.151899
15368 0.032786
15374 0.278026
15379 0.130162
15381 0.448430
15384 0.095052
15392 0.489121
15417 0.090661
15420 1.090300
15421 1.030909
15430 0.038401
15436 1.059552
15437 0.092675
15444 0.039436
15445 0.499721
15446 0.133027
15447 0.537249
15450 0.233721
15454 0.588615
15458 0.085811
15459 0.301607
15461 0.532108
15480 0.138617
15486 1.073420
15490 0.379818
15491 0.260185
15493 0.055829
15506 1.028205
15509 0.237629
15511 0.250797
15516 1.076728
15525 0.982922
15527 0.455103
15534 1.058849
15554 0.458142
15556 0.188706
15564 0.552563
15567 0.286954
15569 1.026050
15572 0.135717
15575 0.301779
15581 1.042093
15584 0.195518
15588 1.116698
15591 0.392693
15596 0.502814
15603 1.106052
15612 0.383779
15617 0.078207
15622 0.320096
15627 0.243883
15636 0.227891
15638 0.590151
15639 0.162997
15645 0.325667
15646 0.496476
15650 1.003985
15653 1.279115
15654 0.075434
15660 0.486741
15665 0.381760
15676 0.194230
15684 1.093571
15687 0.217208
15694 0.949086
15697 0.859179
15702 0.476249
15708 0.478823
15711 0.494269
15715 0.273422
15718 1.188455
15731 0.113019
15747 0.075434
15752 0.178222
15759 0.182113
15769 0.029514
15770 0.564370
15777 0.484930
15789 0.896860
15804 0.140746
15807 0.574271
15811 1.057710
15812 0.334396
15815 0.404362
15827 0.327518
15829 0.135563
15834 0.277140
15839 0.131526
15841 0.463377
15853 1.207220
15857 0.475259
15865 0.326610
15870 0.516415
15878 0.209506
15880 0.232700
15881 0.081091
15892 0.292536
15898 0.032329
15906 0.165492
15917 0.210626
15919 0.151431
15922 0.203682
15927 0.481831
15940 0.446629
15944 0.452076
15945 0.370279
15960 0.458285
15967 0.256194
15974 0.224668
15977 0.062902
15987 1.037211
15990 0.598529
15991 0.156546
15996 0.189361
15997 0.251608
15999 0.105848
16002 0.116427
16003 0.298568
16011 0.237629
16019 0.083241
16021 0.215981
16023 0.503671
16024 0.440400
16033 0.365318
16034 0.517892
16044 0.342858
16047 0.388305
16059 0.445555
16061 0.459203
16064 0.239244
16067 0.513322
16074 0.312071
16075 0.376637
16076 0.183656
16077 0.582959
16090 0.354235
16092 0.460586
16097 0.313901
16098 0.552371
16099 1.152314
16103 1.045973
16108 1.034585
16110 0.528970
16113 1.179254
16114 1.075157
16118 0.499449
16125 0.995687
16128 0.304505
16133 0.384014
16137 0.132051
16139 0.241639
16153 0.280182
16164 0.388108
16166 0.117146
16168 0.275064
16176 1.030909
16188 0.485443
16191 1.122721
16198 0.041871
16208 0.255935
16215 0.598317
16221 0.595048
16223 0.533845
16232 0.148876
16234 0.146022
16237 0.032329
16240 0.446629
16246 0.600675
16250 0.305829
16253 0.167198
16254 0.290910
16264 1.210509
16266 1.071124
16268 0.351670
16278 0.182612
16280 0.286204
16281 1.127689
16282 1.112716
16288 1.202810
16289 0.164113
16293 1.053131
16296 1.017170
16304 0.021653
16306 0.141028
16311 0.533733
16315 0.493538
16327 0.081294
16330 1.064832
16337 0.365824
16339 0.281241
16340 1.042093
16342 0.214811
16345 0.356444
16346 0.393646
16347 0.167331
16357 1.194420
16359 0.485981
16360 0.281403
16362 0.055694
16364 0.295075
16366 0.280388
16368 0.468179
16379 0.036972
16385 0.345068
16388 1.028660
16390 1.277114
16393 0.250996
16394 0.256293
16395 0.308026
16398 1.275695
16415 1.093363
16417 1.029728
16420 0.513537
16443 0.159002
16444 0.458422
16446 0.514864
16448 0.351044
16450 0.195793
16453 0.090415
16455 1.090962
16461 0.357893
16466 1.027191
16469 0.288368
16474 0.332681
16477 0.305524
16486 0.050367
16490 0.177503
16510 0.229503
16512 0.933191
16519 0.494616
16521 1.083359
16531 0.139266
16535 1.007846
16536 0.371152
16539 1.209702
16541 0.537249
16563 1.151669
16578 0.356444
16579 0.034240
16585 0.439915
16589 0.128168
16590 0.075715
16595 0.157320
16602 0.146925
16603 0.021354
16604 1.357173
16607 1.010557
16610 0.342805
16612 0.105313
16613 0.342858
16622 0.461181
16625 0.102216
16626 1.076534
16627 0.446912
16628 0.145505
16635 0.160764
16640 0.256377
16642 0.438701
16651 0.089603
16657 0.013874
16663 1.158444
16664 0.207926
16668 0.152284
16675 1.130992
16676 0.253590
16679 0.081499
16681 0.868833
16685 0.108450
16688 0.338790
16691 0.221712
16693 1.083866
16696 1.092418
16697 0.343992
16714 0.426795
16730 0.579222
16732 0.988397
16733 0.407693
16738 0.075041
16741 0.312276
16742 0.548442
16746 0.159785
16747 1.218710
16772 0.042708
16778 0.503008
16786 0.527898
16787 1.110967
16794 1.081214
16795 0.198925
16802 0.519544
16803 0.443231
16806 1.179130
16810 0.436957
16811 1.205317
16815 0.144205
16818 0.471016
16823 0.200225
16824 0.521067
16827 1.080346
16834 0.102973
16836 0.314510
16846 0.096537
16851 0.231689
16855 0.579222
16856 0.563221
16861 0.415852
16868 0.999819
16875 1.180301
16878 0.223790
16883 1.085389
16888 0.118815
16895 1.011238
16900 0.531261
16903 0.567002
16907 0.532884
16927 0.230409
16931 0.442552
16934 1.211583
16935 0.306938
16937 1.083359
16938 0.560127
16947 0.088356
16951 0.327244
16957 0.379970
16967 0.039269
16968 0.112713
16972 0.210626
16974 0.282547
16982 0.380999
16983 0.036776
16995 0.148677
17022 0.364695
17024 0.090268
17026 1.000242
17028 0.554469
17029 0.461414
17032 0.481729
17038 0.281949
17051 1.052113
17054 0.210626
17066 0.280063
17067 0.203576
17073 0.205294
17074 0.569060
17076 0.843428
17080 0.423084
17081 0.959416
17082 0.431485
17087 1.083705
17088 0.043922
17093 0.457657
17094 0.313350
17110 1.080472
17115 0.141274
17118 0.531261
17128 0.454509
17130 0.139442
17139 0.152891
17152 0.046901
17153 0.511870
17155 0.237895
17159 0.243273
17170 0.913569
17184 0.203800
17197 0.527898
17198 0.494971
17207 0.233060
17210 0.945046
17211 0.237272
17220 0.455622
17222 1.209803
17225 0.289611
17230 0.266867
17248 0.027419
17252 0.228828
17253 0.330984
17254 0.298023
17255 0.289611
17256 1.226587
17261 0.448766
17262 1.014359
17270 0.593013
17272 0.313395
17275 0.039605
17276 0.025887
17277 0.500448
17279 0.020060
17286 0.040470
17287 0.348658
17292 0.191084
17293 0.086344
17295 1.006872
17305 0.264787
17312 1.208811
17324 0.361349
17325 0.429053
17326 1.055471
17329 0.420320
17333 1.046336
17335 1.177435
17358 0.290910
17361 0.132394
17367 0.417040
17383 0.163370
17392 0.178947
17402 1.067783
17408 0.124321
17414 0.393646
17433 0.051486
17436 0.271982
17437 0.073319
17445 0.947236
17448 0.561968
17453 0.450138
17464 0.977437
17471 0.048018
17473 0.489915
17475 0.471702
17479 1.081895
17488 0.207201
17494 0.261909
17500 0.472375
17502 0.090415
17503 0.334063
17508 1.070375
17513 0.617837
17519 0.371846
17530 0.434416
17539 0.254736
17543 0.562536
17546 0.181717
17548 0.168501
17562 0.351438
17574 0.185788
17576 1.128223
17581 0.179952
17583 0.581967
17589 0.405722
17590 0.087195
17600 0.294411
17605 0.267333
17608 0.034409
17609 0.887970
17612 0.553722
17624 0.185847
17626 0.245498
17629 0.563844
17641 0.472375
17646 0.150447
17649 0.163305
17654 0.286625
17659 0.166483
17665 1.085691
17668 0.179141
17673 0.130325
17677 0.113945
17678 0.086344
17708 0.528035
17729 0.470912
17732 0.143178
17735 0.127146
17736 0.567637
17740 0.269182
17743 0.323972
17745 0.248705
17749 0.525480
17750 1.027074
17751 0.264101
17756 1.169477
17763 0.371846
17764 0.057922
17765 0.494458
17766 0.475518
17775 0.576778
17779 1.192091
17787 0.048068
17797 0.234154
17801 1.143134
17809 1.028618
17811 0.365275
17813 0.545864
17847 0.202728
17856 0.340441
17857 0.036391
17858 0.334063
17865 1.055108
17873 0.064873
17874 1.192659
17877 0.208260
17881 0.556507
17884 0.435007
17892 0.368326
17899 0.415291
17908 0.398379
17924 0.901012
17927 0.575795
17929 0.984299
17931 0.433570
17932 0.292318
17942 0.316453
17944 0.136287
17946 1.186977
17966 0.099770
17969 0.525341
17970 0.394635
17975 1.240656
17981 0.216083
17982 0.610209
17996 0.427295
18002 0.065883
18007 0.536422
18009 0.234154
18012 0.055829
18014 0.192184
18020 0.176525
18022 0.075224
18027 1.085279
18032 0.425551
18036 0.079893
18039 0.334972
18044 0.954838
18048 0.960921
18055 0.216900
18057 0.481431
18060 0.062959
18062 0.529238
18065 0.576450
18074 1.028414
18081 0.025887
18082 0.258537
18086 0.051033
18088 0.186846
18092 0.346202
18093 0.011247
18098 0.166406
18104 0.284006
18110 0.436297
18112 0.918012
18116 0.509715
18126 0.178222
18127 0.238363
18136 0.516138
18137 0.484321
18139 0.340094
18142 0.115320
18160 0.442038
18166 0.465493
18171 0.549262
18172 0.469935
18174 0.214527
18176 0.258801
18178 0.014852
18189 0.425251
18191 0.126167
18194 0.471016
18196 0.201985
18198 1.195337
18212 0.287718
18218 1.147305
18223 0.206671
18230 0.505279
18232 1.088041
18239 1.186698
18244 0.262289
18246 0.482248
18255 1.169270
18257 0.561670
18260 0.241571
18267 0.075224
18271 0.546548
18272 0.136287
18280 0.214527
18282 0.330984
18283 0.501204
18287 0.266923
18289 0.205294
18290 0.477858
18291 0.125498
18295 0.397849
18297 1.012847
18299 0.536680
18300 0.029452
18308 0.219958
18313 1.178078
18320 1.003985
18325 0.480184
18349 1.043277
18354 0.548376
18368 0.328941
18370 0.315939
18372 0.094353
18392 0.523590
18393 0.504193
18395 1.048116
18399 0.533891
18401 0.076142
18402 0.262740
18403 0.395566
18406 0.355501
18412 0.548737
18413 0.253590
18415 0.362886
18418 0.991628
18420 0.603157
18424 0.579222
18428 1.122909
18429 0.379970
18430 1.077353
18431 0.013239
18434 0.528855
18435 0.514864
18448 0.147438
18449 0.572243
18456 1.066988
18457 1.090911
18467 0.572407
18471 0.287136
18480 0.419936
18496 0.133027
18503 0.446754
18504 0.292220
18522 0.074438
18523 0.312071
18530 0.104718
18534 1.082230
18536 0.319092
18538 0.295145
18539 1.197243
18545 0.576736
18549 0.137094
18553 0.387996
18555 0.438882
18569 0.138617
18572 0.590806
18575 0.579222
18577 0.223314
18578 0.336757
18582 0.239163
18587 0.051202
18595 0.434416
18596 0.243883
18602 1.076534
18605 0.435151
18609 0.144805
18612 0.162997
18617 1.147816
18621 0.337879
18627 0.104130
18640 0.279143
18641 0.068721
18642 0.579222
18645 1.158444
18653 0.499960
18654 0.076718
18665 0.526565
18672 1.129483
18673 0.071953
18679 0.174389
18688 0.146470
18697 0.091859
18702 0.152284
18704 0.382399
18705 0.471959
18707 0.584348
18711 0.448430
18716 0.318725
18723 1.143963
18727 0.317250
18730 1.158444
18735 0.342156
18740 1.114452
18741 0.022604
18748 0.217504
18749 0.463377
18750 0.213398
18751 0.540607
18754 0.407493
18765 0.476249
18769 0.071656
18776 0.173767
18777 0.487766
18778 1.075157
18784 0.307342
18791 1.091976
18798 0.136863
18804 0.234154
18807 0.576340
18809 0.023169
18810 1.108077
18811 1.133796
18812 0.463377
18819 0.576450
18831 0.499022
18833 1.043367
18837 0.308918
18843 0.076864
18847 1.137381
18852 0.460407
18853 0.241124
18855 0.354109
18859 0.509523
18861 0.207041
18876 0.994292
18881 0.287812
18883 1.006517
18885 0.034240
18889 0.391163
18897 0.488795
18898 0.134462
18909 1.141655
18917 0.340396
18919 0.059407
18929 0.295075
18933 0.143018
18940 0.401249
18943 0.551640
18946 0.591980
18950 0.157320
18952 0.139572
18953 0.289611
18959 0.285850
18960 0.975532
18964 0.446484
18965 0.543759
18970 0.101285
18971 0.909316
18973 0.335147
18982 0.055164
18983 0.457772
18990 0.218574
18992 0.075964
18993 0.371693
19000 0.080587
19001 0.130029
19003 0.023285
19005 0.413203
19010 0.043172
19012 0.561234
19013 0.437372
19014 0.246041
19017 0.182543
19019 1.136166
19023 0.330984
19027 0.576503
19028 0.548192
19032 1.121416
19033 0.562085
19041 0.226912
19042 0.377168
19044 0.579222
19045 1.225021
19046 0.272575
19051 0.055694
19052 1.121751
19054 0.131641
19057 0.291010
19058 0.398934
19063 0.143313
19072 0.399128
19076 0.526565
19077 0.532510
19082 0.136287
19088 0.251836
19089 0.208104
19097 0.431577
19100 0.071133
19102 0.484655
19103 0.311224
19104 0.531938
19107 0.134136
19108 0.092675
19109 0.521300
19113 0.386148
19119 0.401193
19120 0.049933
19122 0.181955
19123 0.261584
19125 1.001897
19128 1.123690
19132 0.495753
19134 1.129483
19136 0.591546
19137 0.107484
19140 0.044843
19144 1.205865
19147 0.099118
19150 0.477604
19155 0.405139
19157 0.370702
19158 0.086210
19165 0.302775
19169 0.404984
19178 0.105848
19179 0.194085
19183 0.368596
19187 0.558779
19199 0.591043
19204 0.195106
19209 0.370322
19212 0.504963
19213 0.127146
19214 0.201468
19242 0.271245
19244 0.429053
19248 1.241190
19254 0.289611
19255 1.175734
19261 0.507248
19264 1.106432
19266 0.310511
19268 0.242465
19275 0.333875
19276 1.115538
19278 0.468584
19281 0.461414
19290 0.347533
19291 0.272575
19318 1.071560
19321 0.457989
19323 1.081214
19328 1.109298
19331 0.241571
19335 0.177369
19343 1.119395
19354 0.390487
19356 0.074738
19362 0.429535
19372 0.121450
19380 0.456694
19386 0.560775
19388 0.172330
19395 0.408262
19403 1.147305
19404 0.584845
19409 0.115844
19412 0.571828
19413 0.427733
19416 1.109031
19418 0.192273
19419 1.169583
19436 0.048470
19437 0.204003
19442 0.575533
19457 0.090268
19463 0.023763
19470 0.279424
19477 0.261218
19485 1.041133
19489 0.969156
19493 1.211100
19501 0.238363
19507 0.250873
19512 0.019718
19522 0.148518
19525 0.164652
19526 1.131751
19539 0.173767
19541 0.210626
19544 0.060971
19550 0.433570
19551 0.254603
19554 1.180865
19557 0.224215
19561 0.113480
19570 0.432338
19573 0.273170
19575 0.221977
19577 1.050178
19579 0.397181
19581 0.239678
19582 0.106699
19591 0.597906
19596 0.209623
19599 0.525341
19603 0.392922
19605 0.274368
19608 0.534666
19610 0.071762
19614 0.097042
19615 1.298352
19616 0.189909
19620 0.136287
19625 0.440865
19631 0.092149
19635 1.023194
19646 0.295570
19647 0.282813
19649 1.145280
19652 0.541070
19656 0.421252
19658 0.277472
19666 0.118815
19669 0.596774
19675 0.571890
19677 0.297037
19678 0.283449
19680 0.244397
19682 0.215981
19683 1.179506
19684 0.513596
19690 0.167083
19705 0.257432
19746 0.028255
19747 0.010628
19754 0.317803
19755 0.203434
19758 0.014948
19764 0.569060
19771 0.226363
19777 0.092149
19778 0.488425
19780 1.027398
19782 1.040025
19784 0.510903
19788 0.548192
19790 0.985910
19793 0.213694
19799 0.184052
19809 0.179083
19813 0.595462
19817 1.106004
19818 1.100522
19823 0.253590
19833 0.204431
19835 0.325177
19836 1.017469
19841 0.034072
19843 1.124963
19844 0.411061
19849 0.492955
19851 0.356444
19856 0.545756
19858 0.338726
19867 0.447119
19868 0.175688
19869 0.461128
19878 0.388305
19881 0.116329
19891 1.054843
19893 0.226759
19895 0.194696
19899 1.047764
19903 1.220418
19904 0.202728
19908 1.143134
19921 0.454292
19927 0.105915
19930 0.178222
19936 0.581916
19937 0.179141
19938 0.427076
19947 0.224941
19949 0.162589
19951 0.552894
19952 0.155198
19953 0.123717
19958 1.059149
19966 0.370702
19974 0.579222
19983 0.115125
19985 0.133924
19987 0.342899
19989 0.392089
19999 0.035104
20003 0.384014
20005 0.191084
20006 1.113642
20017 0.560293
20019 0.077230
20024 0.311224
20027 1.102308
20028 0.198155
20030 0.992952
20033 1.082480
20035 0.468894
20044 0.330984
20059 1.153754
20060 1.053994
20066 0.234154
20067 0.545864
20069 1.230846
20081 0.460951
20084 0.956771
20096 1.198788
20097 1.039351
20104 0.496476
20106 0.520370
20124 0.400583
20125 0.483907
20134 0.262998
20141 0.409410
20144 0.258682
20170 1.012421
20171 0.136287
20176 1.090868
20177 1.202999
20180 0.482195
20181 0.345375
20187 0.025601
20190 0.282310
20191 0.306938
20196 1.096469
20197 0.285155
20205 1.233182
20209 0.059791
20210 0.494971
20212 0.485212
20217 0.445555
20219 0.344276
20221 0.093747
20223 1.137123
20225 0.161933
20226 0.538116
20227 0.532618
20230 0.024913
20235 0.180069
20243 0.100250
20247 0.471959
20251 0.120786
20273 1.090300
20280 0.189687
20283 0.424380
20286 0.534666
20301 0.562017
20303 0.060179
20307 0.552760
20308 0.260842
20313 0.159785
20314 1.053131
20317 0.138736
20321 0.011193
20323 1.019430
20327 0.155149
20328 1.193548
20331 1.061907
20336 0.363241
20350 0.284281
20351 0.346339
20355 0.399463
20356 1.113310
20362 0.316515
20368 0.022066
20370 0.153818
20374 1.227752
20377 0.025047
20379 0.089111
20380 1.024409
20382 0.076909
20384 0.379818
20394 0.067745
20402 0.379818
20404 0.189361
20405 0.967814
20406 0.541070
20418 0.601138
20421 0.270304
20434 0.414192
20436 0.375422
20441 0.029895
20444 0.039104
20451 0.322079
20455 0.318572
20456 0.554038
20459 0.519814
20474 1.125345
20476 0.204431
20477 1.181158
20484 0.553722
20487 0.164652
20494 0.382605
20500 0.298568
20505 0.092062
20513 0.044988
20515 0.276447
20524 0.448430
20532 0.445555
20552 0.014572
20557 0.252751
20559 0.562673
20560 0.278424
20563 1.065021
20569 0.465543
20570 1.270223
20571 0.191932
20578 0.348077
20584 0.323529
20585 0.378501
20587 0.937052
20588 0.330984
20589 0.121941
20592 0.543870
20606 0.294208
20608 0.356444
20633 0.339057
20640 1.167786
20646 1.044871
20664 0.510501
20671 0.581729
20678 0.295521
20691 0.526565
20700 0.375711
20701 0.576022
20706 0.067351
20708 0.920407
20712 0.334972
20717 0.511762
20722 0.031738
20725 0.568293
20726 0.453921
20731 0.510267
20733 0.141850
20737 0.043442
20738 0.584172
20744 0.554279
20745 0.167198
20749 0.589753
20752 0.394635
20757 0.029514
20759 0.234622
20765 0.105313
20773 0.327861
20775 0.012067
20779 0.209623
20786 0.173457
20807 0.405783
20819 0.610209
20824 0.234892
20827 1.131813
20828 0.543870
20829 0.115844
20839 1.053131
20842 1.254183
20850 0.133154
20851 1.307754
20853 0.365085
20858 1.023525
20862 0.371152
20864 0.507811
20865 0.139013
20871 0.318924
20885 0.515988
20894 0.548737
20896 0.426795
20897 0.243883
20898 0.093423
20901 1.163211
20902 0.384368
20904 0.377168
20906 0.584738
20919 1.114452
20920 0.392693
20927 0.371846
20929 0.463377
20938 1.103929
20939 0.336757
20940 0.204431
20946 0.558779
20952 0.272575
20955 1.100784
20956 0.321790
20958 0.278026
20959 1.047360
20972 0.519302
20992 0.163693
20997 0.100190
21014 1.268464
21015 0.529871
21017 0.120046
21020 1.082480
21030 1.201885
21040 0.118815
21041 0.475518
21050 0.377470
21051 0.232853
21063 0.298495
21065 0.092214
21066 0.567155
21070 0.487766
21072 0.128716
21074 1.072633
21077 1.114611
21079 0.977983
21083 0.585587
21088 0.178222
21089 0.090268
21094 0.556655
21103 0.546018
21119 1.176639
21128 0.289611
21135 0.032031
21137 0.990205
21142 0.045429
21148 0.146771
21152 0.317745
21163 0.197182
21178 0.613745
21179 0.283701
21183 0.593349
21184 0.490635
21185 0.319571
21193 0.407493
21202 0.545150
21206 0.133667
21207 0.089976
21210 0.293100
21211 1.178591
21221 0.279143
21227 0.425806
21236 0.359354
21239 0.928631
21240 0.044988
21244 0.186095
21252 0.503671
21263 0.586036
21279 0.093423
21294 0.556944
21308 0.533845
21311 0.535625
21312 0.065264
21315 1.038605
21330 0.491461
21335 0.299832
21344 0.367157
21345 1.081214
21349 0.248642
21350 0.505503
21351 1.186977
21353 0.177464
21357 0.542694
21359 0.360405
21369 0.043442
21381 1.225795
21388 1.109298
21397 0.614909
21399 1.102838
21401 1.185701
21406 0.451720
21416 1.212464
21419 0.021063
21433 1.042599
21439 0.588876
21444 0.418327
21445 0.041373
21446 0.559698
21452 0.421252
21455 0.383688
21458 0.082014
21459 0.423278
21468 0.142379
21470 0.402937
21478 0.495141
21482 1.241935
21490 0.156195
21503 0.447581
21512 0.083170
21526 0.954697
21528 0.535458
21530 1.110175
21531 0.308097
21535 0.527898
21536 0.425753
21539 0.212558
21541 0.574004
21546 0.541070
21558 0.375362
21565 0.492189
21573 1.163502
21578 0.251091
21583 0.134591
21584 1.112106
21585 0.475010
21589 0.593013
21591 0.320096
21593 0.357277
21595 0.084032
21599 0.516034
21604 0.258739
21606 0.434416
21608 0.885869
21618 1.129116
21622 0.074056
21628 0.404984
21635 0.459203
21640 1.049692
21646 0.387944
21653 0.304026
21654 0.390800
21666 1.049414
21669 0.135623
21670 0.198925
21671 0.575436
21672 0.570827
21676 0.339057
21685 0.270500
21689 0.012324
21690 0.215286
21691 0.409496
21695 0.591043
21702 0.545150
21706 0.446629
21708 1.245638
21711 0.179032
21725 1.059481
21729 0.240341
21733 0.285850
21738 1.051992
21750 0.434416
21763 0.417259
21767 0.417636
21768 0.557066
21771 0.229691
21788 0.323588
21794 1.016914
21796 0.202861
21799 0.201468
21801 0.466386
21805 0.025460
21811 0.074738
21812 0.575436
21823 0.315939
21830 0.942201
21837 0.157746
21840 0.273274
21841 0.539381
21844 0.430826
21845 1.272487
21846 0.348987
21847 0.089111
21849 0.124461
21858 0.162399
21859 0.388170
21863 0.243883
21871 0.358744
21873 0.165492
21874 0.594709
21884 0.095542
21887 0.088685
21894 1.129840
21900 0.277019
21908 1.191542
21910 1.115538
21914 0.383941
21915 0.570827
21918 0.516034
21920 0.037827
21922 0.101285
21927 0.158181
21939 0.275274
21941 0.142140
21943 0.519544
21946 0.531938
21948 1.056826
21949 0.414601
21950 1.087311
21955 0.045728
21959 1.043872
21964 0.483524
21965 0.338541
21971 0.442657
21980 1.051920
21982 0.295773
21986 0.421252
21990 0.614909
21991 0.164708
22003 0.563567
22016 0.119839
22017 1.118497
22023 1.081214
22028 0.379127
22031 0.434416
22039 1.138120
22043 0.029704
22044 0.484930
22047 0.588416
22063 0.187323
22068 1.085389
22071 1.270551
22086 0.088732
22089 0.558898
22100 0.463377
22106 0.593123
22123 0.224941
22127 0.287048
22128 0.531396
22132 0.556571
22145 0.291529
22146 0.256010
22153 0.906608
22156 0.258870
22157 0.566350
22158 0.311514
22161 0.565625
22163 0.030089
22164 0.294208
22167 0.126553
22175 0.562536
22179 0.486546
22180 0.069786
22183 0.502605
22187 0.086728
22189 0.289611
22190 0.421252
22192 0.586945
22195 0.167669
22196 0.200797
22199 0.296675
22210 1.100522
22214 0.104880
22217 0.471016
22218 1.021424
22225 0.232619
22226 0.269838
22227 0.320954
22228 0.327386
22231 0.296346
22238 0.514864
22239 0.534666
22246 0.969310
22252 1.112630
22253 1.051076
22270 0.557226
22271 0.536961
22273 0.345305
22275 0.050642
22286 0.396310
22287 0.189564
22300 0.358414
22302 0.547835
22308 1.053131
22310 0.518983
22315 0.312389
22320 1.238336
22327 1.256802
22328 0.299954
22334 0.352275
22337 0.336816
22340 0.574271
22341 0.292536
22352 0.393169
22356 0.359905
22364 0.507418
22366 0.168780
22371 0.561670
22375 1.198788
22377 0.496476
22379 0.339417
22392 1.030779
22395 0.533175
22397 0.419012
22401 0.065396
22406 0.529574
22412 0.491461
22414 0.346339
22423 0.582319
22424 0.114286
22446 0.162589
22449 0.224544
22451 1.069333
22456 0.429472
22457 0.528413
22464 0.329557
22465 0.154459
22477 0.367976
22482 0.222035
22489 0.100734
22495 0.313461
22499 0.281491
22500 0.265872
22502 0.403587
22506 0.274683
22509 0.117990
22511 0.025321
22526 1.058477
22537 0.468058
22550 0.084250
22559 1.010799
22567 0.235851
22568 0.059104
22571 0.130696
22578 0.415852
22582 0.141274
22593 0.492478
22595 0.542562
22606 0.458422
22616 1.019874
22628 1.045973
22632 0.422349
22634 0.607708
22645 0.120046
22646 0.376910
22651 1.143780
22658 0.236618
22664 0.543467
22670 0.531938
22675 0.880417
22679 1.021807
22691 1.048424
22693 1.202756
22702 0.465358
22711 0.397505
22715 0.070925
22722 0.012592
22724 0.485212
22727 0.524578
22730 0.149477
22737 0.106769
22741 1.003985
22743 0.512154
22749 1.143592
22751 1.038086
22755 1.062328
22763 0.097042
22765 1.197059
22766 0.015143
22768 0.042125
22773 0.030892
22777 0.510501
22780 0.034753
22781 0.556571
22782 0.153436
22784 0.311689
22786 0.307941
22787 0.193074
22788 0.353810
22790 1.058194
22792 0.352903
22794 1.118887
22796 0.503671
22804 0.565095
22813 0.101943
22822 0.357463
22841 0.214873
22850 0.453571
22852 0.181322
22864 0.517603
22868 0.019802
22873 0.519302
22878 0.381260
22882 1.134309
22883 1.020013
22891 0.505717
22892 0.398505
22895 0.184858
22898 0.407152
22899 0.420095
22902 0.570827
22913 0.080587
22915 0.489121
22918 0.539150
22925 1.195026
22930 0.530741
22931 0.146638
22933 0.310211
22944 0.489651
22947 0.009342
22958 0.299598
22965 0.123441
22971 0.327090
22976 0.209568
22983 0.313395
22985 0.155105
22986 0.544405
22988 0.028961
23001 0.354174
23002 1.146742
23007 0.984677
23011 1.005210
23018 1.076863
23027 0.247308
23030 0.429938
23034 0.490111
23037 0.998658
23044 0.125614
23055 0.322750
23062 0.446109
23068 0.123717
23076 1.078943
23077 0.060179
23081 0.477419
23095 1.120148
23098 0.205946
23099 1.124372
23102 1.251533
23105 0.050809
23109 0.457989
23111 1.182329
23112 0.076213
23113 0.371846
23114 0.109173
23118 0.399128
23120 0.221712
23124 0.039946
23128 0.514864
23129 0.272575
23130 0.161175
23135 0.428675
23138 1.086387
23142 0.012730
23144 0.442717
23145 0.183516
23146 0.526565
23158 0.304091
23160 0.412430
23166 1.139028
23168 0.513472
23176 0.579222
23177 1.211100
23180 0.028083
23184 0.140032
23187 0.417328
23195 0.359765
23196 0.474962
23206 0.198590
23208 1.059853
23211 0.233917
23216 0.526057
23217 0.318004
23219 0.939627
23224 0.320220
23232 0.031594
23234 0.271125
23240 0.230409
23241 0.366392
23243 0.483201
23244 0.412430
23248 0.357229
23249 0.218060
23252 0.326164
23256 1.077400
23257 0.465649
23258 0.057922
23263 0.196346
23265 0.230334
23266 0.088356
23267 0.048879
23272 0.486546
23280 1.082480
23282 0.130325
23293 0.157746
23299 0.457144
23303 0.549587
23307 0.567155
23314 0.197783
23316 0.151572
23318 0.010343
23320 0.282185
23332 0.310211
23338 0.216785
23340 0.168064
23348 1.143268
23359 0.370154
23367 0.495591
23368 1.333181
23371 1.077400
23377 1.104741
23383 0.455622
23389 0.019802
23391 0.567205
23393 0.150598
23400 1.237173
23401 0.201985
23402 0.384585
23409 0.139812
23410 0.393043
23417 0.476680
23419 0.246477
23428 0.262740
23430 1.060620
23433 0.599803
23437 0.202728
23438 1.168606
23448 0.536542
23449 0.041373
23453 1.076728
23461 0.088356
23470 0.496476
23483 0.390088
23488 0.312071
23493 0.414403
23495 0.427076
23499 1.066504
23503 0.291010
23504 0.268070
23508 0.413341
23511 0.299598
23512 1.118100
23515 0.152762
23517 0.071762
23529 0.038776
23532 0.206601
23533 0.473343
23540 0.046901
23545 0.349475
23551 0.397572
23560 0.421252
23585 0.594074
23593 0.149107
23595 0.111508
23600 0.172046
23606 0.061784
23610 1.232102
23611 0.290783
23619 0.521603
23621 0.363697
23625 0.491461
23626 0.561968
23630 0.390088
23636 0.217208
23640 0.429053
23642 0.203236
23648 0.589948
23651 0.086210
23652 0.548442
23654 0.080354
23659 0.125614
23660 0.314639
23674 0.124119
23676 0.491792
23679 0.392922
23681 0.095966
23683 0.222778
23684 0.092214
23685 0.356444
23692 1.041626
23697 0.483142
23700 0.205946
23704 0.187494
23706 0.009901
23708 0.092675
23714 0.175966
23717 0.126606
23722 0.496476
23729 0.417040
23738 0.453823
23753 1.143399
23756 0.169043
23768 0.324364
23774 0.299832
23777 0.332516
23780 0.389237
23782 1.133369
23791 0.146638
23793 1.190328
23803 0.296791
23804 0.442552
23805 0.461181
23829 0.458673
23834 0.612393
23835 1.070048
23836 0.247897
23844 0.509715
23852 0.077599
23859 0.121941
23870 0.435575
23884 0.134136
23886 0.288045
23888 1.184187
23889 0.065928
23897 0.274040
23906 0.400190
23918 0.311889
23925 1.168975
23927 0.124119
23928 1.207950
23933 0.198025
23938 0.406471
23946 0.089111
23948 0.534666
23956 0.242899
23963 1.107443
23971 0.525680
23973 0.121409
23975 0.081499
23979 0.371484
23982 0.579222
23996 0.142265
24008 1.088538
24020 0.183420
24026 0.528610
24040 0.596046
24041 0.234154
24053 0.318254
24055 0.027257
24057 1.218884
24065 0.273341
24067 0.043715
24071 1.249557
24072 0.307057
24074 0.522712
24075 0.579222
24078 0.560231
24082 1.132115
24087 0.227671
24089 0.106699
24099 0.090858
24100 0.965370
24101 0.417799
24105 0.525009
24107 1.130862
24108 0.182227
24113 0.192273
24115 0.238503
24117 0.115364
24127 0.140417
24129 0.028961
24131 0.174038
24134 0.377470
24136 0.607539
24139 0.162182
24142 0.149477
24148 0.077230
24157 0.420364
24160 0.362357
24176 0.118209
24180 0.249285
24181 0.407152
24184 0.465649
24193 0.201468
24196 0.012324
24207 1.236322
24211 0.295290
24212 0.361708
24215 0.472834
24218 0.029143
24221 0.558847
24232 1.168261
24242 0.248593
24251 1.287160
24252 0.376843
24257 0.567591
24262 0.066833
24265 0.172112
24268 0.491461
24271 0.429053
24275 0.089111
24276 0.945948
24282 0.169528
24296 1.051745
24299 0.379818
24300 1.164706
24304 0.448821
24315 1.084185
24319 0.576778
24321 1.153154
24326 0.269058
24334 0.107405
24335 0.251229
24345 0.920685
24355 1.114611
24361 0.288170
24375 0.213047
24378 0.025743
24384 0.165492
24389 1.084048
24390 0.164800
24395 0.418715
24400 0.068547
24405 0.099295
24412 0.287812
24418 0.554469
24423 0.312389
24432 0.198025
24437 0.274368
24443 1.180301
24444 0.419012
24446 0.465358
24447 0.558286
24449 0.469122
24452 0.305219
24453 0.139572
24456 0.028083
24465 0.500361
24466 0.144805
24474 0.498255
24475 0.028370
24476 0.447932
24482 1.076232
24486 0.231689
24499 0.047673
24500 0.044771
24505 0.190690
24507 0.202728
24508 0.506482
24510 0.440774
24512 1.000985
24513 1.035916
24515 0.430081
24517 0.478325
24522 0.374156
24526 0.009694
24527 0.144162
24533 0.306647
24535 0.299311
24536 0.597906
24549 1.000985
24551 0.259838
24552 0.155105
24556 0.414278
24561 0.555511
24563 1.109298
24570 0.485799
24580 0.071656
24582 0.068479
24584 0.080354
24588 0.162330
24591 0.419346
24596 1.121861
24603 0.499960
24614 0.140032
24615 0.460886
24617 0.162399
24626 1.060744
24631 0.143524
24640 0.528202
24643 0.460886
24645 0.326923
24648 0.075142
24650 0.576693
24654 0.124930
24655 0.087613
24659 1.058710
24669 0.526565
24670 0.356444
24671 0.264101
24674 0.037520
24678 0.888669
24679 0.356444
24683 0.123239
24693 0.282310
24702 0.209357
24707 0.308918
24708 0.050367
24711 0.409615
24726 0.269182
24733 0.132394
24740 0.370154
24748 0.198155
24755 0.158420
24758 1.265049
24759 0.371693
24761 0.460407
24766 1.195813
24773 0.371484
24783 0.429830
24788 0.130696
24791 1.221062
24793 0.316403
24794 0.539078
24797 1.137123
24798 0.435973
24809 0.037369
24810 1.210094
24815 0.363809
24820 0.460951
24821 0.162589
24831 0.040177
24833 0.251229
24836 0.222328
24841 0.035828
24842 0.124564
24844 0.040647
24848 1.027398
24849 0.059407
24854 1.091092
24856 0.186095
24864 1.019934
24868 0.057207
24870 0.939627
24871 0.584635
24878 0.022939
24879 0.230154
24880 0.301384
24884 0.117808
24895 0.181717
24898 0.021755
24899 0.181904
24902 0.372565
24903 0.398379
24905 0.226038
24906 0.327518
24909 0.297582
24913 0.984912
24917 0.261584
24922 0.030485
24924 1.097473
24939 0.079436
24947 0.087430
24948 0.521300
24949 0.568561
24951 0.239678
24960 0.258870
24961 0.151701
24965 0.367583
24966 0.374344
24969 0.134136
24979 1.024039
24981 1.089135
24982 0.136959
24983 0.173101
24994 0.456530
25001 1.194167
25003 0.107991
25022 1.303249
25037 0.333053
25042 0.123567
25052 0.140805
25061 0.553131
25064 0.534666
25065 0.380385
25069 0.505503
25083 0.127535
25084 0.231689
25099 0.569930
25108 0.423391
25110 0.179207
25113 1.140056
25119 1.223201
25120 0.214873
25140 1.094900
25146 0.270304
25154 0.560775
25156 1.047839
25160 0.047477
25174 0.484930
25179 0.137532
25180 0.530372
25184 1.070088
25187 0.171199
25190 0.531189
25193 0.013629
25201 1.231609
25209 0.529871
25213 0.564521
25219 0.389971
25224 0.540607
25226 1.172072
25227 0.179372
25234 1.191168
25237 0.375986
25240 0.228995
25244 0.274188
25247 0.014127
25253 0.021256
25261 1.070375
25267 0.277644
25277 0.830389
25279 0.389757
25288 0.998898
25289 0.572857
25292 0.534666
25295 1.272487
25302 0.490347
25314 0.310802
25316 0.144805
25317 0.589948
25321 0.014042
25326 0.554038
25329 0.300894
25330 0.271125
25332 0.367157
25333 1.214953
25340 1.201349
25342 0.402104
25346 0.204705
25357 0.351376
25359 0.299954
25365 0.180830
25368 0.061293
25371 0.328849
25374 0.406471
25380 1.158444
25384 0.151101
25385 0.506819
25396 0.170167
25399 1.173296
25400 0.370702
25403 0.376247
25404 0.574185
25405 0.383034
25407 0.447802
25412 0.336322
25422 0.604405
25424 1.122467
25429 0.441312
25431 1.058001
25434 0.123239
25437 0.167738
25441 1.085627
25443 0.556571
25444 0.114414
25446 1.066504
25453 0.592692
25455 0.411630
25458 1.050453
25466 0.402407
25467 0.096986
25472 0.326923
25475 0.111780
25483 0.518390
25489 0.449396
25492 0.041621
25495 0.455781
25498 0.123021
25501 1.111690
25504 0.094353
25506 0.552109
25507 1.214272
25514 0.125498
25520 0.173225
25523 0.077972
25524 0.222526
25525 0.189909
25534 1.071831
25535 1.056826
25537 1.022156
25539 0.062902
25541 0.123385
25543 0.050642
25560 0.485212
25562 0.270067
25573 0.465766
25574 0.951037
25575 0.304505
25580 0.043715
25582 0.399463
25585 1.060744
25586 0.354174
25600 0.118538
25611 0.555511
25617 0.530953
25620 0.215789
25622 0.383779
25630 0.019307
25632 0.527196
25636 0.183420
25638 0.048674
25642 0.339810
25647 0.212903
25651 0.373692
25665 0.496476
25666 1.045425
25669 0.303522
25671 1.041986
25673 0.498571
25700 0.330984
25704 0.142747
25705 0.386148
25708 1.190923
25711 1.177859
25716 0.306004
25721 0.207096
25730 0.590579
25731 1.055471
25732 0.311889
25747 0.281176
25748 0.010531
25749 0.497232
25752 0.246169
25753 0.379373
25759 0.253410
25763 0.458142
25767 0.430703
25777 0.056786
25782 0.187078
25784 0.098892
25786 0.287294
25792 0.597906
25800 0.231689
25812 0.523919
25818 1.106793
25824 0.508089
25828 0.151701
25837 0.576221
25840 0.932239
25847 0.527017
25848 0.536961
25859 0.081772
25860 0.523481
25862 0.234503
25873 1.034876
25879 0.605228
25895 1.164774
25896 0.022826
25903 1.153597
25907 0.101943
25909 0.465446
25912 0.013549
25915 0.280063
25918 0.438330
25920 0.258739
25921 0.358744
25924 0.265477
25928 1.049157
25930 0.247135
25933 0.066742
25936 0.989374
25938 0.157320
25939 0.148791
25940 0.428332
25941 0.018991
25943 0.349120
25944 0.516504
25948 0.268625
25949 0.047043
25952 0.099012
25978 0.345068
25980 0.403970
25983 0.452076
25984 0.159462
26000 0.050367
26005 1.193979
26006 1.019827
26008 0.290958
26013 0.243883
26014 0.228265
26018 0.252552
26020 0.549025
26026 0.275522
26028 0.041621
26032 0.998044
26033 0.416399
26042 0.220104
26047 0.245498
26053 1.280764
26059 0.575949
26072 0.109675
26075 1.045293
26080 0.365162
26085 0.243883
26086 1.238336
26089 0.163820
26092 0.261909
26093 0.384147
26094 0.209673
26097 1.062792
26101 0.343796
26107 1.232703
26108 0.128123
26112 0.259126
26117 0.442038
26119 0.190802
26124 1.078551
26127 0.086344
26130 1.245056
26131 0.446286
26135 0.013874
26137 0.128123
26139 0.036201
26141 0.083743
26148 1.132115
26154 0.177087
26167 0.391163
26187 0.432338
26189 0.420095
26193 1.158444
26194 1.163686
26195 1.095046
26196 1.043643
26200 0.498023
26203 1.101934
26205 0.267333
26219 0.263949
26228 0.258870
26229 0.109805
26230 0.589266
26236 0.949086
26239 0.125237
26243 1.143780
26244 0.170918
26247 0.411552
26253 0.302709
26255 0.066833
26259 0.029143
26268 0.450506
26275 0.617837
26277 0.174101
26278 0.198025
26282 0.046338
26286 0.566350
26292 0.301064
26301 0.589266
26302 0.435096
26318 0.148112
26319 0.174859
26326 0.257432
26327 0.077230
26329 1.080267
26344 0.521300
26345 0.251548
26354 0.021354
26357 0.168501
26361 1.215792
26362 0.522115
26363 0.111657
26371 0.041746
26372 0.530007
26373 1.158444
26374 0.586554
26378 0.356444
26380 0.523168
26381 0.230536
26383 0.368247
26384 0.121941
26390 0.424763
26414 0.167605
26425 0.941703
26430 0.204748
26435 0.115844
26439 0.319092
26448 0.886564
26450 0.392478
26451 0.146638
26453 0.164652
26460 0.540133
26466 0.039775
26469 1.030779
26472 0.021063
26474 0.459203
26483 0.133433
26484 0.468894
26492 0.603795
26495 0.459467
26496 0.330984
26501 0.013239
26507 0.529238
26510 0.549518
26538 0.078349
26546 1.089397
26551 0.143426
26562 0.178222
26563 1.202575
26569 0.082746
26570 0.423659
26571 0.222421
26573 0.511705
26578 0.417259
26587 0.208047
26588 0.245569
26590 0.129515
26594 0.394924
26596 0.078729
26603 0.423941
26608 0.211500
26617 0.255853
26621 0.153529
26622 1.026201
26628 1.087070
26638 1.257335
26643 0.096537
26645 0.158872
26647 0.436957
26648 1.223201
26655 0.103301
26656 0.935666
26667 1.036994
26672 0.603928
26673 0.844377
26674 0.480863
26675 0.448077
26678 1.122467
26690 0.486546
26693 0.445555
26704 0.432486
26705 0.190952
26709 0.242606
26712 0.324797
26715 0.498131
26727 0.043172
26731 1.145428
26732 0.509206
26734 1.098265
26741 0.230476
26742 0.410167
26752 0.009859
26756 0.036201
26758 0.604405
26761 0.022171
26765 0.504963
26779 1.072633
26780 0.586554
26784 0.052182
26786 0.186095
26793 1.002630
26798 0.350582
26800 0.067859
26801 1.010163
26803 0.099498
26810 1.091021
26812 0.499449
26815 0.980222
26820 0.233636
26831 1.134004
26837 0.998658
26839 0.022715
26845 0.513596
26851 1.045570
26854 1.077622
26856 1.177028
26862 0.246169
26865 0.131370
26871 0.494399
26873 0.437634
26876 0.593123
26882 0.322216
26883 0.490111
26887 0.068955
26897 0.085811
26902 0.541760
26903 0.064873
26904 0.245874
26908 0.493199
26909 0.601623
26912 0.257432
26920 0.528970
26932 1.144023
26938 0.283701
26945 0.013709
26956 0.128716
26957 1.074952
26959 0.074738
26963 0.234154
26966 0.226363
26976 0.191084
26986 0.212558
26993 0.272575
26997 0.367436
27000 0.609707
27002 0.521300
27004 0.054196
27007 0.035828
27009 0.571430
27023 0.353581
27024 0.380552
27034 0.287718
27035 0.555287
27046 0.597906
27048 0.084081
27050 0.194153
27057 0.481049
27059 0.412596
27061 0.032480
27067 0.315316
27068 0.159100
27069 0.479829
27071 0.604965
27074 0.513699
27075 0.312780
27084 0.564216
27086 0.076864
27097 0.555511
27100 0.429053
27102 0.330984
27112 0.125237
27115 0.071509
27116 1.214953
27120 0.589753
27127 0.343243
27128 0.417259
27129 1.111570
27139 0.483524
27144 0.011643
27147 0.048018
27151 0.380019
27163 0.234622
27169 0.497928
27173 0.295075
27178 0.428624
27180 0.602391
27182 0.014572
27184 0.329361
27190 0.212466
27193 0.500634
27197 1.216366
27199 0.505987
27201 1.070461
27230 0.351670
27231 0.055829
27235 1.221632
27239 0.163432
27241 0.172420
27250 0.084250
27251 1.158444
27259 0.233721
27263 0.079893
27264 0.570311
27276 0.389565
27285 0.591980
27291 0.380385
27293 0.038776
27300 0.170830
27307 0.105915
27309 0.454914
27312 0.494269
27326 0.291345
27328 0.422237
27333 0.207926
27338 0.540207
27347 0.276643
27349 0.193074
27351 0.190690
27355 0.560231
27360 0.036391
27363 0.395298
27374 0.601079
27390 0.293472
27397 1.110461
27402 0.388639
27411 1.128992
27415 0.270304
27416 0.549262
27420 0.384083
27422 0.490512
27423 0.508585
27432 1.086935
27436 0.397181
27444 1.061284
27445 0.542869
27448 0.474217
27449 0.562807
27454 0.430703
27457 0.595771
27462 0.143313
27463 0.142265
27474 0.377642
27483 0.214279
27485 1.122080
27488 0.115844
27493 1.231906
27503 1.290686
27507 1.083924
27508 0.271245
27518 0.558286
27521 0.997269
27535 0.136287
27541 0.353810
27545 0.020324
27563 0.418469
27567 0.421252
27588 0.920259
27597 0.009776
27613 0.216620
27615 1.073922
27616 0.444655
27619 0.451720
27620 0.586200
27623 0.096941
27626 1.275262
27631 1.118033
27636 0.554347
27639 1.052056
27647 0.198874
27650 0.218762
27656 0.295570
27657 1.163459
27663 0.423176
27673 0.090268
27678 0.412207
27680 0.970886
27683 0.425806
27686 0.137532
27695 0.166406
27697 1.274842
27704 0.034240
27708 0.408005
27714 0.503258
27716 0.315939
27723 0.091456
27726 1.057220
27727 0.483096
27728 0.939869
27732 0.089111
27734 0.330984
27746 0.324993
27748 1.158444
27753 0.496476
27754 0.535697
27759 1.375652
27761 0.426220
27766 0.501746
27769 0.265477
27770 0.124930
27773 0.109173
27775 0.477006
27778 0.181507
27781 0.059104
27791 0.283501
27795 1.205155
27797 0.183257
27798 1.003985
27804 0.289611
27815 1.164207
27816 0.022715
27823 0.055605
27825 0.038831
27832 0.884841
27838 0.593775
27844 0.897794
27845 0.179759
27846 0.955304
27852 0.216785
27856 0.318838
27858 0.548376
27869 0.159785
27872 0.043172
27882 0.121941
27887 0.026180
27888 0.532452
27892 1.074701
27893 0.365162
27894 0.089111
27905 0.096986
27910 0.392376
27911 0.134591
27924 0.131975
27929 0.217208
27932 0.182227
27938 0.343796
27940 0.999672
27949 1.237291
27953 0.332813
27954 0.140417
27955 0.582075
27957 0.330984
27964 0.540947
27966 0.527064
27968 0.155844
27976 1.082658
27977 0.099651
27996 0.342397
27999 0.373692
28017 0.423084
28024 0.952913
28032 1.100198
28037 0.177087
28053 0.061510
28055 1.282563
28056 0.245498
28063 0.386148
28069 1.051275
28083 0.576648
28087 0.128069
28088 0.593013
28094 0.041007
28097 0.010628
28099 0.229774
28102 0.604405
28103 0.108392
28111 0.138093
28118 0.858542
28122 0.163931
28123 0.494458
28126 0.192007
28134 0.574271
28137 0.412207
28144 0.988672
28156 0.303053
28158 0.506819
28185 0.203236
28186 0.146022
28189 0.528610
28191 0.146470
28198 0.511078
28202 0.358566
28215 0.289611
28222 0.417579
28237 0.465966
28240 1.108077
28241 0.132815
28257 1.153056
28259 0.396584
28270 0.249724
28271 0.090858
28274 0.150169
28281 0.463377
28291 0.013164
28296 0.074395
28303 0.465766
28305 0.294633
28309 0.058655
28316 0.022715
28320 0.341436
28321 0.519887
28346 0.123385
28355 0.493763
28357 0.074339
28367 0.398056
28368 1.108938
28371 1.122015
28377 0.195400
28390 1.048116
28409 0.149477
28418 0.250474
28427 0.476369
28431 1.152379
28435 0.240716
28445 1.151158
28447 0.343243
28448 0.179207
28456 0.332886
28464 0.088685
28468 0.204078
28472 1.129483
28494 0.390213
28496 0.585880
28505 0.270304
28508 0.196522
28511 0.110808
28520 0.581867
28522 0.480076
28525 0.216243
28532 0.015446
28535 0.275064
28541 0.021159
28554 0.579222
28557 1.028525
28558 0.057066
28562 0.328304
28566 0.123567
28578 0.517477
28585 1.189090
28589 0.411552
28597 1.265812
28601 0.546436
28602 0.423517
28611 0.111389
28620 0.501250
28624 0.132815
28631 0.286035
28632 0.242289
28638 0.068431
28642 0.353184
28647 0.485575
28652 0.100250
28657 0.124862
28659 0.607708
28660 0.214527
28662 0.422577
28664 0.364349
28681 0.401249
28691 0.369716
28694 0.498571
28701 1.153249
28702 0.245173
28704 0.567714
28706 0.442934
28713 0.516504
28715 0.445555
28722 0.029895
28737 0.313093
28740 0.098069
28754 0.477006
28771 1.023741
28792 0.040470
28796 0.603928
28804 1.115538
28813 0.355705
28814 0.254603
28828 0.226038
28836 0.056235
28837 0.301195
28843 0.169270
28849 0.265477
28864 0.127429
28865 0.280835
28866 0.142379
28870 0.325994
28876 1.057013
28877 0.520649
28879 0.232915
28886 0.534666
28893 0.149477
28894 0.419012
28901 0.010677
28902 1.100198
28907 0.023522
28909 0.168064
28911 0.560931
28913 0.444170
28925 0.169824
28926 0.166983
28939 0.398934
28940 1.080346
28943 0.533494
28955 0.056054
28964 0.519481
28967 0.490769
28969 0.454716
28970 0.061619
28972 0.223854
28978 0.229774
28989 0.452601
29000 0.248922
29014 0.037982
29022 0.010531
29023 0.266966
29027 0.183656
29028 0.023169
29029 0.215743
29030 0.384264
29031 0.171621
29041 0.296346
29047 0.361434
29052 0.077879
29055 0.060652
29058 0.510007
29062 1.118033
29064 0.218060
29066 1.100784
29067 0.451496
29069 1.140437
29075 0.400450
29076 1.129042
29079 0.554574
29093 0.988735
29095 0.147886
29098 1.137880
29100 0.221615
29103 0.315445
29108 0.190567
29111 0.196346
29114 0.057207
29123 0.491137
29127 0.121409
29130 0.258581
29132 1.128118
29136 0.336531
29142 1.145852
29151 0.579222
29153 0.164756
29157 0.471460
29158 0.996511
29159 0.264787
29160 0.124119
29161 0.597906
29163 0.198292
29170 0.355562
29173 0.543965
29185 0.516991
29194 0.294021
29201 1.143399
29211 0.087430
29218 0.436899
29232 0.480682
29247 1.158444
29253 0.407211
29255 1.050453
29263 0.406868
29269 0.308210
29271 0.483142
29282 1.118100
29288 1.283816
29294 0.100190
29297 0.363637
29298 0.105313
29302 0.119651
29304 0.113019
29308 0.041128
29313 0.429053
29315 0.021755
29318 0.113712
29322 0.381496
29323 0.105313
29324 1.115538
29328 0.511762
29330 1.233667
29334 0.117146
29336 0.443423
29338 0.384318
29339 0.133667
29343 0.573705
29346 0.514864
29350 1.071993
29354 0.361235
29371 0.124119
29381 0.397181
29382 1.248478
29386 0.501814
29388 0.531189
29390 0.367760
29392 0.144805
29395 0.014042
29401 0.352275
29406 0.606804
29416 0.119651
29417 0.155105
29422 1.148709
29428 0.250180
29429 1.181706
29431 1.103929
29441 0.459107
29443 0.440774
29450 0.089111
29451 1.127797
29452 0.287048
29464 0.536422
29472 0.352570
29476 0.424931
29483 0.440313
29488 0.439410
29493 0.021453
29496 1.128740
29497 0.230727
29498 0.190567
29501 0.597906
29506 0.609707
29520 0.069161
29521 0.135152
29525 0.061239
29530 0.516991
29542 0.365162
29548 0.038455
29549 0.363015
29556 0.468894
29557 0.011943
29561 0.444760
29562 0.390638
29570 0.137637
29572 1.138355
29575 1.124170
29576 0.197925
29579 0.501315
29584 0.223790
29592 0.250797
29596 0.255853
29598 0.265186
29599 0.946473
29602 0.586744
29610 0.039049
29612 1.086341
29616 0.112107
29617 0.360648
29628 0.394924
29629 0.427136
29630 0.106279
29634 0.137910
29638 0.353630
29644 0.575949
29648 0.117808
29654 1.139607
29660 0.523527
29665 0.887319
29669 0.166190
29680 0.238308
29682 0.058804
29683 1.158444
29704 0.142265
29718 0.537422
29721 0.268420
29723 0.160576
29728 0.417579
29734 0.249511
29746 1.152182
29754 0.064873
29761 0.168780
29763 0.106769
29764 1.250593
29767 0.068479
29770 0.485212
29776 0.534666
29780 0.178222
29783 0.315939
29791 0.427580
29793 0.405196
29799 1.199607
29800 0.396049
29818 0.372832
29827 0.557591
29835 0.441950
29842 1.264774
29843 1.100257
29845 0.118209
29864 0.109173
29865 0.053262
29870 0.386148
29875 0.547628
29880 0.257432
29891 0.505871
29899 1.280642
29919 1.057710
29922 0.341327
29930 1.188455
29931 0.487766
29933 0.151101
29941 0.542814
29943 1.194420
29952 0.359303
29956 0.453518
29960 0.169528
29962 0.232619
29973 0.189687
29974 0.349530
29978 0.103601
29983 0.505279
29985 0.137094
29990 0.351438
29995 0.033906
30000 0.495795
