5996
23171 81
26850 617
12495 3555
15855 3930
19182 4927
9841 8191
11190 8310
18954 8781
8705 9081
736 9315
5273 12906
18684 17668
4748 21787
17318 23653
7933 25179
25951 26618
2364 28604
5445 29989
8461 30190
22634 30866
3674 31399
20917 31923
24928 32642
8128 32653
5215 35149
27142 39603
9208 42327
10287 42863
28911 42863
12760 44931
27482 48349
1309 55172
29377 55662
2159 56857
19141 57055
7860 62953
2998 67700
5643 68036
17527 68271
4381 68303
12082 69321
14728 70480
6761 71522
22553 72291
14302 72353
22828 74048
3950 74071
15398 74800
11595 75645
23193 76542
5910 76677
14629 77837
4455 81013
18321 81178
23280 82372
23133 82401
17009 82588
16657 83083
26191 85829
872 87789
2781 87961
10475 88391
4044 90159
9287 91671
2502 91857
19079 96380
2339 97149
563 99785
18104 102172
5119 104522
9800 104667
3287 106051
12170 107350
18397 107407
18892 107914
7535 108311
1433 108392
2899 109560
11307 109893
1215 110510
23591 112422
2472 114559
14964 114841
22521 115199
3523 116086
17231 116091
17728 119679
23621 121701
21527 121745
6490 124125
28652 124732
28267 125051
1057 125825
25649 126730
7024 128982
23209 129552
813 129911
6054 131285
4637 133476
26960 134923
24276 138496
1405 139982
1507 140327
17765 141255
22639 141526
13032 143544
8678 145974
11771 153369
10380 153654
11511 154061
7670 155909
2064 159887
19661 162833
3033 162997
16643 163079
26900 163957
14223 164602
18974 164872
9456 164924
16184 165713
25293 166612
20843 168002
5548 168077
14950 171437
657 172567
7738 174821
808 175582
3086 176159
22823 176223
10387 177525
27199 177722
24858 177987
22453 178120
116 178132
201 187076
25697 188776
9140 189184
3173 195574
732 195597
19286 195695
6053 198248
22197 198965
28589 199307
21544 200897
23010 201629
12016 203700
22442 204963
2871 205286
6800 205292
18001 206251
18815 206423
20062 206881
15305 210940
7493 216992
5704 218095
17386 218512
21522 218932
2797 221190
8980 221570
13631 221613
28408 221962
13904 223425
21649 223426
14816 225867
1763 226077
13065 228252
15391 228561
29816 232525
26220 234475
12964 235484
12398 237966
6822 238657
7462 238697
5330 240197
8690 242820
22815 243181
28466 246318
25439 253007
25289 253987
11678 260899
11949 261350
20220 262734
5468 264586
28448 265012
20594 266147
13677 267298
27852 267545
5409 268013
18820 268460
13545 269369
17184 269675
8301 271661
6311 272686
5564 278138
28290 278348
12292 279854
6520 282202
9308 285001
29126 288325
22615 289208
6339 289326
11333 292792
27236 293438
1121 293543
13747 296367
15663 296918
12828 297043
29233 297396
17968 300099
24194 309210
23586 309558
20748 312971
13214 313039
28365 315575
12744 315625
26610 315882
23454 316041
20482 317345
28115 318395
759 318407
10084 319601
13290 320767
21983 324304
17913 328078
16530 328740
5940 329057
17141 330601
27108 332555
1380 333850
22958 337020
18249 338156
10232 339289
24783 340417
6170 341088
15963 342110
29738 344532
14777 348468
14703 349195
26008 350296
12229 350572
13835 351340
11487 352543
4443 354638
21454 354920
21860 355099
23670 355218
7248 359945
11394 363084
5424 364606
22677 370079
3269 372860
2882 373258
25229 376176
8932 380546
20101 381931
20679 384641
19585 386122
5605 386788
9204 392763
15003 393093
28374 394890
18215 395072
23898 396436
9851 400862
11968 401236
17908 403066
28926 403314
25720 403431
16905 403729
15932 405296
6665 405953
5901 406046
29130 406862
22054 408532
18253 410800
23691 410827
29040 411277
10336 411800
1698 412115
3250 415968
17958 418438
19640 418848
5988 419648
2910 419936
26102 422413
14897 424008
20694 424368
25659 424604
15404 425004
21018 426311
7994 427472
26367 436186
22355 436524
21982 438105
28655 438189
25069 439348
13346 439646
7578 446221
19084 446308
12732 446782
29976 447965
4495 450725
2533 452835
12549 452941
21798 454773
19460 455534
16315 456049
2642 457067
3178 457658
28385 457762
25534 459879
4976 462866
17580 465689
5257 466225
14295 470645
2693 473996
11126 476140
7837 476739
1213 477126
28482 478187
10349 478514
10702 478575
11247 479738
14081 480117
15629 480791
19159 481408
29837 481595
1547 482348
7632 483758
28858 485341
19015 485841
2830 486906
11403 489454
9709 490619
25450 493319
21739 494677
24570 495585
13121 503383
14316 503792
27462 506996
8825 509929
10637 510983
29792 511373
20164 511448
17055 512170
9729 512684
21280 513317
17943 513966
28923 519470
4622 520603
11289 521041
1919 522681
20905 524747
2292 524928
7202 526109
17635 526956
16023 528696
19803 528826
4544 528959
12414 530722
13251 531200
21585 533271
3524 533933
3488 535638
7144 536036
11063 536551
19582 538158
10143 539094
25638 539236
23827 541130
5960 541606
25597 542820
9618 547353
27849 548383
19604 549614
13076 549913
19819 549923
23575 550266
29821 550684
8637 551052
28429 554747
16188 555451
24823 558208
16121 559771
25946 562156
18273 562301
11839 565933
8870 565933
215 566363
19391 566494
1730 568878
27055 569650
1870 569822
23367 575553
3837 576124
19953 577833
4594 578336
27041 578926
10313 579428
5084 580518
234 583272
22695 583620
16568 583740
11532 584033
4375 589993
29032 591145
23110 591265
4049 591580
13429 592832
2137 593035
3505 593049
17226 593795
7415 596480
17999 599474
19818 599777
6580 600352
11927 600944
22783 602988
29830 603424
12998 607814
5661 611520
20537 611684
17858 612184
23624 612310
18999 612760
8285 612832
171 613428
1008 614720
24322 616597
15537 617566
21355 618527
13522 620142
25131 621541
29781 623735
20393 626879
4469 629916
7093 630523
9605 630915
19597 631402
10618 631457
26529 633031
15889 633508
22689 633921
22182 635797
18473 636428
28249 636439
13864 637806
1852 637817
2046 638815
24562 639607
16471 642196
22735 642725
3430 644951
22559 650256
26729 651734
217 651753
5305 654135
28529 655738
23576 655986
9114 659084
18120 659547
13882 661849
7565 663828
14893 664663
11813 665811
4566 666234
10717 666323
22718 672459
1962 673837
14057 674089
17089 674253
12754 674281
578 675308
12046 675641
27123 683010
6640 683227
9939 687285
13112 687797
29358 688994
8513 691382
1314 691833
1929 693822
1336 694635
29022 695351
26687 696122
8992 696557
9441 697417
29662 697597
27616 697795
8569 699204
10897 699276
14652 699738
886 700063
17817 701488
2765 702704
25340 703123
12942 704110
20466 706950
9174 707692
8506 710929
3227 714193
2887 719423
8353 720644
28382 722352
11412 722392
24178 723121
25393 727042
8058 728001
18326 728276
23840 730828
16914 733735
15622 734737
5099 735199
25103 736343
10982 737023
22638 744800
23864 745744
314 748995
19891 755061
481 755584
22364 755636
46 755703
3013 755783
1947 756402
3550 757995
23679 758164
21217 759955
8953 761670
17077 763840
13989 765043
19369 767425
1832 768559
26307 770197
17687 770509
17921 771226
11790 772276
24099 772622
9088 773113
24223 773285
4603 776037
22105 778173
9962 780161
23839 780328
3825 783998
24051 790467
9978 790633
10044 791010
23881 794292
20098 796241
25351 797037
7357 797815
12586 798884
18848 799887
21973 800857
21928 806200
15079 807420
23581 808460
24173 809820
24278 812054
145 815179
15411 816749
18623 819058
1155 819144
6390 822253
5071 824959
16620 826493
6095 828913
27898 833849
19536 834235
18268 834591
26184 834814
5747 837786
4522 838024
22473 841962
10991 842115
26130 843350
5588 844662
760 847756
5076 849514
17487 849697
3338 850123
15319 850438
26436 850539
5054 851567
3058 852315
12021 853021
27596 853542
910 855881
77 859940
4198 859996
23919 860412
10978 861625
18396 862101
675 862129
4157 863328
9227 864695
16948 865465
12663 865473
4425 866629
13226 869677
23144 871171
7574 873867
22889 874810
16986 878620
25098 879330
22319 880715
18829 884592
11745 885249
9816 885526
26406 885570
27832 886654
6183 886966
7134 887500
9369 888911
6244 896824
19043 897416
15499 898136
15918 902761
17974 903510
21699 903858
29873 907942
6549 908871
24653 909041
19163 910034
25124 910243
28315 911588
21636 918974
21191 919800
2655 921086
20886 921540
17725 921925
24574 922644
18652 922645
17559 922906
8682 924668
11488 925233
4883 925976
18592 926177
28784 927141
10178 928060
19267 929312
24000 930248
7765 931940
24717 932804
4986 934506
13966 934584
28053 937451
11974 939881
22558 940933
18662 944423
24100 947093
27700 947130
728 947968
27783 948389
7522 950656
16073 950669
7887 952787
11275 953718
25238 954962
2546 955406
26726 957232
28782 958937
8798 959055
20454 959183
19691 963408
28175 964876
11810 965206
194 965325
6746 965371
2173 965497
4446 966891
13732 967217
24741 969998
11051 970404
14049 970679
16246 970814
29044 972473
16759 973546
3434 973921
10396 974430
15450 975461
28329 977236
12105 978033
14178 978368
27006 978815
29476 979107
6206 980072
8146 981590
3937 981827
10262 982427
29278 989814
12076 990890
5197 997298
26630 998960
12602 1000417
27681 1001798
24910 1003246
9935 1003641
9431 1003956
27212 1004085
6574 1005168
6617 1005345
23747 1006513
6956 1007082
17881 1008809
24314 1011074
14331 1011085
7715 1011826
29709 1013160
7053 1014434
6137 1015500
29839 1015757
2432 1017439
27822 1017784
4338 1023661
22142 1024823
8610 1026198
15032 1029893
28881 1032612
14701 1033274
23484 1034214
269 1037898
4270 1038456
18635 1039694
26835 1040786
22025 1042502
24958 1042907
29551 1044605
5006 1044762
20615 1046562
13563 1048730
3628 1048748
23293 1050029
15931 1051388
17210 1051779
4574 1053028
4972 1053455
15370 1054379
19362 1056378
10228 1057858
6692 1059032
17040 1059236
3897 1059715
15407 1060797
11400 1060904
9180 1064911
786 1067912
24871 1067936
19229 1069027
28030 1078367
1876 1083309
1523 1083569
3254 1084349
9164 1087627
26874 1089300
16808 1089445
1391 1092783
8509 1092835
25891 1094046
13752 1100805
3282 1100808
1750 1101119
5044 1103764
21390 1106677
3656 1112143
29540 1113063
13611 1114245
24592 1117492
9269 1120642
22792 1124198
24293 1129144
347 1130440
29741 1131173
15232 1134505
1235 1136554
11034 1136632
15813 1137408
27737 1137753
11576 1139178
851 1139467
29561 1141815
7504 1142010
8949 1143774
11612 1145424
8422 1149801
11909 1151327
5900 1152810
6922 1156026
11497 1158522
12735 1158885
7498 1160051
17154 1163053
29037 1163377
8585 1164526
9754 1164660
27529 1164689
24381 1165852
27788 1167457
29861 1169493
14505 1171469
12309 1174126
12641 1176796
14492 1179132
20513 1180560
20150 1182040
3008 1184638
23089 1185447
26767 1185529
18807 1188164
22952 1189299
16378 1190746
5972 1191613
20787 1192346
593 1192791
22044 1193844
9322 1195302
14035 1195713
1811 1199439
3458 1200900
29848 1204488
14439 1204749
23560 1204972
17504 1205471
6289 1206353
1019 1207435
23167 1210540
15366 1211479
19688 1213603
7898 1213647
17373 1214811
10574 1219801
27710 1221259
8420 1221815
14835 1222971
21023 1223140
11326 1223785
23883 1224194
9153 1224998
26397 1225537
19392 1226023
28873 1227508
25767 1231708
16384 1232175
7646 1232415
23323 1232759
5245 1234614
1810 1235792
27432 1236067
22512 1238716
19550 1239764
18842 1240026
4642 1241221
2708 1243524
9802 1243589
25647 1245819
29560 1246297
10778 1250911
7500 1251439
12599 1252177
25329 1252860
18289 1253499
17960 1257367
20433 1257971
12904 1259635
7821 1260789
693 1261738
20013 1265217
18424 1265656
19202 1266254
21656 1266347
24425 1268301
14666 1268876
3346 1270815
10451 1272104
29147 1272565
18975 1273121
10431 1273576
14021 1274636
13619 1276131
2132 1277831
4227 1282130
4183 1283055
16591 1285790
11232 1286703
22826 1288680
9063 1291799
1752 1292383
18190 1295756
29688 1296064
13825 1299399
17554 1299566
22561 1299923
3190 1300420
26598 1302422
8139 1302986
25008 1303002
29098 1304423
9395 1305622
5801 1309097
1041 1314494
18753 1314768
10592 1314948
22532 1316482
6654 1316858
13849 1320755
14208 1321868
15340 1325649
28679 1325782
7803 1327949
8751 1328874
3267 1329216
4114 1331649
29610 1333306
14965 1333612
18500 1335116
29715 1338800
24238 1339327
6118 1339855
23119 1340848
5832 1341132
17704 1341501
13702 1341587
8403 1343252
8330 1344489
19467 1345367
5772 1346216
27648 1347716
7492 1348479
28465 1348773
27923 1349219
16696 1350911
18179 1352143
12771 1352939
26466 1353626
21234 1354239
23335 1358788
25908 1361248
16386 1361450
10667 1363786
8741 1365663
7000 1366940
20370 1367145
28283 1367427
11287 1368251
11707 1368263
9751 1368389
25600 1368622
15077 1370400
20244 1372708
7475 1373994
5543 1379132
14573 1380332
12352 1384749
16800 1386480
2900 1386813
26125 1387166
29391 1389654
25489 1389692
933 1389736
27012 1392895
7906 1394451
29897 1394493
6322 1400066
25288 1401349
4579 1401712
13028 1401870
24877 1403788
15412 1403975
13487 1405606
3721 1405929
21908 1406670
19633 1409879
25859 1415981
28366 1416068
28088 1416693
18627 1416978
15400 1417586
3686 1421728
18725 1421998
1219 1423018
19624 1424196
29615 1424335
5242 1425121
25528 1426965
23206 1427310
24530 1427974
315 1428628
15493 1429027
276 1435451
15739 1439304
2545 1439706
23104 1441696
22267 1442005
16253 1442119
14158 1443241
13220 1444348
6084 1445352
14708 1446132
9857 1446308
18588 1446483
20224 1449040
22524 1450992
4001 1452661
25511 1453358
4893 1453762
25277 1454333
17836 1454360
2523 1456820
5790 1456869
28029 1457891
8478 1461670
28594 1468118
28850 1468524
5267 1469669
6792 1472072
5497 1477257
5387 1478006
809 1478875
25196 1480100
16231 1480939
25587 1481037
9487 1484139
25807 1485156
2594 1487146
20683 1487672
2097 1490038
17463 1491256
21011 1491955
2237 1497289
24547 1498031
8559 1498399
23232 1502075
28479 1503660
27489 1503664
22804 1504503
26667 1505742
9110 1506000
28443 1506345
29819 1507230
9910 1510162
7356 1511354
25644 1513309
3616 1513758
6450 1514103
14063 1516257
27864 1518586
26043 1520427
29007 1520774
15131 1521860
6593 1522869
18966 1522945
18323 1523736
29248 1525224
6967 1525441
1096 1527842
23790 1528133
3127 1529384
13397 1529772
16585 1530546
12367 1534088
16547 1534948
13241 1534951
19113 1535989
1436 1544478
17088 1546507
23440 1547211
4295 1551041
1484 1554711
3208 1556297
27226 1563004
25826 1563250
22164 1563978
2036 1564898
4223 1566279
10976 1568143
14935 1568274
4781 1570388
1104 1570806
28506 1571009
20693 1571357
19150 1577865
11416 1578407
26166 1578748
11505 1580797
2828 1582462
28425 1582634
21593 1582948
20553 1583024
15920 1586827
19067 1587134
10173 1587835
27248 1587901
20731 1588170
9279 1588510
16208 1588555
18979 1590445
25230 1590813
7001 1591608
15901 1592812
23122 1595107
7908 1596464
11219 1596844
29739 1598055
1097 1603626
6456 1604076
20369 1604408
6182 1604485
27102 1605100
2473 1607545
14329 1607591
4688 1608368
6378 1610189
22915 1611459
8830 1617381
2768 1619507
23874 1620507
11421 1621284
15173 1622608
16752 1623138
21995 1623797
26379 1624025
27473 1627450
5070 1628202
12909 1638008
27543 1638720
20536 1641509
13098 1644467
16147 1645881
10191 1647921
12262 1653995
29958 1656496
3637 1656994
10371 1657632
28932 1658360
610 1658770
15236 1659914
21368 1662810
2774 1666373
4451 1667646
20306 1668575
15477 1670529
1736 1674107
8692 1674656
7511 1674860
9412 1676945
24930 1679026
12959 1679633
832 1679717
109 1683679
20122 1684021
17621 1684960
25195 1686446
18679 1695979
12523 1697311
7491 1697943
26760 1698138
28404 1702351
827 1704413
25542 1706873
20321 1707319
3609 1707878
24773 1710965
17730 1711007
4190 1711362
17980 1712113
19390 1713630
13386 1713632
25091 1714321
9051 1717753
13248 1718028
24845 1718961
22785 1719687
11721 1724062
26604 1724862
23489 1725774
27671 1730298
24273 1731234
1748 1731328
16633 1735646
20264 1735711
20738 1738582
9392 1741673
1122 1742162
10512 1744060
29458 1747121
13141 1749030
3080 1749621
15140 1751878
24743 1759000
27909 1759392
29344 1759656
9799 1759923
18415 1761749
8103 1764742
5202 1764801
7481 1768989
13217 1770313
13622 1771193
2127 1771698
23872 1773171
16655 1773718
19364 1774600
16534 1775986
29004 1776519
23096 1779291
10959 1779837
25764 1780874
28809 1783050
28169 1785125
25123 1787023
19567 1789638
15652 1791937
12238 1793937
21485 1794512
2481 1795070
16822 1798471
2758 1800061
17721 1800651
18030 1802129
22896 1803341
10917 1807717
8173 1808012
24780 1810948
15498 1812140
22095 1815788
20632 1816728
24967 1816786
27718 1817792
13743 1819340
20570 1822420
18100 1824265
26679 1825255
13689 1828545
6050 1828830
17245 1829577
14856 1835123
5831 1837070
20121 1838001
13746 1840607
29710 1841753
29981 1842461
3440 1843275
6031 1844059
16463 1846894
24180 1847769
154 1848563
7102 1849893
16847 1850422
2516 1851689
7988 1852494
7310 1853043
21607 1854545
22375 1856842
16592 1857451
27471 1858279
17446 1859633
12443 1862938
6427 1866297
1216 1866663
29163 1868424
12095 1869495
8925 1870059
29406 1872942
26497 1873580
14404 1875768
17495 1877164
10701 1879073
721 1881920
21170 1882779
3795 1883677
29590 1885371
29544 1887995
10225 1890756
6630 1894002
15363 1894101
28886 1897303
11602 1899159
18661 1900439
21252 1900528
15463 1902403
27480 1904620
28252 1904772
19216 1905052
9457 1905810
242 1905864
6253 1906200
3818 1906927
25851 1907114
5917 1908977
9996 1909768
15234 1910406
20871 1911103
13143 1912718
1373 1917818
10160 1922564
12811 1923307
7556 1924676
4406 1925192
15971 1926372
13666 1927403
26750 1927899
19965 1929082
17503 1932558
12818 1933520
29623 1935661
28346 1935830
6897 1936180
6212 1938600
27094 1940017
2504 1943354
20041 1950702
29314 1952358
19331 1954683
21923 1956579
27385 1956739
4158 1957369
2848 1958576
29881 1959765
24144 1959811
12937 1964788
27314 1967656
12404 1968942
11014 1969782
7842 1972059
20634 1977168
19055 1980446
528 1981204
20593 1982052
842 1984039
8736 1984605
19906 1987551
10529 1987692
24614 1987848
21233 1990962
20031 1991175
15832 1991264
17270 1996330
11491 1998159
18392 1999948
8554 2000503
134 2002889
21022 2003418
10168 2004012
17429 2004549
661 2005529
21620 2006464
13201 2006714
11481 2008646
13846 2008738
26003 2014038
5148 2014744
21192 2014939
5060 2020315
12173 2022822
20130 2024589
19523 2025288
9889 2028771
15334 2029258
18664 2029797
24842 2031445
4904 2032021
6477 2034343
27494 2036201
10314 2038808
24631 2039011
14645 2040370
13738 2047224
3416 2051668
27004 2052128
17832 2054699
754 2057619
10913 2058679
9416 2061168
22304 2062478
501 2063326
28245 2064002
715 2064195
16066 2069380
3626 2070267
8829 2070809
11411 2071911
26943 2072145
15213 2073787
5504 2073862
7894 2076400
8744 2077477
21574 2077930
24453 2079230
2259 2083051
2010 2083255
16494 2083896
4564 2085065
4711 2087315
8320 2088656
12080 2090679
28657 2092014
27968 2092372
22500 2092381
19104 2092696
13216 2092972
25949 2094980
10906 2095619
15546 2096053
7573 2097233
22869 2097922
3176 2099015
13436 2100052
19674 2101169
8464 2102507
14098 2107667
3519 2110096
8361 2110534
24801 2110737
27680 2111723
6096 2113090
15713 2115471
24611 2117187
27685 2118554
8651 2118942
19577 2124430
9715 2125303
4967 2125981
28574 2127436
8275 2129797
24680 2130132
1999 2131971
1244 2133185
21468 2133784
27729 2134213
16476 2135062
1624 2135705
10494 2137565
22694 2139639
23640 2142620
26972 2147019
17161 2148676
10753 2152215
14503 2153274
8171 2155312
11004 2156844
9031 2157143
5739 2158618
21107 2159998
7339 2160064
22586 2160666
6140 2161958
29604 2162014
11106 2162249
23233 2164228
1133 2166934
7011 2167712
19967 2169811
14342 2173206
22517 2173902
7980 2176215
6007 2179606
18228 2181032
6821 2183429
28306 2187643
19549 2190343
1012 2191265
19658 2191491
7393 2193679
19598 2193794
26567 2194266
25805 2195016
3869 2195564
12716 2196530
25473 2197611
14963 2198467
371 2199029
6008 2199702
18608 2200994
11317 2201744
25715 2202764
5663 2205379
10398 2205701
13784 2206105
9223 2208698
12875 2212887
29984 2220418
26911 2220991
6479 2222442
12005 2225135
19922 2225337
28913 2228673
13150 2229209
10012 2229714
25317 2231717
16685 2234818
20745 2239354
18710 2239453
4379 2240650
2607 2241341
22709 2244925
14790 2245961
21822 2246426
16080 2246832
24049 2248150
11642 2248631
24658 2250853
27252 2252027
1535 2253029
26405 2255543
19081 2255647
23223 2256101
14315 2257242
24387 2257591
27080 2258056
40 2259487
2296 2259822
29788 2263301
2959 2264879
644 2265283
24541 2266068
19341 2267951
11414 2267985
9760 2268992
14811 2270190
8206 2271204
13472 2273321
9186 2275506
27227 2275823
23630 2276972
18305 2278197
423 2279987
4746 2281140
6976 2283074
28616 2283151
18738 2285124
5012 2286718
12202 2287486
29091 2290382
26659 2290923
24874 2292866
29124 2295959
2692 2298945
7183 2302269
24171 2304609
12582 2308003
5196 2308102
23645 2309984
12519 2310063
5369 2311348
2515 2313148
25671 2313778
23676 2316566
12538 2321655
16133 2324953
9826 2325121
22600 2327758
4006 2329512
29536 2329599
27614 2330597
22172 2333738
14685 2334924
14379 2335425
24850 2335469
11938 2335734
5338 2337520
26809 2339571
19024 2342670
11542 2343752
21773 2350737
26713 2350953
5476 2356136
12759 2357164
5052 2358488
4840 2360829
406 2362270
11169 2362322
28178 2365301
17535 2366854
25772 2366905
7539 2367055
25510 2367066
24750 2369277
15823 2369283
17700 2369455
21643 2373369
29333 2373564
28785 2376156
11646 2376923
11388 2377271
28493 2378941
689 2383202
12607 2383780
28758 2385028
7211 2385921
20307 2386725
15308 2388770
15988 2391361
13790 2393779
29243 2394408
24282 2395197
16200 2395879
25513 2396457
17451 2401006
15246 2403148
26161 2403281
945 2403924
24715 2407678
7526 2408039
29642 2410227
7563 2415389
9510 2416285
12511 2417327
3431 2420539
15935 2421181
6710 2422026
7584 2422568
23091 2422644
19611 2423401
15076 2423805
2422 2424617
1337 2426449
4464 2428414
23266 2429519
11755 2430704
28231 2431581
13163 2431844
29697 2435242
8608 2436943
22357 2437690
2939 2438794
19303 2440980
20317 2443412
16453 2446723
4536 2446785
24270 2449049
124 2450689
27024 2451086
25081 2451957
18880 2453466
1548 2453589
26954 2454519
19841 2457564
23485 2459936
8227 2464436
13200 2465870
24762 2467620
1844 2469892
2867 2471737
26007 2472858
17011 2474719
25041 2475431
5821 2475553
23880 2476564
7133 2476664
123 2476828
15896 2477557
8494 2477566
18721 2479160
23860 2479484
13860 2480215
28137 2480615
22903 2480764
28333 2482063
23026 2483555
6529 2485316
26558 2486386
26678 2486925
5711 2487241
17302 2488609
5864 2489278
1723 2489866
4573 2490437
1866 2490634
22546 2491334
19047 2491439
14883 2491608
5856 2491898
28087 2491903
19676 2493859
28323 2494308
9138 2494516
2766 2494629
22008 2496799
12774 2496980
755 2500283
26371 2500341
4267 2500540
24757 2500931
13356 2503817
8215 2505517
7057 2507712
14340 2508623
17695 2508958
1347 2509172
29469 2510211
777 2510489
29959 2511450
9818 2512163
2584 2512256
1536 2513178
5101 2513535
29565 2516155
23112 2516530
15402 2517233
4255 2520084
5580 2520407
23325 2520666
2080 2524152
15778 2525468
23983 2527026
28957 2527893
3115 2528547
11801 2528694
7029 2531592
12645 2533004
29718 2533352
21263 2533820
12666 2534691
17257 2536489
5045 2537690
14548 2537895
28216 2539904
19914 2540142
29527 2541620
12505 2543195
5811 2543972
29889 2544801
12112 2544890
19602 2547066
17349 2550516
23172 2552129
28255 2553111
28999 2553334
19177 2553358
2794 2553591
6012 2557167
3153 2558040
4205 2560724
4302 2561589
28121 2562458
9979 2563023
15624 2564071
15632 2566411
7726 2566719
2205 2567517
17711 2567760
1364 2568005
15176 2569141
22582 2569241
11238 2569389
12263 2574098
13578 2575960
12391 2579256
8212 2584252
8068 2585756
16010 2587607
23664 2590673
15037 2591166
17282 2591784
21573 2592913
29797 2593389
22454 2594685
9384 2596732
25669 2597459
27564 2598521
8201 2603780
13592 2607175
25740 2608675
25128 2609792
5866 2610162
14258 2613174
2279 2614775
12556 2615005
4915 2615700
16909 2616164
14665 2616376
9264 2628163
19843 2628251
27962 2630032
21676 2631279
25495 2631282
17452 2631855
13986 2637483
2272 2638349
9657 2639767
13388 2643071
15406 2643290
7034 2645490
26012 2647177
5053 2651011
12402 2651456
29123 2653331
8758 2656741
26548 2657219
22577 2657253
7752 2659977
24543 2660114
22678 2660771
23535 2663238
17539 2663725
18144 2664694
10141 2666750
19528 2667027
3175 2669530
619 2670592
11633 2673194
27750 2674843
25822 2674887
13389 2681559
18762 2682187
15536 2683410
22856 2685795
25761 2688945
5035 2693848
21847 2694480
632 2699179
6541 2706758
16974 2707049
9636 2708986
9966 2709550
2935 2712787
11088 2712916
4288 2714560
7484 2715108
28334 2715760
25360 2719230
20815 2719699
8731 2722236
23876 2723616
28617 2726943
5824 2726970
29103 2728367
17555 2733615
13713 2735412
47 2735450
22467 2737255
18594 2738103
2264 2738916
18040 2739921
27324 2740530
2873 2743162
8093 2743851
17884 2746981
21851 2747185
8847 2749822
21885 2754577
5691 2755616
14614 2757175
25200 2757191
7271 2757290
5007 2763899
1195 2764696
18058 2765936
16081 2766634
8398 2766892
18657 2768263
14878 2769859
17911 2769922
29888 2774787
28111 2774888
24839 2776798
16958 2778205
24379 2778926
3892 2779580
15328 2783860
23036 2784264
10691 2786892
6192 2787255
9059 2787590
14917 2787965
21287 2789445
27112 2790082
18047 2794422
5222 2794496
29614 2796097
26658 2796538
8507 2796886
4280 2799517
14387 2801734
22122 2802081
9847 2802143
10758 2802885
13896 2806705
20976 2807613
28008 2808634
29018 2808727
17127 2812244
2902 2812785
26758 2813465
25843 2814728
23051 2817055
25863 2820195
19121 2820308
17062 2821258
11012 2822023
9808 2825257
14363 2825881
3427 2827856
11670 2829209
24413 2829846
24505 2832154
14506 2833209
19859 2836402
2320 2837095
6098 2839327
8251 2840293
24907 2850681
28548 2851473
12768 2852947
3297 2853746
23002 2853810
14874 2854842
29945 2857151
15210 2857779
9629 2859368
7423 2862089
16736 2863701
25846 2864470
7190 2867084
6889 2867483
9950 2870402
7690 2870501
5026 2870603
19020 2871353
7336 2873083
14749 2875820
1889 2883232
9361 2885774
22513 2887150
9192 2887353
13725 2887604
3255 2888296
29948 2890482
29500 2891807
13636 2894764
4561 2895107
25018 2897367
8451 2897511
3963 2900275
11119 2903367
1289 2905193
3618 2905345
26016 2906014
13489 2908556
5397 2909154
26785 2911355
19635 2911722
28352 2912783
24525 2912984
16312 2914261
9299 2915365
16388 2915674
25952 2917772
6944 2918432
13804 2921347
13870 2923060
6848 2924194
3246 2926159
28959 2926336
25346 2929320
18191 2929832
1638 2931049
3769 2931163
24921 2935527
21684 2935837
22363 2937100
23854 2938968
18465 2940054
1788 2940957
791 2942430
104 2942603
955 2943080
29482 2943345
27463 2945010
26146 2947563
28634 2949264
3729 2950754
8485 2952310
17038 2953613
17609 2954051
11828 2955575
26875 2956745
18069 2959274
12840 2959895
296 2960142
23900 2961805
16430 2962785
1765 2963315
17331 2964919
20216 2965108
9626 2968648
5362 2968860
25121 2971756
25343 2972190
10793 2973364
3854 2976598
16057 2976923
16819 2977500
20254 2979339
4715 2980852
8891 2985873
25431 2988343
2819 2989630
3079 2990299
27120 2992636
9207 2994571
19524 2996622
11910 2998389
2077 2999205
4774 2999919
5316 3005256
4382 3005704
26140 3008178
11363 3008467
27053 3014736
10075 3017567
9321 3021294
4024 3021975
7251 3022394
21771 3023191
7916 3025273
13536 3026076
769 3028910
5474 3031116
10865 3031402
8335 3031808
9645 3032129
5509 3032467
26034 3034000
14333 3035041
14001 3035219
22560 3035294
12629 3035994
3180 3036089
13212 3040631
27155 3040983
27813 3041910
5117 3044048
15420 3044323
12992 3050009
19708 3051790
19388 3052000
13935 3053631
22029 3055523
8612 3058742
19306 3060568
17755 3060602
17616 3060809
14702 3060845
20988 3062665
28989 3063542
5799 3064477
3256 3065912
8850 3068600
6812 3068862
21823 3069836
19826 3070107
7238 3071895
6177 3071909
14227 3075223
6830 3076177
6863 3077204
16298 3077862
16959 3079070
9781 3079685
22287 3083734
29219 3085491
12198 3085746
16411 3088712
26601 3091004
1278 3091287
4067 3093198
1293 3094706
3454 3099691
23343 3106718
20489 3107453
8080 3107817
2305 3108649
22113 3110174
25241 3111551
21102 3113601
27753 3119304
28377 3120142
29434 3123172
345 3123425
2373 3123492
6134 3123576
7867 3124474
21797 3125164
22829 3128144
11768 3129710
21837 3130340
11149 3130493
3441 3133425
22419 3133863
23727 3134226
28484 3135094
7592 3135644
25969 3136050
5337 3137197
10076 3137220
24114 3143984
18444 3144542
8619 3147444
2983 3152295
5980 3158188
13036 3158486
17275 3158793
21784 3160341
254 3161862
9398 3161957
15830 3162002
3545 3162038
2612 3162218
13847 3162471
25276 3164252
11995 3168194
19634 3169970
2307 3170687
4769 3171605
12917 3174834
954 3176432
5105 3178171
6894 3178994
2468 3180189
7176 3180866
20360 3185253
9170 3185364
16022 3185868
28437 3190508
10402 3191128
20215 3192573
12039 3193594
10105 3193595
14517 3195236
16862 3195989
12073 3196767
228 3197704
28674 3199579
13206 3199648
18111 3200286
15180 3208158
26479 3208875
6946 3208991
26778 3210461
6191 3211432
21196 3212337
19733 3213373
22589 3216219
11830 3218385
23139 3219343
13605 3221265
25155 3222112
4020 3223800
18123 3226053
28086 3227920
23483 3228267
8670 3230941
5986 3231842
4261 3233086
28450 3235475
17155 3237299
10030 3241242
15508 3247120
29529 3247160
11662 3247197
16123 3252320
4222 3252999
6070 3255006
11336 3256522
12280 3261806
14980 3263504
7901 3264985
25523 3266461
13177 3267805
27036 3268342
6157 3272557
28440 3272720
21292 3273411
24126 3273787
21249 3275244
23200 3275287
11346 3276053
27980 3276746
895 3277759
11364 3277986
8790 3278767
10372 3278781
8089 3278912
15145 3278996
14755 3279573
25382 3279843
14314 3280798
4171 3284225
21430 3286063
19220 3287969
10010 3288751
27455 3292659
1885 3295846
14065 3297275
3712 3301000
24001 3306898
3091 3307978
4770 3308095
10677 3310323
17339 3310690
23252 3310970
29460 3316646
5965 3316759
22216 3317778
1212 3323215
4367 3324508
16708 3325842
16631 3327386
25589 3327886
13949 3328177
29139 3328384
7642 3328674
18983 3330773
18317 3331110
12431 3331785
22817 3332353
6444 3332627
18377 3332811
20712 3333188
7514 3334136
25821 3336163
10277 3338380
11300 3338601
15540 3340817
2345 3342645
18384 3344593
19464 3346008
28712 3346304
9952 3346535
12608 3347364
17311 3350889
21732 3351007
28755 3351606
14087 3352831
25811 3355068
12250 3355150
19293 3355917
10514 3358719
5327 3359041
28058 3359726
23851 3362273
19501 3364875
5010 3365173
21407 3368570
28547 3369227
27840 3371783
14299 3373836
1129 3374536
22381 3376089
26512 3377074
27824 3378565
14127 3381701
11814 3383689
24513 3384148
6467 3386488
26516 3387663
26977 3389454
18724 3391704
25247 3392074
17090 3392802
25476 3393273
17188 3394524
14588 3394769
5092 3395240
17286 3396845
23356 3398362
14461 3399866
10920 3401839
29184 3405016
569 3405622
24825 3406701
27408 3410504
439 3413218
25548 3414517
19353 3415743
15468 3416653
16519 3417854
4998 3417984
29373 3418579
21175 3420906
27191 3421240
26332 3422003
4537 3423153
4924 3423390
18796 3424249
11964 3424433
6735 3425833
10331 3426421
8775 3426574
18519 3427169
20330 3427745
3676 3428048
12145 3430289
18885 3430672
21391 3431340
20647 3436668
151 3436984
12973 3437477
6071 3437864
6103 3438932
24960 3440353
11417 3441040
12364 3442390
7802 3443742
16177 3446863
16882 3446901
25918 3448541
24432 3448879
11180 3452860
29247 3453149
13978 3455464
21501 3456182
21453 3458326
8837 3458497
29474 3459696
12123 3459825
21143 3464412
10498 3470216
20556 3470754
4340 3472589
27552 3474041
12134 3475156
9864 3476496
25335 3480074
22456 3480738
11874 3481506
22435 3481952
16205 3489406
29712 3489459
5086 3491520
3508 3496790
14408 3497553
8546 3498798
9305 3499748
16371 3499853
25159 3500125
10209 3501780
5134 3502422
11197 3502911
29912 3504632
22993 3504944
11107 3507087
17546 3508101
6578 3508432
20368 3509695
8800 3510178
7400 3510481
28685 3510761
4753 3512012
28958 3516444
4856 3517948
17016 3518808
17981 3522234
12162 3522595
2820 3523208
15487 3524090
8263 3524107
14482 3524634
14680 3534614
24332 3538019
16354 3540935
7869 3541923
4404 3542968
28995 3543410
20990 3545235
13585 3546458
23128 3547782
5421 3547962
12293 3548144
21367 3548641
3231 3549562
27885 3550476
8667 3551178
5698 3554456
3281 3555067
6391 3555367
4552 3555488
27786 3558253
24179 3558773
6896 3559216
14150 3569567
15224 3571267
2327 3571526
15625 3573089
9567 3573386
27843 3577266
11204 3578307
27731 3587255
9532 3587904
6778 3588632
12066 3588901
6878 3591430
11152 3593654
7132 3594293
2351 3594354
21806 3594534
17437 3596422
24577 3598261
9496 3600482
22840 3603427
10164 3604850
13773 3608433
27407 3608757
5185 3609791
20174 3613369
1067 3616963
28686 3617515
23579 3617932
21942 3621427
2061 3622364
16945 3625847
26931 3627644
16954 3629876
26408 3633002
6158 3635989
13633 3637398
18972 3639709
19703 3640015
21839 3640664
2151 3643317
26071 3645996
8998 3646265
14559 3647277
18409 3647316
7599 3649982
7960 3651469
11608 3652066
20430 3652493
21659 3653850
6550 3655841
14900 3657127
17880 3657985
10124 3658615
12363 3659784
13207 3662898
12816 3665945
18186 3669098
26590 3669411
9162 3669849
7337 3670622
15994 3671121
10401 3672224
13808 3673073
15950 3673727
28406 3674647
12354 3675183
22015 3676310
25435 3677615
15348 3677689
18474 3678033
18642 3679989
20022 3680107
26697 3680360
15341 3681510
4131 3681634
18939 3686403
17686 3687131
4417 3688193
8456 3689896
20949 3690696
1985 3693988
16797 3694357
13020 3697169
19419 3698637
14263 3698717
1257 3700083
21111 3701945
15287 3702070
15040 3705186
25789 3705532
27911 3710260
5124 3710358
17227 3711277
20986 3711423
23754 3715374
148 3719179
6398 3721100
17379 3722160
9379 3722653
4870 3722733
23075 3723468
9833 3723667
11175 3723785
19380 3724059
5526 3724335
16966 3726990
28170 3727005
29408 3727409
29336 3728209
19659 3728360
20193 3729987
5620 3730116
2507 3731695
19250 3733615
2553 3734004
14927 3735786
15733 3740599
13056 3742975
22548 3745442
3035 3745829
26739 3747392
29686 3747894
13010 3748527
2940 3749483
6491 3751152
29435 3752815
8220 3754580
29519 3758680
5640 3762238
25546 3762929
6147 3765894
29832 3771332
18625 3772403
20310 3776980
24019 3778344
25624 3779183
7424 3780263
11229 3784412
18998 3784742
19326 3785086
6782 3785311
3207 3787019
8841 3790045
21957 3791458
10036 3792136
2128 3793905
11901 3794174
15810 3794704
20885 3797407
3368 3798980
26625 3800651
26738 3801415
27440 3803714
21103 3807039
7450 3807489
15587 3807692
1020 3808683
9622 3810048
2919 3812086
1996 3812317
27795 3812397
5779 3813054
12182 3818225
6493 3818910
24763 3818963
4612 3820946
5904 3821229
15146 3821642
25680 3822729
21746 3822736
8910 3823596
11199 3825646
28491 3826152
22984 3826261
10643 3827324
18316 3828801
27585 3829915
21347 3832319
557 3834264
7907 3834791
11312 3835725
18789 3844336
21353 3844884
7591 3848503
24943 3852545
14768 3855681
15936 3856159
13404 3857493
13669 3858533
24873 3859162
16372 3859642
2040 3863116
16634 3864605
26306 3864949
2604 3865266
11230 3866154
10070 3866989
20375 3869668
24190 3871341
24711 3872080
22670 3875481
24646 3879498
3155 3880227
9141 3880668
9820 3886759
11009 3887789
15435 3890313
2158 3891050
20884 3894505
15347 3897388
19571 3897738
29249 3898117
6033 3901091
1003 3905155
25225 3906058
15367 3907035
5685 3907157
18284 3907501
29802 3908224
14361 3911483
25847 3913986
1963 3914536
22494 3916182
17910 3916404
24864 3920254
8085 3921080
28776 3923263
8180 3923411
27488 3926731
12563 3928695
20232 3929544
7077 3930446
12295 3931845
68 3934208
29571 3936145
22383 3939057
2734 3940217
14688 3941585
25844 3951663
382 3952279
20057 3952968
24383 3954383
17845 3954561
23169 3957845
29319 3958841
7727 3959084
9794 3959462
16806 3962193
2389 3964526
3274 3964853
15741 3967997
10638 3968131
6018 3969308
22949 3970191
12055 3971144
15029 3971325
23526 3974928
1944 3976534
28920 3976719
18768 3977240
26160 3980507
6240 3981292
25283 3986899
28120 3986941
22053 3988528
26399 3990257
26993 3990543
6346 3991090
24014 3992133
7330 3992380
3913 3993004
11784 3993068
14942 3993316
8750 3994906
24016 3995178
24512 3995285
23245 3997223
9225 3997695
8905 4000211
24988 4000352
7858 4003622
12662 4004955
14122 4007662
26910 4009828
9197 4010337
3023 4010461
24747 4010703
27964 4013498
12266 4014123
11684 4017345
13496 4020087
1724 4022725
19718 4024533
4250 4026290
6643 4026575
8476 4029033
27023 4031969
8963 4033640
17795 4034711
7446 4035553
23759 4035909
25852 4037662
27595 4038611
12289 4038915
9726 4039079
19923 4039453
26735 4042968
4801 4045452
16705 4049819
17493 4053181
6774 4054304
20293 4055868
10375 4056851
23686 4057686
3521 4058269
8833 4058968
9916 4060388
19847 4063453
18758 4065472
12560 4067455
8110 4068845
14940 4069082
6649 4072126
28954 4074031
5598 4076632
23030 4078102
418 4084638
24375 4085019
15912 4085644
26437 4086387
22608 4088292
22510 4089002
12889 4092593
13807 4092926
1399 4093627
12984 4093656
10293 4095608
26216 4099467
3727 4099491
8940 4100093
18911 4100769
21506 4101201
27076 4103473
24797 4106092
14167 4108871
8082 4112118
2326 4115367
18470 4121139
15780 4121491
10780 4121511
4872 4124731
18159 4126478
29644 4126670
22770 4128202
24417 4128624
10003 4129470
3516 4130847
19218 4131305
15419 4132658
3502 4132896
23702 4133646
10316 4134478
24225 4135665
17560 4138555
28924 4140813
15650 4146913
10648 4147479
23236 4149025
12894 4149271
25655 4149576
10562 4149789
19007 4153250
2592 4154803
27797 4155179
22819 4160182
9030 4162595
1612 4163611
12013 4165892
13253 4166019
4730 4166323
15943 4166759
21685 4168878
26925 4170706
20780 4173896
218 4174185
28903 4175564
3972 4176970
28018 4180055
26185 4180354
26505 4180409
18511 4181172
1757 4182688
12294 4184470
27284 4185297
12133 4185962
16656 4188007
26031 4188060
4800 4188650
584 4189673
26359 4190101
6062 4192000
20769 4192131
20617 4196230
21061 4198401
17424 4198567
4292 4201531
18740 4205133
15754 4205221
29755 4205920
3547 4206075
26682 4209535
17780 4211636
3489 4214489
14997 4214841
28535 4215690
10194 4217710
24991 4220129
15665 4220659
29526 4221568
26979 4222154
16895 4223513
19736 4223974
13599 4224432
12027 4225254
10476 4228029
7257 4228509
21751 4230211
2626 4232837
28713 4233052
9373 4235314
6642 4236206
25259 4240036
29812 4241803
21546 4245193
7577 4245231
25762 4246227
28795 4247238
9971 4247698
12710 4248629
17293 4249003
19003 4249708
23823 4250990
4047 4251378
8861 4251743
11695 4253467
12769 4254340
16339 4256626
14793 4257039
12600 4257090
3673 4258592
13678 4261468
20255 4261999
1449 4262864
20882 4267917
11294 4269710
27103 4270356
14382 4274000
9991 4282364
19505 4286115
24963 4286902
20125 4288520
6443 4288704
22486 4289222
25667 4294050
28701 4294231
28048 4295156
2701 4295252
12158 4298467
19745 4299781
20654 4299991
14600 4303043
15177 4304849
14202 4305661
3670 4308288
4577 4320289
18320 4321524
1229 4322560
12428 4324543
18742 4326491
26998 4333068
24663 4334390
6090 4336825
22676 4337226
13681 4340963
25832 4345698
9825 4347919
15394 4348266
20259 4348463
11574 4351462
24835 4352020
3083 4357290
27253 4358357
23696 4358838
5093 4361339
140 4362222
19431 4362528
14695 4362605
5406 4362879
1274 4363324
19014 4366884
6722 4369434
10165 4370728
14668 4370865
21376 4371979
29735 4373784
4708 4376480
429 4378145
15138 4382434
8747 4382569
19025 4383511
15289 4383903
12797 4385552
2013 4386588
5705 4390196
29470 4391577
12881 4391842
13826 4393110
27329 4394825
7304 4395597
8240 4396831
12923 4396946
24676 4399564
9474 4400462
25001 4407265
28512 4408446
22307 4409534
29100 4409609
17150 4414934
10794 4415446
9200 4416951
4022 4422375
14445 4426925
26302 4429694
24735 4431464
18230 4432320
9775 4434056
12649 4435117
14636 4435385
23214 4438241
25054 4439415
14700 4439704
25043 4440743
15204 4443893
26210 4446297
23004 4446518
9123 4446977
22209 4448572
24955 4451042
18050 4451205
25522 4451434
27607 4453966
17213 4454340
1128 4455763
6736 4457483
17651 4459187
13612 4459977
9070 4460192
17440 4460347
16327 4460503
16261 4460900
2773 4462256
8543 4462861
27617 4465251
20025 4466902
7733 4467174
1600 4469800
10990 4469938
24105 4470573
1440 4471905
6522 4472089
15353 4472646
24063 4472944
22410 4475382
13499 4476634
27026 4477442
3669 4479632
4999 4481751
16964 4482885
14889 4483001
1432 4483672
448 4484745
4421 4486858
2634 4489098
20680 4489325
8889 4489697
16276 4492583
27321 4492921
18566 4495409
5753 4496786
23125 4498698
1820 4499738
11021 4500680
15025 4500951
15233 4503371
17106 4507683
24507 4507892
8502 4508891
24865 4510681
15907 4511486
24013 4513872
15949 4514813
21272 4515418
22378 4516539
15351 4520790
1227 4524933
23452 4527216
20364 4527391
19437 4530540
326 4532817
2390 4533549
6602 4533604
27272 4539038
21058 4539808
14859 4546979
13067 4548641
5579 4548923
8574 4548931
10133 4549411
26214 4555339
11090 4555754
9543 4556557
14890 4557792
270 4560801
4093 4561229
12682 4561470
21299 4562340
27506 4565038
178 4567759
16867 4569362
23154 4570985
12990 4572314
7963 4580029
19355 4581811
16269 4588622
28109 4590001
18867 4591258
21931 4596747
16181 4597590
8003 4597660
12441 4597825
23782 4598005
24410 4598603
14416 4599865
15130 4600039
24708 4600161
26716 4600444
14586 4602249
13842 4603054
13772 4604912
8551 4604992
13570 4605299
7626 4614743
18556 4615415
2209 4616129
13802 4616428
5601 4616826
16829 4618869
16721 4620409
6882 4620816
4262 4621781
14850 4622042
20590 4622639
14235 4626725
740 4627940
14616 4628580
12129 4628706
4248 4629360
8185 4631647
2109 4632296
9278 4632885
5499 4634472
10821 4634928
359 4635116
15121 4637327
1734 4637679
26912 4639501
25726 4640431
17838 4641271
4008 4644044
23615 4645208
9951 4645372
199 4646715
15087 4648158
2023 4648376
10861 4650982
24040 4652110
11413 4652406
16504 4652599
25987 4654082
17822 4655002
5933 4656539
14891 4659088
365 4659127
29439 4663889
26858 4664845
14311 4667949
21251 4668867
7852 4669537
18686 4669809
24736 4679917
29498 4681608
849 4688840
1475 4689116
20578 4689766
18499 4692710
15807 4694194
14338 4695501
28441 4696092
26951 4698983
1341 4700491
2991 4704786
5984 4705159
27593 4710537
18213 4710858
27952 4711010
11638 4711642
4941 4713419
28152 4718610
8567 4718656
10463 4719003
9238 4721388
2582 4721679
8031 4726171
11064 4728706
25941 4730090
11857 4731542
13758 4733431
25313 4737450
6969 4738640
25583 4739352
9268 4740856
25899 4741154
19122 4743114
26443 4743282
19276 4746277
1986 4746815
2859 4747278
21770 4750788
588 4750988
19071 4751554
1036 4752543
16201 4752646
10838 4760551
25472 4763626
28059 4767272
13329 4767316
15277 4767659
23132 4768735
11979 4770709
1632 4771108
20047 4776700
12272 4778216
23941 4779226
23743 4781325
3711 4782335
28846 4785246
333 4785281
17071 4787640
11048 4790638
27138 4791280
10905 4791897
13139 4793610
23891 4798049
26419 4801973
5840 4805411
7501 4806475
22816 4807279
14231 4807999
23715 4810649
17587 4814138
18221 4818013
15602 4818899
24074 4819277
5386 4819552
27586 4820598
23418 4822717
23538 4823873
16635 4827488
5949 4827773
12094 4828413
13377 4828554
20850 4831946
27400 4833221
1383 4833700
10414 4835897
12320 4839945
4795 4841279
10785 4843649
4113 4845385
23297 4845427
23741 4845836
13120 4847633
24462 4848301
592 4851413
18506 4852605
5733 4853075
2979 4856014
18851 4858470
17793 4860625
14773 4861826
18846 4862619
10819 4866232
6156 4867980
3241 4869844
6488 4870428
6591 4870566
29214 4870711
24673 4872675
17887 4875389
21478 4876361
6711 4878616
20914 4878699
6044 4880270
10024 4881525
10941 4881712
25120 4882956
27969 4883124
9771 4883777
27134 4883967
2290 4887111
23956 4888871
19529 4890858
9755 4891564
15653 4895193
26349 4896849
15365 4899446
888 4901288
10503 4902648
6113 4902792
10432 4904279
11102 4906622
19955 4908918
28998 4909846
10874 4910616
7540 4911333
16691 4912712
16744 4913319
27624 4913845
28025 4914028
6619 4914362
12627 4922010
7126 4922117
20210 4922499
3128 4927184
1249 4927618
23804 4928733
16617 4930806
20897 4932546
23668 4932884
27502 4933109
29415 4933839
10148 4937162
22830 4937899
20902 4940660
8697 4941613
1761 4943082
29780 4943706
5481 4943899
6237 4945740
6991 4947441
2835 4947541
21477 4947655
26901 4948345
9527 4949707
29068 4949871
12834 4951083
17993 4951835
20713 4956476
435 4957304
11871 4959522
22379 4960503
19957 4961846
7883 4961973
11594 4963410
3774 4963908
11272 4964555
1143 4964610
19410 4968465
25231 4968769
6699 4969351
16770 4969938
3692 4971299
582 4971612
15307 4972736
17253 4973949
20932 4975088
2118 4978140
12483 4978578
2574 4981820
14951 4984214
5798 4984264
7290 4985087
19831 4987119
7529 4988020
5138 4989915
990 4990972
13823 4995252
3126 4996124
4097 4997540
10002 4998282
2947 4999247
27246 5005194
19996 5006943
29625 5009387
15915 5009711
3369 5011391
14124 5013000
15315 5014064
29481 5015032
19709 5016003
27453 5019033
225 5019610
2065 5019874
25712 5023263
21457 5025295
21470 5025488
23921 5025930
18719 5027930
29896 5029705
5541 5029740
24230 5029753
6218 5030335
21269 5032887
7598 5033969
5735 5036348
5419 5036685
10064 5037820
27239 5039233
16811 5039450
7816 5040741
29307 5042061
8965 5044109
29178 5047941
5979 5048776
18874 5049446
15249 5049669
16233 5050315
7298 5052082
14567 5052408
13552 5059605
12888 5060983
21882 5062065
16616 5062251
3457 5065898
17891 5079084
19796 5080927
5319 5086006
14120 5086880
1817 5088645
27479 5089623
7777 5091659
21633 5093247
12907 5093964
28015 5094241
25840 5096544
12827 5096604
587 5105792
7772 5105861
8294 5107354
23070 5113678
25954 5114448
2722 5117504
44 5118666
9330 5120952
6127 5125810
14608 5126064
9202 5127948
260 5127964
13947 5131166
16799 5131287
15041 5132538
22656 5133003
25151 5135426
14583 5136495
6188 5137727
10363 5139370
27793 5140957
19169 5145934
330 5148133
352 5150381
15946 5151069
17074 5151682
25322 5152800
7434 5154043
14360 5155308
7074 5155725
7113 5155810
19989 5156577
2737 5156847
12382 5157830
24925 5160011
9531 5164700
21447 5165728
26843 5166934
8602 5170009
18075 5170282
1997 5170390
25130 5172752
17682 5173289
15964 5173474
19939 5173985
17250 5174617
6816 5177705
22459 5178166
18612 5178467
26261 5178678
20324 5180311
8516 5183024
2330 5184242
25563 5184773
23379 5184889
12126 5187128
28557 5190231
20419 5190498
1403 5190647
23273 5190650
26356 5191569
23443 5192228
14221 5194073
14121 5194261
2336 5204317
23665 5210924
4462 5213998
8259 5216749
16074 5216784
27712 5217932
20869 5219452
27255 5219690
8808 5221008
16582 5221912
6861 5222816
26791 5229113
22252 5229429
23605 5235769
11960 5235785
29186 5237385
26061 5238431
8299 6295144
12773 6296312
22962 6296849
15318 6299112
12925 6300183
23497 6301968
2201 6303767
16838 6305742
16750 6310176
1418 6311418
11302 6311900
4765 6312622
23796 6312635
27570 6313608
5459 6314236
4528 6315316
23799 6318077
23239 6319435
4832 6319519
12301 6319624
2512 6319984
14006 6322983
4716 6325406
2328 6326134
13692 6327579
18752 6331689
8991 6332031
665 6333481
27520 6334330
12954 6336015
24312 6340210
19591 6342130
8923 6342465
13610 6345113
458 6346486
29181 6352523
27789 6357542
11545 6357758
18431 6358223
2916 6358445
16666 6359336
23731 6360600
17666 6363014
671 6363514
21911 6364370
8312 6364531
15382 6365389
19073 6366672
3703 6367711
4666 6368957
17083 6369703
27174 6370873
9348 6372263
4300 6372464
25654 6372775
17045 6373184
356 6376871
16374 6376916
4026 6379276
9735 6380938
24236 6382829
17774 6383105
19827 6383641
22324 6387171
1797 6387781
7108 6389904
12555 6390408
2978 6391622
12221 6392181
2485 6394240
11504 6394762
29288 6401726
12283 6402363
26329 6404708
23034 6407078
9424 6409781
21813 6412551
19962 6413181
5712 6415227
3611 6417905
29052 6418163
11607 6418707
25668 6420653
6097 6421805
6431 6422455
17026 6426490
7834 6428250
2624 6428547
17712 6430685
24035 6431760
1911 6432635
18402 6432902
11141 6433097
20627 6434040
1283 6435374
11672 6437686
21592 6438742
13314 6438800
23779 6439888
25955 6442571
28597 6443195
24109 6443418
25515 6445023
12164 6445837
22123 6447509
5945 6447772
4524 6448409
22606 6448541
26720 6449005
5388 6452838
12175 6454617
324 6455319
6445 6456221
3605 6457607
5008 6458070
9963 6461247
26704 6461997
16929 6463641
19059 6469547
8378 6473191
2433 6473511
11384 6473769
20862 6476134
16809 6482712
10853 6482716
21567 6485675
18695 6485684
6296 6486912
18319 6487518
29466 6488794
4557 6489054
29675 6490420
23636 6491249
20628 6492379
23620 6494873
9166 6495800
749 6498394
21646 6502971
21647 6504398
13953 6506496
1650 6506867
14866 6507950
19422 6508262
1738 6509361
17285 6510077
3415 6510683
12086 6510712
16637 6511912
29607 6512752
17421 6516419
10666 6517987
13741 6518833
2691 6524242
6532 6525476
925 6527214
15599 6530327
7410 6534170
19491 6537269
13398 6537577
8277 6537581
21550 6538747
20538 6540583
15969 6541081
21614 6541581
5359 6542201
12131 6542201
13438 6544844
22278 6545553
28503 6547067
9805 6547092
884 6550749
29315 6551681
16763 6557085
10921 6560303
15470 6560423
6364 6561785
11829 6562998
21129 6565477
4917 6566901
14956 6568268
5738 6568980
22673 6569862
21762 6572466
5569 6572735
19374 6575044
28962 6575482
21662 6577608
29978 6579651
12837 6581740
12287 6582308
19448 6583956
6283 6584307
5660 6584894
23949 6587523
11524 6587995
6849 6588418
12861 6589020
17097 6590265
23432 6591135
19880 6594159
28296 6594754
8097 6598627
22076 6599944
3557 6601342
4721 6601518
26815 6606791
1747 6606897
12311 6606971
11025 6609462
11447 6611451
9934 6612546
28705 6613975
617 6615059
29833 6617338
12188 6617438
23862 6618185
2436 6619177
12121 6620954
15339 6621479
20331 6626119
5729 6626286
27419 6630853
24286 6635460
24477 6637470
10796 6638127
20297 6644507
2993 6644612
24406 6651942
3239 6652106
7791 6652556
24893 6653379
28004 6657559
27335 6659254
16611 6659299
13134 6659375
8838 6661217
13723 6662131
17158 6662994
19979 6665663
15966 6666859
26230 6668699
24813 6669232
17652 6670450
10367 6676536
5657 6677535
21993 6685030
8365 6685333
20687 6686256
21677 6687953
1815 6688243
27439 6689022
18167 6690981
11758 6691447
19842 6695776
27205 6697265
7469 6699761
25014 6699918
972 6700123
1047 6704911
4736 6705011
23532 6708202
17419 6708730
16950 6708868
16795 6709625
10234 6710750
17194 6713731
28893 6713991
14199 6714953
29635 6714958
3914 6715263
8241 6715547
15844 6715703
17268 6717809
22701 6717962
3109 6719093
83 6720625
17956 6721503
8581 6723964
27836 6728244
21014 6729201
7165 6730058
28375 6731070
12882 6732530
1867 6733446
930 6734109
8427 6734584
29222 6734730
25516 6735575
14265 6738014
22189 6738782
27167 6740159
17654 6741576
19534 6746643
23052 6749352
1248 6750402
7505 6751127
24134 6751543
2570 6753120
23643 6754630
24226 6757715
18797 6757918
11855 6758189
16925 6760009
24649 6762115
11799 6762650
16295 6762709
21799 6762784
9265 6762965
5396 6762983
509 6763323
10613 6763928
8442 6764861
6690 6767813
9942 6775090
22669 6778279
2252 6787180
355 6787440
2777 6789223
2325 6794546
19562 6795301
17057 6796091
21670 6796667
1005 6796993
13579 6798548
28842 6799178
16828 6808033
12765 6815979
15019 6818844
18304 6819263
12061 6819292
14530 6819331
10074 6820670
25413 6822655
792 6823908
9954 6824359
13463 6827317
18550 6834477
13262 6837897
7354 6842080
25916 6842135
11143 6842273
21514 6842587
28919 6843544
18247 6848838
2943 6851435
8950 6852061
6697 6852066
16224 6857575
14794 6857877
15642 6857916
90 6858466
3620 6859304
20451 6861176
18984 6861382
27073 6866432
8136 6866533
7276 6869290
19594 6870326
12183 6872076
14726 6872772
2172 6872779
6043 6875043
4436 6875274
9955 6875918
18922 6876199
173 6880048
2973 6880988
27259 6883120
27020 6884309
16575 6888046
14324 6888738
12248 6890530
15418 6897715
4393 6902267
2008 6902938
8547 6904643
3910 6905818
6163 6906619
24510 6906844
10749 6907450
22398 6908655
3873 6909169
25111 6909266
27456 6909990
24405 6911268
20842 6919868
25108 6920546
15143 6921813
3971 6923229
24087 6923464
28172 6923670
26417 6924024
24335 6925669
19350 6927061
14723 6930666
10723 6931141
7319 6932846
9188 6933480
4993 6933557
7977 6933937
13979 6939113
7048 6940186
7995 6941040
17304 6941175
4474 6941234
8261 6942303
25173 6945300
24784 6945837
4467 6948908
9594 6950472
23488 6951807
18866 6951883
9575 6953373
25356 6956134
8418 6966040
23912 6967448
22666 6970178
17114 6970204
22597 6970576
28812 6970657
12419 6971661
294 6974042
6352 6975955
2560 6982059
1987 6982940
22389 6984383
12032 6986043
13174 6987477
7681 6987724
7593 6988062
29632 6989006
23967 6991855
9738 6995444
2300 7002078
962 7005191
12583 7006854
22290 7012467
28568 7012945
2690 7015801
4334 7017235
29492 7017938
28883 7018990
4263 7021987
11008 7024002
18660 7024195
20146 7025167
23990 7026984
4783 7031433
27358 7035585
6924 7037389
3158 7037844
3868 7040376
28265 7040862
11359 7041168
3327 7041956
15521 7042487
25782 7044188
18650 7044494
17415 7045096
25362 7045330
11467 7045348
26946 7045358
1123 7045459
1803 7048331
3453 7049770
12020 7050403
24655 7055972
12359 7056249
27060 7057411
26165 7059343
28387 7059394
17091 7061163
9550 7061236
7258 7062014
23548 7062543
1782 7063967
29194 7064667
9890 7067213
9907 7068188
6669 7069197
2092 7070568
23943 7071445
8064 7071789
8222 7071980
28327 7072710
2146 7072740
18938 7074098
10172 7075533
20954 7077113
5720 7078563
26044 7081475
9165 7081678
13055 7082046
3293 7082826
18132 7085618
29084 7088446
23317 7092383
7169 7093322
29787 7098382
6662 7098732
4987 7098947
20347 7100352
28294 7101931
26017 7101977
25031 7102699
19663 7104536
17509 7104654
9127 7105147
10087 7105774
1617 7106263
23328 7106784
11338 7106987
7629 7108927
24527 7109990
23859 7112434
1042 7113101
25380 7114307
19738 7116058
14724 7116908
9623 7117269
29356 7118098
11685 7118590
20472 7125766
26530 7128064
4996 7129312
14281 7133115
5061 7134780
14105 7135211
1607 7135795
28833 7135865
23284 7137310
5465 7139113
1375 7139580
9778 7141116
12829 7141683
18819 7144801
1225 7145876
9809 7147896
27466 7152368
29762 7152877
18890 7154107
7946 7157781
29329 7160142
4897 7168092
5314 7168117
29934 7168433
3407 7177729
16030 7183590
25485 7183718
13173 7187766
16400 7191924
6376 7192036
19569 7193846
28834 7194236
13119 7194352
18761 7195158
2491 7195731
9593 7200902
4773 7203335
13580 7216481
19167 7218009
14181 7219494
4424 7219871
5749 7221708
23038 7222034
17660 7222055
25561 7224475
28349 7232537
28783 7235557
23254 7236089
23999 7236979
27265 7237276
18379 7241557
21336 7242419
23162 7243245
13562 7244790
4560 7245838
22200 7246170
3135 7249796
10330 7252728
14641 7254914
26051 7255841
940 7260946
1301 7261385
9770 7262612
5991 7262934
18136 7263495
18383 7266689
27027 7266961
5114 7267186
8789 7268607
5741 7269053
12053 7269241
5096 7270357
8997 7273074
14460 7274889
10732 7275993
15980 7277803
1818 7279209
21776 7281998
28355 7283193
6331 7287306
3318 7288793
8106 7289899
21009 7290475
20354 7291814
15115 7292484
2860 7293923
5383 7294372
3219 7300484
29313 7311344
916 7311490
2540 7311782
10442 7312176
17389 7312198
11675 7312583
13753 7312942
9016 7313229
11911 7318172
23286 7318896
5225 7319669
1260 7319697
13698 7321292
11196 7321554
24724 7324435
24265 7324706
15825 7324986
8821 7325296
15867 7326474
8087 7326534
9511 7334233
26336 7334511
2022 7335006
5232 8391161
3643 8391961
3728 8392947
15299 8393286
14177 8393950
15267 8396099
1318 8396204
19777 8396354
6609 8397386
4794 8397694
2352 8397963
22511 8398305
4184 8406572
6471 8408222
20832 8409660
10243 8410686
22270 8412156
16127 8415253
4402 8416357
26811 8416649
10128 8417023
11217 8418102
1863 8418192
64 8419514
18183 8419976
12950 8421414
1333 8423762
5464 8424962
25750 8425440
25689 8425962
20849 8426605
2360 8427175
15481 8427645
8181 8430632
19995 8431147
18799 8431235
5398 8435247
26154 8436642
16692 8437792
1668 8444009
9048 8444154
28696 8444341
11513 8445310
18330 8445886
27404 8447362
24503 8447395
15126 8449890
19902 8452446
11919 8452456
9312 8453797
640 8454886
28184 8456593
15802 8456940
2086 8459157
14191 8459799
26319 8460479
20581 8462013
3881 8463183
28336 8466170
10042 8467041
19439 8467076
3984 8468616
12510 8469699
949 8470387
14813 8474058
28481 8474879
14625 8476997
6685 8479048
25926 8481504
8946 8482251
11419 8483108
26707 8483146
2470 8484684
5913 8486301
24948 8487829
24243 8487968
22427 8488240
8483 8488684
8858 8489208
14982 8490755
12955 8491428
9399 8500235
20555 8500280
19920 8502478
21590 8503245
8467 8505640
15067 8506908
1828 8508024
16574 8510146
15256 8511383
3354 8513615
22174 8514077
6366 8516699
2989 8519314
17571 8520763
6435 8521090
937 8521901
2474 8523189
17488 8523883
29095 8524343
16973 8525700
9497 8527766
23644 8527947
18327 8530505
14278 8531306
24077 8532444
24 8532528
6317 8532657
26084 8532907
9997 8533888
21148 8534327
20412 8535464
22177 8535785
7502 8536207
20411 8538761
14509 8539076
4045 8540950
9480 8542640
2865 8543247
29345 8545943
12993 8546106
6629 8550331
3752 8554859
3949 8555069
11186 8555581
28930 8555582
3330 8556018
7530 8556947
530 8559634
10898 8560098
29176 8566112
15288 8566221
19211 8566923
7150 8567098
5573 8567131
4592 8568138
22391 8569220
19828 8569925
388 8570198
6618 8570766
23332 8570881
10437 8573011
16682 8580573
29504 8580809
14860 8581794
6328 8582877
17842 8584873
11109 8585334
22450 8586346
3840 8586680
2194 8587857
14568 8589892
14809 8590771
11953 8590856
20989 8591955
24364 8594693
20993 8595621
23660 8595646
12872 8596886
8836 8597116
20893 8598797
18154 8600590
13192 8601240
27709 8604123
21794 8607607
10531 8610528
29517 8620822
15220 8621344
3204 8623925
26001 8625756
26225 8627769
14936 8628873
30 8630153
14589 8630286
11913 8635743
8009 8636186
23677 8637974
21124 8640054
23299 8645039
13494 8647104
12451 8648879
22249 8649176
18956 8649504
5825 8650180
25700 8650575
18168 8651505
6259 8651617
22261 8652610
19883 8653587
1954 8653611
21645 8654427
2439 8655381
6636 8656095
4048 8656251
15174 8656957
7542 8658148
19942 8658946
17664 8660881
5883 8663663
24558 8664611
8901 8667304
2465 8669125
29926 8669562
21623 8673757
4217 8674100
7101 8676235
19974 8678741
28544 8681053
6765 8684153
23006 8687361
9546 8687791
2697 8688494
9767 8690326
1186 8698525
9835 8699276
3763 8699867
25876 8700765
5132 8702812
14437 8702822
26279 8704888
29467 8704989
27050 8707730
9298 8708774
7384 8708834
15808 8708890
26163 8710357
22515 8710910
5255 8711762
5952 8712358
13331 8713112
24498 8714749
960 8717073
2047 8718709
8161 8719102
18442 8719967
29320 8725251
26982 8727956
17187 8732665
8623 8732935
9366 8733924
7537 8739040
10333 8739354
14037 8739854
9566 8740429
23964 8741483
16706 8743696
23549 8743828
5644 8747386
3117 8748536
4396 8748742
28027 8748803
5352 8748806
12648 8752746
1081 8759297
7866 8759486
2155 8760090
21285 8763186
28513 8764505
24371 8766703
10711 8766807
18977 8767119
14604 8768312
6724 8768583
9448 8769313
8898 8770372
22204 8770883
13501 8774803
5046 8776036
23721 8776753
15303 8776867
2043 8780672
3307 8781333
25996 8783458
29885 8784405
5162 8784862
10589 8784883
7813 8785774
11463 8787843
21034 8788809
23719 8788917
28105 8790036
3072 8790380
20294 8790421
27860 8792748
1691 8793132
23179 8795348
12197 8795430
24581 8795505
28345 8797665
1835 8799306
27013 8804879
22944 8805142
26487 8810086
21956 8811624
2045 8812319
10403 8815148
6345 8817733
20526 8818812
2131 8819284
22050 8822327
26110 8822372
1090 8823473
21543 8825001
18124 8829013
26124 8829216
14247 8829878
24464 8831404
18244 8831455
5431 8832614
10617 8837201
10381 8838581
3549 8839836
21492 8840114
24792 8840934
19062 8841733
23287 8842609
12694 8846725
18727 8847641
731 8847646
11598 8850900
10083 8851391
26518 8851778
25506 8852146
11315 8856890
14182 8861624
616 8861775
18193 8863655
17659 8864455
17232 8864575
25177 8866234
11699 8868764
22074 8870226
16150 8870779
13718 8872426
21872 8872565
21758 8872796
12665 8873885
838 8873898
15063 8878016
18826 8879721
1552 8881619
14082 8882253
20105 8884074
10664 8884921
25397 8887657
16953 8888455
29455 8888529
23116 8889156
26933 8889393
7327 8891700
22906 8891714
28095 8891830
19547 8894084
9047 8894400
6810 8894732
7587 8898153
1725 8898161
4546 8900773
4445 8901404
6226 8902155
11955 8904039
13680 8907097
18539 8908329
14449 8911725
22423 8913595
27656 8916577
10896 8918489
26936 8918659
20955 8919448
4911 8919513
19587 8921188
147 8922026
29195 8922051
3039 8922065
1508 8923289
9923 8924161
13707 8924616
1700 8926848
7429 8927114
27508 8927877
28549 8928659
23895 8928806
27164 8928929
16431 8929813
3961 8931426
17181 8934015
17803 8935507
25086 8935566
14022 8936997
26089 8942772
8315 8943042
14849 8944188
9270 8945704
29593 8945950
23631 8947398
7956 8948357
9758 8949686
3400 8951971
20000 8953139
360 8953305
2372 8955351
13798 8956222
24317 8958533
9647 8963406
5816 8965063
29557 8965647
29418 8966754
7156 8967923
17169 8968829
6546 8969114
27533 8973833
16461 8974724
28014 8978531
29870 8980236
6498 8982869
12181 8983736
18618 8984715
27008 8987226
27056 8987277
700 8988733
20221 8989105
23596 8989932
19873 8990034
26645 8990096
20156 8990153
19966 8990478
26776 8992583
29230 8994656
28845 8994923
15694 8999962
6784 9000568
11304 9008373
15150 9008730
25801 9010553
1066 9010691
20968 9011402
11900 9013487
16204 9015949
16343 9017433
17259 9020364
1813 9021404
20060 9022474
9579 9023656
22616 9024114
23699 9027740
1981 9027879
5968 9028511
19155 9030711
18777 9031455
9929 9032702
18590 9033478
10975 9037661
16917 9039518
1912 9042252
25968 9045739
1127 9047293
3456 9050943
10792 9052722
17288 9053007
7468 9054744
29168 9055022
18035 9056200
18445 9056882
18369 9057053
1107 9057446
23131 9060225
8801 9061519
23076 9061885
2505 9061961
17115 9063841
8184 9066082
23352 9066621
26219 9067749
22093 9068299
26344 9069089
25698 9070263
10427 9070970
20201 9072478
15128 9074489
24233 9079141
4174 9079574
5277 9084349
5932 9084508
19358 9093263
398 9095103
1656 9097466
20863 9097790
11785 9100037
11653 9109840
3597 9111024
19041 9113779
21267 9119327
18580 9120310
19087 9120983
14188 9122975
630 9123180
20546 9123734
10846 9125342
5628 9126120
29613 9127406
15089 9127636
9086 9127852
4952 9128981
13595 9129357
4978 9129361
11255 9129884
11883 9130877
9340 9132069
18769 9132132
13073 9135173
9020 9137304
6015 9139763
10241 9142754
28672 9146460
17177 9147135
15616 9148352
9098 9175153
1614 9176212
18419 9176543
16709 9178662
28694 9178850
13012 9179546
24700 9181578
26504 9184690
6037 9187125
26260 9187165
12594 9187783
14104 9187870
22917 9189074
2295 9189649
13923 9194045
12350 9195684
15004 9199122
15656 9200279
12543 9201307
20074 9202085
19704 9202873
9118 9203786
18298 9203852
23263 9207758
20457 9208522
113 9208864
22912 9208953
28154 9210695
26880 9211252
8034 9211699
24528 9212877
13993 9213178
24297 9213425
23405 9213443
4644 9214150
5604 9214838
25207 9215290
2803 9217762
24586 9219533
14766 9221855
24560 9223730
19085 9224649
29357 9225169
18980 9226002
20288 9226170
54 9229711
2235 9229838
12252 9229986
19756 9230424
5312 9232196
22176 9233583
21774 9234215
28648 9234943
27286 9241049
19325 9241747
11136 9242216
17482 9242750
2452 9246849
27766 9247756
12000 9249006
27887 9250278
16165 9252153
29166 9254439
9154 9257596
9919 9258921
1030 9259485
4212 9260019
23704 9261260
5073 9263389
29341 9264490
10465 9266725
13919 9267434
19636 9268016
23307 9268207
12358 9269227
14160 9270263
21122 9270744
11404 9272496
15227 9272649
7236 9273217
5631 9273788
2333 9275737
17204 9276491
5091 9276711
28149 9277536
538 9282486
10199 9284152
19900 9284253
12156 9284580
28658 9286343
19783 9286355
7041 9289006
5852 9292145
14612 9293714
2357 9295212
1338 9297542
2787 9298307
19065 9298556
16853 9300973
26543 9302395
18808 9303104
13572 9304470
3889 9308697
27591 9309054
3861 9311528
15533 9312544
14069 9312767
17601 9314414
8198 9315357
2384 9316052
25093 9316152
13268 9316300
18798 9318209
19487 9319442
15647 9319879
21764 9320125
13514 9321271
13281 9321409
4017 9323233
1377 9323960
17998 9325401
15993 9326830
14005 9334274
3603 9334382
4943 9335013
13092 9335737
24972 9335801
27389 9340293
2999 9343821
13623 9346077
6122 9356223
25158 9362495
313 9373931
12236 9374207
8812 9374250
23434 9375138
3779 9376374
24899 9376595
17375 9376641
21238 9376914
17296 9379591
18865 9381742
3015 9382414
11020 9382991
1428 9383631
25153 9386562
1692 9391864
29694 9392808
7104 9392896
9571 9394128
6497 9394346
11502 9394409
2740 9398753
6691 9399405
12194 9401760
22848 9402001
11990 9404514
20742 9407853
13089 9409914
4324 9410586
21472 9425162
23564 9427096
1415 9427248
26310 9438006
18071 9438607
3724 9438804
5893 9439578
8846 9439803
8265 9443626
440 9444076
8045 9444363
27297 9445006
7891 9445024
4169 9445191
28496 9445440
6369 9447700
22295 9449848
13160 9450362
24552 9451117
19854 9451984
25985 9452446
8074 9453731
25154 9453743
19406 9454967
6907 9462972
4409 9463895
15026 9464759
19117 9466473
29374 9466941
12450 9467973
18927 9469367
26517 9471927
27634 9472696
2889 9474159
12971 9478485
9475 9479807
21317 9480028
26304 9482613
7068 9485832
3647 9487176
688 9487991
4004 9489674
29284 9489956
19656 9491648
9120 9495254
13559 9495516
20387 9496643
5591 9497212
12074 9500339
26642 9500851
22557 9501356
26350 9503754
7900 9504144
22386 9505253
7686 9506117
18538 9507032
14693 9508711
24357 9509889
27121 9510127
14910 9511546
8118 9511754
858 9512189
23950 9516093
21657 9517564
14599 9519359
18350 9520851
6049 9521756
23907 9525596
13082 9525651
29648 9526827
7299 9527536
22630 9527942
23528 9527942
25865 9530627
16586 9535848
25363 9536107
29824 9537099
8658 9537204
27779 9538499
24933 9540345
18091 9541541
15987 9542380
9902 9542642
4380 9546618
28878 9547331
14626 9547431
18133 9547456
3313 9547515
24569 9549504
20645 9552967
959 9554791
12452 9555500
13225 9556433
21256 9556521
9054 9556552
25281 9557736
6268 9559473
19172 9560258
27317 9562035
5914 9565025
8337 9569192
20944 9569720
23382 9569962
10224 9572588
27692 9574532
7811 9575597
25137 9577112
7864 9577659
14880 9578823
1603 9580292
17646 9582251
27831 9584321
9552 9588739
8195 9588772
8346 9590666
16690 9591469
24917 9592870
29062 9594507
7761 9594885
12489 9595122
5678 9595283
591 9595819
25678 9596303
19511 9596950
29118 9597319
2167 9597593
2033 9599619
25493 9599936
27486 9600528
10278 9600636
17821 9600678
20528 9603431
20123 9603995
12995 9613963
21212 9614084
14642 9614160
27016 9616146
21214 9617625
5227 9618276
27768 9618500
28986 9619167
9666 9620030
20226 9626982
13109 9627096
7473 9627667
25632 9628475
8893 9631875
15022 9635274
23260 9636913
10768 9639487
18349 9639497
1263 9639525
16555 9641168
16098 9641934
17892 9644774
28975 9644986
12865 9645000
24167 9646683
17684 9648983
17272 9652546
1074 9653561
24703 9654539
10103 9655283
24311 9656073
26360 9657334
17189 9663817
22801 9663894
8663 9664541
11780 9665814
14276 9667366
7321 9667853
112 9668404
27049 9673484
16652 9675623
8267 9676716
3480 9678741
25012 9679272
5089 9684484
14480 9684767
13419 9685664
20916 9690091
23856 9690665
17701 9691646
10429 9694254
17874 9697146
16083 9701990
23478 9703200
7810 9703875
3390 9705105
9195 9706088
21042 9709911
11028 9710098
23403 9711200
15127 9713512
17989 9716112
24636 9717412
8011 9717877
3437 9718206
15586 9718623
11967 9718877
136 9719466
21749 9720075
28141 9722281
27394 9722763
16206 9724187
18599 9724421
15710 9726103
1550 9726399
8238 9728339
9418 9730489
17427 9730902
22360 9731350
17823 9734140
26806 9736239
6040 9740122
4733 9740576
1604 9740925
14027 9744668
11569 9745516
5794 9746561
22805 9749322
19263 9755142
9413 9757000
1218 9757340
29420 9758078
5930 9760376
3103 9761106
1470 9764264
23693 9766221
576 9768354
29563 9770388
13768 9772635
7616 9775499
19998 9775670
24161 9779830
10459 9781694
3785 9782346
20361 9783772
1648 9786043
417 9786844
8629 9787754
11623 9788273
5522 9790133
10955 9791108
24119 9791978
3405 9792275
23768 9793759
22096 9794852
2270 9795379
27571 9795416
21668 9795981
29073 9796611
27186 9796750
19372 9797069
29911 9798318
23373 9799804
958 9801421
25104 9802132
2443 9803596
27333 9803826
5486 9805656
20859 9809190
18924 9810110
23553 9810651
15720 9810859
5427 9812392
25699 9812951
4846 9813990
11937 9815346
8019 9817525
11091 9818293
27270 9818649
24348 9819720
26637 9820518
11777 9821248
26342 9821831
25305 9824224
23822 9824993
16520 9826792
28539 9828220
21965 9828310
10642 9832029
14313 9835717
698 9836817
6858 9838342
28243 9849088
21991 9849697
11316 9850327
6886 9850934
11753 9852378
1032 9853021
795 9854447
1764 9859526
14851 9861536
19588 9862643
9652 9864695
25055 9865603
1388 9865957
14301 9866513
7885 9868213
23482 9868994
5402 9869861
14824 9869932
5909 9872300
14341 9874828
6585 9874900
252 9875454
4432 9876649
5306 9877866
17532 9878641
23347 9880229
7585 9882455
22373 9882474
28292 9882650
29208 9882700
21650 9884652
13258 9885094
29759 9886944
14396 9887568
17230 9887800
11912 9892518
12091 9892865
11980 9893355
11516 9896039
22126 9896220
27677 9900893
1819 9902200
24769 9902892
16134 9905315
13967 9905464
19679 9905752
2554 9906907
29674 9908965
27157 9910154
21082 9910875
3893 9912883
6025 9913511
17229 9914032
21572 9915306
22133 9915421
3813 9916202
19458 9917255
26534 9917620
25079 9922023
9687 9923992
18964 9925240
28268 9927238
2912 9927883
12412 9931060
25662 9931303
28206 9931578
2417 9932970
27406 9937671
11689 9940607
13822 9942488
27516 9944160
10841 9944646
20804 9944737
5262 9946023
4502 9948089
6499 9948967
5897 9949192
722 9950374
4195 9954170
23792 9954714
18185 9958048
8553 9960008
9783 9962964
7105 9968897
24198 9970807
24521 9971673
26996 9971778
5063 9972425
6540 9975343
17200 9976458
21584 9976927
4128 9976975
10781 9977245
14814 9979305
6305 9981771
14353 9982078
6028 9982305
14994 9982958
10131 9983952
15357 9989881
18250 9991857
26076 10000238
5962 10001400
7708 10001893
13132 10003509
941 10004897
10674 10005850
25210 10006349
4365 10006968
29641 10013172
21601 10013783
17163 10014521
16599 10014688
5011 10016646
14268 10017188
12803 10018650
17344 10021878
507 10022423
23158 10022782
16542 10023911
4368 10025901
24193 10026619
4808 10027399
27639 10029284
26526 10030232
17615 10031480
29910 10036229
18505 10037204
7490 10039623
10023 10039873
28192 10044721
7570 10045303
21576 10052050
10523 10052212
24532 10053160
7932 10055558
18882 10060459
11160 10061758
19944 10066270
17798 10067381
23961 10069984
19432 10070198
18 10071112
18722 10071541
3169 10073201
17975 10073493
8826 10073980
11366 10074550
8325 10077344
20167 10077462
3290 10078069
20702 10081118
16164 10083087
21852 10083789
19470 10083927
9596 10088607
23433 10089224
29296 10090847
21598 10091720
23272 10091862
20911 10093057
3062 10093517
12968 10095105
28460 10099391
10840 10100988
12209 10101122
4304 10107270
20268 10107747
5951 10109248
21211 10110454
25964 10111696
12825 10113898
2294 10114548
12317 10115093
15890 10122588
16910 10122988
1113 10125526
8654 10127746
18072 10129747
16197 10131674
16991 10132587
5908 10146908
13026 10158653
21901 10159873
15517 10162164
16328 10162511
21044 10162566
14248 10163432
19984 10165733
13230 10166488
5508 10167736
18871 10167894
904 10169039
27208 10170284
1468 10170339
2024 10170827
19870 10178505
14863 10184357
17977 10184990
27640 10185403
16754 10185719
12521 10186990
11303 10187938
28473 10188367
8274 10188718
12216 10191425
25092 10191909
18324 10192604
18672 10195384
25653 10195770
28417 10207331
7312 10209065
7155 10209424
16176 10210307
9027 10211942
22836 10213280
23071 10224223
5034 10227537
21445 10227566
22269 10229066
10620 10229726
2113 10231119
28953 10233341
107 10234272
18080 10239813
26699 10240066
11070 10241753
21235 10244413
2932 10245349
6064 10245905
27031 10246650
8175 10248382
10192 10250163
26756 10252001
22217 10254756
3168 10256450
18629 10256850
27776 10259982
3222 10261268
9220 10262939
5355 10263654
8417 10265511
23063 10269154
585 10269865
3334 10270309
11214 10270884
9821 10270981
28794 10271771
6655 10272513
23627 10272620
11105 10276534
12051 10276549
26906 10278990
4090 10280476
27416 10281284
8876 10281354
17167 10283836
1653 10285342
25368 10286386
14393 10287139
9711 10288221
19504 10288767
12668 10290925
4202 10291042
27556 10291139
14339 10291204
25306 10292945
4735 10294555
17867 10295842
11714 10300101
27395 10300500
10031 10300659
4357 10302658
8967 10305638
16056 10306378
16779 10307197
29938 10312410
5754 10314052
22726 10317066
11341 10317299
2514 10318480
26389 10318993
21532 10320031
912 10320194
27765 10322374
26148 10323047
14741 10323519
29672 10323933
10721 10324900
22455 10324937
51 10325886
9483 10327938
13255 10328279
19242 10329494
24459 10332059
1046 10332278
5021 10332730
9454 10334128
8053 10334164
6970 10337684
15529 10340687
29543 10340721
1716 10340748
28311 10340840
9689 10341863
20480 10342785
4601 10343249
9628 10343617
21663 10343974
22888 10344183
28990 10344198
12288 10346922
8360 10347001
502 10349105
15544 10349318
19559 10349649
539 10350607
3664 10350634
5618 10352182
6612 10354123
9719 10354595
21890 10354931
21508 10355966
948 10358096
17741 10359426
13759 10361018
15217 10361304
22555 10362264
18235 10362395
8832 10364007
10571 10365012
28966 10365299
12097 10368006
5807 10371622
8951 10373324
15326 10378928
26412 10379699
26303 10380477
2858 10381447
6302 10382248
2234 10383439
22894 10387789
29444 10390911
16899 10392312
13445 10393615
29687 10394770
27800 10404689
25835 10408812
10876 10421010
17139 10422469
28555 10423985
26381 10424464
9115 10424656
22727 10428954
20069 10429591
10725 10429631
24345 10435036
17332 10440624
22041 10442287
24187 10442895
4371 10444879
6930 10445884
20771 10446294
21512 10446901
29430 10448152
20418 10449011
29334 10451270
29270 10452168
16323 10452455
10150 10453597
5581 10455007
4665 10471522
8652 10475575
28627 12583922
20219 12584776
5251 12587915
16818 12587932
26780 12588011
24213 12588576
19287 12590374
3258 12590531
22919 12593440
26440 12594276
207 12594536
21381 12594993
28476 12595397
10954 12595744
20071 12595746
26460 12597092
17162 12598160
14639 12598370
3871 12598616
9759 12599525
12394 12600287
14967 12602476
8691 12602956
27234 12603585
29957 12603617
7322 12603634
1583 12604652
1695 12606472
10855 12607056
19716 12608132
28864 12608204
24522 12609557
10929 12615819
23651 12617474
16649 12618267
19513 12620276
10938 12623387
18051 12626850
17917 12628251
21682 12629231
14070 12630595
19991 12631127
11409 12635823
25189 12639190
25718 12645648
16465 12646847
14229 12647166
8165 12647942
25661 12649750
10231 12650476
3782 12651063
5722 12655127
22540 12658818
15816 12659120
14109 12659511
13478 12660416
9481 12661237
19120 12661902
14603 12666342
2464 12667140
28291 12668335
22065 12670431
18693 12670930
3447 12672119
1510 12675386
23156 12677766
26355 12681241
19520 12681487
23588 12685511
11722 12689008
16928 12689809
22441 12690505
1794 12695152
25147 12695434
29426 12699099
6566 12701734
23672 12703628
9901 12706410
21503 12710264
9401 12711250
26941 12711798
13235 12717111
20086 12717274
22058 12717493
18834 12720233
4589 12720782
15583 12722325
24814 12722378
5276 12723652
22400 12725263
23848 12725614
20279 12727358
24618 12729131
1199 12729650
20967 12732080
15012 12732758
27936 12732996
4392 12734586
9583 12735965
7717 12736332
7456 12738642
14714 12739692
24298 12740569
69 12743000
24688 12743460
17877 12744074
6726 12745517
26449 12745560
1711 12746059
25036 12747872
19231 12749159
13906 12749285
1800 12751216
26385 12752439
16897 12755409
10282 12758699
13316 12759860
19672 12762059
13922 12763799
15711 12765293
5027 12765671
14648 12765861
15207 12766590
8150 12767755
18328 12768437
21273 12771788
7160 12773287
12244 12776568
19016 12778296
29382 12778342
13990 12779529
12631 12780127
26450 12781876
19714 12782933
12704 12783162
18021 12783695
26207 12783970
2122 12785097
20373 12786825
18400 12786938
4279 12787250
26818 12787767
4378 12788293
4575 12788530
26438 12788761
25798 12789186
15793 12792374
19600 12795047
4412 12796968
1749 12798177
9196 12798299
21218 12798980
19230 12799790
1557 12802490
18586 12805590
14729 12806764
18859 12806798
28140 12806886
10873 12807207
11614 12807317
191 12810359
17343 12812083
1086 12814158
10582 12814238
23262 12823215
11765 12825731
9486 12826034
17952 12826528
10820 12827428
7567 12830649
19645 12832243
5210 12833208
24791 12834217
25127 12834983
3839 12838298
28952 12839087
8883 12840026
2003 12843194
25411 12843543
17064 12845734
6770 12847444
27981 12848884
12500 12848931
179 12849633
12143 12849934
5602 12851044
15388 12853049
6841 12856716
6358 12859107
26928 12860199
2638 12860906
2101 12861324
5776 12861443
19416 12861572
13167 12861682
10460 12865233
10048 12865263
8406 12866002
11739 12869089
25836 12871625
11645 12872450
8882 12873523
8537 12873838
2497 12879290
22867 12881795
1945 12883971
883 12884795
6850 12886049
23742 12891751
11908 12892634
6350 12892766
1398 12892968
3223 12893226
11041 12893998
23694 12895800
10616 12898720
12573 12898738
4012 12901088
24197 12903512
29729 12903692
13291 12905766
22057 12905875
21700 12907721
10491 12907751
7634 12910199
10822 12911319
14317 12912036
2757 12915320
16596 12925931
14804 12927179
15271 12935328
5535 12935662
5290 12935969
20701 12936142
10625 12936984
13511 12937636
27642 12938109
23805 12944411
8264 12945822
19988 12947168
19648 12947178
24951 12949966
28590 12952702
5438 12955045
8223 12955379
7375 12956994
25803 12957246
23275 12960045
10378 12960529
17008 12961823
11203 12962138
18174 12962732
27340 12963400
6583 12963759
27919 12968507
7147 12969770
3187 12970304
6123 12970774
28420 12971454
24315 12977197
12454 12982199
3308 12982408
16952 12987973
21917 12988883
15447 12990504
7572 12992341
8712 12996125
9768 12996205
24354 12997730
20890 12999807
8304 13000456
534 13002651
7503 13003931
2827 13003937
5032 13004378
6879 13007197
2904 13008703
7422 13010078
20707 13010098
17160 13010355
22747 13011148
11994 13011941
29846 13012115
24508 13012305
23487 13014355
13313 13014480
3542 13015271
18993 13016286
11401 13018641
10167 13022224
7547 13024299
23353 13024869
5594 13025669
19875 13025757
28307 13026134
8416 13026185
8784 13026621
15221 13029316
22661 13030647
1935 13035027
23157 13036424
12456 13036928
27092 13037517
26069 13038331
6200 13038356
25797 13038580
28108 13039029
4390 13039789
5038 13040319
5725 13040538
21240 13041008
10633 13041861
29056 13049670
18458 13050900
20956 13052614
1482 13052782
17006 13052922
4394 13053357
27148 13055851
13503 13056040
3238 13058906
12836 13059092
26426 13059156
12568 13062064
16694 13067854
17912 13068376
23649 13069144
27350 13074456
1994 13075087
14095 13076273
3700 13080810
14962 13081472
4486 13083358
15424 13084478
25358 13086096
12721 13086589
6938 13087896
27567 13088858
1071 13090097
4861 13099291
25347 13100624
3342 13100940
21134 13101685
12147 13101828
424 13102212
15083 13107343
28392 13107428
1853 13109913
16777 13111199
17034 13118375
29425 13119269
15312 13119306
24026 13121057
27645 13121849
3302 13122048
10407 13122183
956 13125312
16507 13125634
4186 13125981
28430 13127301
17314 13127791
28215 13127900
29704 13128186
24481 13130649
6824 13130920
4707 13131948
23959 13132194
20206 13134109
19786 13134340
558 13134937
8307 13139326
14734 13140146
27608 13141064
4947 13142509
27204 13143151
26799 13143751
27125 13144309
26467 13145615
29245 13151197
4617 13151243
28036 13152019
27484 13152363
5956 13152631
2743 13152796
15601 13153200
6794 13154095
8040 13154707
7562 13157198
2475 13158360
25709 13159163
27202 13159326
3631 13160774
1374 13164917
12296 13167321
25696 13169426
18101 13169636
26997 13170387
1514 13170562
24677 13170713
25861 13172772
10981 13175177
15671 13176453
24830 13176743
28684 13179218
7822 13179694
11966 13183404
8918 13183454
6132 13183503
16363 13186144
1708 13190592
22038 13195827
24860 13196159
22221 13197519
29681 13198800
12550 13202419
14100 13204838
21012 13208426
24969 13208461
25537 13209871
29856 13213191
28584 13219692
23926 13222994
14948 13223818
9300 13224652
14543 13225272
1901 13227895
20183 13231422
9471 13232283
4570 13232525
9648 13236615
28583 13236824
10266 13241714
29464 13246962
12961 13247613
7710 13248245
1098 13248386
6544 13250007
6913 13252105
28546 13255547
11514 13257752
23729 13257837
23451 13258583
23791 13259087
12858 13259501
9812 13259727
9590 13260213
11030 13261746
24883 13261997
4482 13265846
6709 13268061
2751 13272715
5030 13273367
18059 13274600
24143 13276783
12738 13277679
4569 13288701
23739 13289908
10189 13290056
22609 13290333
14041 13293059
26764 13304006
11208 13305321
22309 13311527
29907 13312046
15675 13312989
8633 13313449
3606 13314977
26203 13315802
10107 13316711
3344 13317512
27260 13319590
20616 13320735
9573 13320862
20189 13321055
5619 13321376
6280 13325618
1026 13327818
3012 13327894
18531 13329724
18390 13329855
28631 13330691
15719 13331555
1645 13331595
27379 13332009
13593 13332329
4757 13354299
10848 13355157
7245 13358070
25857 13358185
7601 13358621
17043 13359209
24753 13370679
625 13372462
18976 13375606
9096 13375702
8842 13377072
10057 13377785
15812 13379132
20182 13379481
21193 13386034
4307 13386345
29584 13386584
6553 13388696
12736 13389076
1821 13390874
21270 13392684
13306 13393334
16190 13393822
4712 13393981
21225 13394459
25837 13396369
28061 13397697
19514 13399647
4095 13400258
22925 13400335
24878 13400560
877 13402999
172 13403225
2923 13403940
27288 13404589
18854 13406322
26127 13409959
22738 13411356
27184 13411729
16796 13412436
15979 13419824
10636 13420636
7030 13421544
7014 13421837
2974 13424143
5209 13424905
25627 13424954
18645 13427537
22625 13428888
10766 13429942
21301 13432007
27555 13432250
12142 13432802
2814 13436134
10385 13438530
26100 13439292
21136 13440428
13526 13441411
17152 13441934
14711 13443552
3581 13445393
23066 13448337
1414 13450815
11996 13451159
3433 13452534
22033 13453877
27507 13454257
7428 13455052
2460 13459563
5783 13461570
23764 13462284
19101 13462684
18571 13468011
3412 13468282
23181 13476248
15467 13476929
3497 13477193
25684 13477292
26424 13477315
3357 13479691
7148 13481293
6389 13500525
20093 13501893
2552 13504929
16024 13509291
24211 13512218
14879 13515620
2901 13515650
13948 13516118
750 13516712
10195 13516731
24202 13516858
20494 13519613
15551 13520360
6057 13522299
15543 13526636
2805 13527880
7671 13529975
3615 13531430
22776 13532138
22223 13532501
6411 13533197
1502 13534657
26744 13538399
12130 13540810
25710 13540885
7645 13549830
5903 13550424
27848 13552754
366 13555210
332 13555240
10539 13567380
3798 13573744
14534 13577364
11800 13578053
25373 13579804
3328 13581563
11896 13581970
28725 13583572
18064 13590985
9057 13593552
6265 13599264
23163 13600691
6093 13601911
26916 13604114
11729 13616032
