6069
7435 2370
27241 2983
15855 3930
19182 4927
17156 5791
16538 6191
3048 6245
12214 7009
18954 8781
21587 9330
13785 9391
493 9509
18031 12846
14750 13112
10050 14503
20987 14508
18638 17025
17395 17189
21013 17787
19502 17951
20127 18721
26496 21469
4748 21787
18962 22312
5175 25231
15469 26551
11123 27749
17234 28652
8461 30190
8985 31470
8128 32653
6139 32704
21566 35829
13714 39078
27277 43221
11914 43547
1943 45737
21992 46472
13615 49514
7076 54196
8886 54787
1489 56086
26498 58917
26101 59129
15765 59370
19983 64999
28653 65090
25188 66567
2213 66572
9357 66643
14359 67760
11192 68301
23504 68947
12082 69321
16292 70212
20625 76093
5910 76677
159 78901
1751 78921
29559 80358
26824 80636
6539 80643
22895 82066
17009 82588
23671 84040
339 86476
27857 87241
29646 87410
21174 88382
2287 88823
2182 91039
15530 92389
19791 92866
5888 96521
17496 99747
563 99785
9677 103165
3336 104842
29643 105466
24804 106211
3157 106619
7535 108311
1433 108392
21035 108816
1215 110510
20533 110804
3523 116086
3276 117748
996 118735
17728 119679
28652 124732
14717 125314
3203 128656
22684 129271
22654 132235
4637 133476
10864 133685
18170 135779
21954 138625
12345 140000
16429 140579
17765 141255
22639 141526
24537 141817
25981 142305
18864 146076
23732 147777
2277 150403
5375 151472
8123 153201
18267 158286
18850 158431
8983 163043
17380 163444
9456 164924
12622 165659
4803 170529
29713 171213
22453 178120
116 178132
13025 184541
23346 186875
19832 187862
22482 188624
25697 188776
10733 189228
22941 189489
25658 189905
3474 190792
26147 191798
23087 195530
732 195597
4461 197324
3111 197782
10300 200883
27127 202195
1562 206463
16594 211272
25078 212346
8186 213719
21558 214729
24686 216063
4991 216784
17386 218512
29042 221362
28408 221962
25541 222482
881 225979
13065 228252
26205 229341
29816 232525
26220 234475
29580 238795
7806 242574
24118 242854
8522 244774
28466 246318
404 247392
149 252773
1111 253424
10688 253948
3863 254389
26231 260124
9008 263088
7121 264588
17833 271680
6297 272262
24170 273695
26947 276860
20116 277827
5564 278138
11156 278682
29722 279291
21862 279520
9108 281430
6899 281833
8766 283130
15859 283503
431 292380
4982 292403
12167 292440
11333 292792
4203 293809
13747 296367
16689 296689
14365 298094
14861 298419
23911 298836
25045 301207
17346 301347
25176 301904
10834 303054
1949 303568
29385 304420
8323 307674
21066 307960
24194 309210
23586 309558
13783 310700
29813 310712
14672 310739
28221 314252
29928 314883
1775 314885
25652 315644
573 316958
28115 318395
7831 320415
13290 320767
5284 320917
17050 321361
10041 325131
3747 328282
16975 330705
27108 332555
1380 333850
23700 333902
7343 334273
17629 335814
13724 336045
5669 336509
22958 337020
26849 341949
3036 346286
14777 348468
13835 351340
14185 352270
28217 353558
21454 354920
21860 355099
29113 355626
11603 356780
26986 357795
8564 359080
4725 359431
24428 359613
29965 363445
300 364161
16629 366044
8393 367696
2288 367755
288 369219
3269 372860
6505 374014
28523 377131
17101 379005
20348 380029
1237 381361
14996 381776
20101 381931
7533 386510
1056 391888
14631 392334
13422 393020
5682 394028
2051 394270
28374 394890
18215 395072
29509 401277
15408 401506
5180 402383
29191 402553
10580 403150
28926 403314
16905 403729
15320 406272
9562 413940
28921 414522
14136 415791
3250 415968
7788 418229
21290 418682
26102 422413
26249 422655
25659 424604
15404 425004
24124 431291
23875 435281
19797 437460
19452 437648
18756 437833
7294 438254
21892 441564
12693 442235
4342 442814
9517 442963
24518 444523
13781 445716
27970 446029
7745 447935
21838 448763
13475 449386
23618 450568
2196 451503
2341 452990
21736 453430
5432 453754
16315 456049
24253 456568
25090 461148
12138 461271
22470 462468
10973 463502
29162 464438
15286 464856
19592 465200
17580 465689
17307 470168
27472 470212
23998 470343
1176 473508
5953 474049
2704 477364
20401 478048
14913 478290
2217 479642
25333 479782
10823 482447
13350 483746
1444 484154
4172 485066
4559 486632
4019 489520
12008 490706
9414 493776
9576 493963
14310 494261
590 494348
24570 495585
11415 497133
16078 500398
570 503098
2091 503501
18073 508543
26773 508794
11571 508848
5538 512901
25269 513464
9933 513964
28541 514474
28923 519470
1357 519680
25568 519783
887 520161
14129 526469
7094 527963
16149 530561
4903 531086
13251 531200
3524 533933
11063 536551
10668 537842
5907 538270
3136 538288
22905 539033
27987 540885
26883 546463
4668 548095
24102 554297
13133 554473
28429 554747
14356 556330
24823 558208
23884 558471
13838 559504
29135 560917
5808 561796
18273 562301
28230 564626
22640 571141
4594 578336
23014 582344
11804 583204
22695 583620
16581 583700
11532 584033
6901 585575
4375 589993
4049 591580
24320 591927
11588 592152
16268 592160
5270 592860
17226 593795
16333 595597
19651 595747
7415 596480
11358 597250
27344 597642
1422 598248
29830 603424
231 604427
9958 605963
21817 610940
25236 611131
10 611827
28422 612729
6374 619079
9913 620608
25877 621614
20128 623130
18393 624296
9189 624317
15889 633508
12006 635092
6204 635677
18473 636428
410 641759
3572 641936
27087 642008
16471 642196
11550 642826
12965 643301
29653 643722
29119 644781
10805 647406
7724 649124
11970 651465
11589 652178
2112 657326
17422 657352
4239 660133
24478 662385
24942 664417
17456 667087
3976 667428
25011 667457
23050 667805
1962 673837
16265 673941
27913 675227
578 675308
12638 676260
3478 678051
12807 678713
125 678781
18862 679321
7162 683051
5487 683727
20876 686673
12699 686988
5507 687685
12275 688885
29358 688994
14748 692554
14042 694253
5947 694359
975 694459
1336 694635
29022 695351
26687 696122
28485 696250
17603 697284
29662 697597
9029 697790
8621 699334
8095 699557
886 700063
15761 700402
17817 701488
3123 702136
15928 702150
1191 705831
20466 706950
8506 710929
6199 713203
5542 713632
8702 715796
12864 716053
1602 717625
6419 720823
7418 722018
7396 722080
28382 722352
26574 722713
5085 723987
8058 728001
15622 734737
6148 735324
10307 736312
24162 737803
9104 738888
15038 739799
15909 740329
24419 740412
20100 743046
3361 743955
12893 744619
10787 744651
5293 745242
1120 746113
13509 747832
29754 748176
314 748995
21951 749457
9062 749518
3215 750839
9333 752429
20119 754583
22364 755636
8410 757582
3550 757995
5108 758749
6063 759145
20868 760995
5689 762043
3108 767709
1832 768559
26307 770197
22777 772092
27117 773495
14894 774904
4603 776037
9237 777331
22492 777638
5437 780640
3825 783998
8112 784949
12436 785759
8961 786998
13403 787992
15590 790148
11437 790209
26889 792296
25351 797037
7357 797815
5140 799694
7774 800180
26500 805692
24173 809820
11061 810455
20464 811219
24278 812054
3679 814217
24627 818987
18623 819058
28670 819241
26542 822540
20739 824131
24539 825057
927 827327
12845 831694
19029 833551
29877 834428
10984 836190
7543 837749
4522 838024
29180 839317
29867 839874
2049 841301
22473 841962
10991 842115
13448 842350
5588 844662
25524 844773
760 847756
26436 850539
6935 851125
5530 851843
12021 853021
2517 854087
12299 854309
77 859940
14336 860083
17726 861963
675 862129
14570 862829
9227 864695
16948 865465
12663 865473
27346 867108
29440 867118
24561 870962
24070 872609
7574 873867
22889 874810
775 875854
19265 876563
29082 878971
413 880584
11127 882244
2525 885054
5049 885556
6085 886080
6183 886966
25574 894348
7401 894947
29693 895022
21525 896355
29612 897104
25449 897662
3466 902720
15918 902761
14351 903190
23329 904719
5774 905186
26111 905345
6549 908871
8162 912277
27222 912296
11260 912401
6308 917752
16957 917918
8611 918319
27313 918381
15007 919131
14184 919358
15782 921164
20591 922099
24574 922644
8682 924668
19409 924836
18813 924970
4883 925976
20834 927388
29724 927904
19267 929312
22141 929918
7765 931940
9898 934190
29629 935744
29716 935966
12632 936222
28053 937451
29733 938925
26714 939079
22558 940933
25591 941911
18662 944423
14908 945445
27700 947130
10483 947289
24435 947563
728 947968
12868 948355
17871 948621
4726 949186
10508 950125
23256 950424
25238 954962
2546 955406
28822 956749
11528 957024
20454 959183
11457 962415
3484 962765
19691 963408
13726 964732
12179 964888
4446 966891
13732 967217
8358 967418
17995 968621
16759 973546
26853 974088
16557 975316
21938 976246
28329 977236
6206 980072
8010 981101
20496 983447
17783 983503
23861 986185
490 986715
6009 986854
22533 987711
2767 990318
4980 991685
18720 992841
2744 993669
18659 995271
9493 997929
27681 1001798
2415 1002109
3110 1004123
6574 1005168
6617 1005345
21672 1007574
4638 1012380
29709 1013160
6137 1015500
6236 1018403
18837 1020051
28191 1023332
24947 1025103
25758 1032946
17857 1033966
28786 1034160
4931 1035814
21345 1035986
2640 1036467
269 1037898
1352 1041104
21986 1044190
17058 1044340
15886 1044770
28968 1045302
29072 1049757
12054 1050417
15931 1051388
19735 1051469
21333 1053791
12809 1054387
20186 1056392
2376 1058235
6607 1058495
17040 1059236
11632 1059846
11 1062678
14179 1062964
25982 1067253
24871 1067936
14537 1068067
17544 1068159
29413 1069706
13277 1071059
25702 1071220
22232 1073885
14815 1074134
1770 1074621
27042 1077952
14577 1081711
725 1084565
12906 1086345
8300 1087501
17890 1089090
26874 1089300
28151 1090020
26052 1090773
28341 1092563
16403 1093001
29429 1095513
14946 1096565
26092 1096962
11018 1098760
23877 1099567
22686 1100355
14428 1103840
13959 1112053
29540 1113063
9297 1113337
2400 1114823
1740 1114889
18161 1116661
27684 1118952
29237 1119709
9269 1120642
2487 1121080
19601 1121696
4923 1125462
23794 1126930
28162 1127705
24293 1129144
7123 1129296
29741 1131173
27606 1133535
11034 1136632
8016 1137290
12228 1145295
23813 1145431
2520 1145835
16693 1147591
17722 1147807
8422 1149801
3198 1152710
14183 1153803
8600 1154601
18723 1155142
14733 1157609
24787 1158756
16218 1158760
16528 1158897
12808 1159327
7498 1160051
21743 1160332
10685 1162279
20277 1162768
20774 1163488
14349 1164596
11599 1165192
13431 1165726
27788 1167457
26638 1170445
1568 1170794
27725 1171579
8919 1175103
22241 1176458
22202 1176883
24916 1176977
929 1177537
11390 1178037
14492 1179132
13224 1179742
14515 1179997
11631 1181112
20150 1182040
6622 1185333
26767 1185529
6202 1186492
18807 1188164
1579 1188257
5430 1191446
2944 1192514
29384 1195137
7805 1199879
3458 1200900
2429 1204388
6570 1205709
28364 1208957
23167 1210540
17577 1211013
12866 1218990
23393 1225385
22763 1226132
226 1226222
25905 1227255
10404 1232659
14320 1234189
14052 1234414
25778 1234923
21903 1234968
1232 1240047
29560 1246297
23946 1250265
29048 1250762
7500 1251439
21190 1251859
12599 1252177
26838 1254507
9492 1254800
21198 1258332
10045 1261512
29960 1264096
4702 1264158
11889 1264994
25071 1265508
16482 1266391
8373 1268329
13401 1268754
2170 1271263
10451 1272104
13619 1276131
1920 1276801
14151 1276907
9878 1277159
2132 1277831
12700 1279009
5585 1279407
20664 1280051
14376 1282536
2929 1285070
16591 1285790
9488 1286041
15996 1289203
447 1290537
29240 1290652
29688 1296064
1801 1297077
29820 1297143
3190 1300420
8084 1304449
15788 1306630
16876 1307063
7109 1309607
18863 1310030
14674 1310257
4105 1314266
17638 1316472
6654 1316858
13849 1320755
21801 1321361
14208 1321868
29862 1322757
17618 1323586
21871 1324679
3530 1325068
15340 1325649
4582 1326294
7803 1327949
11744 1329517
16032 1330942
10506 1334220
21502 1335019
27592 1338023
377 1338714
8885 1339927
5832 1341132
10142 1341747
13369 1341810
25611 1342045
8217 1342836
11019 1343347
19125 1344229
9040 1346500
14066 1346666
14110 1348723
62 1349686
24767 1351035
21509 1351492
27659 1356038
11538 1356279
550 1356522
24076 1361889
16567 1363887
28055 1365138
11287 1368251
20405 1369195
19525 1369905
7600 1370740
991 1372218
5126 1372236
20244 1372708
10882 1372860
17362 1373282
11879 1374517
7833 1377080
2362 1377094
20939 1377412
9214 1378281
3638 1380057
10267 1382495
18888 1383205
22251 1383469
15105 1384095
21789 1384269
29901 1384375
4339 1385741
4720 1390225
17922 1391140
15360 1392019
22077 1395058
15119 1396334
29554 1396879
5095 1397187
730 1398863
17723 1399336
19466 1399753
20104 1400075
20791 1401790
23611 1403036
13487 1405606
8039 1406264
24207 1412578
29859 1412968
17473 1414873
14456 1417926
10707 1418915
28488 1419066
2665 1420155
12052 1421819
19538 1425917
23206 1427310
24530 1427974
28950 1431456
12423 1434601
21405 1436327
20200 1438148
27355 1438189
15739 1439304
2545 1439706
12114 1439987
8671 1441553
23351 1442201
21010 1443325
21232 1444250
6084 1445352
15747 1446019
6321 1446601
11282 1446924
13319 1448315
15613 1448369
20224 1449040
22524 1450992
2596 1451253
20761 1451509
1545 1452038
4001 1452661
831 1453611
29070 1454057
24169 1455593
2523 1456820
8478 1461670
13548 1462293
27221 1463434
25215 1463608
6888 1464128
2337 1466120
1102 1469305
17393 1471709
7769 1473988
19049 1475453
11209 1477525
5387 1478006
809 1478875
19209 1480192
16231 1480939
9487 1484139
2594 1487146
20683 1487672
26721 1487912
6608 1490958
3966 1491345
21428 1492168
29771 1492338
4814 1492461
18486 1494520
13383 1495326
9668 1495681
20527 1498614
22224 1499867
9082 1499977
27548 1500945
28332 1501660
8512 1503219
27489 1503664
23666 1504383
6002 1505986
2791 1506807
25396 1507947
6971 1509603
4667 1512674
2489 1515962
15722 1518584
15829 1520066
4180 1521293
24155 1525147
6494 1526728
5843 1530568
454 1533825
12367 1534088
28093 1534139
9698 1535065
19540 1536512
14271 1537147
16562 1539170
17027 1540860
21093 1541891
28534 1542108
10086 1542225
20463 1544126
10610 1545947
23440 1547211
26974 1549828
19755 1550184
15231 1550436
1481 1551013
4295 1551041
658 1551239
7143 1552833
18041 1555298
3208 1556297
28033 1556327
27646 1560112
19697 1560255
22229 1561558
16191 1561599
4041 1562095
27226 1563004
3987 1566131
4223 1566279
1709 1568412
5072 1569429
4781 1570388
10054 1572027
12386 1574416
27949 1574603
9840 1577352
16810 1579426
14797 1582489
5592 1583659
10727 1585347
19067 1587134
4738 1587259
11782 1589446
7001 1591608
15030 1591767
41 1592107
15901 1592812
21210 1593323
22082 1594135
24718 1595081
16667 1595660
7311 1595664
28595 1597231
11427 1599300
19346 1600049
20365 1600077
27605 1601297
8936 1601827
1097 1603626
25416 1604487
27343 1604989
18108 1605658
10135 1607469
29472 1608226
9216 1608266
3078 1611873
12938 1612163
15346 1612944
21157 1613352
5737 1615351
1688 1616098
5822 1618158
13375 1619134
1194 1620239
4898 1622094
15173 1622608
27079 1623967
27473 1627450
5302 1628144
23902 1628866
10032 1629477
4817 1629624
20382 1629816
1858 1631851
9832 1632071
14454 1633008
13682 1634789
16195 1635678
20517 1635888
5623 1637608
16011 1638281
2058 1638685
27543 1638720
2066 1641348
27833 1641891
4062 1642914
2322 1644599
25748 1644813
13180 1645350
16147 1645881
6979 1646910
17689 1648471
3887 1649544
15473 1652575
18388 1653431
19201 1655004
607 1655291
29958 1656496
10371 1657632
29190 1660320
1519 1664831
23005 1665487
21087 1666901
25839 1668262
24450 1676490
2212 1680389
4418 1681692
18773 1682984
6492 1683967
8472 1687658
29404 1688521
18567 1689650
28354 1691227
16979 1691591
20982 1692014
478 1693040
18451 1694153
29280 1697293
26760 1698138
1455 1701431
14323 1701863
9880 1704134
10447 1705060
12838 1706737
9843 1707131
21970 1708876
26584 1709097
15494 1713431
21518 1717646
20670 1717733
24731 1718197
19556 1720527
15193 1722480
8258 1724580
26 1726316
6409 1727192
10272 1728231
27231 1728934
11887 1729208
20264 1735711
10573 1737893
20935 1738457
14130 1738894
5238 1739574
14801 1740779
17136 1741109
9002 1741779
20759 1742701
20065 1745541
4245 1746849
24421 1746949
23609 1750415
14490 1751187
7293 1753099
29475 1755683
17498 1757880
21552 1758679
24743 1759000
3757 1759818
16602 1761164
13278 1761546
4591 1761833
23474 1763339
19002 1763842
8221 1766456
29932 1767071
10392 1768247
22519 1768456
5723 1768505
7481 1768989
8909 1770350
2127 1771698
28668 1773692
16655 1773718
19364 1774600
27577 1774752
24362 1776046
2667 1778324
25102 1780248
11983 1780909
12883 1781404
2579 1781557
28169 1785125
25123 1787023
4864 1792155
14774 1794284
24259 1796324
19483 1799491
2758 1800061
6196 1801123
5645 1801344
26150 1801444
29588 1801751
28304 1802237
1595 1807560
10917 1807717
8173 1808012
23213 1808671
117 1811598
27774 1815404
6926 1815822
21083 1817622
4389 1821249
11991 1821258
20570 1822420
18100 1824265
5439 1825184
27707 1826607
11742 1827981
24091 1828793
20492 1829936
8115 1833833
5831 1837070
26227 1839482
13746 1840607
11288 1841980
6031 1844059
13621 1846723
16463 1846894
27368 1846942
6883 1847228
11243 1847237
24180 1847769
22990 1849400
15852 1850428
2516 1851689
7310 1853043
20612 1853595
21607 1854545
18180 1856489
22375 1856842
8806 1858410
23305 1861124
13154 1862350
9827 1867907
22650 1868400
4143 1869459
21309 1870770
24232 1874180
29085 1876487
17495 1877164
10701 1879073
24341 1879316
21128 1883086
29590 1885371
19185 1885521
28363 1888273
26593 1888680
26631 1889048
17787 1889954
5702 1890753
9578 1891881
18420 1893147
13742 1894093
15062 1894222
19413 1895977
13282 1897134
17385 1897468
29392 1900580
28252 1904772
242 1905864
4786 1906477
5917 1908977
15234 1910406
8005 1912755
1252 1914707
24231 1920011
26990 1921392
3068 1921848
13096 1924416
23175 1924630
26953 1925816
1521 1926058
4399 1931498
19563 1932273
15325 1932362
17503 1932558
7808 1932748
91 1933901
20510 1934513
12457 1935374
25724 1935479
22810 1935583
29623 1935661
6897 1936180
9560 1937639
26485 1938045
5560 1938277
15446 1939972
27094 1940017
27687 1940259
2504 1943354
16307 1944745
24360 1946423
3625 1948958
14131 1951005
25096 1955611
17012 1955670
9421 1956430
26957 1957194
4158 1957369
2848 1958576
25206 1961185
29546 1962156
19006 1963336
25953 1963822
16746 1963825
7608 1965903
26499 1968015
2226 1969468
10310 1970607
25817 1971076
8151 1971829
7842 1972059
20465 1973076
1878 1973269
24822 1974893
27420 1979758
14535 1980616
20891 1985596
20031 1991175
24445 1993047
10875 1993742
10342 1997054
491 1997250
27294 2000124
9306 2000159
5142 2000351
134 2002889
19874 2004101
17429 2004549
25224 2005346
27019 2005986
27447 2006688
21557 2008245
4071 2011170
6950 2011992
13164 2013107
4112 2013588
26003 2014038
4879 2014654
5148 2014744
29457 2014961
19941 2018362
5060 2020315
1524 2022041
24788 2022189
4122 2022594
19907 2026972
14412 2028778
15334 2029258
20154 2035274
2617 2036450
21255 2036618
16103 2036660
28312 2037043
10314 2038808
6266 2038918
1125 2039696
26522 2040844
15883 2041397
15572 2042856
2970 2043480
24689 2044149
28042 2053802
20797 2053935
20479 2054248
5115 2054533
7033 2055738
754 2057619
25868 2061008
22304 2062478
501 2063326
28245 2064002
3395 2068318
15664 2069819
3626 2070267
1690 2070338
22541 2073954
27883 2074939
15200 2075072
8744 2077477
27979 2080527
2259 2083051
2010 2083255
4564 2085065
27271 2086076
2380 2086091
5859 2086985
29002 2087301
24629 2087926
13080 2089306
21469 2090980
16889 2095134
522 2095389
19627 2096297
22869 2097922
20979 2098689
16219 2099025
13436 2100052
17157 2101979
16407 2104873
24674 2107186
27217 2111894
4249 2114159
3732 2116246
8651 2118942
9715 2125303
26050 2125957
9654 2127640
27553 2128358
8275 2129797
1453 2130533
11987 2132400
1244 2133185
9641 2134019
13762 2137244
2941 2139710
15161 2140511
13845 2141039
9956 2144248
16045 2145440
24454 2146443
7874 2152043
25998 2152052
10753 2152215
7609 2153006
7648 2153110
18611 2154471
15458 2156412
1922 2157488
7653 2157911
13460 2158996
21107 2159998
7339 2160064
22586 2160666
11106 2162249
25237 2162492
16072 2165414
4204 2167431
20677 2167749
14920 2168734
20385 2168822
23572 2168960
18811 2169296
11241 2169475
9508 2171510
541 2171998
5000 2172453
26553 2172924
22517 2173902
25067 2176871
19975 2181308
14243 2183384
6821 2183429
26888 2183942
13995 2184132
24221 2185956
23635 2186602
28561 2186674
9090 2190392
19990 2191091
19334 2191902
4329 2195842
22382 2200212
24959 2202146
4492 2206096
17252 2206176
1371 2213985
22756 2214214
1857 2215049
13715 2215124
12823 2221011
29246 2226435
25406 2226645
29595 2227527
22514 2229352
10012 2229714
19782 2235778
8824 2235976
16672 2238120
19845 2238504
20745 2239354
22963 2239807
12534 2240272
10904 2244742
22709 2244925
28519 2245569
14790 2245961
26918 2250421
3143 2251494
16330 2254665
24706 2255562
25491 2255870
23577 2257983
4054 2260146
9909 2260576
263 2264614
2959 2264879
4529 2265235
644 2265283
7682 2266717
8669 2268243
12790 2269162
19681 2271130
3277 2275826
23268 2275911
6634 2276190
2244 2277326
423 2279987
14438 2280003
8504 2282475
20964 2282881
6976 2283074
5347 2284391
22864 2284760
5612 2285236
22474 2287425
9786 2288795
6929 2290352
4007 2291789
11010 2292531
15018 2292777
4383 2294197
14128 2295556
2692 2298945
24585 2299690
11582 2301685
19823 2302613
24171 2304609
8460 2305555
28117 2310565
16210 2312028
21482 2313261
6121 2314164
11527 2315829
3714 2317981
24564 2318441
7531 2319308
1498 2320646
9470 2324735
14152 2324808
23204 2325445
29371 2328500
26745 2330049
27412 2330070
27614 2330597
3286 2334367
14685 2334924
5260 2336444
5683 2337305
5338 2337520
27587 2338196
29568 2338291
18370 2339995
6075 2340644
19024 2342670
15721 2348918
21588 2349163
29281 2350129
15262 2355797
28562 2357541
24979 2358150
29202 2358432
17983 2360032
22314 2360140
18246 2360451
2875 2368284
15823 2369283
15393 2371432
8657 2371833
19194 2372514
16807 2375146
26049 2375162
7367 2376479
21536 2376557
12314 2377618
17117 2378359
16860 2380880
23369 2381310
9970 2383001
26508 2383150
13843 2384192
7069 2388606
25878 2393629
16200 2395879
13305 2397015
19447 2397217
23835 2400369
28060 2401194
3649 2401969
14207 2402312
14234 2402894
26786 2403162
28894 2404603
7526 2408039
28279 2410587
22719 2414858
3495 2420919
15974 2421441
20402 2425000
8756 2428429
26255 2429227
805 2430894
26201 2431019
9513 2433336
4640 2434922
22357 2437690
2632 2438282
2939 2438794
17347 2440916
6648 2440923
7266 2443813
8938 2444273
8604 2445270
27095 2445858
4536 2446785
14806 2449024
10299 2449628
9152 2450669
4957 2451925
29983 2454423
11530 2454789
19841 2457564
11408 2458468
8096 2460665
1158 2460761
8648 2461914
8227 2464436
12766 2464742
10584 2466393
14354 2468134
23802 2468779
1844 2469892
16116 2470532
4273 2470880
2867 2471737
23580 2474487
25041 2475431
8494 2477566
7596 2479299
13860 2480215
28137 2480615
11869 2481413
13502 2483421
7512 2484173
10587 2485479
26558 2486386
968 2488426
17302 2488609
5864 2489278
19076 2489569
3020 2490039
28939 2490054
28247 2490185
28087 2491903
21461 2493021
15757 2494197
6164 2494517
25348 2497310
18287 2500260
755 2500283
6061 2500305
24757 2500931
21595 2503594
8297 2505180
17450 2505871
8121 2506322
9259 2508302
5002 2508844
14732 2508904
17695 2508958
3765 2509081
14571 2509180
6235 2509727
28397 2511265
13901 2512231
24918 2512954
5101 2513535
20672 2515506
23112 2516530
12278 2517746
28615 2520097
14819 2522999
16981 2523034
14153 2523082
2732 2524599
15778 2525468
14423 2527114
3995 2530278
523 2536445
21118 2536875
17747 2537752
28216 2539904
28775 2540980
9943 2548998
10066 2550471
16115 2552894
9019 2554164
22643 2555123
24594 2555808
25793 2557416
3153 2558040
15139 2559474
12234 2566667
2205 2567517
1364 2568005
20159 2568790
8354 2570720
17519 2574222
21086 2575841
23493 2582878
18353 2587211
16010 2587607
26281 2590465
8311 2590527
12378 2590853
3713 2594812
15970 2597139
11435 2597761
4372 2599981
14203 2601096
6101 2604344
4975 2608506
6600 2609481
25128 2609792
4876 2610056
29332 2611972
29365 2612084
12979 2612653
23552 2617605
13108 2618076
9959 2619528
8607 2620046
13728 2620457
17132 2623981
24339 2624682
7273 2625035
2636 2626914
19222 2627695
24870 2630181
5688 2630581
24657 2631011
2269 2632040
19740 2632784
18169 2632929
15465 2633443
6420 2633767
16816 2634711
13986 2637483
12165 2639565
17762 2639670
27622 2640684
1296 2641718
12740 2643438
28213 2643666
15191 2651578
15801 2652391
25471 2656776
26548 2657219
11397 2658615
14126 2659832
12856 2660793
29597 2661810
2597 2665254
29407 2666031
6483 2668183
5256 2669315
9459 2670884
8359 2671542
236 2672812
11633 2673194
27750 2674843
4756 2675134
20095 2675679
28961 2684573
13363 2685528
22856 2685795
986 2689482
13352 2690496
8681 2694515
4540 2695735
26703 2697629
19836 2697728
632 2699179
28131 2699572
26429 2700067
19761 2700898
3379 2701227
15706 2702162
16228 2703844
6541 2706758
16974 2707049
29127 2707661
9966 2709550
14739 2709556
11299 2714021
19489 2716420
17098 2717486
13957 2719445
22228 2723571
8849 2723852
23464 2731203
6252 2732110
15617 2733243
12141 2735288
16064 2736800
22467 2737255
3144 2739488
2245 2740773
22156 2744117
22997 2744304
29335 2745232
21851 2747185
14138 2747248
22299 2749105
26830 2750437
16972 2752577
4620 2753402
21885 2754577
10716 2759050
29060 2763799
11573 2764459
21025 2767670
8978 2770259
24625 2770883
17280 2773296
8371 2774638
1095 2780370
8295 2783945
6893 2784829
10809 2786583
28201 2786599
3449 2787911
28313 2788408
7488 2791322
4453 2792116
13751 2792302
20830 2792495
3084 2795063
25502 2795883
26658 2796538
18005 2798154
14721 2798290
4280 2799517
11349 2799669
8404 2801618
10169 2805061
2990 2809995
17127 2812244
28301 2812351
7361 2814942
13151 2815136
20585 2816372
13005 2819320
17062 2821258
19901 2821343
11012 2822023
18310 2822822
1117 2824751
20446 2824914
13037 2826913
26965 2828448
4127 2830828
5189 2831037
2730 2832634
4583 2833436
4742 2834860
4440 2838550
15386 2838823
5181 2838935
7090 2840834
20586 2845679
17562 2847141
23386 2847972
2576 2850931
28548 2851473
4723 2855354
8160 2857085
27714 2860212
22742 2860735
12680 2861111
18995 2862255
5844 2865617
12597 2868166
8656 2868383
8399 2868697
9950 2870402
3121 2872027
11471 2872083
10011 2872285
13209 2872407
18481 2872869
16468 2877194
14113 2879344
15723 2881737
11407 2882018
2156 2884844
20685 2885131
21765 2886277
12565 2892207
4729 2896723
4416 2897335
23982 2899339
29749 2899841
7124 2901759
26343 2901825
26016 2906014
29395 2906093
9376 2908986
19635 2911722
9436 2913037
13457 2914910
16787 2917621
15878 2921400
9904 2921451
19539 2923384
6848 2924194
25544 2924284
28119 2925932
10986 2927881
18191 2929832
29936 2932295
11095 2934400
15561 2934980
24921 2935527
20376 2937516
27304 2937543
7780 2938686
16424 2940871
955 2943080
11864 2946582
20237 2947953
24996 2948177
2407 2949324
16636 2950016
6828 2950082
3105 2951975
9134 2952248
9463 2953262
25575 2955989
5279 2957928
4541 2959300
12840 2959895
23716 2961226
3025 2961617
9001 2963247
1765 2963315
21003 2963729
9626 2968648
19145 2969218
15904 2970843
10793 2973364
18870 2973414
12048 2973692
8941 2975531
7242 2978336
23518 2978538
23326 2979548
15680 2980453
4715 2980852
29730 2982765
17801 2983611
7421 2985161
25256 2985244
8891 2985873
16678 2988568
4282 2988934
16615 2989906
19315 2990263
5935 2990528
5048 2995796
19822 2996553
11910 2998389
3737 2998832
13045 2999038
4136 2999410
4774 2999919
21602 2999994
10681 3002004
7868 3003604
14468 3007168
24555 3010497
20651 3010652
29212 3011603
4360 3013119
8107 3013811
1052 3014742
22538 3014889
10075 3017567
17637 3018316
14742 3019950
7251 3022394
20809 3027077
8913 3027377
19387 3028268
20622 3029437
6611 3029850
8597 3030400
10782 3031311
8335 3031808
28020 3034271
8672 3035116
22560 3035294
3180 3036089
26368 3037191
9277 3042287
26521 3045060
29808 3045520
12992 3050009
19388 3052000
13935 3053631
18896 3053851
24922 3055272
8612 3058742
13688 3061607
4799 3063254
5799 3064477
6485 3064985
3256 3065912
10366 3068895
10839 3069645
22822 3069908
19826 3070107
11086 3070545
26917 3070775
10540 3074880
4321 3074913
16901 3075576
9860 3076241
21392 3076513
18881 3076961
16298 3077862
27908 3078093
12674 3078432
22779 3079626
9426 3080748
19934 3081911
22287 3083734
6789 3084586
24333 3087254
6472 3091175
1278 3091287
1766 3091376
3451 3092823
11866 3095105
22814 3096871
7307 3097693
6916 3100637
28902 3100871
20489 3107453
2011 3108538
2420 3109185
21005 3109252
22700 3114668
17818 3114714
23852 3115641
764 3115650
12215 3118882
7937 3123096
12517 3123818
21797 3125164
6881 3125478
15704 3127124
16042 3129309
2471 3131220
22419 3133863
16360 3136312
5337 3137197
29175 3141743
28576 3142635
28578 3146808
22665 3148078
2111 3148591
6859 3151568
13643 3154735
20854 3156939
21337 3158666
14999 3159702
7282 3162349
13847 3162471
1532 3163625
12564 3164044
4576 3164575
2098 3166458
11995 3168194
27560 3170223
3518 3173768
12917 3174834
23725 3175682
13196 3175774
9243 3176275
6894 3178994
4636 3179128
6422 3180197
24441 3181111
932 3184202
9170 3185364
9620 3186223
4395 3187393
28351 3188120
8174 3188157
4480 3190359
15571 3190654
2398 3191482
7771 3193516
26989 3194730
7666 3195378
5443 3198054
13206 3199648
1495 3199770
27715 3199912
16314 3202564
3439 3204740
29316 3205201
15180 3208158
26778 3210461
19733 3213373
2649 3213742
20007 3215196
28480 3215357
25997 3217803
21379 3218109
28697 3218546
18994 3219175
1136 3219246
12154 3221080
25155 3222112
20766 3223581
4020 3223800
12691 3224814
28086 3227920
13236 3228117
29800 3230467
27207 3233285
935 3234737
29010 3235244
13267 3235478
26743 3241658
18443 3244008
23018 3246399
29117 3246434
9968 3248332
4510 3248636
5321 3252193
16123 3252320
23146 3252587
19722 3256389
11336 3256522
3237 3260305
16000 3260343
21863 3263055
4514 3263769
17300 3263888
3419 3264773
28220 3265548
13177 3267805
16731 3269437
23711 3269806
22462 3270046
25007 3270370
25496 3270670
15953 3271553
14463 3274420
19766 3275206
21249 3275244
27980 3276746
11364 3277986
15145 3278996
10909 3282052
18883 3283036
15736 3283815
4732 3284381
27388 3284705
4710 3285763
25914 3286149
22089 3287767
20426 3287780
4456 3288325
21652 3293354
14065 3297275
29784 3297303
19228 3299582
12468 3303193
9078 3304268
11872 3305414
10677 3310323
11085 3311622
10125 3312899
17140 3312913
29460 3316646
14366 3319599
28310 3321193
23767 3322969
21919 3324350
16631 3327386
16140 3327937
10730 3329627
14450 3331397
21295 3333870
29750 3335786
10277 3338380
7092 3339178
25929 3342355
6306 3343342
3017 3344078
19767 3344413
18384 3344593
28712 3346304
9952 3346535
12608 3347364
27269 3348832
16758 3349093
11852 3353106
8555 3353284
22771 3353949
12250 3355150
4450 3358277
6720 3358311
10514 3358719
10121 3359850
8970 3362073
20448 3365556
11975 3366689
16990 3366959
10542 3366993
1230 3367872
10094 3368443
28547 3369227
20073 3369399
17658 3370157
1129 3374536
16199 3375311
14931 3377031
13256 3378027
22647 3378278
20822 3381298
3170 3381917
20144 3382655
778 3382966
15383 3387609
12464 3387693
26977 3389454
18724 3391704
17090 3392802
13852 3393051
23385 3394131
17188 3394524
29019 3396915
13856 3398459
5676 3398597
5687 3399096
9529 3399396
25728 3399678
26992 3400625
28525 3401543
6851 3403209
19178 3403612
25753 3406632
24825 3406701
20355 3407484
24975 3407793
19773 3409668
27408 3410504
5668 3410952
6614 3411797
23770 3412882
25564 3417881
18103 3418661
20289 3418964
29322 3420304
19446 3420812
18299 3423041
15847 3423206
2746 3424410
11964 3424433
3676 3428048
21391 3431340
10989 3436696
13577 3437110
11961 3437924
12113 3439286
2303 3445760
26788 3446031
16177 3446863
27369 3447508
20729 3448729
15989 3449741
17476 3450452
24939 3456698
15887 3457709
11770 3458229
17368 3458370
12123 3459825
24660 3460123
9854 3460797
24973 3461348
18873 3462565
6954 3462993
24492 3467643
17225 3469385
14280 3472138
27552 3474041
22456 3480738
15009 3481047
11874 3481506
22435 3481952
6985 3485814
3556 3485845
15523 3486289
25405 3487080
3800 3490448
16450 3490690
1959 3492741
9383 3492753
5253 3497299
8727 3499307
12077 3500116
28127 3501181
22623 3502062
5134 3502422
11107 3507087
17398 3507220
11111 3511152
3244 3511655
1927 3513842
17016 3518808
13814 3521101
17981 3522234
16710 3523274
16313 3528176
28799 3531624
17558 3532154
1144 3533908
22680 3535924
24332 3538019
1684 3538330
16354 3540935
6625 3540959
23706 3541474
19189 3541799
6637 3541808
23032 3541938
177 3544758
15129 3545952
26171 3546301
13585 3546458
4988 3547549
23128 3547782
22575 3549140
15732 3550324
9100 3553170
4552 3555488
307 3555526
28855 3555727
22476 3557667
27786 3558253
22717 3558532
9853 3558663
5820 3560841
12195 3561069
25082 3562406
24222 3567550
15224 3571267
9294 3571588
1393 3576430
27843 3577266
7957 3578402
8339 3578533
18747 3580498
3512 3582068
1389 3582619
25791 3582827
770 3583093
23459 3583939
28887 3584067
20469 3587351
26394 3589465
8081 3589569
25871 3589916
12075 3590744
143 3592343
11924 3592873
12574 3596793
16849 3598330
18766 3599756
9247 3600754
27691 3600987
9133 3601062
12813 3606165
9137 3606327
13071 3607863
18012 3609539
5185 3609791
14834 3614656
26890 3616055
26410 3618245
20474 3618715
5782 3619617
28780 3620290
16346 3621329
9323 3622127
10492 3622351
5329 3627709
8047 3628572
20663 3630333
7758 3631970
9674 3632679
12496 3639549
11969 3639947
13789 3641223
12176 3641250
14559 3647277
13357 3647432
13492 3648488
7599 3649982
15965 3650184
17274 3652037
25408 3652492
21659 3653850
22019 3654445
28091 3658879
13517 3659734
600 3659760
12363 3659784
25884 3659876
29260 3660494
2630 3662824
12951 3663412
8032 3663760
24712 3665432
20937 3666567
25164 3666926
3849 3668997
26537 3669208
22706 3670415
21507 3673882
23634 3674648
20242 3675966
23829 3676299
21266 3683953
28565 3683972
21790 3685532
23480 3689819
26923 3692212
28929 3693272
1985 3693988
3734 3696514
19340 3696644
28207 3699933
1257 3700083
21111 3701945
13731 3701981
15287 3702070
828 3702766
25429 3702895
23042 3703087
381 3708897
24412 3708999
14462 3710138
3570 3711140
14277 3712479
14434 3712599
22434 3715869
9379 3722653
9833 3723667
19180 3727711
16573 3729699
9446 3729743
28876 3731376
24043 3732180
9817 3732988
6119 3733239
2382 3733333
25858 3735880
5850 3739127
15733 3740599
16831 3745935
9423 3746283
13010 3748527
8008 3749878
18280 3751035
8770 3751677
28394 3752898
12042 3753357
12537 3755104
23866 3756707
28949 3758952
12656 3760636
5640 3762238
10223 3763283
1918 3765587
27192 3765747
6576 3765876
24328 3767632
7247 3768031
18089 3769938
12410 3770674
487 3771180
834 3771437
5658 3771862
2477 3772377
4349 3776320
8488 3776788
25624 3779183
9501 3779319
27318 3780585
11146 3784782
13515 3786328
24812 3787505
328 3788834
18239 3793991
24554 3794421
3425 3798383
26738 3801415
20698 3803927
4193 3804716
3896 3804844
1511 3806169
23889 3807231
28607 3807321
24279 3809969
2919 3812086
27795 3812397
1166 3812614
6957 3812861
21741 3814057
6698 3814452
15302 3816084
21100 3818327
1921 3818898
24763 3818963
29581 3820474
8910 3823596
27632 3824869
10273 3825411
14953 3827066
20107 3827791
18316 3828801
7907 3834791
21627 3835046
19811 3835762
12497 3836716
8233 3839862
5997 3843080
18789 3844336
7978 3845226
301 3846343
26717 3848784
12284 3850710
19830 3851126
24943 3852545
21880 3853100
25915 3853332
3684 3854568
2856 3854612
7140 3854735
11387 3855908
2040 3863116
14709 3863716
10482 3864287
16634 3864605
26306 3864949
20833 3866023
21346 3871125
29951 3871848
23626 3873208
17080 3873392
17133 3874119
28982 3878381
6330 3881639
17678 3883481
5436 3884645
16021 3886318
22342 3887429
24397 3891255
19964 3891374
3922 3892180
19132 3892982
4225 3893384
2346 3893715
27882 3895659
20674 3896477
29249 3898117
12541 3899219
4165 3903810
4327 3903888
16108 3904487
8788 3904525
25225 3906058
23012 3907025
9710 3909666
8382 3914127
24048 3916497
26728 3920210
21113 3920641
17324 3921858
12467 3922657
22265 3922735
15954 3923082
23506 3924888
8402 3925157
3278 3925267
7613 3928502
7849 3929168
27306 3930005
18457 3934968
19554 3935348
29571 3936145
11458 3937522
15432 3938844
6026 3943533
3130 3944191
22994 3945047
28258 3948271
5311 3950920
25844 3951663
382 3952279
7332 3953157
24383 3954383
14036 3955459
18471 3957015
6355 3959004
16938 3959417
10152 3959570
3146 3961107
27561 3961325
13710 3962880
1837 3963412
23814 3963814
3274 3964853
12270 3965256
26991 3967377
24884 3969131
11976 3970383
14004 3970993
23526 3974928
15737 3975704
1944 3976534
12334 3985416
2839 3985697
28120 3986941
3422 3988502
22053 3988528
6091 3989917
27276 3990424
3913 3993004
2862 3993642
10576 3994300
2749 3995278
9225 3997695
17359 3998535
24988 4000352
28869 4001347
26834 4001652
11600 4006694
17066 4006784
25327 4008402
26910 4009828
27610 4011436
17327 4012845
22481 4013244
24734 4018714
8317 4019335
19718 4024533
20716 4024772
21236 4025171
4250 4026290
21024 4036535
20447 4037301
29522 4037901
28041 4038917
9726 4039079
15279 4042149
4675 4042392
21565 4043388
23886 4045914
6708 4048290
27445 4050917
13546 4052885
27993 4055169
29987 4056915
13004 4057159
12312 4059036
13075 4060458
3830 4061241
24366 4061700
28747 4063073
6359 4063372
162 4065232
17930 4065463
17806 4068481
18525 4070392
920 4071244
27928 4072424
5805 4076242
24859 4076392
5598 4076632
28024 4077265
25651 4078076
4739 4079255
17953 4084997
23749 4092107
12889 4092593
1399 4093627
4309 4097902
3727 4099491
8940 4100093
28190 4101806
4971 4103032
27076 4103473
25475 4103537
28457 4105159
13035 4106573
5291 4106709
20668 4107747
2780 4111914
6962 4116258
7494 4118380
18877 4119106
7272 4120755
5529 4122584
24004 4123309
18375 4124127
12545 4124900
29644 4126670
24417 4128624
6291 4129739
6246 4130420
15419 4132658
3502 4132896
26270 4134684
8987 4135544
4200 4136091
26039 4140282
16321 4142132
28669 4142829
14788 4144023
29556 4147008
9 4148040
19173 4149060
12894 4149271
15399 4150734
8780 4151413
18472 4154189
21769 4159815
5838 4159924
26939 4163658
29361 4163990
2394 4164225
817 4164663
7996 4164812
15436 4166077
21356 4166443
16645 4167976
26925 4170706
1924 4171962
211 4176027
25433 4177623
20302 4178225
11038 4179645
13456 4180431
27356 4184270
12294 4184470
7683 4184838
27284 4185297
13507 4185920
27176 4187268
3292 4189475
26359 4190101
24323 4190154
6635 4191020
1324 4192319
9171 4194729
23078 4195084
24471 4195903
21775 4197251
21686 4198906
27704 4200137
25157 4201854
20380 4203744
4963 4204452
1910 4210157
16886 4210439
27618 4210692
12035 4212450
3489 4214489
14997 4214841
28535 4215690
16077 4217350
4219 4218532
21486 4218646
27000 4220125
29526 4221568
26316 4222414
26181 4225068
12027 4225254
7257 4228509
23918 4228784
12747 4231412
24696 4234166
28965 4239263
22387 4240868
8966 4243511
5652 4243899
5967 4244241
10470 4244868
11639 4245075
18201 4245367
4257 4246509
900 4246580
21364 4248520
17255 4248601
29717 4250605
23823 4250990
12769 4254340
15916 4255841
14793 4257039
12325 4257232
11535 4257546
10117 4257583
25950 4259783
22529 4259968
24113 4260674
24351 4261056
13678 4261468
9422 4264689
27619 4264942
18918 4265072
18263 4265266
20882 4267917
25830 4270340
27103 4270356
29939 4271445
27307 4272822
29692 4273757
9494 4274987
13958 4277241
1834 4280201
25470 4281603
20271 4282205
9753 4285632
11355 4286728
22152 4286999
5019 4287160
8646 4287375
9504 4287723
6623 4291828
6588 4292994
22933 4294051
6370 4294419
4973 4296008
24228 4298814
21638 4301009
28839 4301902
14600 4303043
26363 4306119
20316 4308182
23712 4311195
26108 4311339
26975 4312922
9528 4313009
23173 4315907
6154 4317506
4825 4317514
23259 4318559
17976 4318636
12487 4319005
13996 4321297
18331 4321874
20190 4324344
12623 4324414
19319 4325999
12418 4327875
7472 4328415
15976 4329918
20296 4331000
28779 4331279
21706 4332503
13434 4333501
2769 4334266
13910 4334882
5572 4335530
20265 4336650
25296 4336987
8077 4337492
15448 4337745
29352 4340059
11786 4344182
7742 4345222
21420 4345237
1038 4345427
25832 4345698
9825 4347919
17702 4359821
5093 4361339
10566 4365629
1871 4366505
26446 4367640
27762 4367782
10165 4370728
12333 4371448
10516 4375427
15101 4375716
21561 4377887
28997 4380539
13038 4381753
15138 4382434
8747 4382569
15289 4383903
25204 4384473
12797 4385552
26840 4387262
24008 4388403
15522 4390046
13826 4393110
11851 4396005
8240 4396831
12923 4396946
19621 4397873
26987 4399432
12475 4401604
20172 4401728
426 4402557
16245 4403562
29564 4403914
5858 4406200
20624 4406264
23137 4406439
12592 4406488
25001 4407265
17048 4411467
17150 4414934
24475 4415531
15059 4420471
3446 4421753
8336 4424646
22049 4426502
18562 4428513
3588 4428704
21224 4429868
21857 4430915
16454 4433790
26056 4438254
25054 4439415
14700 4439704
8255 4439776
18735 4443039
15204 4443893
6605 4444760
21208 4445516
9123 4446977
1276 4447360
432 4447389
25097 4449699
24955 4451042
25936 4451647
1541 4453299
2203 4454091
17213 4454340
5057 4454732
5871 4458610
14842 4460242
14763 4461628
18836 4462392
16994 4463272
16881 4463384
2392 4463860
27617 4465251
21286 4465474
16300 4466126
4722 4468793
23844 4469250
15917 4469451
24105 4470573
6522 4472089
1678 4473706
10338 4473774
28744 4475665
7691 4476816
1329 4476884
22090 4477072
18348 4479008
18646 4480226
9887 4480532
7989 4480900
22980 4481591
23271 4482372
17435 4488681
20680 4489325
26309 4489739
23129 4492152
27321 4492921
19741 4494469
18566 4495409
25838 4495985
21933 4501163
15233 4503371
17106 4507683
19348 4508163
10774 4508926
10568 4509292
17743 4509565
22159 4510157
8771 4510445
14975 4512901
13232 4513061
7098 4513695
29170 4513885
15949 4514813
11231 4515707
3624 4520975
1533 4521293
814 4524238
5679 4525601
23623 4528062
26652 4530685
8310 4531658
20684 4532324
13620 4534265
12242 4535578
14169 4538213
27272 4539038
5517 4541320
10722 4541998
14859 4546979
10133 4549411
13942 4549509
11090 4555754
489 4555838
23235 4558401
19317 4559779
19077 4560713
20539 4563847
19496 4573335
27757 4587714
9041 4587892
15877 4588255
17750 4588260
2338 4588709
16732 4589595
28357 4590927
28980 4592186
23035 4592558
24103 4592888
2397 4592998
25965 4593423
28372 4594087
29198 4595391
13634 4595977
15509 4597228
24410 4598603
14677 4598843
23740 4598920
7099 4599464
15130 4600039
5322 4600319
5407 4600678
16175 4601293
7737 4601611
17112 4602026
29838 4603337
13570 4605299
15817 4606481
26772 4606905
7289 4607010
18199 4607205
13137 4611039
4616 4611049
18556 4615415
12785 4615720
8331 4616422
13802 4616428
8558 4618385
7080 4618523
9006 4619814
16721 4620409
27175 4622689
24158 4628076
7285 4630355
1310 4630938
7161 4631182
6537 4633173
5499 4634472
9117 4635318
26912 4639501
25726 4640431
10964 4641294
23389 4641493
20947 4642887
27282 4644951
23615 4645208
15594 4649316
8412 4651574
16389 4654622
18039 4657145
26088 4658525
15626 4658528
365 4659127
4173 4660365
6788 4661702
21062 4663075
26722 4664508
24837 4664608
21251 4668867
15838 4670516
23683 4678000
29468 4678209
13538 4678292
5809 4678739
24736 4679917
24702 4680340
2444 4686635
3298 4689475
8859 4690462
28244 4691824
18996 4693276
13136 4694911
2876 4694969
14338 4695501
6639 4696386
25180 4698120
26951 4698983
11743 4699492
21443 4703505
27017 4704995
5984 4705159
29854 4711363
8567 4718656
7351 4720984
9238 4721388
9744 4723206
1004 4725124
21081 4725369
364 4728992
10258 4732093
10303 4732348
25313 4737450
25583 4739352
25550 4744797
5191 4745789
16065 4745800
13043 4747883
6353 4748403
22393 4749850
21770 4750788
1036 4752543
6039 4753226
27162 4753238
27862 4753397
7042 4753981
16244 4754136
5405 4754795
17794 4757910
22332 4758879
17945 4762182
7779 4764581
26169 4765286
23132 4768735
29009 4768970
10505 4769276
3046 4774793
11189 4778946
23941 4779226
16888 4779240
2832 4780375
8760 4782112
4151 4784415
17071 4787640
6394 4789124
12874 4789220
21673 4790349
4618 4796981
2888 4798860
20788 4801983
18841 4802791
12273 4804544
6136 4804608
25182 4805190
2401 4806210
14590 4806384
23812 4806660
24031 4808193
15451 4808947
9310 4809293
23496 4811482
6704 4811938
21293 4813773
20640 4814641
21902 4817503
24074 4819277
16911 4821750
1731 4821927
16273 4824032
10428 4826856
26545 4830770
18162 4831239
11240 4831736
27400 4833221
10414 4835897
4434 4836717
19623 4838384
3218 4838511
239 4838708
10785 4843649
18492 4845895
29287 4847693
23920 4849692
26275 4849939
26457 4851266
592 4851413
5733 4853075
14273 4853184
8413 4854350
27022 4856985
26527 4857381
4353 4857973
15113 4858042
18851 4858470
22343 4858791
1882 4860380
14773 4861826
29160 4863818
1841 4872196
7939 4874042
3766 4874385
17887 4875389
4961 4876163
24612 4876435
25145 4876785
16613 4877521
20914 4878699
15751 4880992
10024 4881525
997 4885482
17061 4888159
17901 4888257
17978 4894188
26444 4894572
18514 4896613
7309 4896999
9547 4898289
6659 4898986
15365 4899446
6058 4901602
10432 4904279
18455 4906065
14845 4908995
6783 4912437
16744 4913319
6619 4914362
23773 4922750
14699 4923562
8226 4928823
2450 4930013
19790 4936599
12529 4938309
21401 4938502
21517 4942558
43 4945748
4493 4946641
6396 4947113
22448 4947727
24650 4951068
4678 4951304
20764 4951424
16782 4953714
4751 4954580
18526 4956764
22379 4960503
21744 4965083
19410 4968465
11348 4968723
3692 4971299
28586 4972626
13921 4972783
1119 4974728
11096 4979182
3469 4979794
15170 4984045
14951 4984214
2479 4984340
2495 4985226
2193 4986865
20673 4988107
7677 4990005
3445 4992784
20641 4993237
13955 4994765
25594 4996972
21070 4999575
10851 5002456
7739 5004815
27246 5005194
23303 5009489
21854 5010293
21310 5012947
15315 5014064
5067 5015335
1465 5018406
27453 5019033
10040 5020664
21470 5025488
29574 5027229
96 5027870
9881 5028290
5372 5030145
7598 5033969
1478 5035866
7967 5036225
7816 5040741
16521 5041253
13014 5041567
29307 5042061
26585 5042351
8965 5044109
8491 5045997
1408 5046454
29178 5047941
19324 5048731
18874 5049446
16233 5050315
24128 5050609
14532 5051694
7298 5052082
14567 5052408
15524 5057023
29933 5060871
29291 5061039
824 5062424
27411 5063432
7328 5071985
1077 5073907
17891 5079084
17448 5083564
20562 5086554
29547 5088544
1304 5091051
7777 5091659
21633 5093247
2459 5093654
28015 5094241
24862 5096133
20855 5096373
19664 5103715
21026 5106179
19936 5113188
26789 5113223
29524 5113940
13058 5114149
7333 5114745
28316 5114866
19763 5115529
14585 5115954
25752 5116598
2228 5117764
5875 5120088
14579 5124554
27149 5127401
13309 5128363
16799 5131287
22656 5133003
23569 5133415
4568 5134562
14583 5136495
623 5140261
24866 5141148
3047 5142885
20557 5143069
5666 5147810
29530 5149843
24201 5151597
13030 5152375
7434 5154043
7074 5155725
27216 5157008
12382 5157830
28001 5157832
28287 5161382
21242 5163356
9531 5164700
25540 5167903
1997 5170390
12815 5171253
1739 5171940
21354 5174130
28614 5175015
12178 5178399
18612 5178467
22843 5178656
26261 5178678
7744 5178967
3249 5179200
11948 5181713
5780 5183089
15712 5183166
2330 5184242
1442 5184583
27989 5188001
17773 5188535
21188 5190746
25395 5191069
19516 5194130
11773 5194867
5271 5201925
23269 5202319
1816 5204026
11033 5211192
16183 5214488
2421 5215006
9394 5216467
13629 5216710
27547 5217614
6780 5218463
20869 5219452
27255 5219690
28176 5223177
11890 5225754
11941 5228125
818 5229334
27900 5229628
29186 5237385
25975 6292202
20811 6292325
8689 6292968
20785 6296587
8350 6296707
12163 6296831
13613 6297792
15107 6300357
5125 6303926
536 6305000
28338 6311042
4415 6311408
14233 6311748
17639 6312147
23799 6318077
18673 6319208
27281 6320964
12776 6322098
25105 6325017
2328 6326134
26237 6328519
7660 6328567
1781 6328869
16869 6331369
6042 6334308
12954 6336015
566 6337000
16923 6339494
10626 6339537
18295 6339580
21312 6340896
12734 6341312
24066 6342028
8923 6342465
458 6346486
22184 6347391
19725 6347999
4199 6348987
29254 6354956
13518 6356736
26023 6357628
28079 6358894
18464 6359287
21911 6364370
8312 6364531
3270 6364825
7698 6366108
14395 6367512
3703 6367711
703 6368018
4666 6368957
22424 6369848
9348 6372263
22688 6372497
897 6373811
12571 6374808
1 6375123
356 6376871
22493 6379424
4997 6381261
5773 6383937
22324 6387171
27091 6387545
17633 6387880
6700 6388464
2179 6389020
10557 6389881
10343 6389897
13283 6390276
12555 6390408
6714 6392928
26560 6393130
23772 6393584
16097 6399238
24634 6399521
13279 6401562
9012 6402267
22592 6403360
1640 6406324
7509 6407404
27266 6410239
25721 6410976
22187 6411234
1161 6411795
14274 6412233
10270 6412547
28407 6412964
13952 6413443
11039 6413592
23795 6415861
21997 6417348
4828 6418059
13307 6419289
800 6419815
6431 6422455
21418 6423125
20751 6428687
2647 6431621
24035 6431760
25704 6432343
1911 6432635
17046 6432842
10649 6435056
24777 6435279
13437 6436368
3536 6437444
1528 6441365
25515 6445023
21473 6445567
29768 6445676
18211 6446210
22123 6447509
20459 6448115
4524 6448409
21384 6448932
6795 6451574
20247 6452864
16031 6453223
18338 6453312
8962 6455177
324 6455319
21031 6456582
12504 6456928
3605 6457607
20194 6463853
7064 6464942
16715 6465296
26300 6468815
7296 6469416
19059 6469547
27290 6471574
11794 6474302
13264 6474955
21703 6475187
1629 6475413
20572 6477856
20453 6478499
24025 6479231
19881 6479815
18925 6482065
26164 6482740
25197 6484595
21947 6486063
29466 6488794
4557 6489054
20736 6489833
15531 6491840
9798 6491903
13600 6497922
8852 6498413
12731 6501720
10059 6504161
10956 6505052
13953 6506496
10361 6507299
8090 6507748
15667 6511439
18204 6514242
812 6514485
821 6515081
7747 6515143
4505 6516961
11797 6517514
12362 6517733
13741 6518833
9646 6518901
21007 6518976
12190 6521344
25902 6523340
24365 6523960
2691 6524242
13660 6525345
2513 6526836
23598 6527491
19760 6529470
20592 6530619
18631 6533195
13774 6533668
23384 6534082
24440 6534136
8577 6534412
10068 6536671
1988 6537215
19491 6537269
8277 6537581
3034 6537790
16970 6538241
22014 6538425
21510 6540886
5389 6543296
19260 6544585
11609 6546519
1060 6547224
28049 6548348
26318 6550958
23939 6553564
17243 6554953
27074 6555950
18114 6556476
3151 6556751
16763 6557085
15021 6558121
25922 6560546
26781 6561015
22443 6561406
28071 6562061
3677 6562628
11829 6562998
12136 6563999
21129 6565477
14762 6566567
27111 6568051
14956 6568268
23705 6570176
19115 6571086
17164 6571304
25178 6571810
2369 6572057
17595 6573444
28962 6575482
5017 6578578
29978 6579651
8042 6586165
18166 6587312
12558 6587761
2603 6588168
17097 6590265
25850 6592431
7218 6592923
19880 6594159
28825 6594907
2711 6595856
13003 6596865
4346 6598439
9346 6598756
18875 6600941
20034 6601638
18278 6602779
15301 6607688
14627 6608732
21910 6610341
6426 6613438
8066 6614499
11894 6615332
23862 6618185
1851 6619452
27827 6620490
11803 6621562
2214 6621589
7395 6621997
9565 6622432
16060 6623922
25228 6624053
18543 6626012
21227 6626874
29894 6627287
9353 6630399
13899 6631338
27426 6637075
20256 6638588
8433 6638661
20297 6644507
28817 6646935
7791 6652556
16611 6659299
7673 6660510
25445 6665590
1079 6666235
19314 6666899
11928 6671116
20571 6676641
13441 6677091
21945 6680147
21865 6680215
25474 6685577
27439 6689022
6503 6689777
6274 6690808
10595 6692872
6003 6694170
27084 6695451
23613 6699212
28504 6700646
18066 6700706
18153 6702622
5718 6705026
17419 6708730
18003 6710085
8302 6711564
26569 6712308
29452 6712701
15844 6715703
26827 6716957
10236 6717108
17268 6717809
16846 6719829
10546 6720022
16380 6721584
9037 6724209
7444 6725196
5802 6726358
7165 6730058
618 6730550
28375 6731070
9262 6734009
24018 6734077
15491 6734268
15183 6734449
29222 6734730
7672 6734768
25516 6735575
26380 6735971
10738 6736676
15343 6737060
1145 6738229
22907 6739684
5183 6740120
23885 6740214
24057 6740296
28806 6741102
17654 6741576
12782 6742364
7527 6742773
18363 6743503
17733 6745322
14084 6746201
25112 6747224
21815 6748882
23052 6749352
7505 6751127
1833 6751839
1192 6752568
24160 6753336
2093 6755277
16104 6755405
21927 6755714
9965 6756062
18945 6757167
3719 6757883
27035 6762117
2208 6762697
9265 6762965
5396 6762983
10613 6763928
17573 6767248
27922 6776395
28168 6776412
7667 6778531
25907 6784374
11772 6784740
15872 6786084
20548 6786587
9429 6787020
11276 6787966
12745 6788769
13779 6789943
16536 6792507
16823 6792808
2325 6794546
17057 6796091
23033 6797506
23988 6797697
29908 6808348
9408 6811543
18304 6819263
12061 6819292
11423 6820120
3640 6820690
19434 6822692
9556 6823503
792 6823908
12533 6825476
13463 6827317
11644 6827837
15027 6829506
2299 6830319
25881 6833450
28384 6833886
17767 6834833
12004 6835741
1457 6837400
21753 6841811
13349 6844842
22464 6847351
11357 6850194
11523 6851802
6697 6852066
10660 6852754
1204 6853076
15642 6857916
24356 6858777
28935 6861111
20451 6861176
23522 6861745
20740 6863092
14222 6863445
22569 6865168
7478 6867127
24815 6870685
24463 6871023
2172 6872779
10358 6874863
6043 6875043
17357 6875216
4436 6875274
9955 6875918
15225 6876360
21713 6877100
22527 6877630
17063 6881005
25962 6885453
21017 6888142
21073 6890442
14119 6892839
5876 6893638
3323 6894369
273 6897412
16401 6897595
15418 6897715
20204 6897954
18755 6898799
17528 6899790
10797 6902716
8547 6904643
3397 6904870
286 6905715
29539 6906064
14526 6906381
17811 6908229
14943 6908285
22398 6908655
24566 6908863
10966 6910027
17961 6911373
4459 6912830
25272 6913722
28710 6914543
14881 6917817
394 6918483
7499 6920254
12696 6920697
24182 6922618
22873 6922881
8535 6922949
10379 6924029
17864 6925911
10723 6931141
9976 6933018
6106 6936800
7048 6940186
7773 6943741
28867 6950314
17411 6954400
25136 6955880
13299 6957044
7718 6957175
157 6958714
15198 6959406
102 6960733
27429 6962072
17303 6962161
24334 6965181
4549 6965472
2962 6973395
29825 6973598
294 6974042
25723 6974953
21283 6976236
25775 6979264
9787 6979456
5410 6979830
6005 6982662
2977 6985310
17247 6991247
9738 6995444
15309 6997936
662 7001438
14028 7003418
6051 7004004
26871 7007154
12251 7010497
24751 7011338
6688 7011817
2254 7014510
2690 7015801
1048 7015986
4334 7017235
13497 7017323
28626 7020412
27110 7022315
1831 7022545
23242 7022856
20629 7024788
20146 7025167
26519 7028515
14116 7029751
4057 7031125
638 7034236
2494 7035946
14720 7036865
9824 7040975
6480 7042402
4101 7042443
12384 7043860
1916 7044859
5467 7045307
3501 7049811
11092 7050369
19345 7050626
6278 7050966
4458 7052121
24721 7054353
75 7054453
2509 7054860
27195 7056035
19332 7056398
23246 7057338
2841 7058981
5153 7059385
4210 7060510
17091 7061163
1782 7063967
9451 7069443
23698 7072615
10443 7074319
7067 7078700
4015 7079010
5130 7079111
21678 7081148
26044 7081475
9165 7081678
14553 7084004
15640 7084226
28678 7084763
21489 7085570
29084 7088446
17313 7089628
6964 7090505
21449 7092645
15682 7094248
10705 7096185
4987 7098947
7553 7099324
17572 7099513
19206 7101031
1618 7101060
24131 7101864
22140 7102222
9343 7103001
6531 7103732
27661 7104462
9484 7104939
9127 7105147
10087 7105774
14656 7106358
23328 7106784
11338 7106987
3823 7108448
5817 7110079
16748 7115206
19738 7116058
9855 7116774
29356 7118098
22911 7118291
267 7121353
26561 7124558
16738 7129832
19685 7130724
4935 7131081
6587 7132893
15456 7132948
12084 7134460
1607 7135795
24174 7137891
15734 7138187
4242 7138332
11459 7138810
11509 7140171
4955 7140249
9778 7141116
22329 7141494
8776 7142047
26924 7146292
8497 7147014
1156 7151680
11981 7152035
25823 7153001
18890 7154107
21521 7154256
16286 7156078
12796 7157378
7946 7157781
17907 7159718
2753 7160959
25388 7162232
29934 7168433
27787 7177007
12106 7182988
22674 7183691
3515 7184142
16726 7187283
25427 7187477
12098 7187764
7725 7187982
24376 7189265
15633 7189429
28834 7194236
25492 7194821
5346 7195161
9593 7200902
26048 7201565
26057 7210475
18569 7211009
18387 7211428
7171 7212135
8722 7213164
23000 7215156
19167 7218009
28711 7218926
2927 7219366
14181 7219494
1487 7222413
22802 7225266
18427 7226658
8314 7227481
1217 7228818
20113 7231187
13756 7231190
25062 7231193
29507 7231873
25676 7232475
20965 7232653
17068 7232654
7524 7233168
11977 7234212
26591 7235463
17831 7236790
7824 7239529
2555 7240208
18379 7241557
5565 7241898
25569 7242157
8459 7245315
4560 7245838
27921 7245852
22200 7246170
11669 7248219
6205 7248670
3135 7249796
5954 7250291
4126 7254245
27030 7257156
25466 7258985
11442 7260977
4491 7262100
9770 7262612
5991 7262934
14266 7263599
712 7265735
18383 7266689
19322 7267079
4734 7268532
17449 7269149
22390 7271772
26949 7272378
9380 7272497
8015 7273713
14460 7274889
6402 7277078
4538 7277501
15804 7277769
6295 7279744
14673 7279813
3156 7281585
3993 7282000
16125 7282914
13303 7283848
7619 7284347
16725 7287262
15390 7287947
26905 7288085
11907 7288997
15179 7289578
29394 7289631
9603 7289685
21009 7290475
6981 7291117
3096 7292817
2860 7293923
12377 7301770
22488 7307791
17656 7310185
24009 7310248
13859 7310882
27039 7311260
29313 7311344
5152 7314959
9725 7318401
17576 7319333
5225 7319669
4366 7321531
11196 7321554
10994 7321711
13145 7322206
24730 7322305
11168 7323371
27474 7325481
8087 7326534
11604 7326863
7131 7332486
3643 8391961
16646 8391977
16987 8394003
586 8395408
17186 8395530
28021 8397348
22188 8399080
10751 8399796
23241 8399818
25779 8405394
7789 8407384
17545 8407575
20832 8409660
7982 8411277
18394 8412730
28639 8414793
11480 8415180
21043 8415326
4624 8415726
19235 8416061
10128 8417023
11452 8417209
11217 8418102
1863 8418192
8550 8418370
27892 8419117
26759 8419817
29111 8420015
24252 8420143
14877 8420714
13735 8421203
14293 8422949
11577 8427736
9198 8428166
16577 8431319
10096 8433442
27325 8435236
4852 8437279
10907 8437374
23619 8438143
17292 8441997
20456 8444106
24978 8444802
18330 8445886
11144 8449046
5977 8449757
4539 8449805
15126 8449890
8316 8449893
3498 8449972
19678 8451841
29647 8452062
2854 8454865
15831 8457746
1159 8461409
15397 8462845
7407 8462945
19368 8465881
23708 8466099
19686 8467638
12510 8469699
1998 8470759
10588 8471787
16005 8471902
21488 8472398
8129 8473189
11617 8473379
18858 8475917
16624 8476713
15858 8477597
3599 8478334
26289 8484914
5173 8485056
17242 8485243
28229 8485373
15500 8487336
22427 8488240
20722 8488464
7127 8490283
12955 8491428
5532 8492021
28076 8492709
19336 8495862
16211 8496334
4164 8497276
20555 8500280
13186 8504266
26376 8504686
13711 8505211
15067 8506908
5681 8507687
1828 8508024
16574 8510146
20814 8511634
4294 8518193
8205 8528177
1446 8528558
28687 8529255
24077 8532444
26084 8532907
9997 8533888
23837 8535329
23507 8535433
21916 8535964
7502 8536207
3844 8539779
7551 8542100
15437 8544263
17550 8544471
9612 8550116
20754 8550296
17737 8551567
29102 8551569
22683 8553737
10007 8553873
7020 8553956
344 8554708
11186 8555581
25983 8556582
17665 8557169
16677 8559706
10898 8560098
25312 8560184
823 8562138
8714 8562892
7150 8567098
4592 8568138
20032 8568486
6618 8570766
993 8572597
8840 8574067
26037 8576180
9129 8578619
21529 8579640
12 8580957
16266 8581711
21432 8581991
4325 8582330
23674 8583779
17842 8584873
14904 8585495
14809 8590771
11953 8590856
23074 8592349
26481 8592829
9043 8593165
14479 8593593
20993 8595621
20029 8601387
15577 8601818
6723 8604645
9286 8606975
28045 8607198
10123 8609269
20575 8610148
4362 8613243
27068 8616200
13288 8616966
4842 8617106
17265 8618167
16225 8620789
28039 8620916
4563 8620991
18423 8621728
26001 8625756
20066 8625789
27829 8628216
1386 8629523
3049 8630246
15078 8631687
7693 8632359
17111 8632695
11942 8635593
2589 8637722
6628 8641908
23299 8645039
7178 8647116
19904 8647367
6807 8647789
6538 8647993
10317 8648910
26226 8650624
2484 8650647
6259 8651617
1712 8652332
19883 8653587
21645 8654427
28847 8654649
2309 8655274
5574 8660506
25444 8660666
854 8660803
24149 8662836
25125 8668819
14969 8669180
12507 8670107
18855 8670933
5855 8671639
5016 8671994
27206 8672124
4217 8674100
9664 8675111
19974 8678741
13335 8679214
27322 8679246
11163 8681849
10862 8682566
1116 8683724
7250 8683984
20796 8690075
15024 8691803
17889 8691882
14960 8692396
5366 8698162
1186 8698525
982 8698826
22975 8702393
3695 8703458
2335 8703595
6117 8710160
13300 8711298
5952 8712358
11789 8712728
27258 8714022
15192 8718188
18442 8719967
11468 8720614
21092 8723428
26982 8727956
29053 8728155
18000 8729123
17417 8730078
20276 8730863
8914 8731789
14825 8732167
13734 8732761
8623 8732935
14086 8733004
3918 8734641
443 8739427
15034 8741858
16706 8743696
23549 8743828
10422 8743906
22641 8744947
20203 8746510
23556 8746686
2936 8747433
3117 8748536
4396 8748742
29473 8751476
14529 8753099
1490 8753922
3555 8755026
8463 8756413
1977 8756705
27332 8756767
15258 8758458
19917 8758530
10651 8760274
24414 8760915
10513 8760943
3461 8765555
22098 8766135
6724 8768583
5570 8769510
9551 8771632
18359 8775439
23479 8778231
26060 8779825
11881 8780841
13956 8781373
9071 8783656
17957 8783686
24635 8783779
5150 8784736
6804 8784942
18546 8785238
29265 8785512
19061 8786736
11463 8787843
14971 8789640
28105 8790036
21742 8790360
20900 8790388
10383 8792010
11257 8794839
12197 8795430
12618 8796878
19680 8797808
24340 8800083
21051 8804360
9535 8807147
13298 8809605
5937 8810047
5272 8812827
9303 8817405
23629 8817415
24821 8824015
7974 8825083
18244 8831455
19227 8837495
10381 8838581
6189 8838966
22276 8839053
19062 8841733
23287 8842609
25552 8844822
6502 8848060
27872 8849481
14602 8853002
29727 8853801
14182 8861624
6838 8862327
27370 8865893
20511 8868953
21075 8871552
17369 8878785
22429 8879980
1552 8881619
14669 8883711
9222 8888015
16953 8888455
26933 8889393
2789 8890250
18872 8891260
20667 8891352
7327 8891700
22906 8891714
9047 8894400
4102 8895784
7002 8897351
16369 8897636
1725 8898161
4546 8900773
11094 8900954
4445 8901404
14538 8905504
4271 8908923
18053 8912577
2559 8917570
7058 8917711
26936 8918659
19587 8921188
13931 8921321
28722 8921975
24095 8926124
16552 8926618
29663 8928986
11698 8929866
180 8936476
14022 8936997
29794 8938005
23264 8938598
22119 8938924
24652 8946267
18208 8948252
6805 8949009
9758 8949686
5297 8949885
19506 8951393
6661 8952075
27302 8952563
25246 8953450
516 8955534
21140 8955886
11579 8958430
24317 8958533
5626 8959959
22784 8962166
22110 8962478
9032 8967275
29367 8967303
17561 8968676
17169 8968829
21843 8968865
25834 8969795
21886 8972012
20909 8972314
10953 8972939
26224 8975235
862 8976043
9435 8976152
9899 8977897
29577 8979450
901 8979943
28470 8980395
2395 8987224
2469 8987980
17784 8989608
23596 8989932
11258 8990111
26776 8992583
28602 8997473
2204 8999777
29671 9001501
12171 9003276
11460 9003627
15048 9005467
15150 9008730
24433 9008946
1830 9009685
27 9011633
5905 9012441
19399 9012780
8757 9018991
27451 9021080
20229 9021898
18466 9023019
13872 9023572
4303 9024996
6796 9026679
25048 9026874
18117 9027216
23699 9027740
1981 9027879
12672 9028646
20141 9032175
9929 9032702
19652 9032908
18590 9033478
28871 9034712
18325 9036291
23334 9039423
16917 9039518
15910 9039589
18355 9039897
26881 9040388
24436 9041950
21748 9042778
25968 9045739
9489 9052832
17288 9053007
12851 9054738
17299 9056201
7534 9056355
18181 9056809
7840 9057260
12342 9057408
28297 9061695
27931 9063599
8184 9066082
18214 9066229
17407 9068144
1939 9070370
8385 9070696
3666 9070856
1592 9075202
15934 9075678
4286 9075834
10714 9076242
24164 9079409
4174 9079574
3978 9081922
3571 9082021
6507 9083476
398 9095103
8046 9095509
13271 9095961
28680 9096371
1656 9097466
22283 9098281
24888 9110160
22936 9110414
15046 9110556
24911 9113334
7697 9115747
19018 9116504
1214 9117497
22929 9120179
5159 9122287
630 9123180
20177 9123243
25938 9124756
5628 9126120
18484 9128037
19484 9128335
4240 9130076
29172 9130201
14500 9131990
24603 9132042
9340 9132069
4181 9133813
7207 9137651
24474 9138778
24572 9141065
21028 9144639
28672 9146460
13072 9146707
22051 9147857
729 9149788
2004 9150299
10517 9158737
15631 9160492
28062 9175117
11754 9176394
14758 9176508
13012 9179546
5313 9180717
122 9185362
395 9185643
26260 9187165
17381 9188840
25802 9189621
1306 9192213
463 9195136
22101 9195414
12350 9195684
6994 9197178
29396 9198510
21711 9198627
22782 9203001
3018 9205082
8701 9205666
18311 9206128
5717 9206769
17840 9208294
20457 9208522
28563 9210360
25815 9212642
24297 9213425
28264 9213920
1387 9214123
8642 9215245
2803 9217762
28261 9219598
27336 9221143
7275 9225016
20288 9226170
8595 9226535
4968 9226744
16821 9234191
14294 9236254
26393 9238960
19543 9239625
14647 9240063
2847 9241036
19325 9241747
6371 9244431
23155 9246246
27766 9247756
19424 9248876
19208 9249135
7650 9250681
24310 9251945
16262 9252471
15557 9253995
29166 9254439
26354 9254649
4296 9257709
9919 9258921
13413 9259998
28647 9261675
29008 9262257
5073 9263389
11370 9263576
24520 9263660
16146 9264402
6356 9265311
10465 9266725
3056 9266760
4290 9267559
17384 9269097
14160 9270263
11844 9271584
6501 9271647
24039 9272065
7236 9273217
56 9273476
20552 9274238
7325 9275199
28133 9275254
4398 9276602
29495 9279190
18453 9281618
20436 9282716
14282 9283520
28658 9286343
9410 9287774
7041 9289006
15330 9292807
12980 9294034
23697 9294395
7827 9295882
28899 9296520
1338 9297542
8386 9299049
6562 9300170
16853 9300973
25399 9302345
18808 9303104
5625 9304766
25549 9304768
4259 9307588
8088 9308274
24065 9308811
20728 9309670
16803 9310025
17475 9310774
19207 9311480
17865 9313308
21905 9317192
10600 9317386
18798 9318209
7971 9319016
16155 9319267
28302 9320370
14411 9324138
17998 9325401
3005 9329941
20662 9332615
25183 9333127
15871 9333470
10382 9341256
2999 9343821
21829 9355387
23701 9355912
22094 9362974
29107 9373587
166 9374370
22282 9374621
23434 9375138
18648 9376428
21238 9376914
28802 9378396
26654 9378454
29997 9379002
21403 9383147
13125 9383268
1428 9383631
7947 9388965
3181 9391460
29694 9392808
19553 9394166
11502 9394409
19754 9397286
23922 9399071
12323 9400932
3794 9401774
20023 9402697
19890 9403272
20975 9406370
28608 9407352
6107 9407818
10962 9409766
20115 9409975
16707 9410295
26045 9411687
20493 9420952
23195 9422058
4363 9426575
17941 9428761
19916 9437322
3724 9438804
18294 9439576
22295 9449848
13160 9450362
5331 9450474
19406 9454967
1609 9455227
28538 9455476
29650 9456806
21783 9460498
17263 9461514
6907 9462972
20445 9463544
15466 9463772
22047 9464179
11249 9464190
3398 9464817
29374 9466941
494 9469440
8338 9469602
15118 9471145
23282 9473017
2889 9474159
16019 9474229
21317 9480028
3527 9480097
12245 9482778
5651 9483689
2406 9487155
3647 9487176
14976 9489188
4797 9491349
2125 9491497
25446 9494178
6868 9494757
29343 9497020
10250 9500441
11206 9500533
22557 9501356
23882 9501615
22234 9503118
18987 9503402
7900 9504144
25032 9505650
3698 9505663
10729 9506347
18651 9507101
6320 9507548
6751 9508139
29461 9508674
6731 9509327
15673 9510205
2081 9511155
357 9515988
7065 9516376
29770 9516911
17179 9521080
29024 9523216
8793 9524329
23907 9525596
29843 9525904
25172 9526115
1975 9529658
13165 9532516
1376 9532818
6764 9536155
17703 9536211
18091 9541541
18281 9541643
15987 9542380
29884 9543406
27339 9543950
23027 9545618
10526 9547356
3313 9547515
22000 9548660
1544 9549679
18970 9553187
29299 9553225
20460 9553790
25883 9554899
1759 9555926
7174 9557750
19172 9560258
2549 9561555
21756 9562170
23986 9568896
19866 9569445
20944 9569720
678 9569758
23382 9569962
12081 9570191
11097 9570256
5826 9570327
27598 9574369
7811 9575597
22433 9576850
6895 9581867
4919 9587174
18307 9590229
8346 9590666
16690 9591469
18990 9591616
25061 9593994
11787 9594374
24175 9594667
7761 9594885
14173 9595552
26022 9597443
10278 9600636
13617 9601505
22964 9601890
12962 9604181
12459 9606707
23439 9606995
5480 9607672
26475 9609885
24401 9609954
24242 9610686
7941 9611951
14955 9612743
12196 9616104
29409 9618014
27768 9618500
14216 9619760
20178 9623232
4823 9625939
25530 9627055
7964 9637235
7110 9637434
27441 9638983
27043 9639634
18810 9640424
17897 9643601
26700 9644751
24167 9646683
19401 9647626
22106 9654170
24311 9656073
21504 9657419
3947 9659391
16071 9662814
17189 9663817
23354 9663827
20757 9665452
2028 9666314
28464 9667721
13900 9668048
19981 9670568
6403 9670998
26907 9671772
15109 9673307
21946 9674640
9614 9678047
6571 9682186
19929 9682539
14480 9684767
26094 9687119
23126 9689923
22852 9690032
24349 9696306
4369 9697077
6978 9698799
12681 9698996
19481 9699562
2202 9700858
10180 9703269
7810 9703875
2211 9704002
21348 9704672
4509 9705220
7486 9707915
1299 9709565
3050 9709888
13424 9713199
6801 9713550
13630 9714141
21778 9716752
15586 9718623
18667 9719818
27394 9722763
2085 9723032
7118 9723794
1550 9726399
12185 9726561
27665 9726834
8238 9728339
17427 9730902
22360 9731350
10016 9731877
29375 9732235
12085 9733218
25648 9733268
15684 9734832
18930 9736573
6040 9740122
316 9743457
2329 9746040
9537 9747630
22805 9749322
21020 9751708
21404 9752014
2186 9752803
10931 9756107
6476 9757760
24188 9757832
29420 9758078
21648 9759357
13632 9765482
1188 9766458
576 9768354
15824 9768649
20837 9770309
3172 9772904
16119 9775132
6951 9776697
14689 9780649
20435 9780953
247 9782338
21704 9786064
5964 9788499
27811 9788519
865 9790254
3617 9791107
24119 9791978
28056 9792939
23768 9793759
21668 9795981
29073 9796611
19372 9797069
28507 9797520
16776 9798470
6217 9802471
25168 9803107
27333 9803826
5641 9804010
18060 9807157
7286 9807252
3303 9808043
9784 9810287
9961 9812308
5427 9812392
16919 9812469
12100 9812629
7829 9814958
25392 9815373
28885 9822100
14993 9823571
22040 9824479
23822 9824993
1460 9825684
16520 9826792
28539 9828220
7696 9828441
16792 9830227
9697 9834427
26898 9835980
5611 9838051
15005 9838139
19407 9838292
10487 9839567
21475 9840285
11075 9840730
10815 9840859
21661 9841892
11531 9842602
27918 9844173
7930 9845241
16522 9845331
9765 9847170
6337 9847673
21991 9849697
11253 9850169
354 9854606
11647 9855480
18602 9857071
12307 9859267
1764 9859526
22556 9860427
16791 9860494
11216 9863613
1282 9864412
6645 9864439
4051 9864574
28427 9865292
1972 9869168
9228 9869421
9367 9870539
11465 9871971
4680 9874400
6585 9874900
3116 9875134
23798 9875843
17532 9878641
5675 9879075
639 9879111
29354 9879933
7195 9881657
7585 9882455
29208 9882700
13889 9883346
26649 9884030
17761 9884203
7723 9884520
21650 9884652
14187 9886968
1407 9888998
28122 9890703
9541 9891220
12621 9896817
25383 9898987
25193 9899914
12652 9900165
12434 9902608
1940 9905618
21705 9906606
213 9909432
27157 9910154
15542 9916214
13850 9916292
19458 9917255
26970 9919019
16499 9922773
7951 9922812
293 9923381
16514 9926628
8191 9928172
24431 9930086
9640 9931244
20547 9931360
28206 9931578
11918 9937313
23728 9937636
28572 9940300
19465 9941008
10678 9941734
27516 9944160
3242 9944534
5262 9946023
18957 9946295
5897 9949192
13190 9953030
5583 9955880
27052 9957195
26930 9957332
22572 9960623
12015 9961652
16780 9963421
6404 9965394
5454 9966629
13407 9968117
7105 9968897
9776 9969502
4949 9970840
23039 9971817
20649 9973867
21584 9976927
11429 9980796
22020 9983986
2053 9984224
18238 9987619
6920 9989138
13260 9989272
6928 9989664
22281 9992783
21966 9992821
1273 9996617
1423 9999410
20038 9999837
11114 10000105
14148 10000835
9386 10001006
5962 10001400
2822 10004852
10674 10005850
23381 10005992
14523 10006769
28579 10009627
3060 10010021
20160 10010059
29641 10013172
14237 10013220
11818 10013335
17163 10014521
13575 10015633
19684 10017471
26766 10021164
17344 10021878
22418 10022799
16542 10023911
4747 10026984
4808 10027399
135 10037116
25053 10037133
6264 10038792
23820 10041110
12306 10043312
27278 10044473
28192 10044721
1978 10045816
9419 10048665
16794 10048854
29410 10049677
10523 10052212
13428 10052957
21341 10054005
15558 10056839
13168 10056996
18882 10060459
5460 10060475
23082 10060747
28214 10062009
19944 10066270
28396 10067908
26885 10070838
7741 10070987
18722 10071541
23160 10072723
8325 10077344
9185 10077706
4983 10078236
25973 10078780
3924 10081551
21852 10083789
24139 10087175
11179 10089114
23433 10089224
10918 10090424
22075 10091333
14785 10092896
20911 10093057
2770 10093722
1952 10094081
21271 10096917
1575 10098232
10840 10100988
9707 10103790
19433 10107776
25796 10107936
5951 10109248
14988 10109482
10247 10110237
9793 10110867
29594 10111876
12825 10113898
28757 10117538
28644 10120194
12282 10122599
14574 10123827
1113 10125526
27924 10126721
22439 10129504
14108 10130690
16197 10131674
6401 10132747
7197 10144046
705 10145153
5908 10146908
3090 10148621
27726 10149422
26341 10165393
18871 10167894
1006 10168369
23520 10170547
10502 10171195
11868 10171933
25814 10174441
28829 10175328
2821 10175468
15760 10176288
20597 10176576
27187 10177022
11806 10178525
17950 10178716
17990 10182792
5746 10182858
16754 10185719
6124 10186747
17403 10187162
28473 10188367
14678 10190131
1092 10191532
5613 10191778
3749 10191886
17172 10192022
14622 10192075
10368 10192134
25619 10192249
4826 10194144
6216 10194371
6433 10195452
26863 10198360
2915 10207321
28417 10207331
28353 10208444
4530 10210086
9027 10211942
22836 10213280
21179 10224360
13589 10225328
2162 10227272
22269 10229066
29690 10231452
27654 10231536
27088 10231846
107 10234272
16935 10235508
21002 10236034
615 10237738
28788 10237971
17973 10238268
14358 10239295
12777 10240367
21235 10244413
8175 10248382
10977 10248917
5943 10249664
9407 10251971
8903 10252225
4188 10253852
26730 10253920
28016 10254158
9444 10256827
21616 10256992
16003 10261967
403 10263501
28862 10264954
8417 10265511
10473 10265701
8490 10268508
25747 10269890
15911 10269925
9821 10270981
15205 10272590
12051 10276549
7163 10276650
27245 10278153
3953 10279070
7204 10283178
22969 10286203
14393 10287139
11135 10288477
19504 10288767
10318 10289197
15753 10290617
27152 10293236
19872 10294541
14362 10295636
11714 10300101
27395 10300500
1537 10301395
23237 10301402
4853 10301412
17853 10310801
27481 10313751
5754 10314052
26389 10318993
14697 10321427
9834 10322157
27765 10322374
16786 10322957
15091 10325366
515 10325483
20972 10326003
2084 10331488
1046 10332278
10590 10332621
14132 10333311
29775 10334668
19479 10336995
4874 10340609
22526 10340784
11500 10342426
15850 10342501
20431 10343337
12931 10345593
9858 10347293
4656 10347303
6125 10351320
18093 10353684
9719 10354595
9438 10356415
19060 10357891
948 10358096
15819 10358686
17741 10359426
27003 10360370
22116 10360918
12371 10362281
15519 10365514
28492 10366771
18929 10367073
22697 10367284
15731 10368035
22195 10369767
3554 10370186
17308 10370450
25948 10370452
23540 10371109
23318 10372289
10078 10372536
23578 10373255
8951 10373324
11694 10375927
22633 10376173
153 10378184
1105 10378818
9075 10378950
11884 10380640
12291 10381652
10952 10382086
25766 10384899
16260 10385618
23102 10385763
18206 10387340
23040 10387788
6367 10389355
26860 10391855
3059 10392217
13445 10393615
14760 10393672
1992 10394833
1394 10403909
26369 10403952
1741 10404276
22991 10404634
11798 10405633
24006 10406160
26674 10408229
5638 10424275
14345 10425162
22727 10428954
25532 10429342
10725 10429631
5098 10430856
3970 10434245
29097 10435117
12949 10435321
3764 10437055
8094 10440779
8954 10441040
23516 10442048
5147 10443852
25367 10444871
28278 10448682
12650 10449991
24729 10452677
10150 10453597
5581 10455007
21314 10458894
11314 10459576
19309 10460539
24999 10470421
3682 10476649
21048 10476968
20219 12584776
2140 12585433
9109 12585539
22660 12585560
9168 12592743
26440 12594276
12388 12594678
23746 12601016
14967 12602476
23429 12605050
2736 12605308
19198 12605747
19379 12607379
16037 12608168
28864 12608204
6138 12609544
6963 12611789
16379 12613243
13730 12613753
10929 12615819
23651 12617474
16649 12618267
8425 12620157
6768 12620257
15982 12620595
10938 12623387
8668 12625169
16174 12627784
25716 12628565
20329 12628771
13647 12629942
28994 12630932
8683 12633939
21618 12634391
28126 12635109
27214 12636387
4787 12639237
15882 12640965
29366 12641243
23228 12641620
20763 12642518
11546 12643102
25718 12645648
15678 12645929
17412 12646424
8165 12647942
22523 12650126
29029 12650976
5722 12655127
3104 12655308
6019 12656187
12045 12657354
28413 12659196
14109 12659511
18676 12660153
8661 12660794
9481 12661237
13406 12661968
25849 12668644
12030 12669021
12727 12670354
22065 12670431
2878 12670666
3447 12672119
20953 12672979
24876 12673158
22854 12674517
5233 12675654
27875 12677496
13963 12677789
23330 12685168
3201 12686899
23824 12689483
16928 12689809
29917 12690999
9257 12691813
25147 12695434
21597 12700663
520 12702358
11681 12702625
7201 12708395
9401 12711250
28981 12713059
6407 12713294
24303 12713935
22420 12715518
16570 12716786
5309 12718620
449 12718894
5177 12719402
3948 12720506
22206 12722332
22550 12723896
3487 12725159
15541 12726149
20279 12727358
24944 12728867
1199 12729650
297 12732709
16122 12734614
7717 12736332
4068 12738308
24391 12738744
24298 12740569
24688 12743460
23427 12744315
20719 12745186
26449 12745560
24022 12746534
24027 12749312
26385 12752439
16340 12753757
28161 12754888
21875 12757350
2548 12758824
19864 12759138
13316 12759860
15354 12761996
14224 12762144
28703 12765175
25223 12765294
22091 12768513
11591 12768727
22028 12775918
22591 12776201
22318 12779390
13393 12779756
19383 12780084
14938 12781336
11193 12781647
26450 12781876
12704 12783162
1903 12783810
21423 12786650
16415 12787501
4154 12788492
26438 12788761
5168 12793245
3496 12793846
4412 12796968
1749 12798177
19230 12799790
12318 12800081
15998 12802826
19212 12803255
29847 12804112
11614 12807317
29651 12810093
2492 12810375
17343 12812083
8888 12815260
16890 12816599
15460 12819305
4079 12819613
6999 12819850
28447 12820194
11399 12821569
3812 12822621
26038 12826431
22160 12826792
17815 12826899
10820 12827428
9870 12828739
10695 12833526
25127 12834983
1564 12837343
28952 12839087
20158 12840180
11897 12842624
6770 12847444
1950 12848615
5602 12851044
23775 12852362
5762 12854521
16675 12854654
14803 12854931
25572 12857993
18198 12858655
2236 12858725
1670 12858764
17078 12858968
19576 12860776
2638 12860906
13594 12861115
10048 12865263
23301 12866545
14751 12869283
11344 12870486
29154 12871492
17020 12871838
10469 12872386
18477 12874506
16501 12876679
2497 12879290
22867 12881795
14106 12883092
9159 12883849
5576 12884141
19801 12892032
7017 12895672
5240 12896770
15116 12897758
17511 12897800
29729 12903692
21109 12904798
24709 12908839
28128 12909552
7566 12909896
7634 12910199
3915 12912967
17464 12913704
6145 12914202
28135 12918282
24264 12919490
26915 12922198
9699 12923442
3101 12923471
20852 12925066
21628 12927766
17072 12929838
5535 12935662
10625 12936984
20732 12947007
15692 12947322
9828 12949577
17289 12949579
6175 12951008
25099 12951272
3340 12954093
3337 12954197
11221 12955028
26733 12956757
7375 12956994
23275 12960045
10378 12960529
11203 12962138
5590 12962375
6583 12963759
12751 12968949
15888 12977980
13439 12979532
26182 12980244
22071 12981302
3824 12983463
9659 12983495
13869 12985784
15447 12990504
19840 12990648
15668 12992000
24370 12992281
13234 12994937
8712 12996125
21245 12998841
6615 13000337
13880 13000914
534 13002651
26708 13006514
29798 13007217
17796 13008656
7422 13010078
5047 13010347
11994 13011941
29846 13012115
13987 13012231
23487 13014355
676 13017171
23498 13018214
13149 13021433
18709 13021476
1177 13025361
5594 13025669
9289 13028239
22937 13029269
9193 13031651
6457 13031905
18118 13032679
27238 13033824
14712 13033881
2622 13034576
1935 13035027
10122 13035451
2613 13036265
12456 13036928
9580 13042549
13934 13045957
2824 13046760
1733 13047787
1590 13049301
20521 13049346
21964 13050354
18458 13050900
27584 13051320
9425 13051544
1482 13052782
11062 13052815
8545 13066672
9838 13069187
21899 13074846
370 13075619
24429 13077328
9599 13082828
2895 13084480
23019 13085419
21660 13086484
13596 13087567
6938 13087896
29110 13088012
29995 13090963
3585 13091941
1826 13094302
27497 13099383
19912 13099509
15083 13107343
19960 13107682
2788 13108243
24931 13108393
23424 13108685
29416 13110228
18087 13111664
13530 13112564
14923 13113978
268 13114835
3848 13117458
7638 13117967
7447 13118954
5787 13119073
15312 13119306
13646 13119331
29229 13123614
956 13125312
16507 13125634
7173 13126704
20450 13126959
17314 13127791
8439 13130578
8907 13131953
18175 13132344
2621 13133822
19892 13136987
5925 13137960
14734 13140146
12254 13140242
22707 13140973
5885 13141068
10554 13143797
19619 13144081
13409 13146153
18422 13147069
25434 13150641
8306 13151498
2743 13152796
3154 13152814
15601 13153200
7528 13154132
8040 13154707
12370 13155572
29193 13158329
22237 13160214
3631 13160774
19128 13161684
3788 13162421
21183 13163512
10572 13165536
18137 13165615
12296 13167321
21961 13168252
7390 13168452
15685 13177522
26115 13177910
196 13179307
7938 13180286
19972 13181317
11966 13183404
24985 13183801
26149 13184317
24601 13184638
22408 13186416
2120 13187035
22901 13191447
8408 13198130
1928 13198284
28461 13200171
25430 13200762
27063 13201515
25447 13203434
26035 13204382
14100 13204838
20846 13204930
10286 13205152
11711 13207707
20037 13207898
27454 13211208
10632 13211728
28550 13212132
4626 13215135
5927 13217691
12305 13223633
20338 13224671
10704 13229020
27197 13230166
7405 13230410
20183 13231422
4086 13231884
4570 13232525
24430 13233481
17569 13235325
9572 13236450
28490 13238080
12372 13239803
26109 13240148
24336 13240836
20861 13245044
27446 13245370
11000 13246136
11741 13246256
1098 13248386
1587 13248441
12524 13249524
22010 13250194
11318 13256259
26816 13258396
26681 13259345
9812 13259727
9590 13260213
10837 13260324
19166 13260890
13293 13262855
12447 13263440
21883 13263524
15152 13265602
4482 13265846
20477 13267230
10979 13267746
9363 13270593
5030 13273367
776 13274152
22573 13277052
27235 13277113
2437 13277473
6803 13278710
22138 13287843
23739 13289908
13663 13291028
7489 13292273
6281 13293586
2147 13293880
9018 13294840
13992 13304280
101 13308289
25179 13310460
4761 13313545
21090 13322255
2956 13324094
19893 13325267
343 13328545
18390 13329855
10149 13330828
13664 13331397
1645 13331595
2687 13333006
5818 13336422
29991 13339972
27201 13353113
11717 13354426
22255 13355280
19884 13356459
7245 13358070
14009 13360201
24122 13360475
24753 13370679
93 13371333
27519 13373799
9096 13375702
14494 13377056
29241 13377824
19459 13379571
22789 13380721
28517 13386645
28715 13387041
2954 13388466
6553 13388696
17923 13389912
22384 13394632
8805 13395324
19952 13395779
24224 13396412
12548 13397648
3494 13399128
633 13401605
1630 13402802
26264 13404679
1069 13404982
1605 13407465
25016 13408901
22738 13411356
27299 13414648
18366 13415090
1447 13417562
7704 13418503
12705 13424360
19852 13424392
10611 13425935
20512 13426953
23291 13427737
24826 13428214
3594 13429968
21116 13430577
19609 13433213
11263 13437199
23690 13439152
19785 13444093
3581 13445393
3808 13446131
12862 13447375
14285 13447444
6272 13450382
1414 13450815
22179 13451511
16440 13452806
2460 13459563
3412 13468282
29988 13472394
5082 13474650
15188 13475140
25319 13476022
15898 13476696
26424 13477315
19876 13478334
11017 13479504
22231 13482481
17147 13486934
6104 13494360
15884 13494469
26383 13494595
4191 13501181
22972 13501983
24583 13503938
12890 13507579
16024 13509291
9377 13515304
13948 13516118
10195 13516731
20416 13521309
5403 13523259
19613 13523482
8379 13524786
26247 13527379
2898 13528079
17306 13528882
13597 13529620
7625 13529730
1946 13532111
169 13532458
18838 13533069
23502 13533257
9521 13533331
2054 13534698
9068 13535175
28391 13535312
20798 13535637
6286 13538569
10393 13539215
5556 13550550
21452 13551817
4167 13554825
27741 13568320
25828 13572554
12553 13574095
4523 13576473
11800 13578053
25101 13578434
21835 13579750
25373 13579804
13326 13581377
12297 13584068
12237 13584797
15490 13585606
4820 13590844
6265 13599264
13364 13599773
27961 13601073
19139 13602571
393 13603111
3418 13603361
25773 13604292
4921 13615187
25026 13615667
27189 13617369
