6069
135 1.336940
14345 1.334724
29908 1.334042
28962 1.317390
21902 1.315886
10050 1.315886
26917 1.314587
29186 1.310352
18093 1.309396
24074 1.307349
4803 1.304216
1927 1.299248
927 1.299248
9668 1.297429
10121 1.294494
24564 1.292993
24601 1.290601
13431 1.284798
29019 1.284038
23480 1.282492
21797 1.280795
14460 1.275821
21290 1.275345
24825 1.275071
17068 1.272938
6883 1.271962
5272 1.269941
24128 1.269283
17638 1.266098
2369 1.265727
27332 1.263377
4180 1.262025
7625 1.261921
6562 1.260930
6899 1.260606
23237 1.259799
13589 1.258794
25968 1.258713
29859 1.258578
21650 1.258470
21916 1.255804
2437 1.254855
25817 1.254250
16211 1.254155
26316 1.254054
18359 1.252952
20454 1.251118
22777 1.250404
15320 1.249787
2382 1.249583
23498 1.249199
24709 1.247785
18180 1.247528
4935 1.247201
13349 1.245865
20852 1.244409
21392 1.244201
26429 1.244020
12890 1.242846
7698 1.242305
16011 1.241386
9537 1.240635
8295 1.240349
1629 1.239604
13546 1.239170
4879 1.238346
17558 1.237653
15500 1.237379
29191 1.237061
4041 1.237061
23146 1.234221
5152 1.230360
12705 1.230360
12015 1.230253
25176 1.230209
10989 1.228783
4620 1.228127
5640 1.226867
13335 1.226744
16379 1.226293
25445 1.226010
9887 1.225410
22224 1.225109
12790 1.225062
19952 1.224416
20194 1.224416
11333 1.224416
28839 1.224354
12864 1.224018
16823 1.223871
5311 1.223290
21911 1.223003
19990 1.222157
14438 1.220523
11914 1.218318
12334 1.217475
27207 1.217153
6119 1.217153
24585 1.217031
3948 1.216434
7250 1.216052
6979 1.213922
2649 1.213385
13186 1.212597
7535 1.211148
23666 1.210836
3336 1.210674
9152 1.210674
18562 1.210352
21118 1.209071
28548 1.208946
2977 1.208946
6981 1.208946
21443 1.208946
4250 1.208135
15704 1.208087
15198 1.207607
16574 1.207089
25544 1.206469
13647 1.206331
19182 1.206153
20355 1.205714
11818 1.205112
26925 1.205112
1214 1.205112
15911 1.203464
27152 1.202834
4530 1.201768
23518 1.200746
9346 1.200746
22789 1.200746
9599 1.200462
22972 1.200462
5977 1.199766
19228 1.198825
17090 1.198304
7682 1.198218
13145 1.198019
19841 1.197920
24035 1.197794
24706 1.197482
27928 1.197241
15007 1.196862
28122 1.196215
20965 1.195409
6286 1.195409
14515 1.195409
22110 1.195409
4136 1.195061
6457 1.194524
9484 1.194255
1306 1.192860
7204 1.192860
25433 1.192810
15761 1.192077
13952 1.191791
6136 1.191571
13678 1.191324
8961 1.191324
25766 1.191324
24815 1.190822
15898 1.190246
27439 1.189900
25096 1.189900
13293 1.189505
153 1.189227
15456 1.189117
24916 1.188900
4366 1.188738
13299 1.188515
18199 1.188075
16380 1.187647
728 1.187647
20203 1.187228
17380 1.186290
9123 1.186290
3244 1.185967
5762 1.185967
12196 1.185922
28192 1.185278
3684 1.185278
20219 1.185122
28427 1.185035
20662 1.184154
18331 1.183870
13741 1.183537
15871 1.183455
3017 1.183051
29854 1.182579
3527 1.182273
11770 1.182273
536 1.181973
381 1.181178
21028 1.180831
16957 1.180381
26830 1.180293
24572 1.179775
3151 1.178562
4883 1.177884
6265 1.177884
27343 1.177775
8597 1.177505
14960 1.177242
5057 1.176831
7840 1.176831
7173 1.176434
13413 1.176241
15200 1.175770
7174 1.175318
11773 1.175099
4273 1.174884
16233 1.174742
24947 1.174465
764 1.174262
15601 1.173674
28523 1.173423
1447 1.173423
10573 1.172420
21174 1.172253
23802 1.172253
28981 1.172035
21673 1.171822
29867 1.171822
900 1.171769
23354 1.171769
10820 1.171613
19209 1.171613
13497 1.171308
6805 1.171209
10054 1.171159
5572 1.170821
1712 1.170634
15027 1.170450
28310 1.169921
19823 1.169921
8306 1.169262
26703 1.169105
21991 1.169105
4242 1.168507
2228 1.168085
2630 1.167950
11038 1.167883
20459 1.167494
13617 1.167494
5858 1.167431
16078 1.167307
1457 1.167185
16905 1.166947
23128 1.166947
20115 1.166716
29154 1.166604
2066 1.166604
17831 1.166604
5072 1.166439
3501 1.166120
4582 1.165668
4997 1.165383
6476 1.165245
8978 1.165111
28834 1.165111
10898 1.164979
16799 1.164979
6583 1.164979
10451 1.164723
2341 1.164723
22229 1.163800
27516 1.163591
14113 1.163489
23629 1.163291
20289 1.162653
10805 1.162568
20178 1.162088
730 1.160058
8824 1.159788
25541 1.159537
21129 1.159379
267 1.159303
24888 1.159228
11217 1.159156
11589 1.159156
17737 1.159015
8162 1.158947
10358 1.158567
23549 1.158567
9840 1.158508
19960 1.158394
26912 1.158285
14434 1.158231
17101 1.158179
24323 1.158077
7964 1.158077
25136 1.157979
20348 1.157979
12052 1.157839
5844 1.157621
20416 1.157580
14590 1.157539
19324 1.157539
5574 1.157539
22756 1.157499
20861 1.157383
24652 1.152716
27606 1.152716
27632 1.152716
14535 1.152716
12312 1.152716
8564 1.152716
29556 1.152716
1781 1.152716
16677 1.152716
19516 1.152716
7065 1.152716
24278 1.152716
5723 1.152716
5641 1.152716
26776 1.152716
21128 1.152716
19791 1.152716
9853 1.152716
6019 1.152716
17071 1.152716
29771 1.152716
28252 1.152716
19424 1.152716
27451 1.152716
27290 1.152716
7596 1.152716
27447 1.152716
11681 1.152716
8336 1.152716
12054 1.147972
12652 1.147933
10580 1.147893
25676 1.147852
16333 1.147811
28133 1.147769
29135 1.147500
7930 1.147452
17990 1.147452
370 1.147201
9001 1.146981
10986 1.146865
19525 1.146865
27707 1.146865
5576 1.146681
15448 1.146617
12889 1.146417
18890 1.146417
4825 1.146129
28871 1.146129
21561 1.146129
6359 1.145644
25168 1.145644
10382 1.145556
22379 1.145374
8488 1.145374
23330 1.145374
20316 1.145182
22398 1.145082
9513 1.143420
8393 1.143189
11435 1.143029
9959 1.142947
5405 1.142947
15460 1.142779
19576 1.142141
7247 1.142141
26500 1.141632
2211 1.140832
6085 1.140708
22665 1.140186
3682 1.139617
27412 1.139466
12883 1.138993
22390 1.138715
4051 1.138658
8954 1.138485
12113 1.137746
15904 1.137746
29073 1.137746
27605 1.137746
17313 1.137746
12296 1.137549
11092 1.137346
18455 1.137208
4923 1.136631
28060 1.136010
24712 1.136010
20296 1.135162
28033 1.134419
21087 1.134419
8651 1.134419
24356 1.134272
956 1.134023
29813 1.134023
4667 1.133819
5048 1.133610
15005 1.133397
5822 1.133178
10508 1.132727
16071 1.132669
14739 1.132253
16482 1.132008
29965 1.131757
11600 1.131565
2479 1.131565
28137 1.131500
28071 1.131170
6611 1.130689
28507 1.130405
2450 1.130114
8084 1.130114
24943 1.130114
20585 1.129890
8577 1.129890
9408 1.129662
17314 1.129429
12436 1.129429
16672 1.129429
16831 1.129191
1949 1.129191
11786 1.128701
9765 1.128600
2170 1.128600
18162 1.128397
18798 1.128397
8425 1.128397
15105 1.127926
16938 1.127381
20426 1.127381
10011 1.127326
23708 1.127100
10007 1.126217
29416 1.125657
29084 1.125593
15397 1.125593
13585 1.125051
15469 1.124324
15062 1.124136
1541 1.124041
11879 1.123898
13319 1.123656
14136 1.123533
8258 1.123459
11146 1.123159
21899 1.123159
4971 1.123159
13856 1.123159
1077 1.122853
26201 1.122853
19664 1.122645
9198 1.122221
9531 1.121278
3643 1.121221
16065 1.120990
26369 1.120873
4726 1.120873
5191 1.120092
9878 1.120048
11631 1.119781
9421 1.119510
10422 1.119464
5658 1.119142
4174 1.118669
5284 1.118380
19539 1.118134
9899 1.118134
25178 1.117785
16407 1.117785
662 1.117785
15757 1.117785
5427 1.117065
17046 1.116854
23427 1.116854
24066 1.116694
27619 1.116467
24955 1.116314
639 1.116314
3208 1.115927
3449 1.115532
16629 1.115532
8970 1.115532
29932 1.115186
3269 1.115127
7327 1.114833
14182 1.114714
17188 1.114610
18484 1.114610
5148 1.114108
10823 1.113969
23613 1.113641
24362 1.113641
18370 1.113419
25540 1.113355
3105 1.112621
29733 1.112505
22654 1.112168
27192 1.112032
18278 1.111547
21883 1.111177
19115 1.111177
16646 1.111177
18311 1.110799
9297 1.110799
15782 1.110714
5585 1.110714
12410 1.110543
22763 1.110470
7150 1.110414
17519 1.110023
26722 1.109566
2743 1.109566
2497 1.109489
12807 1.109308
3953 1.109308
20555 1.109217
19401 1.108942
20759 1.108942
20100 1.108942
27068 1.108190
28658 1.108190
1605 1.108190
28126 1.108136
27765 1.107950
21801 1.107805
28712 1.107805
28316 1.107511
6618 1.107214
22075 1.107013
9919 1.106607
2487 1.106142
14208 1.105858
12529 1.105666
16782 1.105473
24931 1.104686
26231 1.104686
16689 1.104686
23204 1.104686
28780 1.104463
7833 1.104463
19763 1.104463
13278 1.104180
3337 1.104010
27788 1.102598
18881 1.102598
25948 1.102598
21954 1.102598
21083 1.102047
7747 1.101967
523 1.101967
19201 1.101484
20830 1.101102
2559 1.100320
28135 1.100320
3714 1.100102
8382 1.099977
4563 1.099977
7390 1.099977
28961 1.099717
3218 1.099662
15640 1.099514
7098 1.099349
6320 1.099101
13869 1.099101
14537 1.099101
22814 1.098962
17448 1.098759
2179 1.098399
27175 1.097825
3978 1.097163
22493 1.097163
19077 1.096939
8672 1.096857
13577 1.096638
12782 1.096638
2692 1.096486
11881 1.096486
19974 1.096210
24297 1.096025
18676 1.095855
20276 1.095855
25778 1.095792
18420 1.095556
10310 1.095341
17702 1.094817
4723 1.094758
25327 1.094351
5321 1.094103
8966 1.093740
19936 1.093740
22053 1.093740
1052 1.093602
3588 1.093186
563 1.093186
7285 1.092748
12845 1.092748
478 1.092679
9068 1.092574
12851 1.092534
11609 1.092047
7697 1.092047
4303 1.092047
4720 1.092047
18366 1.091238
18353 1.091238
307 1.091238
29107 1.090593
29647 1.090536
27103 1.090407
2299 1.090068
19740 1.090016
8010 1.089840
26910 1.089840
29928 1.089840
8913 1.089840
22138 1.089069
5805 1.088998
2335 1.088998
17020 1.088351
3237 1.088351
24031 1.088278
28201 1.087957
211 1.087114
1188 1.086846
6196 1.086637
5927 1.086468
17140 1.086213
27970 1.086115
26343 1.086030
9127 1.085784
2309 1.085784
25228 1.085784
6783 1.085627
26874 1.085567
9133 1.085567
23598 1.085474
22482 1.085474
22660 1.085474
20763 1.084909
2196 1.084909
1244 1.084909
13880 1.084334
25223 1.084290
9414 1.084238
7218 1.084176
11458 1.084176
15193 1.084102
8087 1.084102
11887 1.084011
26354 1.083659
2555 1.083553
8227 1.083553
29546 1.083427
5093 1.083155
6480 1.083155
3825 1.083155
21970 1.082661
658 1.082428
24999 1.082362
24471 1.081935
29877 1.081935
239 1.081561
23773 1.081414
17498 1.081078
27700 1.081078
14913 1.081078
263 1.080671
1495 1.080671
15152 1.080671
26481 1.080323
3060 1.080323
8621 1.080022
2494 1.079913
23424 1.079913
21552 1.079913
4294 1.079759
9214 1.079759
1237 1.079361
17957 1.079138
16807 1.078942
15918 1.078897
22065 1.078824
27063 1.078507
5598 1.077864
364 1.077687
4019 1.077687
25312 1.077539
13900 1.077305
22836 1.077210
27176 1.077128
23035 1.077128
13783 1.076879
12457 1.076788
9832 1.075868
5168 1.075868
7328 1.075072
7294 1.074122
16528 1.074122
21587 1.074016
17132 1.073763
16183 1.073429
27472 1.073218
18836 1.072732
21862 1.072581
11633 1.072527
29729 1.072527
4245 1.072294
1532 1.072294
23651 1.072294
7505 1.072026
27339 1.071952
12691 1.071824
9560 1.071824
6654 1.071824
26759 1.071824
14450 1.071714
6951 1.071539
27587 1.071211
3050 1.071108
25883 1.070910
9909 1.070910
3379 1.070910
5407 1.070910
15667 1.070829
10075 1.070829
8323 1.070379
404 1.070379
27787 1.070032
12555 1.070032
2091 1.070032
11804 1.070032
11509 1.069720
15954 1.069530
12777 1.069530
18888 1.068371
14801 1.068371
1607 1.068113
20562 1.067884
7143 1.067679
24650 1.067143
12565 1.066977
22448 1.066875
15586 1.066532
26088 1.066096
28087 1.065828
24119 1.065168
29794 1.064890
27400 1.064758
21851 1.064045
15183 1.064045
13538 1.064045
2244 1.064045
27278 1.063060
12042 1.062894
5460 1.062894
23502 1.062503
8491 1.062411
10517 1.062411
9898 1.062053
17741 1.061896
13409 1.061712
1975 1.061712
29010 1.061230
26084 1.061077
18031 1.060907
15437 1.060499
9377 1.060252
11338 1.060252
117 1.060087
242 1.059969
26560 1.059843
9770 1.059518
9040 1.059252
3727 1.058469
2525 1.058403
14282 1.058231
18970 1.058231
11085 1.057904
20511 1.057786
22573 1.057786
25491 1.057786
21507 1.057187
4898 1.056656
2147 1.056656
8642 1.055645
11829 1.055645
24884 1.055028
28354 1.054844
28207 1.054773
13038 1.054773
28213 1.054612
1519 1.054612
29749 1.054243
1048 1.053912
28117 1.053558
28939 1.053475
12100 1.053243
23823 1.053243
2415 1.053098
25718 1.052272
5935 1.052272
7779 1.051600
22089 1.051600
19881 1.051431
24414 1.050848
5832 1.050252
7298 1.050118
15078 1.049795
2832 1.049179
22047 1.049032
28923 1.048971
4057 1.048971
6807 1.048917
23264 1.048917
1978 1.048823
15302 1.047924
29395 1.047924
24440 1.047924
29466 1.047924
5565 1.047050
11427 1.047050
5588 1.047008
4280 1.046962
23886 1.046791
9401 1.046545
29574 1.046545
9880 1.046240
7780 1.045378
11231 1.045378
15204 1.045378
28519 1.045320
3256 1.045259
21293 1.045129
5831 1.045129
1841 1.044985
935 1.044502
22854 1.044450
28105 1.044341
17117 1.043969
16707 1.043511
29119 1.043407
8240 1.043240
27074 1.043182
12154 1.042933
22779 1.042933
13071 1.042584
10753 1.042349
18166 1.042181
28602 1.041163
14365 1.041163
24731 1.041163
19484 1.041163
3130 1.041163
6614 1.040802
4742 1.040505
24445 1.040505
2941 1.040256
21852 1.039897
13460 1.039705
11186 1.039705
10381 1.039705
15760 1.039443
12275 1.039236
2504 1.039236
20592 1.039068
17722 1.039068
3676 1.038586
13942 1.038586
17308 1.038208
26553 1.038118
7074 1.037444
14234 1.036981
18175 1.036387
776 1.036280
16577 1.036149
4415 1.035921
10379 1.035595
134 1.035092
29352 1.034489
15712 1.034329
22911 1.034329
23986 1.034124
4624 1.033826
11941 1.033826
27704 1.033469
15778 1.033140
6330 1.033094
7788 1.032953
2517 1.032283
4436 1.032139
28480 1.032083
9225 1.032083
1414 1.031955
8962 1.031654
5346 1.031377
29002 1.031377
27003 1.031073
6538 1.030664
29741 1.030664
2010 1.030539
13992 1.029838
16536 1.029610
13375 1.029470
29413 1.029402
29172 1.029211
29212 1.028978
11480 1.028577
26449 1.028403
24702 1.027723
14395 1.027723
5309 1.027564
6539 1.027421
77 1.027173
28120 1.027173
10685 1.027064
27843 1.026289
19822 1.025917
16021 1.025722
1878 1.025722
28757 1.024636
28538 1.023387
21423 1.023387
3617 1.023329
22641 1.023267
20571 1.023121
19718 1.022940
16715 1.022940
101 1.022571
8346 1.021569
16624 1.020977
6868 1.020634
9227 1.020437
2876 1.020220
28191 1.020220
8404 1.020103
27094 1.019710
25466 1.019244
28375 1.018232
8682 1.018232
10270 1.017983
29117 1.017713
21566 1.017713
5256 1.017713
14956 1.017481
125 1.016755
22550 1.016486
9438 1.016272
8951 1.015953
11991 1.015236
13597 1.014390
20376 1.014390
21210 1.013834
501 1.013834
8506 1.013215
11800 1.012666
8940 1.012666
75 1.012666
3250 1.012438
26092 1.012385
2990 1.012141
21628 1.012141
23493 1.012141
2420 1.011154
24332 1.010989
26834 1.010245
21002 1.009568
18287 1.009290
29663 1.009290
25197 1.008626
22314 1.008003
27862 1.007902
9407 1.007764
18724 1.007672
1545 1.007328
20684 1.007110
15736 1.006970
11953 1.006862
4217 1.006597
5499 1.006597
22719 1.005801
293 1.005662
21418 1.004932
4327 1.004661
11910 1.004347
22202 1.004347
25726 1.004206
15231 1.003290
15928 1.003200
27618 1.003013
29644 1.002928
20446 1.002928
24162 1.002811
27095 1.002769
17255 1.002362
6356 1.002362
7435 1.001893
19076 1.001349
8910 1.000709
5564 0.999805
17569 0.999020
22324 0.998666
23126 0.998609
21379 0.998228
10366 0.997672
15931 0.997294
25922 0.997233
18556 0.996943
26023 0.996415
18280 0.996174
10839 0.995773
11423 0.995773
10962 0.995297
23884 0.994976
6907 0.994875
22674 0.994729
23167 0.994500
21588 0.994500
26111 0.994286
19652 0.993959
20547 0.993501
17172 0.993501
3915 0.992616
27924 0.992211
18720 0.992092
9062 0.991584
5590 0.991336
354 0.990688
6770 0.990153
10864 0.989596
23269 0.989499
19483 0.988042
17040 0.988042
28020 0.988042
13160 0.988042
9854 0.988042
22867 0.986604
6117 0.986604
11969 0.986345
6549 0.985386
17012 0.985309
29623 0.985140
29688 0.985140
14494 0.983651
23697 0.983360
8461 0.983199
19178 0.983027
12305 0.982842
10066 0.982643
2085 0.982643
29830 0.982643
6587 0.981237
10610 0.981237
28206 0.981035
15901 0.979019
16403 0.978403
13492 0.978403
15753 0.978062
11257 0.978062
16292 0.977418
11397 0.977303
11599 0.977064
4375 0.976685
15883 0.976537
18546 0.976418
357 0.976090
14993 0.976090
5717 0.975844
27473 0.975375
10723 0.975375
2337 0.975375
11471 0.974934
11318 0.974461
21789 0.974319
3502 0.973405
410 0.973072
5082 0.972291
4440 0.972170
26247 0.970708
1159 0.970203
4200 0.970159
3144 0.968281
29008 0.968281
19725 0.968082
2594 0.967712
18651 0.966794
11803 0.966794
1903 0.966794
20953 0.966794
9032 0.966794
15145 0.966349
21510 0.966349
14456 0.965789
4295 0.965064
9376 0.964090
19067 0.963302
18662 0.962857
13406 0.960597
13369 0.960597
8683 0.959812
7401 0.959558
1364 0.958282
4296 0.958102
14359 0.957812
13958 0.957641
4680 0.957226
7773 0.956754
17412 0.956754
14717 0.956611
8907 0.955911
5189 0.954970
16710 0.953972
6704 0.953556
20119 0.952912
8535 0.952479
18851 0.951920
897 0.950402
4492 0.949977
12250 0.947096
18945 0.946097
24441 0.945818
18569 0.945818
19452 0.944394
9425 0.944129
14570 0.942552
12894 0.941655
8490 0.940993
3555 0.940993
10236 0.939655
25145 0.937542
10135 0.937542
21013 0.937478
25272 0.936582
17106 0.936267
18837 0.934981
5530 0.934307
13096 0.934227
22640 0.933605
17157 0.933605
10040 0.932419
12197 0.931488
11344 0.931394
8987 0.931333
247 0.931333
23078 0.928728
770 0.928293
23749 0.927912
1095 0.927473
23732 0.927052
15633 0.926482
17097 0.926114
27547 0.924934
24435 0.924160
4919 0.922173
25224 0.922173
21741 0.922173
26548 0.920150
10851 0.918000
2516 0.916617
12318 0.913988
2394 0.913473
16881 0.908545
24158 0.907359
7357 0.904091
21875 0.903892
22997 0.899981
21627 0.897905
8174 0.894645
2421 0.894349
19866 0.894349
23522 0.887591
21947 0.881801
2753 0.876445
10815 0.874882
28016 0.866283
11961 0.866000
13714 0.864537
3445 0.860889
5843 0.851236
3419 0.847295
7774 0.827591
17703 0.614782
4416 0.614782
20492 0.614782
19208 0.614782
18930 0.614782
29452 0.612062
10447 0.612062
17327 0.611868
11782 0.611645
4480 0.611078
2822 0.609701
5098 0.609365
12077 0.608982
28278 0.608026
7502 0.608026
27922 0.607419
26652 0.607419
29784 0.607419
9018 0.607419
14138 0.606693
10342 0.606693
14277 0.606693
10318 0.606693
28045 0.606123
26933 0.605467
1863 0.605176
19319 0.605176
28672 0.604703
10048 0.604703
20402 0.604703
7076 0.604535
11852 0.604043
16340 0.604043
19189 0.603804
2469 0.603804
5782 0.603291
29643 0.603291
15804 0.603291
24788 0.602959
3018 0.602959
7017 0.602959
9517 0.602959
9446 0.602959
25313 0.602727
26584 0.602665
25215 0.601974
11123 0.601974
14627 0.601417
17761 0.600809
5943 0.600809
7422 0.600231
12840 0.600231
828 0.600231
23504 0.600174
11948 0.600174
7094 0.599883
27987 0.599412
7195 0.599209
26389 0.598813
881 0.598166
26261 0.598166
2172 0.598107
15910 0.597705
29048 0.597705
17359 0.597705
7531 0.596838
13660 0.596838
809 0.596838
16981 0.596838
17150 0.596581
29396 0.596581
16746 0.596232
17784 0.596232
27019 0.594950
23082 0.594950
2400 0.594950
18864 0.593976
9265 0.593823
13456 0.592825
20834 0.592825
5271 0.592825
20200 0.591769
1832 0.591659
8040 0.591525
21678 0.591393
22852 0.591393
24978 0.591393
13256 0.591136
7551 0.591136
12608 0.591136
15788 0.591136
15557 0.591136
27333 0.591136
7938 0.590839
9310 0.590415
29754 0.590191
29160 0.590081
20729 0.590016
20183 0.589517
3190 0.589166
20944 0.589166
9870 0.588833
28894 0.588621
28457 0.588621
16738 0.588025
18041 0.587371
7718 0.587371
12176 0.587233
19002 0.586837
28338 0.586837
1992 0.586353
17890 0.586353
5047 0.586127
615 0.586127
8941 0.585964
9043 0.585911
9744 0.585911
2214 0.585806
18883 0.585806
5517 0.585704
19348 0.585704
24370 0.585704
8656 0.585135
22456 0.584792
20496 0.584792
19504 0.584476
8077 0.584326
4105 0.584182
9451 0.584182
23705 0.584043
28220 0.583908
10668 0.583843
28595 0.583843
13935 0.583779
25723 0.583654
16389 0.583654
18387 0.583654
20457 0.583654
17098 0.583533
24311 0.583415
22152 0.583302
29322 0.583302
2691 0.583139
705 0.582555
3447 0.582180
11260 0.582180
29170 0.582064
11869 0.582064
13632 0.582064
4342 0.581847
28668 0.581847
6291 0.581744
16732 0.581646
2854 0.581550
8522 0.581284
18709 0.581284
2749 0.581201
13742 0.581201
5030 0.581121
2392 0.581044
21031 0.580969
9784 0.580175
19556 0.580175
15101 0.580175
1393 0.579983
13850 0.579809
3572 0.579809
4539 0.579809
25575 0.579651
24298 0.579651
27307 0.579651
19852 0.579507
7744 0.579507
18003 0.579376
13774 0.579376
9306 0.579314
8191 0.579142
2084 0.579089
1533 0.579039
7829 0.578897
2054 0.578897
12574 0.578853
328 0.578811
25007 0.578769
16031 0.578730
25444 0.578730
27117 0.578691
4199 0.576358
28429 0.576358
25716 0.576358
12731 0.576358
6501 0.576358
29750 0.576358
25828 0.576358
1579 0.576358
11907 0.576358
26569 0.576358
8936 0.576358
29692 0.576358
25449 0.576358
21770 0.576358
6637 0.576358
26164 0.576358
15130 0.576358
12123 0.576358
932 0.574043
5108 0.574043
1380 0.573702
22051 0.573546
21659 0.573490
4514 0.573490
4346 0.573432
24696 0.573432
27681 0.573432
6306 0.573372
11127 0.573308
16314 0.573308
25834 0.573102
986 0.573102
23712 0.573102
13835 0.573026
12171 0.573026
7472 0.572948
23005 0.572865
16860 0.572778
14362 0.572687
22569 0.572591
9956 0.572591
17243 0.572591
23770 0.571747
1387 0.571747
23889 0.571672
27266 0.571515
22700 0.571515
288 0.571432
1940 0.571432
16228 0.571432
3276 0.571257
17303 0.571257
7486 0.571070
20031 0.570971
14976 0.570869
25973 0.570869
16330 0.570536
25367 0.570291
12388 0.570291
9487 0.570024
20597 0.570024
11872 0.569882
12510 0.569733
28802 0.569733
25045 0.569414
10469 0.569414
18422 0.569414
8160 0.569414
24252 0.569414
21354 0.569414
15458 0.569242
20244 0.569242
12362 0.569062
3594 0.569062
6971 0.569000
4282 0.568873
19563 0.568873
10247 0.568741
4398 0.568741
23569 0.568673
18957 0.568673
28670 0.568604
25296 0.568604
24365 0.568463
17503 0.568316
21092 0.568163
13959 0.567669
23772 0.567491
26816 0.567491
28264 0.567491
25962 0.567305
7805 0.566909
27757 0.566909
12951 0.566909
2484 0.566752
4842 0.566698
24022 0.566478
8903 0.566478
29547 0.566246
8607 0.566004
17637 0.565685
8681 0.565685
8310 0.565483
7127 0.565483
17976 0.565274
1036 0.565274
10122 0.565203
10774 0.565203
19766 0.565203
20935 0.565057
18623 0.565057
24433 0.564831
24539 0.564596
4523 0.564596
22895 0.564095
15732 0.563828
12006 0.563774
28862 0.563774
4799 0.563550
16440 0.563318
20448 0.562954
21736 0.562569
4372 0.562569
573 0.562569
9238 0.562525
5799 0.562525
9641 0.562300
6492 0.562021
3518 0.562021
394 0.561949
1564 0.561949
25572 0.561828
12979 0.561730
21536 0.561580
13424 0.561426
26056 0.561323
5666 0.561191
23351 0.561110
13326 0.560495
15855 0.560436
20674 0.560077
9521 0.560077
10096 0.559477
13035 0.559477
19325 0.558893
28817 0.558893
10250 0.558893
24164 0.558893
26773 0.558532
4725 0.558532
14825 0.558459
18543 0.558266
19883 0.558266
22299 0.558003
226 0.557936
25838 0.557523
19167 0.557523
6337 0.557461
17689 0.557357
29198 0.557237
15970 0.557146
16923 0.556930
23798 0.556930
16415 0.556930
11263 0.556930
12084 0.556484
27306 0.556484
12325 0.556484
15685 0.556135
19340 0.556016
17545 0.556016
25193 0.556016
15126 0.555235
14669 0.555235
21880 0.555011
8497 0.555011
18929 0.554609
3640 0.554609
26733 0.554471
18281 0.554471
143 0.554471
4987 0.554095
21348 0.554095
3418 0.553902
28151 0.553819
10862 0.553819
12815 0.553706
17733 0.553304
19941 0.553304
13931 0.553304
9961 0.552343
7266 0.552343
2841 0.552199
15829 0.551832
21475 0.551727
22443 0.551606
18348 0.551539
24767 0.551299
29222 0.551299
7325 0.550984
20552 0.550984
6625 0.550855
26226 0.550690
9463 0.550329
28722 0.550329
6394 0.550268
29847 0.550268
24743 0.550160
9419 0.550027
26591 0.549920
11995 0.549920
28639 0.549831
23795 0.549639
13014 0.549551
22231 0.549551
13734 0.549551
17695 0.549481
21017 0.549481
7165 0.549481
21502 0.549425
8965 0.548912
16917 0.548912
14169 0.548912
1116 0.548912
9008 0.548379
4591 0.548243
17891 0.548243
16787 0.548012
18481 0.547699
12273 0.547540
24763 0.547408
1092 0.547249
6002 0.547052
24555 0.546801
23506 0.546649
10307 0.546546
17268 0.546311
27344 0.546267
14631 0.546267
27622 0.546023
566 0.546023
24339 0.545776
11530 0.545664
26853 0.545482
12796 0.545482
24171 0.545482
1478 0.545371
5910 0.545371
21238 0.545268
19406 0.545127
10695 0.545127
7849 0.544920
15523 0.544920
19458 0.544920
27235 0.544920
18646 0.544743
586 0.544743
5060 0.544690
17072 0.544499
676 0.544082
17762 0.543734
29375 0.543734
24823 0.543734
27598 0.543639
4583 0.543557
12447 0.543318
8032 0.543234
21317 0.543234
29901 0.543107
6061 0.543057
29113 0.543057
15765 0.542455
21509 0.542455
23572 0.542455
29053 0.541830
28864 0.541776
22591 0.541713
15418 0.541638
25858 0.541356
23018 0.541181
25814 0.540780
7599 0.540780
21910 0.540780
11577 0.540780
25938 0.540780
26949 0.540780
1215 0.540654
24837 0.540654
28464 0.540508
29862 0.540508
11711 0.540185
12965 0.540130
15673 0.539880
13428 0.539880
1129 0.539880
6355 0.539808
4826 0.539569
19893 0.539569
7020 0.539569
11717 0.539174
18118 0.539081
25569 0.539081
17078 0.538932
18267 0.538932
2182 0.538652
15934 0.538564
1056 0.538394
22332 0.538394
23829 0.538324
24870 0.537934
18355 0.537934
7771 0.537934
1749 0.537589
15113 0.537463
10195 0.537463
8096 0.537463
11617 0.537283
7178 0.537283
14310 0.537283
16103 0.537188
10977 0.537188
20837 0.536881
3498 0.536881
19836 0.536714
15739 0.536484
19235 0.536412
24048 0.536147
26923 0.536147
24629 0.536147
22964 0.535912
20993 0.535702
10123 0.535605
5159 0.535455
26521 0.535190
17639 0.535190
11062 0.535016
9929 0.535016
520 0.534962
25907 0.534860
12507 0.534765
3489 0.534765
5818 0.534441
13847 0.534372
5535 0.534185
10725 0.534027
18091 0.534027
17532 0.533889
28261 0.533131
27322 0.532914
19173 0.532859
18363 0.532023
27833 0.532023
27162 0.532023
13987 0.532023
7724 0.532023
26970 0.532023
817 0.532023
10299 0.532023
23767 0.532023
23577 0.532023
17407 0.532023
25447 0.532023
5175 0.532023
491 0.532023
15577 0.532023
19944 0.531094
2962 0.531094
27321 0.531026
17562 0.531026
1357 0.530539
21026 0.530453
26393 0.530358
7033 0.530249
4482 0.530249
10492 0.529877
8744 0.529820
19983 0.529820
20445 0.529626
487 0.529626
11429 0.529308
22572 0.529308
26721 0.529115
24812 0.529115
16987 0.528893
5780 0.528769
29457 0.528769
5947 0.528562
28711 0.528328
6619 0.528328
25016 0.527879
25351 0.527749
9913 0.527749
2647 0.527611
12938 0.527611
644 0.527514
4560 0.527386
15083 0.527306
3970 0.527306
19681 0.527251
6039 0.526956
4389 0.526956
8081 0.526956
6920 0.526956
2322 0.526549
10502 0.525997
4748 0.525997
27726 0.525997
7533 0.525997
8600 0.525997
25062 0.525800
11528 0.525638
5991 0.525591
24149 0.525288
6531 0.525288
4957 0.525288
14084 0.525126
26038 0.525126
9029 0.524999
14647 0.524999
22077 0.524999
24421 0.524897
16268 0.524897
29917 0.524897
5613 0.524516
11924 0.524516
22281 0.524412
286 0.524412
26907 0.524412
28041 0.523962
5688 0.523962
4007 0.523395
7171 0.523319
23877 0.522881
6009 0.522881
28353 0.522743
4339 0.522689
18472 0.522689
16286 0.521985
18990 0.521985
11288 0.521806
13826 0.521591
12061 0.521467
11975 0.521329
11742 0.521228
17403 0.521002
3556 0.521002
15330 0.521002
23794 0.520939
28488 0.520939
29440 0.520939
17288 0.520939
8151 0.520939
26394 0.520581
28887 0.520581
16748 0.520581
22418 0.520581
12418 0.520200
11000 0.519948
6125 0.519722
17840 0.519667
18375 0.519534
28775 0.519356
17386 0.519241
8112 0.519241
11240 0.519241
15852 0.519024
7527 0.519024
5366 0.518972
24566 0.518722
17871 0.518722
3121 0.518722
26649 0.518722
16970 0.518491
16300 0.518446
3146 0.518075
29461 0.518075
25416 0.517960
20785 0.517798
22907 0.517546
15886 0.517546
26863 0.517316
26205 0.517244
26824 0.517244
15138 0.517106
4225 0.516913
10722 0.516913
22464 0.516735
25256 0.516518
1826 0.516518
28579 0.516417
24170 0.516321
15838 0.516321
7696 0.516141
21245 0.516141
7351 0.515827
4980 0.515689
24397 0.515561
6901 0.515561
4808 0.515442
16321 0.515332
2780 0.515043
25388 0.515043
29420 0.515043
23813 0.514919
22123 0.514805
29939 0.514701
27561 0.514701
14479 0.514605
3947 0.514435
15872 0.513861
21706 0.513861
20814 0.513861
4751 0.513861
14975 0.513710
17907 0.513710
19194 0.513710
17344 0.513710
24436 0.513710
13436 0.513645
9047 0.513532
2856 0.513394
13463 0.513394
15989 0.513355
8648 0.512318
22232 0.512318
15038 0.512318
19826 0.512318
16948 0.512318
22856 0.512318
26444 0.512318
18170 0.512318
5185 0.512318
6929 0.512318
20073 0.511246
96 0.511204
23740 0.511159
16594 0.510998
16003 0.510998
25796 0.510863
21704 0.510863
1310 0.510863
25878 0.510784
1709 0.510138
10277 0.509855
15996 0.509855
1528 0.509622
9459 0.509488
10506 0.509488
12497 0.509232
25975 0.509175
15393 0.509175
15631 0.509175
7162 0.509116
2638 0.509116
29653 0.508991
20127 0.508710
8359 0.508551
13072 0.508187
15542 0.508187
1304 0.508187
22200 0.508136
11407 0.507976
10414 0.507976
27646 0.507976
8689 0.507804
5260 0.507618
18525 0.507485
29407 0.507485
16260 0.507416
24169 0.507195
29571 0.507195
27913 0.507195
23393 0.507195
1 0.507004
823 0.506954
27552 0.506798
11018 0.506575
15436 0.506070
29978 0.506070
18870 0.506070
22329 0.506070
431 0.506070
25237 0.505577
24027 0.505577
22929 0.505577
14148 0.505469
8891 0.505469
21778 0.505469
9494 0.504999
25102 0.504999
20622 0.504740
4626 0.504672
19267 0.504313
5375 0.504313
17561 0.504313
18379 0.504313
6246 0.504313
24729 0.504022
27584 0.504022
9363 0.503978
15747 0.503978
19479 0.503920
24076 0.503920
19697 0.503920
3747 0.503836
18383 0.503614
1740 0.503614
15531 0.503485
9793 0.503216
22427 0.503216
2632 0.503003
23256 0.502831
10705 0.502780
1102 0.502606
996 0.502466
29102 0.502466
5233 0.502173
26438 0.502173
28229 0.501989
26039 0.501700
3474 0.501700
9247 0.501600
26057 0.501181
20447 0.501181
7951 0.501181
20832 0.501181
27931 0.501181
17995 0.501181
17767 0.500727
4552 0.500727
12242 0.500675
11075 0.500608
5826 0.500328
17817 0.500235
6795 0.500235
4309 0.500120
12423 0.499973
23552 0.499973
20591 0.499973
17806 0.499699
23690 0.499699
13279 0.499510
11061 0.499265
11408 0.499265
5125 0.499011
10716 0.498836
9367 0.498726
20338 0.498726
21227 0.498472
28384 0.498472
28115 0.498472
9078 0.498472
24376 0.498472
15858 0.498087
3469 0.497973
12350 0.497973
2330 0.497973
5638 0.497764
12378 0.497764
7105 0.497250
6954 0.497250
12021 0.497250
6723 0.497250
6505 0.496979
4903 0.496860
15737 0.496860
12745 0.496750
11698 0.496750
26788 0.496750
19379 0.496555
16313 0.496385
20451 0.496236
18457 0.496236
18882 0.496106
17189 0.496106
15109 0.495936
6851 0.495668
19314 0.495560
12504 0.495382
18464 0.495382
3484 0.495382
29110 0.494951
10078 0.494824
28535 0.494773
18215 0.494688
23318 0.494021
8090 0.494021
6236 0.494021
12141 0.494021
1857 0.494021
14366 0.494021
9817 0.494021
2770 0.494021
12623 0.493302
14280 0.493302
4127 0.493302
10514 0.493302
26687 0.493302
4068 0.493202
21190 0.493069
7598 0.493069
5737 0.493069
9165 0.492985
27370 0.492985
8938 0.492693
20265 0.492693
5774 0.492524
24065 0.492171
21705 0.492013
11357 0.492013
12008 0.491954
25823 0.491825
27918 0.491825
23998 0.491825
6040 0.491680
6894 0.491513
26309 0.491513
14931 0.491513
7201 0.491513
24009 0.491322
24463 0.491322
21020 0.491322
10566 0.491098
382 0.490972
6688 0.490834
3108 0.490834
4363 0.490834
1046 0.490834
16901 0.490760
6164 0.490760
28473 0.490760
12345 0.490760
12035 0.490517
16265 0.490517
24410 0.490235
8325 0.490235
25496 0.490235
12179 0.490043
5432 0.490043
5908 0.490043
8046 0.489904
9027 0.489904
21783 0.489755
11193 0.489649
13518 0.489361
11798 0.489361
26542 0.489316
9968 0.489031
10651 0.489031
7608 0.489031
18925 0.489031
10613 0.488709
16064 0.488651
22869 0.488439
22384 0.488343
24718 0.488209
11106 0.487922
393 0.487871
9037 0.487687
2523 0.487687
5611 0.487687
25399 0.487687
3703 0.487327
7761 0.487230
10278 0.487230
6801 0.487063
23701 0.486861
25348 0.486861
7488 0.486702
23700 0.486702
16005 0.486574
14274 0.486378
19680 0.486378
3724 0.486085
3631 0.486085
20937 0.486085
18722 0.486010
10782 0.485898
16678 0.485898
29475 0.485898
26730 0.485354
14538 0.485354
15446 0.485354
24351 0.485354
12282 0.485354
21107 0.484833
4456 0.484787
20791 0.484787
29671 0.484732
19413 0.484732
24124 0.484141
14428 0.484141
28547 0.483856
24736 0.483856
1453 0.483856
9269 0.483578
25405 0.483397
27795 0.483397
1731 0.483235
15419 0.483043
15383 0.482813
3765 0.482813
975 0.482761
1004 0.482532
25383 0.481873
12234 0.481873
14748 0.481514
14411 0.481514
15340 0.481514
5542 0.481354
2862 0.481134
6274 0.480888
18648 0.480888
18443 0.480812
17726 0.480812
6588 0.480754
19613 0.480298
16853 0.479906
16570 0.479864
12541 0.479811
4592 0.479743
18103 0.479347
27429 0.479347
20982 0.479219
122 0.479219
17818 0.478906
3523 0.478670
24231 0.478670
25773 0.478486
23434 0.478486
16726 0.478486
22560 0.477955
13136 0.477955
23052 0.477810
29082 0.477810
4522 0.477387
6607 0.477336
13307 0.476986
23837 0.476986
27246 0.476650
426 0.476650
14773 0.476456
27979 0.476329
29522 0.476239
22071 0.475960
26410 0.475892
23039 0.475560
7810 0.475495
21048 0.475495
7041 0.475347
13357 0.475347
5410 0.475243
29560 0.475059
3270 0.475059
16649 0.474648
5773 0.474648
10660 0.474648
14685 0.474648
28929 0.474323
6570 0.474323
12165 0.474101
9825 0.474014
26977 0.474014
1038 0.474014
13515 0.474014
24122 0.473894
22091 0.473719
6541 0.473437
28867 0.473437
22429 0.473437
18273 0.473437
9576 0.473301
15916 0.473301
26708 0.473167
3550 0.472909
18307 0.472909
2936 0.472909
23389 0.472909
9170 0.472614
12740 0.472614
13948 0.472425
9117 0.472197
26786 0.472197
29254 0.472197
26558 0.472197
11203 0.471872
9834 0.471809
15360 0.471566
29022 0.471566
5067 0.471333
6058 0.471333
9435 0.471276
13065 0.471276
29460 0.471002
29354 0.471002
7742 0.471002
29237 0.470496
24921 0.470496
13530 0.470496
26545 0.470262
12766 0.470187
4734 0.469897
28015 0.469625
10068 0.469432
20150 0.469247
27189 0.469247
6259 0.469129
27654 0.468901
23328 0.468739
13475 0.468687
4143 0.468483
28394 0.468483
22529 0.468483
14742 0.468108
12734 0.467934
12917 0.467934
1079 0.467769
16231 0.467317
29072 0.467049
13037 0.466802
4975 0.466744
20651 0.466687
8399 0.466687
19890 0.466575
19901 0.466575
11714 0.465992
27489 0.465864
10576 0.465629
10557 0.465629
15404 0.465629
5313 0.465520
18390 0.465520
4820 0.465416
26561 0.465317
1386 0.465222
17112 0.465131
13282 0.465131
24242 0.465044
19761 0.465044
550 0.464961
20190 0.464961
4167 0.464805
17580 0.464080
11370 0.463986
11741 0.463815
14183 0.463815
6622 0.463662
862 0.463592
27149 0.463526
6281 0.463526
16032 0.463526
7289 0.463463
22237 0.463463
21051 0.463403
29716 0.463347
2287 0.463293
4540 0.463192
7638 0.463100
23706 0.463057
27245 0.463057
5396 0.463016
6217 0.461086
20914 0.461086
20683 0.461086
7396 0.461086
25594 0.461086
29651 0.461086
11349 0.461086
21835 0.461086
4991 0.461086
13441 0.461086
20798 0.461086
21356 0.461086
1950 0.461086
21043 0.461086
9423 0.461086
920 0.461086
25053 0.461086
4101 0.461086
9955 0.461086
16401 0.459212
26924 0.459212
3896 0.459173
24004 0.459173
15824 0.459173
25225 0.459133
6780 0.458952
25188 0.458901
4122 0.458792
16611 0.458734
29265 0.458672
17857 0.458672
26147 0.458607
1125 0.458390
5480 0.458222
20797 0.458131
9257 0.458131
12291 0.458131
4102 0.458033
4524 0.458033
27811 0.458033
12228 0.457024
17169 0.456837
19830 0.456837
29366 0.456631
21966 0.456405
22187 0.456155
19172 0.456155
15491 0.456155
23946 0.456019
25915 0.456019
24328 0.456019
29690 0.455725
5838 0.455509
24429 0.455509
7092 0.455394
1296 0.455274
15399 0.455150
17456 0.455019
20453 0.455019
16706 0.455019
21364 0.454436
23301 0.453919
21116 0.453729
29307 0.453729
630 0.453528
7704 0.453369
15887 0.453315
14338 0.453205
18471 0.453205
14750 0.453091
28806 0.453032
11299 0.452468
3766 0.452468
28079 0.452332
2254 0.452332
1145 0.452262
9572 0.452262
26951 0.452045
8331 0.451865
8314 0.451818
19929 0.451579
18863 0.451579
8339 0.451480
301 0.451480
21964 0.451063
29193 0.451063
7808 0.451063
20159 0.450840
20680 0.450783
10523 0.450607
8005 0.450607
4541 0.450607
6708 0.450487
7296 0.450487
18590 0.450487
9707 0.449840
43 0.449840
5389 0.449840
26035 0.449840
1433 0.449559
24139 0.449559
2093 0.449110
4493 0.448953
13594 0.448953
28351 0.448625
22419 0.448568
15024 0.448568
7900 0.448278
25697 0.447975
2711 0.447912
3719 0.447749
28626 0.447657
28214 0.447525
18310 0.447468
4360 0.447323
22524 0.446677
12178 0.446548
8042 0.446213
23385 0.446213
1176 0.445907
4151 0.445862
26519 0.445494
13439 0.445494
27318 0.445368
4290 0.444908
12696 0.444908
1166 0.444908
29934 0.444545
17842 0.444545
13045 0.444545
29070 0.444545
15680 0.444421
14574 0.444421
13012 0.444421
13137 0.444421
22435 0.444421
678 0.444166
6724 0.443903
1977 0.443826
10314 0.443826
1482 0.443352
11114 0.442965
16979 0.442851
11249 0.442765
4418 0.442765
29473 0.442643
22393 0.442457
8422 0.442457
754 0.442321
24866 0.442267
24942 0.441974
10678 0.441874
6537 0.441874
26681 0.441695
24103 0.441466
25434 0.441466
22492 0.441466
23626 0.441466
29166 0.441231
25155 0.441231
18756 0.441231
7512 0.441231
23496 0.440930
24822 0.440930
1882 0.440744
18204 0.440744
2898 0.440528
15473 0.440469
17369 0.440233
11163 0.439852
20464 0.439852
9426 0.439852
10152 0.439764
23939 0.439640
29495 0.439640
1688 0.439640
28076 0.439595
17450 0.439130
1920 0.438685
11387 0.438594
27272 0.438594
23725 0.438456
21517 0.438223
29356 0.438136
12866 0.437903
14349 0.437740
1592 0.437740
6628 0.437740
11457 0.437740
5177 0.437605
12638 0.437441
17573 0.437237
17299 0.437049
29085 0.437049
20229 0.437049
19489 0.436977
23440 0.436819
1120 0.436819
16104 0.436465
26307 0.436465
27313 0.436163
28302 0.436163
26974 0.435901
13422 0.435901
578 0.435783
25373 0.435588
17815 0.435588
11276 0.435588
15139 0.435470
16122 0.435361
4286 0.435162
4968 0.434987
10688 0.434987
25157 0.434796
2112 0.434631
10956 0.434631
14861 0.434532
11894 0.434532
15188 0.434532
12136 0.434207
6374 0.434140
19399 0.434140
17953 0.434077
13434 0.433964
91 0.433818
23635 0.433695
14266 0.433695
5262 0.433590
23228 0.433421
22184 0.433142
5329 0.433142
22526 0.433000
15224 0.432945
26171 0.432898
24070 0.432857
6796 0.432268
8115 0.432268
10681 0.432268
1455 0.432268
24293 0.432268
18486 0.432268
10361 0.432268
20911 0.432268
16520 0.432268
10882 0.431655
19790 0.431655
7444 0.431611
11460 0.431498
24222 0.431498
20625 0.431426
13872 0.431339
18005 0.431339
5864 0.431339
1645 0.431016
7099 0.431016
26738 0.430922
8123 0.430685
20264 0.430532
15519 0.430347
755 0.430200
21565 0.430029
6278 0.430029
18073 0.430029
15998 0.430029
2245 0.430029
2665 0.430029
15365 0.429826
25591 0.429826
11874 0.429826
25748 0.429649
18872 0.429649
27872 0.429584
21713 0.429352
3395 0.429352
26300 0.429203
11669 0.429150
17050 0.429150
1587 0.428696
18789 0.428648
901 0.428574
6893 0.428574
9303 0.428332
29343 0.428152
29951 0.428152
16019 0.427954
3412 0.427954
4329 0.427954
12558 0.427620
26045 0.427412
20972 0.427300
8277 0.426932
28397 0.426932
6768 0.426556
23033 0.426556
28788 0.426505
28586 0.426505
9580 0.426438
29838 0.426438
24194 0.426214
18896 0.426122
3924 0.426122
26585 0.426004
18477 0.425844
25071 0.425844
6106 0.425778
11966 0.425466
27222 0.425407
18873 0.425407
9843 0.425274
2867 0.425274
10733 0.425274
29367 0.425274
13859 0.425274
8316 0.425274
22474 0.425182
25721 0.425024
19265 0.425024
11743 0.425024
24224 0.425024
23112 0.424685
28710 0.424685
1329 0.424685
29662 0.424685
10707 0.424685
26965 0.424383
22684 0.424313
24039 0.424313
11588 0.424199
4931 0.424112
9715 0.423987
8512 0.423987
19735 0.423869
17930 0.423701
9812 0.423648
3439 0.423648
3303 0.423149
4538 0.423149
6403 0.423015
14526 0.423015
27610 0.422890
22282 0.422830
16155 0.422830
1199 0.422662
13621 0.422662
12954 0.422662
2667 0.422662
26050 0.422461
19880 0.422282
8379 0.422121
4509 0.421845
16725 0.421845
24959 0.421725
16218 0.421725
14969 0.421725
9858 0.421565
14132 0.420992
22633 0.420992
24753 0.420488
13789 0.420327
10938 0.420261
10428 0.420261
28086 0.420202
6404 0.420149
19623 0.420101
8463 0.419169
1278 0.419169
22738 0.419169
13075 0.419169
17111 0.419169
20947 0.419169
18611 0.419169
14109 0.419169
15917 0.419169
10505 0.419169
25026 0.419169
3679 0.418324
28024 0.418324
9343 0.418285
20101 0.418083
10953 0.417944
8669 0.417860
25752 0.417860
5016 0.417444
20032 0.417363
20466 0.417363
6957 0.417363
7543 0.416940
20066 0.416940
17887 0.416940
760 0.416801
6084 0.416528
9855 0.416528
9654 0.416400
27725 0.416259
4564 0.416259
4453 0.416102
13043 0.415928
23580 0.415734
27687 0.415734
3757 0.415264
8107 0.415196
10994 0.414978
21188 0.414785
27446 0.414734
18394 0.414460
7941 0.414340
18838 0.414082
21086 0.413795
22424 0.413530
22119 0.413530
22936 0.413238
14086 0.413057
11033 0.412913
3143 0.412913
20510 0.412913
15594 0.412701
27875 0.412440
6494 0.412230
14523 0.412082
14126 0.412035
25902 0.412035
15312 0.412035
11604 0.411684
1544 0.411684
21312 0.411298
9719 0.411298
5297 0.411160
5808 0.411160
10526 0.410738
24721 0.410738
8238 0.410738
29843 0.410556
19459 0.410556
27356 0.409855
8550 0.409855
6976 0.409855
5817 0.409643
19388 0.409643
13953 0.409517
3451 0.409517
3249 0.409376
10632 0.409248
22647 0.409248
10837 0.409028
6963 0.408845
1352 0.408845
1537 0.408690
3136 0.408558
28176 0.408558
24634 0.408558
22269 0.408558
9776 0.408558
6608 0.408391
22090 0.408254
15530 0.408139
9541 0.407526
27774 0.407472
1136 0.407425
4353 0.407386
4570 0.406841
26939 0.406841
23578 0.406841
17393 0.406841
27271 0.406285
5331 0.406243
6503 0.406195
20385 0.406070
17164 0.406070
14579 0.405988
3156 0.405756
17427 0.405677
22420 0.405351
15682 0.405351
13682 0.405008
3647 0.404856
3180 0.404677
20728 0.404462
20586 0.404270
20677 0.404045
14751 0.404045
19904 0.403451
5073 0.403451
12114 0.403451
4434 0.403451
3446 0.403451
16501 0.403451
4640 0.403136
21961 0.402982
16514 0.402891
5436 0.402756
9394 0.402756
25446 0.402536
26052 0.402536
27497 0.402363
17449 0.401973
12377 0.401864
24996 0.401350
24674 0.401350
22805 0.401350
16581 0.400945
12372 0.400945
22382 0.400945
6431 0.400474
12215 0.400116
17265 0.400116
26772 0.400029
17213 0.400029
5253 0.400029
20722 0.400029
26318 0.400029
24317 0.399922
1105 0.399786
14602 0.399732
10730 0.399732
16210 0.399608
8226 0.399608
29299 0.399608
18191 0.399456
3737 0.399265
10600 0.399265
5876 0.399209
16573 0.398777
20460 0.398603
22140 0.398603
12254 0.398470
12524 0.398470
20247 0.398470
29371 0.397961
7058 0.397892
19496 0.397892
316 0.397892
13502 0.397488
2495 0.397488
6964 0.397154
1098 0.397108
9965 0.397108
26003 0.397047
7131 0.397047
15390 0.396962
5240 0.396962
5293 0.396962
6634 0.396633
24570 0.396633
21753 0.396476
4049 0.396476
8433 0.396246
19981 0.396246
9970 0.396087
28799 0.396025
26890 0.396025
29024 0.395882
7109 0.395782
18089 0.395217
11348 0.395217
9289 0.395217
24979 0.394853
4823 0.394623
22116 0.394623
22709 0.394350
22889 0.394350
24221 0.393893
21992 0.393092
18874 0.393092
454 0.392971
9104 0.392854
15590 0.392683
13164 0.392683
8747 0.392414
2690 0.392414
28461 0.392414
3625 0.392414
10465 0.392210
13363 0.392161
28287 0.392161
1602 0.392017
638 0.391773
23922 0.391773
17528 0.391773
12307 0.391700
24688 0.391488
395 0.391488
21756 0.391225
15091 0.391100
9193 0.390980
28786 0.390980
3242 0.390751
1006 0.390751
14697 0.390150
28091 0.389974
18862 0.389974
8722 0.389974
2769 0.389807
25179 0.389502
20512 0.389229
7741 0.389229
13393 0.389229
21616 0.389042
21927 0.388868
3361 0.388868
25905 0.388868
1924 0.388707
18060 0.388415
4529 0.388283
28062 0.388283
23520 0.388283
23132 0.388159
268 0.387933
26953 0.387830
12862 0.387830
19434 0.387732
17368 0.387639
7048 0.387639
8757 0.387551
6804 0.387551
9168 0.387468
12245 0.387388
15119 0.386625
5718 0.386250
29770 0.386250
6321 0.386189
4271 0.386189
13899 0.386077
11156 0.386026
17801 0.385931
16821 0.385888
24475 0.385807
21179 0.385807
21345 0.384239
8121 0.384239
20987 0.384239
775 0.384239
28926 0.384239
6402 0.384239
27659 0.384239
19125 0.384239
11928 0.384239
25395 0.384239
14243 0.384239
14233 0.384239
9109 0.384239
14207 0.384239
27108 0.384239
15642 0.384239
1394 0.384239
11890 0.382604
24091 0.382561
25182 0.382561
18239 0.382364
15191 0.382248
28357 0.382184
3056 0.382116
8985 0.381965
5150 0.381694
24428 0.381694
13995 0.381694
24417 0.380614
11287 0.380614
1935 0.380508
12167 0.380396
13030 0.380396
2058 0.380277
12747 0.379718
19773 0.379718
3397 0.379495
15617 0.379375
9380 0.379249
15909 0.379183
13849 0.378975
10470 0.378327
9489 0.378091
6353 0.378091
7739 0.378091
2397 0.377940
11532 0.377940
25524 0.377726
15668 0.377614
1922 0.377252
19506 0.377252
24871 0.377057
11500 0.376989
4223 0.376705
10904 0.376705
2746 0.376705
12868 0.376630
19975 0.376630
20624 0.376200
29287 0.376200
5859 0.375993
21660 0.375993
11976 0.375886
25549 0.375604
7339 0.375604
16780 0.375545
22706 0.375545
12809 0.375046
9535 0.374775
27560 0.374775
3913 0.374775
28422 0.374486
8255 0.374486
29768 0.374258
14988 0.374258
13196 0.374258
5602 0.373854
1111 0.373854
11614 0.373854
831 0.373854
20242 0.373854
1299 0.373565
13260 0.373565
4383 0.373349
1232 0.373260
20288 0.373133
24113 0.373078
15150 0.373078
14559 0.373078
2803 0.372493
13437 0.372231
21066 0.372231
14733 0.372231
8128 0.372177
19372 0.371844
14673 0.371844
5907 0.371844
24474 0.371844
23507 0.371844
21829 0.371491
8567 0.371431
15844 0.371118
9833 0.370874
8371 0.370723
29594 0.370516
14454 0.370516
11889 0.370350
11571 0.370350
20463 0.370303
25101 0.370008
21703 0.369855
12553 0.369855
13724 0.369739
11647 0.369460
11531 0.369379
28417 0.369317
10973 0.369268
17234 0.368869
6615 0.368869
23844 0.368869
2328 0.368869
18208 0.368869
27481 0.368869
6124 0.368869
17658 0.368491
7874 0.368491
24876 0.368448
24635 0.368394
21266 0.368323
20256 0.368323
10907 0.368094
13963 0.368094
19619 0.368003
19760 0.367888
21007 0.367738
7691 0.367349
21111 0.367107
27195 0.367034
7163 0.367034
27302 0.367034
24686 0.366987
13025 0.366773
13149 0.366773
29597 0.366554
590 0.366505
2824 0.366426
162 0.366426
8015 0.366426
2687 0.366157
27684 0.366157
5439 0.366157
16693 0.366099
8923 0.365619
10223 0.365495
22558 0.365495
14042 0.365342
25204 0.365217
8888 0.365114
12533 0.364701
23000 0.364701
16889 0.364635
2758 0.364534
9493 0.364534
24922 0.364016
24303 0.364016
4814 0.364016
149 0.364016
14803 0.364016
13615 0.363418
15571 0.363356
887 0.363280
21010 0.363280
7509 0.362892
25658 0.362892
28578 0.362784
1770 0.362652
24419 0.362489
18244 0.362489
9646 0.362282
21384 0.361636
8545 0.361636
28855 0.361636
18304 0.361636
24859 0.361220
17242 0.361092
27221 0.360951
5180 0.360626
4154 0.360565
17061 0.360565
12314 0.360224
23282 0.360224
177 0.360224
4761 0.360224
7816 0.359920
5507 0.359807
20146 0.359449
20160 0.359449
27553 0.358929
23866 0.358864
16037 0.358864
28466 0.358623
21790 0.358623
23711 0.358623
21886 0.358357
16928 0.357986
5951 0.357921
21668 0.357577
1524 0.357527
7311 0.357527
17302 0.357342
21093 0.356970
10701 0.356970
8793 0.356970
13509 0.356908
15408 0.356793
14656 0.356793
17978 0.356510
29641 0.356204
18263 0.356204
11538 0.356204
16522 0.355777
4738 0.355695
18807 0.355564
12893 0.355511
21860 0.354682
19934 0.354682
11789 0.354682
16315 0.354682
10317 0.354682
12992 0.354682
16655 0.354682
1630 0.354682
339 0.354682
11527 0.354682
20382 0.353946
15733 0.353946
12185 0.353946
10150 0.353904
25475 0.353904
5855 0.353857
8646 0.353743
12632 0.353743
13747 0.353674
5302 0.353674
14577 0.353594
5612 0.353500
2821 0.353173
14790 0.352985
5953 0.352985
19433 0.352985
22408 0.352744
21449 0.352595
21951 0.352483
9738 0.352483
29530 0.352483
23305 0.352423
21346 0.352359
10142 0.352061
21769 0.351882
12704 0.351676
17901 0.351158
28952 0.350827
19832 0.350533
25611 0.350533
13814 0.350426
21461 0.350192
10785 0.350192
13996 0.350192
8727 0.350039
27 0.350039
28825 0.349594
3844 0.349308
18423 0.349308
12081 0.348930
20204 0.348848
12672 0.348626
27453 0.348626
15823 0.348496
18994 0.348216
3524 0.347802
443 0.347802
28902 0.347747
9640 0.347394
1998 0.347054
25702 0.346934
4412 0.346934
20144 0.346934
26527 0.346934
5487 0.346835
11034 0.346356
2791 0.346309
23618 0.345815
12517 0.345815
10392 0.345815
14160 0.345815
6145 0.345815
29392 0.345815
19409 0.345815
29991 0.345348
11851 0.345125
9108 0.345125
3286 0.345125
7791 0.345125
22481 0.345125
1670 0.344830
27088 0.344737
14938 0.344737
8914 0.344737
2362 0.344737
25564 0.344626
5669 0.344626
27157 0.344490
24518 0.344094
19738 0.343956
7286 0.343904
6183 0.343792
13277 0.343598
28715 0.343598
17435 0.343598
14908 0.343362
13401 0.343134
24175 0.342699
21482 0.342699
22905 0.342391
2520 0.342291
929 0.342015
22295 0.341954
15030 0.341954
25032 0.341954
26016 0.341954
23814 0.341545
7693 0.341204
24018 0.341110
24826 0.341040
17576 0.340803
24918 0.340575
1959 0.340575
10704 0.340146
13955 0.339972
26883 0.339903
23683 0.339903
10024 0.339903
6502 0.339748
13232 0.339748
21933 0.339640
11977 0.339450
10584 0.339378
16758 0.339328
9753 0.339328
23129 0.339034
17794 0.339034
403 0.339034
14567 0.339034
26987 0.338651
4983 0.338297
26760 0.338130
2549 0.338130
10590 0.338130
14600 0.337865
22650 0.337865
10554 0.337738
21310 0.337738
8805 0.337738
4446 0.337380
11063 0.337380
11981 0.337380
9488 0.337380
16974 0.337380
6731 0.337380
25125 0.337380
16119 0.337115
1910 0.337115
14815 0.337051
18492 0.336468
25406 0.336415
11844 0.336209
19049 0.336014
1060 0.335967
15180 0.335967
4747 0.335967
14806 0.335967
19601 0.335891
24118 0.335891
4510 0.335601
6075 0.335532
16450 0.335532
20533 0.335336
21454 0.335336
28093 0.335336
29581 0.335151
22141 0.335151
12251 0.335092
8297 0.335092
14946 0.335092
993 0.335092
10917 0.334867
12564 0.334659
344 0.334659
6848 0.334659
29240 0.334467
20641 0.334288
15626 0.333818
17381 0.333552
7123 0.333552
6199 0.333490
26674 0.333490
4852 0.333430
3585 0.333155
8558 0.333007
22963 0.333007
9664 0.333007
4188 0.332743
21638 0.332624
22375 0.332624
493 0.332624
17091 0.332624
27426 0.332411
20479 0.332224
6396 0.332224
8859 0.332058
19410 0.331982
12496 0.331982
26915 0.331982
17595 0.331500
1257 0.331500
28407 0.331406
4395 0.331320
8095 0.331240
27715 0.331099
26717 0.331099
1678 0.331099
20764 0.331036
7868 0.330978
23852 0.330923
15847 0.330824
23137 0.330824
12597 0.329347
22470 0.329347
180 0.329347
28055 0.329347
25054 0.329347
14184 0.329347
23464 0.329347
5437 0.329347
16975 0.327969
2622 0.327928
17274 0.327787
29577 0.327676
28703 0.327676
21863 0.327614
1618 0.327548
9470 0.327399
9778 0.327223
26485 0.326681
27282 0.326681
4961 0.326603
28258 0.326520
7110 0.326433
2477 0.326433
3201 0.326134
27949 0.325899
26840 0.325768
22019 0.325768
9758 0.325473
2788 0.325473
12906 0.325473
11192 0.325363
18066 0.325306
29335 0.325248
21283 0.325125
28042 0.325125
21645 0.325125
1117 0.324856
16197 0.324551
5802 0.324201
16846 0.324201
8312 0.324057
28847 0.324007
14732 0.323904
18808 0.323797
26992 0.323741
25552 0.323741
1276 0.323569
7648 0.323569
12545 0.323386
15731 0.323323
24450 0.323323
3117 0.323191
21672 0.322983
13507 0.322983
12284 0.322760
11258 0.322760
22106 0.322760
8547 0.322760
6295 0.322522
21595 0.322522
8459 0.322370
1782 0.322265
8806 0.322156
28391 0.322156
12656 0.321688
17343 0.321688
25090 0.321363
3808 0.321155
15466 0.321155
25515 0.321155
8611 0.321009
14028 0.320859
2346 0.320623
2395 0.320541
2839 0.320541
1759 0.320541
20186 0.320541
8402 0.320486
28687 0.320199
27216 0.319892
11579 0.319427
8039 0.318991
17773 0.318991
27255 0.318836
15613 0.318836
22265 0.318836
9562 0.318637
7667 0.318637
29507 0.318637
27336 0.318637
26457 0.318637
16557 0.318430
10572 0.318430
27395 0.318369
28396 0.318323
2959 0.317991
21232 0.317991
6916 0.317991
1460 0.317585
3830 0.317515
13445 0.317515
25492 0.317515
11523 0.317347
5652 0.317347
29291 0.317261
356 0.317149
11096 0.317149
21081 0.316997
18384 0.316997
22082 0.316860
5917 0.316680
20846 0.316626
24431 0.316432
9677 0.316232
27187 0.316174
16244 0.315973
24336 0.315973
22586 0.315973
15976 0.315813
28541 0.315813
7937 0.315682
27017 0.315682
27079 0.315273
18181 0.315028
16994 0.314888
13548 0.314888
19916 0.314839
5850 0.314798
5225 0.314377
18987 0.314377
29208 0.314377
17747 0.313931
29241 0.313931
10611 0.313885
6645 0.313757
20719 0.313360
4576 0.313360
6043 0.313083
9129 0.312955
14677 0.312797
14797 0.312601
17063 0.312601
16369 0.312601
25659 0.312601
16876 0.312601
25619 0.312418
7777 0.312418
4015 0.312418
7118 0.312194
8701 0.312089
93 0.311911
3025 0.311545
8410 0.311545
17289 0.311545
4369 0.311545
3036 0.311233
5787 0.311233
27197 0.311233
29358 0.311233
28490 0.311163
675 0.311163
15723 0.311163
15279 0.311163
21521 0.311163
12370 0.310845
10588 0.310576
18458 0.310576
26044 0.310347
25269 0.310347
14672 0.310347
3458 0.309870
5683 0.309870
8472 0.309685
20855 0.309387
20774 0.309265
6978 0.308763
18813 0.308677
6121 0.308370
8184 0.308152
25164 0.308152
7524 0.308099
20431 0.308053
4204 0.308053
26 0.307391
9838 0.307391
2603 0.306771
24944 0.306731
3078 0.306731
10368 0.306686
5101 0.306502
1837 0.306502
3530 0.306418
24180 0.306418
273 0.306031
23902 0.306031
24985 0.305934
27394 0.305823
10117 0.305823
7989 0.305823
17633 0.305693
29365 0.305693
12363 0.305539
19227 0.305539
12650 0.305420
11868 0.304951
166 0.304951
21997 0.304951
2878 0.304951
1921 0.304741
107 0.304317
3496 0.304317
26102 0.304317
20811 0.304013
25839 0.303898
14951 0.303898
18877 0.303710
19383 0.303642
28162 0.303642
5153 0.303061
7257 0.303000
8173 0.303000
5897 0.302832
26182 0.302733
3512 0.302588
10809 0.302588
6985 0.302523
28615 0.302352
16542 0.302168
25747 0.302168
7842 0.301902
9456 0.301645
2732 0.301554
2406 0.301364
13309 0.301212
12027 0.301212
22357 0.301118
13726 0.300708
26368 0.300708
25183 0.300708
4638 0.300708
22990 0.300708
11086 0.300242
14110 0.300242
18466 0.300186
8788 0.300186
28997 0.299894
25238 0.299810
7272 0.299810
26654 0.299706
13305 0.299576
25396 0.299576
23812 0.299407
5279 0.299407
8008 0.299083
26871 0.299031
12680 0.298852
28301 0.298852
10041 0.298852
8088 0.298852
15494 0.298852
11864 0.298679
28332 0.298471
7498 0.298215
6623 0.298215
29097 0.297475
26936 0.297475
26101 0.297475
7275 0.297475
10149 0.297475
14834 0.297475
3788 0.297092
27857 0.297092
14153 0.297092
6938 0.296837
28341 0.296739
14700 0.296605
9860 0.296549
25172 0.296280
1119 0.295884
21815 0.295884
14152 0.295884
18996 0.295830
9137 0.295830
21428 0.295568
4864 0.295277
13206 0.295208
29468 0.295095
22975 0.295095
19387 0.295008
7978 0.295008
1831 0.294881
13180 0.294881
2303 0.294758
18811 0.294310
732 0.294310
13448 0.294060
18161 0.293616
5592 0.293616
2204 0.293419
13298 0.293176
3172 0.293176
20302 0.293063
10032 0.293063
25868 0.292955
19491 0.292903
10483 0.292567
19635 0.292567
19198 0.291827
16042 0.291827
11463 0.291708
23246 0.291651
18039 0.291651
27408 0.291491
7481 0.291491
22873 0.291491
6828 0.291212
3638 0.291090
20279 0.291090
17422 0.290977
12382 0.290685
16731 0.290685
29727 0.290601
12776 0.290601
14967 0.289991
16791 0.289905
15721 0.289826
13731 0.289826
26450 0.289754
6005 0.289688
12306 0.289688
19801 0.289571
26237 0.289571
7619 0.289471
22784 0.289471
6216 0.289385
14004 0.288179
20539 0.288179
23674 0.288179
18153 0.288179
4191 0.288179
28822 0.288179
9492 0.288179
2081 0.288179
19912 0.288179
21208 0.288179
16631 0.286983
8016 0.286898
4702 0.286898
11806 0.286898
22434 0.286551
7666 0.286551
2162 0.286474
14842 0.286389
21648 0.285874
15684 0.285874
6422 0.285874
16024 0.285797
14423 0.285716
10443 0.285716
3571 0.285535
12663 0.285208
14793 0.284941
4458 0.284621
3487 0.283920
5347 0.283920
6148 0.283920
3425 0.283745
1481 0.283745
26049 0.283455
22318 0.283295
6297 0.283123
12323 0.283123
25871 0.283123
27741 0.282875
1376 0.282875
28372 0.282742
21341 0.282601
4781 0.282601
22639 0.282528
23474 0.282298
24530 0.282298
22276 0.282099
22514 0.282048
4165 0.281659
20939 0.281477
15018 0.281477
15987 0.281477
26631 0.281414
29722 0.280914
20521 0.280790
25061 0.280390
27548 0.280390
23540 0.280012
19332 0.279850
27369 0.279850
17723 0.279785
15234 0.279785
11019 0.279739
3695 0.279739
22980 0.279739
6600 0.279739
29394 0.279446
3048 0.279446
25048 0.279446
2597 0.279446
12475 0.279446
1161 0.279133
20037 0.279001
14881 0.279001
17062 0.278796
4362 0.278573
19917 0.278573
703 0.278573
14845 0.278434
28550 0.278434
2053 0.278242
19627 0.278042
13921 0.277887
5809 0.277887
1640 0.277887
11632 0.277763
14022 0.277617
22683 0.277617
13620 0.277235
13934 0.277095
196 0.277048
3292 0.276652
29281 0.276652
6522 0.276652
22822 0.276652
22467 0.276652
20964 0.276652
7121 0.276652
19907 0.276652
8852 0.276100
18442 0.275864
16935 0.275864
14709 0.275769
27276 0.275428
29724 0.275080
14720 0.274960
20297 0.274456
28119 0.274456
26022 0.274159
24102 0.274159
16454 0.273913
11644 0.273913
14285 0.273913
28921 0.273770
9798 0.273704
4603 0.273704
6585 0.273155
7758 0.273012
3181 0.273012
6928 0.273012
5000 0.273012
27022 0.273012
15301 0.273012
18850 0.272888
20809 0.272832
13236 0.272563
1511 0.272460
28049 0.272070
22000 0.272070
8300 0.271227
26982 0.270678
2956 0.270638
26281 0.270638
29409 0.270591
22241 0.270591
3466 0.270591
7806 0.270535
13715 0.270470
29646 0.270470
13190 0.270390
16463 0.270390
3966 0.270092
17897 0.270006
5085 0.269904
3848 0.269587
27325 0.269466
11797 0.269466
4729 0.269162
11918 0.268967
27883 0.268731
3277 0.268594
29987 0.268504
23835 0.268504
19060 0.268504
792 0.268504
23241 0.268073
814 0.268073
2944 0.268073
27900 0.268073
5270 0.267728
3110 0.267595
16690 0.267481
25950 0.267481
3824 0.267481
12487 0.267481
7080 0.267093
5147 0.266945
22937 0.266945
20450 0.266524
19782 0.266405
23275 0.266405
28652 0.266011
2767 0.266011
13407 0.266011
16919 0.266011
24174 0.266011
27454 0.266011
7683 0.266011
17357 0.266011
7242 0.266011
28161 0.265547
515 0.265227
19128 0.265125
22283 0.264992
576 0.264879
14151 0.264558
27766 0.264317
8338 0.264164
17544 0.264164
8702 0.264164
20113 0.263875
4181 0.263806
1828 0.263757
23019 0.263478
4396 0.263120
5875 0.262795
28313 0.262795
10542 0.262644
4678 0.262500
25430 0.262229
25704 0.262229
17889 0.262229
17136 0.261981
20329 0.261752
18294 0.261541
13781 0.261541
28534 0.261441
19059 0.261441
2212 0.261207
25474 0.261207
6426 0.261207
23213 0.260992
22727 0.260992
9659 0.260992
16754 0.260992
7124 0.260795
29410 0.260733
18338 0.260733
24612 0.260733
24057 0.260614
18299 0.260501
16759 0.260501
25105 0.260501
8335 0.260501
8186 0.260291
10303 0.260100
28561 0.259926
27226 0.259486
11983 0.259191
23042 0.258899
23050 0.258553
17306 0.258456
28230 0.258456
12299 0.258456
5322 0.258367
20854 0.258285
6104 0.258285
26767 0.258285
15258 0.258208
1944 0.257844
6204 0.257750
22802 0.257750
18169 0.257666
15982 0.257590
22864 0.257522
17307 0.257522
23822 0.257522
15801 0.257522
14222 0.257459
20365 0.257403
13108 0.257403
12797 0.257403
25408 0.257403
11144 0.257403
21765 0.257303
5675 0.257258
5925 0.256159
213 0.256159
3993 0.256159
29997 0.256159
12367 0.256159
14052 0.256159
14468 0.256159
15889 0.256159
17864 0.256159
21885 0.255069
15706 0.254872
1273 0.254811
12371 0.254811
18566 0.254811
6051 0.254811
5560 0.254744
5905 0.254744
16721 0.254744
24594 0.254670
23326 0.254670
1552 0.254588
23384 0.254496
9090 0.253902
13762 0.253809
29988 0.253597
23619 0.253477
26881 0.253035
24188 0.253035
29595 0.253035
1609 0.253035
16097 0.252854
2208 0.252789
17945 0.252650
5017 0.252650
26275 0.252500
7566 0.252336
8358 0.252336
9508 0.251960
4973 0.251960
12699 0.251854
22476 0.251502
21452 0.251502
13852 0.251502
2049 0.251303
2860 0.251233
8776 0.251087
11502 0.250850
15561 0.250364
16262 0.250304
6659 0.250304
570 0.249987
11364 0.249987
2847 0.249850
7803 0.249850
4054 0.249755
3104 0.249755
3059 0.249755
16354 0.249633
4203 0.249557
7553 0.249557
4982 0.249506
26260 0.249236
6635 0.249236
2636 0.248943
4491 0.248882
16147 0.248719
2889 0.248719
14774 0.248719
4921 0.248719
4568 0.248490
13630 0.248490
6994 0.248490
25728 0.248277
23875 0.248277
16792 0.248118
7534 0.248053
5538 0.248053
24043 0.248053
3111 0.248053
1408 0.248053
1389 0.247896
25651 0.247896
21024 0.247780
15170 0.247691
12621 0.247476
14943 0.247412
25147 0.247412
8604 0.247364
10674 0.247364
3599 0.247364
22557 0.247011
2376 0.247011
5532 0.247011
2429 0.246628
24804 0.246493
22901 0.246307
991 0.246211
12949 0.246211
9547 0.246085
19447 0.245913
13735 0.245913
23433 0.245757
10473 0.245486
11097 0.245486
1399 0.244825
28053 0.244825
10338 0.244711
4459 0.244658
2613 0.244355
24334 0.244284
28492 0.244219
8311 0.244105
1487 0.244105
17016 0.244105
6308 0.243961
29042 0.243746
29820 0.243746
25516 0.243746
26537 0.243664
4797 0.243664
8275 0.243431
8412 0.243234
1764 0.243234
15354 0.243234
17147 0.243234
21070 0.242677
20822 0.242677
5338 0.242677
29178 0.242677
14997 0.242677
1568 0.242677
13264 0.242677
21255 0.242123
17398 0.242070
28447 0.241928
10966 0.241928
294 0.241698
2999 0.241698
19845 0.241521
7609 0.241521
17656 0.241406
13267 0.241406
14583 0.241406
3049 0.241266
11550 0.240866
5467 0.240728
22707 0.240728
23369 0.240567
24333 0.240567
24492 0.240567
3626 0.240444
21003 0.240149
15451 0.240149
24751 0.240149
26889 0.240149
56 0.239674
8350 0.239525
5997 0.239525
2329 0.239362
116 0.239362
18954 0.239153
9340 0.238978
23556 0.238978
1801 0.238978
7282 0.238905
8885 0.238493
20909 0.238493
4249 0.238120
6266 0.238120
3692 0.237980
4853 0.237980
28517 0.237780
6999 0.237780
2011 0.237673
22028 0.237529
28279 0.237184
26446 0.237130
21743 0.237130
9410 0.236774
236 0.236774
23918 0.236455
14293 0.236455
11196 0.236455
9698 0.236455
9222 0.236455
10125 0.235905
7405 0.235783
8478 0.235783
9966 0.235501
11209 0.235501
20107 0.235501
28221 0.235501
15286 0.235448
22643 0.235448
7418 0.235448
18087 0.235248
15107 0.235020
20154 0.235020
20757 0.234948
24757 0.234948
10931 0.234948
29260 0.234948
15850 0.234812
7946 0.234685
5291 0.234685
25333 0.234292
26108 0.233730
29540 0.233461
3494 0.233461
17058 0.233461
25429 0.233288
800 0.232872
10286 0.232481
9323 0.231993
11964 0.231907
3340 0.231831
13779 0.231763
27993 0.231763
17009 0.231763
19166 0.231702
5984 0.231646
6751 0.231646
9006 0.231646
16174 0.231646
27882 0.231646
12278 0.231596
29127 0.231550
19185 0.231508
15949 0.231469
18012 0.231469
26658 0.231469
10165 0.230543
20489 0.230543
22969 0.230543
21843 0.230543
19260 0.230543
18214 0.230543
9294 0.230543
27980 0.230543
24554 0.230543
26905 0.230543
13646 0.230543
14923 0.229587
14689 0.229587
21100 0.229500
29775 0.229396
27110 0.229396
17796 0.229396
16045 0.229396
12681 0.229269
28001 0.229195
12823 0.229195
25127 0.229195
14777 0.229111
20751 0.228638
8413 0.228556
3034 0.228556
24008 0.228556
14119 0.228368
10793 0.228261
3495 0.228261
19651 0.228010
3863 0.228010
17572 0.227697
21333 0.227697
24625 0.227575
17865 0.227296
5002 0.227136
23175 0.227136
5651 0.227136
24366 0.227136
13251 0.226960
14271 0.226764
19336 0.226602
9481 0.226602
8595 0.226426
22488 0.226300
12190 0.226023
25791 0.226023
3157 0.226023
10487 0.226023
14108 0.225638
449 0.225531
4828 0.225531
3084 0.225182
20527 0.224920
834 0.224920
19691 0.224920
15034 0.224920
25983 0.224920
27411 0.224682
2970 0.224682
8494 0.224555
28169 0.224139
22656 0.224010
14553 0.224010
7613 0.223828
16346 0.223828
28576 0.223734
8221 0.223734
8780 0.223734
7207 0.223734
18238 0.223486
20034 0.223434
1097 0.223106
18638 0.223106
824 0.223106
15692 0.223106
7309 0.223106
12214 0.222794
22688 0.222351
7996 0.222351
1952 0.222210
26499 0.222083
12700 0.221913
12297 0.221913
7245 0.221676
14203 0.221676
23982 0.221676
28653 0.221676
14463 0.221483
12085 0.221483
22538 0.220880
7069 0.220880
14351 0.220615
16634 0.220520
7717 0.220264
16060 0.220182
4955 0.220117
24478 0.219565
7723 0.219565
3478 0.219565
12294 0.219016
22179 0.219016
21432 0.218870
21748 0.218870
20788 0.218870
23259 0.218619
2492 0.218524
14066 0.218524
15309 0.218266
23287 0.218210
13751 0.218081
618 0.217926
3677 0.217680
24253 0.217680
494 0.217494
12384 0.217494
27543 0.217494
23160 0.217266
16195 0.217266
27087 0.217266
21113 0.216982
9100 0.216848
5964 0.216472
23516 0.216134
489 0.215461
1422 0.215174
4210 0.215174
25881 0.215014
21251 0.214913
24340 0.214792
28562 0.214676
15819 0.214676
1444 0.214459
2401 0.214222
21652 0.214006
29190 0.213906
22782 0.213749
29526 0.213674
413 0.213466
21403 0.213278
7307 0.213219
18766 0.213002
24627 0.212952
6063 0.212809
1962 0.212809
8756 0.212215
15465 0.212156
21140 0.212100
12874 0.212100
16115 0.211994
20029 0.211994
12195 0.211994
21470 0.211610
17998 0.211508
18855 0.211415
24862 0.211331
9357 0.210955
22040 0.210863
29384 0.210863
1446 0.210712
16803 0.210496
4722 0.209585
29539 0.209585
26593 0.209585
5623 0.209585
1177 0.209585
17618 0.209585
13957 0.209585
21391 0.209585
5181 0.209585
27420 0.209585
22014 0.209585
6720 0.209585
9348 0.209585
607 0.208532
982 0.208470
26037 0.208470
18137 0.208401
27231 0.208322
27346 0.208233
17950 0.208233
3135 0.207867
16219 0.207867
17048 0.207697
20761 0.207697
16591 0.207598
10482 0.207489
2156 0.207230
1939 0.207230
15522 0.207230
8385 0.207018
13125 0.206898
13177 0.206898
13860 0.206072
7737 0.206072
24973 0.205842
19006 0.205649
10094 0.205649
24730 0.205195
22188 0.205144
9 0.204688
2596 0.204624
27304 0.204514
17941 0.204514
16538 0.204279
28885 0.204279
23634 0.204279
19317 0.204127
9096 0.203736
12464 0.203736
26363 0.203693
23386 0.203693
4666 0.203420
27217 0.203420
23728 0.203122
29316 0.203069
15678 0.202994
17127 0.202878
26341 0.202878
27258 0.202878
23459 0.202793
9827 0.202675
26498 0.202675
13010 0.202428
13619 0.202231
21686 0.202231
2259 0.201725
8909 0.201725
25246 0.201725
29246 0.201568
9824 0.201445
11012 0.201055
8439 0.200932
9786 0.200888
9333 0.200888
17678 0.200472
4086 0.200472
28245 0.200472
18810 0.200472
3274 0.200472
22473 0.200058
3116 0.199961
20672 0.199961
23291 0.199893
11355 0.199804
26149 0.199604
20177 0.199509
1816 0.199235
14128 0.199235
15558 0.199235
16116 0.199105
16886 0.198744
29709 0.198744
1192 0.198744
13003 0.198205
15432 0.198205
16123 0.197941
5173 0.197608
7197 0.197608
29580 0.197608
24939 0.197608
26714 0.197175
5372 0.197175
1765 0.197045
12813 0.197045
28485 0.196805
14809 0.196805
19502 0.196672
12808 0.196672
8165 0.196672
21742 0.196486
17496 0.196207
3153 0.196008
29180 0.195962
26424 0.195886
28131 0.195744
15048 0.195612
2848 0.195376
17743 0.195376
20640 0.195218
6698 0.195169
19733 0.195169
19368 0.195169
3922 0.195169
9821 0.194825
6235 0.194681
26440 0.194551
20469 0.194434
14721 0.194278
27592 0.194278
13300 0.193819
12163 0.193359
13756 0.193193
4001 0.193193
27989 0.193066
11459 0.193066
17473 0.192966
23623 0.192119
1562 0.192119
6042 0.192119
19315 0.191182
21404 0.191124
1158 0.191124
20740 0.190532
21903 0.190532
16125 0.190532
2579 0.190254
25011 0.190139
8886 0.190139
4963 0.189687
11399 0.189687
21271 0.189624
15447 0.189335
25206 0.189335
15524 0.189164
22575 0.188970
9943 0.188970
20493 0.188970
3624 0.188970
23242 0.188749
19811 0.188626
19540 0.188626
21286 0.188494
23911 0.188494
4546 0.188425
2127 0.188199
7140 0.188199
29933 0.187943
21009 0.187943
6419 0.187943
12785 0.187773
18667 0.187773
28382 0.187316
14354 0.187243
21905 0.186567
28217 0.186567
6026 0.186298
18100 0.186153
1324 0.186153
1204 0.186089
4349 0.186089
11179 0.186089
17429 0.185922
7067 0.185922
5556 0.185607
11546 0.185607
25067 0.185495
3987 0.185258
12825 0.185004
29808 0.184928
25099 0.184928
17247 0.184824
25082 0.184435
11794 0.184435
22523 0.184435
14106 0.184435
20104 0.184047
18918 0.184047
6605 0.184047
29958 0.183944
11884 0.183944
11573 0.183517
21633 0.183517
17263 0.183387
5095 0.183387
27445 0.183277
1371 0.183213
28968 0.183213
12030 0.182748
29554 0.182748
27519 0.182608
9529 0.182351
4505 0.182351
23014 0.182351
14996 0.182290
19686 0.182008
19061 0.182008
17787 0.181756
6648 0.181640
19840 0.181213
11189 0.181213
2213 0.181055
24787 0.180818
20736 0.180818
17495 0.180818
28876 0.180610
26743 0.180546
11206 0.180425
22697 0.180313
3732 0.180112
8175 0.179644
5140 0.179644
15009 0.179644
23820 0.179644
13688 0.179644
2004 0.179644
10964 0.179644
25652 0.179521
27665 0.179521
27030 0.179311
6617 0.179179
9171 0.179179
1595 0.179063
23699 0.178870
13288 0.178485
28329 0.178485
23032 0.178485
11039 0.178397
1684 0.178255
25965 0.177341
29568 0.177341
9259 0.177341
712 0.177341
10300 0.177341
17550 0.177341
16888 0.177341
26220 0.177341
16776 0.177341
9082 0.177341
25849 0.177341
22020 0.177341
26255 0.177341
10169 0.176586
29564 0.176542
729 0.176372
21401 0.176298
2545 0.176298
9528 0.175838
7982 0.175838
9626 0.175652
22234 0.175540
12106 0.175413
2915 0.175213
13303 0.175096
25724 0.175096
15884 0.174966
15334 0.174966
4787 0.174966
20095 0.174465
15315 0.174248
10393 0.173527
24520 0.173178
15161 0.172907
1851 0.172907
25583 0.172599
821 0.172599
377 0.172245
26508 0.172047
13487 0.171896
22304 0.171896
11243 0.171833
18673 0.171833
1338 0.171833
26778 0.171567
23303 0.171567
8770 0.171261
854 0.171261
15751 0.170773
26150 0.170773
12534 0.170288
13005 0.170073
5952 0.170073
26227 0.169874
28364 0.169325
9189 0.169325
7407 0.169206
812 0.169065
21775 0.169065
19972 0.168985
3976 0.168985
41 0.168690
5130 0.168690
19222 0.168690
3554 0.168690
26930 0.168690
19685 0.168433
2617 0.167871
19538 0.167871
9134 0.167871
4594 0.167871
3764 0.167668
19864 0.167489
13889 0.167233
5954 0.167233
10432 0.166909
18246 0.166909
15622 0.166840
17983 0.166776
6252 0.166776
23173 0.166658
10625 0.166658
22517 0.166658
24391 0.166503
18330 0.166371
28614 0.166371
14955 0.166257
23907 0.166069
22206 0.165991
2288 0.165750
21337 0.165583
4536 0.165583
4173 0.165518
3995 0.165462
16225 0.165412
23299 0.165412
24006 0.164674
4399 0.164674
21946 0.164674
22094 0.164674
28374 0.164674
21062 0.164674
13664 0.164674
24383 0.164674
26838 0.164674
28539 0.163985
17362 0.163985
15572 0.163985
10626 0.163942
9185 0.163942
6821 0.163893
4450 0.163893
16675 0.163893
16298 0.163774
15859 0.163774
19554 0.163611
4062 0.163611
3734 0.163611
25929 0.163301
17384 0.163216
1282 0.163120
447 0.162884
11107 0.162736
7528 0.162736
1844 0.162736
26849 0.162624
11465 0.162562
297 0.162497
948 0.162497
3068 0.162354
27214 0.162003
9603 0.162003
7161 0.162003
15343 0.162003
8555 0.162003
22364 0.161952
28744 0.161596
14760 0.161527
5682 0.161380
6950 0.161380
22810 0.161380
11994 0.161132
26574 0.161132
7367 0.160844
25815 0.160624
27355 0.160624
5676 0.160577
16786 0.160505
2589 0.160099
7478 0.160099
3749 0.159914
22686 0.159914
22251 0.159684
13004 0.159495
10383 0.159418
14678 0.158995
3461 0.158995
14480 0.158995
2621 0.158575
25779 0.158575
18388 0.158313
22541 0.158087
17577 0.158087
5238 0.158087
4874 0.158034
18211 0.157740
29995 0.157444
16602 0.157444
25775 0.156769
29249 0.156769
25319 0.156680
8623 0.156542
11135 0.156542
490 0.156542
9952 0.156542
1590 0.156300
3298 0.156300
26898 0.156300
16953 0.156300
14100 0.156097
11639 0.155923
4559 0.155772
19346 0.155641
16200 0.155581
62 0.155422
11216 0.155422
6571 0.155173
17603 0.154987
1766 0.154633
24975 0.154554
16199 0.154488
20629 0.154339
4164 0.153695
2640 0.153695
27750 0.153695
16307 0.153695
8983 0.153695
1428 0.153695
6897 0.153695
8771 0.153695
16794 0.153695
29825 0.153695
12075 0.153695
9041 0.153015
8058 0.152770
22592 0.152678
2444 0.152425
5962 0.152245
4445 0.152245
21405 0.152135
24574 0.152135
13986 0.151855
29694 0.151855
15116 0.151673
1830 0.151673
22101 0.151673
10272 0.151673
28304 0.151673
28312 0.151673
3398 0.151673
24131 0.151531
21602 0.151367
15722 0.151176
7332 0.151176
27827 0.150559
13570 0.150559
29472 0.150354
22453 0.150121
3800 0.150121
1981 0.150121
19465 0.149947
2927 0.149947
20401 0.149853
3918 0.149853
23768 0.149853
16429 0.149853
13271 0.149703
1834 0.149703
28190 0.149542
12923 0.149340
13613 0.149175
20668 0.149108
20833 0.149058
6189 0.148738
2919 0.148738
10738 0.148738
4325 0.148418
9071 0.148369
23746 0.148369
25753 0.148303
24228 0.148303
1871 0.148055
3698 0.148055
24583 0.148055
13596 0.147784
28563 0.147784
12838 0.147440
13080 0.147379
13290 0.147379
12931 0.146915
18427 0.146843
9726 0.146709
29060 0.146588
5529 0.146532
16562 0.146532
19587 0.146532
6935 0.146377
324 0.146377
24279 0.146377
18000 0.146045
14904 0.145913
28869 0.145913
21817 0.145913
5679 0.145913
20405 0.145913
21618 0.145913
16471 0.145746
28216 0.145746
26860 0.145606
14173 0.145606
17226 0.145388
1918 0.145300
19364 0.145300
9699 0.144913
3713 0.144913
14130 0.144786
1997 0.144786
21235 0.144089
18858 0.144089
4949 0.144089
6409 0.144089
14009 0.143492
13352 0.143492
26181 0.143449
2098 0.143449
16972 0.143400
17385 0.143343
22255 0.143275
25128 0.143275
6101 0.143195
9593 0.143195
1550 0.142899
9002 0.142814
19754 0.142814
2576 0.142717
9828 0.142717
17750 0.142604
17654 0.142604
5142 0.142311
19180 0.142311
3313 0.142311
10371 0.142311
6926 0.142311
18773 0.142185
10546 0.142185
14185 0.142041
8657 0.142041
2895 0.141727
16810 0.141562
1833 0.141371
1943 0.141149
22098 0.141149
10714 0.141149
1972 0.140943
8668 0.140707
15664 0.140707
15541 0.140109
10133 0.140050
3649 0.139723
1690 0.139723
15974 0.139723
29559 0.139723
14320 0.139398
11772 0.139398
1191 0.139339
25530 0.139021
23799 0.138881
16869 0.138881
15490 0.138578
20575 0.138326
13209 0.138326
27111 0.138326
28408 0.138326
7660 0.138050
17853 0.138050
4668 0.138050
29800 0.137932
6139 0.137932
26975 0.137825
26376 0.137825
14356 0.137480
12599 0.137228
10787 0.137228
25953 0.136852
27281 0.136852
14699 0.136506
18206 0.136343
27762 0.136343
21157 0.136282
7251 0.136186
20979 0.136186
6264 0.136186
15287 0.135614
1336 0.135614
7939 0.135614
17156 0.135614
27961 0.135614
28669 0.135046
27076 0.134952
19230 0.134892
6433 0.134892
6789 0.134821
28678 0.134821
19407 0.134733
19322 0.134733
27043 0.134733
5430 0.134397
10087 0.134297
19029 0.134297
15289 0.134037
11787 0.134037
7064 0.134037
26224 0.133864
22159 0.133864
17665 0.133648
18114 0.133648
13457 0.133648
24988 0.133648
15817 0.133472
20685 0.133472
20380 0.133372
14622 0.133262
9612 0.133203
14216 0.133203
18526 0.132774
14788 0.132496
4715 0.132496
9881 0.132496
14129 0.132496
23526 0.132369
20007 0.132029
27052 0.131739
5583 0.131739
13910 0.131450
27000 0.131450
23586 0.131450
16072 0.131450
6272 0.131398
5134 0.131398
17923 0.131322
25574 0.130876
19466 0.130720
20745 0.130720
8766 0.130672
12548 0.130496
14462 0.130496
12237 0.130496
3123 0.130307
11253 0.130307
17186 0.130250
5668 0.130050
21607 0.129743
25123 0.129681
9710 0.129681
5733 0.129681
14065 0.129386
23074 0.129104
23429 0.128875
25998 0.128795
7293 0.128795
1144 0.128730
2111 0.128675
5581 0.128629
29846 0.128080
7907 0.128080
7600 0.128080
13845 0.128080
9578 0.128080
24201 0.127436
3046 0.127372
18316 0.126905
13730 0.126672
29385 0.126458
13732 0.126458
26766 0.126325
17411 0.125980
28363 0.125927
26991 0.125751
25830 0.125751
22287 0.125751
8849 0.125751
8460 0.125543
7574 0.125400
26475 0.125295
13168 0.125295
22228 0.125295
16273 0.125182
24167 0.124925
3794 0.124618
4637 0.124618
25936 0.124618
28470 0.124359
17027 0.124245
13634 0.123846
9444 0.123706
3170 0.123505
19892 0.123505
20172 0.123285
11591 0.123106
13600 0.122956
28525 0.122956
4876 0.122830
27714 0.122830
7333 0.122830
23439 0.122774
21249 0.122629
7672 0.122511
12138 0.122412
9933 0.122329
23206 0.122329
25914 0.122142
15877 0.122052
26270 0.122052
23271 0.121981
28247 0.121981
7765 0.121981
21488 0.121922
9243 0.121832
10016 0.121832
15325 0.121832
10343 0.121339
6202 0.121339
14877 0.121339
9697 0.120703
10677 0.120703
7489 0.120545
10587 0.120545
22519 0.119882
8760 0.119763
12769 0.119763
23487 0.119621
22527 0.119246
14131 0.118565
9725 0.118504
300 0.118227
25981 0.118227
9228 0.118227
27241 0.117952
6661 0.117891
18201 0.117474
24264 0.117406
16521 0.117406
26385 0.117406
23268 0.116865
4219 0.116731
22387 0.116567
1985 0.116329
12674 0.116240
16108 0.115997
26990 0.115851
10729 0.115798
29693 0.115798
13517 0.115754
29612 0.114793
8066 0.114556
9159 0.114556
6205 0.114319
27035 0.114319
16468 0.114233
26957 0.114233
17066 0.114005
10984 0.113848
23382 0.113848
25236 0.113721
26745 0.113568
19964 0.113568
7499 0.113382
1928 0.113382
27299 0.113150
17476 0.113150
28899 0.113011
21892 0.112919
14674 0.112919
11 0.112919
15173 0.112460
632 0.112460
24777 0.112460
968 0.112460
26638 0.112460
20435 0.112156
10516 0.112005
21073 0.112005
24320 0.111779
18962 0.111553
17179 0.111553
14585 0.111553
11017 0.111374
14492 0.111227
6639 0.111227
22462 0.111227
16149 0.111105
18473 0.111105
29588 0.110957
29730 0.110957
13364 0.110957
6574 0.110741
7585 0.110661
7769 0.110440
28647 0.110440
20868 0.110440
15734 0.110308
13843 0.110260
18451 0.109782
25877 0.109782
7827 0.109782
21661 0.109782
2888 0.109309
16499 0.109262
2471 0.109205
4193 0.109205
27617 0.109133
9286 0.109133
23671 0.108840
8217 0.108747
2546 0.108633
3515 0.108633
7415 0.108633
592 0.108236
13154 0.108236
23862 0.108067
29361 0.107856
24561 0.107856
14785 0.107730
17280 0.107587
13165 0.107507
3198 0.107507
9012 0.107507
28965 0.107457
28829 0.107457
18514 0.107003
8840 0.106953
8661 0.106874
7090 0.106733
25097 0.106554
10649 0.106554
27091 0.106171
2277 0.106171
2459 0.106108
9504 0.105862
365 0.105477
12434 0.105477
8671 0.105391
1069 0.105324
20698 0.105271
12955 0.105271
17961 0.105271
432 0.104792
1465 0.104792
8386 0.104792
11336 0.104792
3278 0.104792
2954 0.104792
12467 0.104792
21035 0.104318
18612 0.104266
20869 0.104266
3047 0.104266
13316 0.104266
2380 0.104116
21314 0.103933
15509 0.103449
9386 0.103383
16010 0.103228
29884 0.102790
1733 0.102790
4675 0.102671
23611 0.102671
2789 0.102211
23012 0.102010
4071 0.101710
5871 0.101561
6401 0.101497
20876 0.101497
20716 0.101439
19755 0.101214
22906 0.101115
16849 0.100863
13746 0.100863
28297 0.100784
21090 0.100784
14294 0.100723
24412 0.100236
22160 0.100236
25041 0.100236
28980 0.100236
2051 0.100236
10012 0.100236
20456 0.100236
4079 0.099802
7042 0.099802
4158 0.099694
29202 0.099617
14762 0.099277
2193 0.099277
4321 0.099277
10840 0.099006
16636 0.098946
29175 0.098628
3536 0.098403
1186 0.098403
5628 0.098103
1230 0.098103
2236 0.098103
12459 0.098103
2205 0.098103
7343 0.098103
26700 0.097872
314 0.097872
27388 0.097806
5049 0.097806
26060 0.097806
14758 0.097688
20891 0.097584
3096 0.097413
13575 0.097276
24401 0.097217
11221 0.097217
25180 0.097217
6107 0.097071
22433 0.096957
1916 0.096563
17057 0.096462
28413 0.096060
17464 0.096060
1739 0.096060
16000 0.096060
398 0.096060
11603 0.095617
10991 0.095617
26986 0.095178
1498 0.094582
7974 0.094485
29816 0.094313
12098 0.094099
23882 0.094099
9620 0.093826
21183 0.093717
29960 0.093717
26728 0.093622
21744 0.093337
17728 0.093337
5967 0.092629
21224 0.092629
21295 0.092217
21309 0.092217
21597 0.092217
28039 0.092217
5687 0.092217
13838 0.092217
10513 0.092217
25884 0.092217
19876 0.092217
4112 0.092217
29162 0.092217
9379 0.091809
15059 0.091693
1858 0.091693
6888 0.091004
9565 0.091004
19132 0.090606
14500 0.090606
13151 0.090606
997 0.090213
2338 0.090213
11468 0.090213
25997 0.090157
20739 0.090157
21525 0.090157
17511 0.090157
16175 0.089968
16567 0.089968
26264 0.089435
7526 0.089243
5645 0.089243
9383 0.089243
15831 0.089243
24454 0.089243
12618 0.089160
12082 0.089160
8129 0.088670
14358 0.088670
21518 0.088670
11282 0.087919
541 0.087707
16990 0.087548
29009 0.087548
29713 0.087548
17300 0.087548
11442 0.087233
27042 0.087233
23040 0.087233
28935 0.087180
27368 0.086764
25802 0.086454
27661 0.086454
11535 0.086184
20023 0.086184
25832 0.086095
28168 0.085841
15878 0.085841
18567 0.085841
15067 0.085841
4732 0.085841
15346 0.085841
26249 0.085386
29313 0.085386
20754 0.085386
26115 0.085386
4618 0.085386
10751 0.085386
29936 0.085386
2489 0.085386
11111 0.085386
7957 0.084993
13785 0.084937
11314 0.084937
8373 0.084863
20474 0.084689
16763 0.084689
16245 0.084689
5337 0.084603
20128 0.084603
7375 0.084492
3323 0.084492
5115 0.084345
23329 0.084345
4616 0.084217
23346 0.084217
24310 0.084217
6154 0.084217
8233 0.084004
15179 0.084004
9353 0.084004
23596 0.083834
24911 0.083834
20557 0.083834
27269 0.083665
27084 0.083617
17981 0.083617
10929 0.083329
29429 0.083329
25550 0.083329
16507 0.083186
17292 0.083186
11090 0.083079
12571 0.083079
22843 0.082830
886 0.082830
2140 0.082706
14763 0.082706
10086 0.082337
21242 0.082337
4334 0.081971
19309 0.081919
5681 0.081919
6407 0.081850
18995 0.081505
29894 0.081505
8417 0.081368
23155 0.081249
10045 0.081249
27691 0.081096
19345 0.081096
19207 0.081096
27768 0.080892
22680 0.080690
14571 0.080422
15262 0.080422
12045 0.080189
24182 0.079957
6137 0.079891
5126 0.079891
15233 0.079842
11390 0.079498
11415 0.079498
19018 0.079498
1946 0.079108
21986 0.078594
21473 0.078340
24232 0.078150
28128 0.078150
27206 0.077820
23027 0.077711
27284 0.077711
23988 0.077587
12962 0.077277
29629 0.077277
1423 0.077215
18117 0.077215
10059 0.077215
7273 0.077215
7361 0.076848
10918 0.076848
28565 0.076848
6553 0.076848
12468 0.076848
9950 0.076848
21025 0.076484
28949 0.076123
14393 0.075899
15882 0.075765
6138 0.075765
10258 0.075588
26947 0.075341
1575 0.075341
21236 0.075279
3812 0.075177
10378 0.074771
5019 0.074771
5702 0.074713
26888 0.074670
16360 0.074670
14532 0.074369
9262 0.074369
20517 0.074369
7447 0.074369
26522 0.074369
1988 0.074369
6962 0.073892
13058 0.073892
21919 0.073892
29717 0.073690
2509 0.073421
18198 0.073421
633 0.073421
20649 0.073355
26496 0.073188
10979 0.072957
14953 0.072803
13802 0.072694
3422 0.072045
4786 0.072045
21584 0.071725
9556 0.071671
18325 0.071671
1217 0.071597
19767 0.071597
15888 0.071597
25648 0.071407
19024 0.071407
2202 0.071302
6485 0.071302
11241 0.071302
25392 0.071155
16191 0.071093
2730 0.070936
23479 0.070781
21420 0.070781
2028 0.070216
2217 0.070216
26789 0.069862
24657 0.069862
18602 0.069862
14273 0.069560
9422 0.069511
19621 0.069441
27892 0.069441
15129 0.069262
2269 0.069025
13383 0.068819
9216 0.068672
20038 0.068614
4257 0.068141
6367 0.068141
14971 0.067523
22933 0.067523
25793 0.067476
534 0.067476
4549 0.067476
19446 0.067242
18453 0.067148
6371 0.067148
12333 0.067018
6859 0.066963
9019 0.066963
22343 0.066824
26289 0.066686
20271 0.066686
3605 0.066631
29650 0.066631
14490 0.066631
102 0.066631
1407 0.066503
18659 0.066248
23381 0.066139
17417 0.065869
27039 0.065869
4172 0.065557
25850 0.065557
14999 0.065248
20664 0.065125
21857 0.065125
2929 0.065073
26380 0.065073
20548 0.064942
18053 0.064811
9551 0.064759
159 0.064552
27829 0.064398
14187 0.064398
12386 0.064338
458 0.064040
10834 0.064040
11168 0.064040
7745 0.064040
14734 0.063745
19145 0.063745
9787 0.063745
8094 0.063686
1156 0.063686
2120 0.063163
18875 0.062990
10267 0.062648
7421 0.062309
865 0.062309
10875 0.061643
23824 0.061478
4817 0.061315
19678 0.061315
5885 0.061315
23615 0.061206
25471 0.061071
231 0.060990
4710 0.060937
14237 0.060937
20570 0.060669
21486 0.060669
22195 0.060669
1656 0.060669
7677 0.060669
19884 0.060273
9277 0.060142
6507 0.059881
29332 0.059623
16077 0.059495
6576 0.059418
15953 0.059114
14859 0.059114
26989 0.058862
16890 0.058737
22695 0.058613
6895 0.058218
5594 0.058218
22623 0.058120
16615 0.057998
4756 0.057998
16266 0.057925
20465 0.057925
8408 0.057925
7236 0.057636
27577 0.057636
17225 0.057636
16816 0.057349
17163 0.057349
14323 0.057278
19722 0.057159
25112 0.057159
15965 0.056924
4020 0.056924
24105 0.056784
9075 0.056784
13403 0.056784
6031 0.056784
19684 0.056784
11897 0.056575
26169 0.056575
3887 0.056506
17765 0.056230
22991 0.056230
1521 0.055957
7831 0.055687
15225 0.055687
6472 0.055419
28608 0.055330
15046 0.054891
516 0.054631
5689 0.054631
28779 0.054373
13663 0.054373
3581 0.054118
11452 0.053615
17346 0.053366
20436 0.053366
2040 0.053366
8612 0.053305
21109 0.053121
14712 0.053121
2939 0.052998
7634 0.052696
3154 0.052696
12456 0.052635
21711 0.052396
20673 0.052396
7824 0.052396
2226 0.052159
343 0.052100
29111 0.052100
29524 0.051807
5626 0.051518
9436 0.051518
18755 0.051461
26048 0.051461
13133 0.051461
169 0.051232
7650 0.051232
22010 0.051232
19553 0.051232
16744 0.051232
24259 0.051005
28607 0.051005
15386 0.051005
22049 0.050949
16645 0.050669
17080 0.050118
28982 0.049847
20065 0.049847
26918 0.049847
10727 0.049686
5746 0.049686
1490 0.049579
11010 0.049473
3090 0.048281
17347 0.048281
29509 0.048231
16424 0.048231
16140 0.048231
28697 0.048030
27277 0.048030
17783 0.048030
17922 0.047831
4461 0.047831
10540 0.047831
19797 0.047781
13283 0.047781
19609 0.047781
17833 0.047633
818 0.047437
21945 0.047437
14179 0.047242
22342 0.047050
18108 0.047050
29029 0.046669
11358 0.046574
1194 0.046480
13710 0.046109
29229 0.046109
10 0.046109
14116 0.045879
26383 0.045803
29590 0.045803
805 0.045652
22556 0.045502
19874 0.045502
2736 0.045427
25982 0.044766
28950 0.044621
29374 0.044335
4126 0.044335
13643 0.044123
27441 0.044123
269 0.044053
12537 0.044053
27201 0.043774
7971 0.043705
21075 0.043499
27786 0.043499
25470 0.043499
6714 0.043294
23941 0.043294
8919 0.043227
18723 0.043227
23195 0.042958
4988 0.042693
10952 0.042431
16552 0.042302
6788 0.042302
17324 0.042302
10568 0.042173
11744 0.042173
26109 0.041917
11754 0.041917
26094 0.041727
14224 0.041664
12856 0.041664
22771 0.041539
23716 0.041415
1489 0.041415
21198 0.041353
15205 0.041353
2125 0.040985
27921 0.040925
26781 0.040684
7967 0.040684
25001 0.040624
2186 0.040624
5722 0.040624
17395 0.040446
24821 0.040446
1911 0.040094
3570 0.039578
19785 0.039522
9674 0.039297
26359 0.039075
11094 0.039075
7653 0.038910
23235 0.038856
10273 0.038639
21558 0.038639
20224 0.038424
18631 0.038264
15021 0.038106
14412 0.038002
11095 0.037794
23885 0.037794
12048 0.037640
20667 0.037385
4557 0.037335
14036 0.037335
8504 0.037184
22994 0.037035
25844 0.036986
2407 0.036887
2460 0.036887
29983 0.036789
28572 0.036594
2513 0.036402
9429 0.036211
7395 0.036022
18393 0.035836
24660 0.035836
10595 0.035651
24430 0.035651
6206 0.035287
5888 0.034931
2548 0.034755
8317 0.034070
21854 0.033738
19592 0.033412
25758 0.033251
21529 0.033092
12270 0.032624
1725 0.032471
5403 0.031726
24077 0.031581
2704 0.031581
20975 0.031438
522 0.031438
3020 0.031295
5937 0.030739
19334 0.030603
28056 0.030536
4240 0.030536
7673 0.030536
9590 0.030536
3101 0.030468
23861 0.030335
6881 0.030202
20572 0.029941
22958 0.029812
3849 0.029748
10128 0.029684
21005 0.029684
22717 0.029557
12980 0.029557
10404 0.029557
12727 0.029557
10180 0.029557
19741 0.029369
25532 0.029306
21557 0.029183
17973 0.029183
28504 0.029183
14819 0.029183
19872 0.029060
12751 0.028999
14920 0.028938
26436 0.028938
9976 0.028698
11942 0.028639
21838 0.028639
5387 0.028580
11582 0.028462
17252 0.028462
13224 0.028345
3823 0.028115
725 0.028115
13350 0.027776
5454 0.027776
28021 0.027776
20277 0.027610
27238 0.027610
17475 0.027610
1442 0.027123
7002 0.026652
20116 0.026652
5625 0.026652
6764 0.026499
20237 0.026499
20670 0.026198
22156 0.025759
8714 0.025474
19062 0.025334
6700 0.025196
25568 0.025059
3666 0.024924
12693 0.024924
600 0.024790
11987 0.024657
24603 0.024268
16177 0.024268
18841 0.024141
15118 0.023767
9501 0.023525
18295 0.023287
7811 0.023287
423 0.023170
26306 0.023054
7001 0.023054
6003 0.022826
14336 0.022714
6420 0.022602
6175 0.022492
19543 0.022492
1113 0.022383
1751 0.022383
14529 0.022062
29280 0.021956
11437 0.021749
7789 0.021248
9997 0.021151
955 0.021151
22360 0.021151
23698 0.021054
24025 0.020864
20900 0.020770
6803 0.020402
16146 0.020312
22742 0.020223
23609 0.019960
9958 0.019960
19206 0.019874
14894 0.019874
4739 0.019789
12 0.019789
22941 0.019705
21469 0.019538
7725 0.019373
23920 0.019292
13728 0.018975
28644 0.018975
20882 0.018820
463 0.018743
20141 0.018518
13711 0.018443
1252 0.015370
10909 0.015370
20766 0.015268
21489 0.015268
24341 0.015167
15192 0.015167
24155 0.015068
2875 0.015068
2203 0.014970
12622 0.014874
21871 0.014874
26885 0.014874
5443 0.014778
19212 0.014778
13956 0.014591
23087 0.014591
6483 0.014500
19481 0.014500
7947 0.014500
5820 0.014409
7500 0.014319
28127 0.014231
18747 0.014231
3203 0.014231
27127 0.014231
6091 0.014144
26001 0.013972
25502 0.013972
12342 0.013888
23334 0.013888
8205 0.013805
778 0.013723
7494 0.013723
21938 0.013642
14181 0.013482
21865 0.013404
2744 0.013404
4774 0.013326
17133 0.013326
4636 0.013250
13234 0.013250
2325 0.013174
27294 0.013099
12592 0.012952
28994 0.012952
20612 0.012808
11970 0.012737
8712 0.012737
24095 0.012737
5754 0.012737
8047 0.012737
13629 0.012737
16911 0.012667
27614 0.012462
24537 0.012395
6370 0.012329
17419 0.012198
3005 0.012198
5183 0.012070
26827 0.012070
13901 0.012007
9237 0.011884
24173 0.011884
18871 0.011823
29798 0.011703
4259 0.011703
20796 0.011644
10797 0.011644
9904 0.011585
28747 0.011527
22533 0.011357
23739 0.011301
20477 0.011301
1775 0.011246
27908 0.011246
20663 0.011246
29404 0.011246
6697 0.011191
23775 0.010978
25624 0.010978
24349 0.010978
24160 0.010926
19139 0.010824
7434 0.010773
20732 0.010773
157 0.010723
2398 0.010673
1741 0.010624
4239 0.010575
8354 0.010575
6838 0.010527
24734 0.010479
20158 0.010479
28244 0.010432
7310 0.010432
17811 0.010385
16613 0.010338
22439 0.010338
2132 0.010292
23102 0.010292
17629 0.010201
27474 0.010156
14376 0.010156
12004 0.010067
623 0.010024
3215 0.009980
11866 0.009852
28680 0.009769
18735 0.009728
21504 0.009728
4656 0.009728
24207 0.009687
25078 0.009646
16667 0.009566
9614 0.009566
12051 0.009527
24360 0.009527
11694 0.009527
5570 0.009487
8302 0.009259
25427 0.009259
24689 0.009222
