5981
11485 1756
18688 1820
18576 2158
26370 3252
1743 4483
9005 5327
24545 5711
18027 7315
9841 8191
11190 8310
16267 9148
15044 9248
24135 11241
14750 13112
20987 14508
3926 16824
17395 17189
11406 19008
23834 19460
8855 20122
2493 24557
22236 24617
15252 24888
7933 25179
15469 26551
26626 28802
22634 30866
7458 30985
559 32263
10596 32547
17905 32970
27142 39603
25588 40245
17918 49677
13540 55610
12781 57822
1103 58225
23 59347
15765 59370
13705 60651
3743 62146
7860 62953
1349 64360
25387 64929
9357 66643
5643 68036
11052 68055
12082 69321
26375 69655
18395 69658
14728 70480
21294 70513
6150 73919
23193 76542
3435 77881
1751 78921
4455 81013
18853 81751
6452 86681
18308 86890
872 87789
8375 88854
12166 91203
779 91647
2502 91857
18772 92672
28764 95271
20899 99783
14837 99819
8377 100877
9677 103165
5765 103870
8287 104641
2123 105002
3283 105496
24804 106211
2035 107475
6232 108219
21035 108816
2899 109560
11307 109893
13649 110119
22521 115199
16531 116181
15206 119721
1881 124151
11236 124332
23194 129448
14541 130015
26960 134923
18170 135779
28901 137621
3245 139445
12104 140367
8678 145974
819 146519
13249 147411
20443 150489
4588 151183
5531 151657
26797 154615
12606 154682
18850 158431
24739 160398
25009 164165
4595 164257
18974 164872
25293 166612
5548 168077
1686 175675
2558 176855
3082 180754
6482 180881
22376 181459
27998 184652
18731 187182
25697 188776
6094 189596
26147 191798
10337 193172
14998 195088
13158 196549
4461 197324
7096 198856
28589 199307
12798 199369
21544 200897
92 209121
29003 211643
14958 213352
24686 216063
24523 216549
17056 217453
5704 218095
2797 221190
16280 226316
3333 226321
13065 228252
24661 228377
26205 229341
188 232718
8625 234134
12964 235484
29580 238795
3553 238905
11556 251057
4764 251346
7729 253857
6186 254153
27044 255690
26532 255759
21261 256636
2599 257436
21476 261272
11949 261350
7121 264588
10762 265181
5378 265927
13677 267298
22818 267527
18820 268460
17501 270387
17833 271680
6311 272686
22811 275788
28290 278348
12292 279854
19698 280603
5083 280804
11352 281982
27673 283075
24685 285103
10454 285274
10477 285709
16096 287079
12210 287180
25245 288730
12167 292440
27236 293438
13747 296367
22853 299350
10077 299742
5194 300025
17346 301347
10834 303054
2461 306386
8323 307674
13053 308432
24194 309210
14672 310739
1793 311905
1775 314885
28365 315575
4052 316198
20482 317345
8634 317829
10084 319601
7831 320415
28836 320449
8035 321948
10041 325131
15604 326626
3514 326762
23521 331786
8452 333859
15834 334415
18249 338156
10232 339289
22262 339525
16606 340202
6170 341088
15963 342110
22359 343213
19610 344514
25047 344938
13360 351556
22531 352174
23670 355218
29113 355626
3021 359229
7248 359945
4696 361335
16311 363888
26020 364455
14820 365973
20149 368139
21311 369353
2882 373258
21253 373339
23024 375502
3472 376315
12830 376973
674 380035
2185 382968
20679 384641
5827 385067
14759 391031
1056 391888
28405 394399
12290 394802
12664 400655
9851 400862
20356 401407
15408 401506
1823 401878
1771 404005
1346 405207
15932 405296
29437 408219
6383 410557
24495 412066
15566 415013
25342 415556
9634 416155
19885 418639
21290 418682
7851 418718
19640 418848
19078 419384
11963 419806
9080 420887
16485 423613
21018 426311
16907 427992
14163 429183
26367 436186
16868 436993
19797 437460
25069 439348
9517 442963
27365 442977
25972 445543
29976 447965
14870 449811
17834 452813
2341 452990
5432 453754
16169 454270
23505 455853
6239 456617
29919 458730
25090 461148
9341 462177
1868 463631
20299 464681
15286 464856
3858 468299
1874 470926
26296 472437
2693 473996
5953 474049
22337 474912
6997 476064
8510 476926
280 476959
24318 479078
17512 484414
2830 486906
21408 488187
24984 489004
9693 490190
953 491053
52 492161
25450 493319
28750 493739
14310 494261
13875 495472
24570 495585
6777 496519
11415 497133
13117 498902
7764 498960
13121 503383
26773 508794
7564 509437
10637 510983
5538 512901
25269 513464
28541 514474
10127 517340
12947 519416
1351 520284
4106 521557
10528 523195
22728 526754
26114 526871
17635 526956
19803 528826
27839 532196
20197 532386
852 532880
9670 532938
2232 537309
451 537386
10143 539094
3230 541333
21388 542431
16309 543829
2082 545293
4668 548095
20437 549390
29821 550684
806 553307
23517 554133
11067 555936
12498 557170
24085 557491
12376 559772
29428 560235
6421 560262
17019 562750
3061 564342
1870 569822
5568 570642
3837 576124
13198 578581
13925 580001
23014 582344
27225 582586
11464 582826
2807 583481
16581 583700
20009 585936
8578 586597
11580 587378
29486 590638
29032 591145
23110 591265
14539 591642
298 593235
4650 595165
27344 597642
1422 598248
25265 599322
29830 603424
29639 605283
4311 609280
25236 611131
8781 613062
171 613428
21160 613730
29303 615960
1553 619792
3259 621342
25131 621541
15874 621818
11637 622198
11495 627098
15726 627972
12593 628960
7093 630523
9605 630915
12717 632759
26529 633031
2511 633064
13461 636537
8396 639576
14137 640850
410 641759
10706 641925
13415 642523
24742 643111
25328 643241
10325 646923
10805 647406
17530 649293
27163 650151
23448 651273
71 653762
20532 654612
18380 654916
11835 657070
4851 658414
4239 660133
4247 664633
14403 664732
11246 664969
16452 665859
4566 666234
17151 666992
26194 667030
23050 667805
24127 669141
2914 669345
27558 669961
19860 673557
12754 674281
26967 675532
3478 678051
1190 678089
18862 679321
127 680048
7162 683051
6640 683227
19669 684474
5507 687685
8513 691382
12355 691971
1929 693822
14757 695303
1397 696290
74 696785
22213 697142
886 700063
17617 700078
21760 703067
12942 704110
27904 705428
16565 708935
1028 712230
27905 713091
22242 713459
24793 715499
7418 722018
7396 722080
29447 723080
13794 725824
18326 728276
19480 728728
16885 729958
15805 736070
29744 736271
25103 736343
10982 737023
24216 738002
28286 738629
9992 742452
12893 744619
28530 746360
21951 749457
15114 751178
22617 752998
26807 753537
481 755584
29732 755700
26396 756155
6725 757192
8352 758804
27371 759574
24872 761211
21365 763365
6676 763545
2705 764629
1832 768559
14343 770288
10735 770480
11790 772276
24223 773285
14894 774904
10788 775951
9237 777331
7644 779456
22610 783602
919 784672
12436 785759
13560 786568
13084 786578
24638 788324
9978 790633
26889 792296
998 794422
6447 798320
18848 799887
14882 803934
9845 805112
29006 805997
24890 807623
23638 815275
22157 816211
25442 817714
10845 817923
24627 818987
18623 819058
11503 819116
29520 819400
5493 824314
21666 826611
20157 831178
27898 833849
19536 834235
29877 834428
7543 837749
5747 837786
29673 838787
16745 839076
20258 839176
29180 839317
29867 839874
15538 840618
22473 841962
11290 846331
19254 850126
6935 851125
5530 851843
12299 854309
910 855881
28837 857885
17024 858122
23536 859006
28832 859898
77 859940
675 862129
25364 862803
16948 865465
12663 865473
23755 865571
29440 867118
13226 869677
26579 869897
16058 870234
19382 870426
12009 870973
17962 872461
25547 873803
12316 874788
12833 875933
25098 879330
4056 880269
10696 880509
22319 880715
5898 883171
9221 885225
15171 885500
9816 885526
5049 885556
26406 885570
6183 886966
7436 887553
9369 888911
8018 889301
13450 889872
18097 893360
15581 894169
7249 896348
12427 900544
9404 901146
10435 901530
14550 904885
5774 905186
19776 905861
24653 909041
28315 911588
11260 912401
6332 913601
25570 914979
16957 917918
8611 918319
17725 921925
20591 922099
5426 922432
24574 922644
9263 924951
5212 926355
24000 930248
5670 930989
17507 932877
18944 933164
1160 936448
9194 936981
29733 938925
14769 939408
10268 939666
23515 939865
18748 941216
3513 942288
28081 944744
22144 945041
3097 947298
27783 948389
16073 950669
21603 953201
4527 953481
11275 953718
22339 954138
23376 954153
7605 955681
26726 957232
12159 957359
28782 958937
20454 959183
4586 963236
194 965325
15212 967477
29572 968880
12420 970249
28823 970341
14978 971655
10640 971749
2409 972170
4388 972272
16759 973546
29476 979107
20372 979674
8146 981590
3937 981827
10262 982427
20496 983447
17783 983503
4648 985369
12041 986106
490 986715
6009 986854
12806 992402
1488 995724
25730 997310
17382 997929
19535 998228
12602 1000417
11973 1000552
24910 1003246
9431 1003956
20636 1005420
6956 1007082
14149 1008751
24314 1011074
24400 1011990
2103 1013090
27301 1014588
20488 1014737
18251 1015153
10879 1017238
27822 1017784
21219 1019262
4338 1023661
9837 1024201
2783 1027396
259 1027505
23080 1029384
6664 1029416
25596 1032485
28881 1032612
14701 1033274
9359 1033399
17857 1033966
4931 1035814
11274 1036835
2984 1037875
4270 1038456
4335 1039044
22298 1039240
6133 1041828
19274 1042219
24958 1042907
29551 1044605
6267 1045691
5784 1045732
5923 1045998
18818 1046601
2877 1046998
13563 1048730
15773 1050123
12054 1050417
19584 1052743
4972 1053455
14389 1053723
21333 1053791
19362 1056378
10228 1057858
7301 1060332
27995 1060815
24871 1067936
20888 1072632
14815 1074134
24920 1076053
6489 1076785
23395 1077952
16436 1080245
1876 1083309
22475 1085757
12906 1086345
17890 1089090
22659 1092968
24394 1093065
2922 1093684
3539 1099927
17248 1100791
29633 1103138
14428 1103840
17875 1110038
13959 1112053
15674 1113990
16937 1114137
10549 1114214
3471 1114616
26768 1115915
18161 1116661
29558 1117119
20931 1117474
21121 1117752
5246 1119456
2487 1121080
19601 1121696
25284 1126902
23794 1126930
23215 1129315
22083 1129413
27606 1133535
21074 1134155
15813 1137408
11842 1137477
28756 1137943
4750 1141240
7504 1142010
14722 1142537
24694 1143950
3759 1144008
2520 1145835
1669 1146374
17722 1147807
26199 1148522
3709 1151234
11909 1151327
10849 1151403
17279 1151935
15837 1154614
23534 1156608
14733 1157609
16218 1158760
29566 1160628
29028 1162307
20774 1163488
8585 1164526
24778 1167432
19987 1167961
24848 1169426
29861 1169493
21465 1170320
14505 1171469
9246 1172699
12641 1176796
24916 1176977
20828 1178487
12476 1179694
20513 1180560
11631 1181112
21189 1182023
13466 1182978
4714 1183770
6202 1186492
27262 1187298
1579 1188257
29348 1189280
22952 1189299
25412 1189343
11498 1190838
2944 1192514
9918 1197018
28038 1197711
1811 1199439
7805 1199879
17766 1200351
28516 1202982
21213 1203205
2551 1204613
28720 1204675
23560 1204972
1019 1207435
22733 1213245
19688 1213603
23447 1215195
23850 1218671
12866 1218990
3885 1219734
8420 1221815
21328 1223350
12879 1226143
17095 1229273
4533 1232158
21903 1234968
27528 1235063
1810 1235792
27432 1236067
14019 1236390
27660 1236833
21455 1239709
18842 1240026
20371 1240741
4642 1241221
19968 1241880
2708 1243524
13970 1246274
28129 1246423
245 1246926
18894 1247583
23946 1250265
10916 1251615
14776 1251664
16344 1251745
17828 1251896
25622 1257377
20433 1257971
12904 1259635
22191 1261102
7175 1263977
9644 1264080
20013 1265217
19202 1266254
21656 1266347
16482 1266391
12712 1268490
27126 1269057
27296 1270762
15779 1270786
3346 1270815
6633 1274450
26740 1274736
10886 1278515
20664 1280051
19772 1281917
14376 1282536
11232 1286703
4932 1289457
29240 1290652
6717 1291112
12802 1292266
18816 1292382
1130 1296741
1701 1297407
28688 1297815
1995 1298256
11389 1298928
11972 1302061
8139 1302986
18236 1307184
20589 1309092
283 1310265
13016 1315291
26668 1316777
1824 1317589
14496 1319662
2478 1321036
22966 1321586
28370 1322329
25664 1322477
3530 1325068
5249 1329318
27141 1331545
18500 1335116
6990 1338348
24238 1339327
4827 1340491
14332 1340823
5832 1341132
13369 1341810
2946 1344971
9427 1345176
19467 1345367
13033 1345577
8969 1345940
5772 1346216
10586 1346387
21692 1346871
13673 1346963
28465 1348773
62 1349686
12771 1352939
5545 1354420
7796 1355989
550 1356522
2 1356526
19110 1358984
23153 1362381
16567 1363887
28283 1367427
21996 1367552
20405 1369195
2664 1370312
2169 1374084
6231 1375302
97 1377123
9214 1378281
7052 1378936
16012 1378949
14573 1380332
18888 1383205
25353 1386878
28453 1387361
19027 1388102
18412 1389563
3996 1389749
18835 1390725
12446 1390867
17922 1391140
7049 1391209
2129 1391870
27012 1392895
29897 1394493
27525 1396660
3200 1397380
17723 1399336
8037 1399422
10988 1399643
15412 1403975
7790 1404732
2713 1408498
14432 1411792
6853 1415218
28366 1416068
19366 1416132
1065 1416841
15400 1417586
14456 1417926
10707 1418915
28488 1419066
29615 1424335
7262 1425307
24733 1426233
23206 1427310
315 1428628
15493 1429027
21888 1430710
4160 1431520
7138 1433469
18062 1433634
8768 1436430
18641 1438065
7992 1438854
12114 1439987
13220 1444348
2191 1444498
14708 1446132
9857 1446308
11282 1446924
2596 1451253
28211 1451733
29070 1454057
25277 1454333
8244 1454654
29967 1455004
23987 1457766
13917 1460200
3681 1460286
26456 1460389
12474 1461104
5267 1469669
25963 1469869
25039 1470065
7769 1473988
601 1474282
19049 1475453
11209 1477525
19209 1480192
2387 1480525
16969 1480540
27267 1480994
18057 1482507
14944 1483661
9487 1484139
1619 1485245
23358 1489036
28193 1489754
17463 1491256
7597 1492213
29771 1492338
9668 1495681
19160 1495901
20081 1496213
25115 1496271
21669 1500749
19199 1500874
28332 1501660
25301 1502649
23666 1504383
7714 1504727
24529 1505066
29850 1505632
9110 1506000
9892 1508744
27161 1509551
25928 1512672
9472 1513635
27224 1514346
7607 1515577
25744 1517759
27864 1518586
24059 1521622
26582 1522608
23565 1522809
24284 1527291
13397 1529772
16585 1530546
11382 1532220
16085 1533455
13241 1534951
9698 1535065
19540 1536512
16240 1538568
22035 1540075
20327 1542562
1436 1544478
28195 1545210
9375 1546054
21925 1546366
1481 1551013
4295 1551041
1484 1554711
18041 1555298
7516 1556048
14670 1556638
27716 1559767
19342 1560699
22169 1563387
2036 1564898
5072 1569429
4781 1570388
12071 1571381
3009 1571547
3532 1574076
13969 1574525
1365 1575861
3019 1576714
9840 1577352
11416 1578407
13524 1579091
16810 1579426
13246 1581057
29845 1581757
28425 1582634
21593 1582948
18010 1583626
23322 1584318
23190 1586207
26515 1588092
9509 1589004
11782 1589446
11115 1590177
24469 1599622
20365 1600077
7913 1600725
1348 1602109
1467 1607374
8527 1609206
3078 1611873
266 1611916
13736 1612835
3604 1613275
16336 1616805
27971 1618600
21398 1620188
1194 1620239
23874 1620507
27021 1623116
16752 1623138
290 1625249
27473 1627450
5302 1628144
13871 1628284
10032 1629477
28348 1632440
22710 1632563
14454 1633008
19072 1633531
2620 1634657
4085 1635360
12909 1638008
16011 1638281
4763 1639505
2224 1639838
23858 1643218
27373 1643906
20270 1644619
17689 1648471
1647 1648658
1298 1649876
29257 1652838
26664 1653031
22460 1656732
3637 1656994
20002 1657418
21126 1657467
4899 1657537
20985 1660088
5861 1660718
7071 1661573
28314 1662970
8764 1665327
6958 1665891
29747 1666144
973 1668894
15477 1670529
27037 1670638
3210 1671285
29065 1672831
1736 1674107
14303 1678599
9924 1680956
4418 1681692
6492 1683967
17621 1684960
24595 1685486
25195 1686446
8472 1687658
28354 1691227
16979 1691591
17481 1691905
5884 1693593
18451 1694153
5525 1695305
18679 1695979
25300 1696846
28401 1697628
17579 1698120
6210 1698135
26297 1698771
1455 1701431
18157 1701873
100 1702211
26685 1705259
11820 1705623
12838 1706737
25542 1706873
3609 1707878
18070 1708078
12438 1708395
11128 1708884
6059 1712665
11380 1712917
24598 1713078
29778 1715388
20670 1717733
9051 1717753
24731 1718197
24845 1718961
23592 1719545
10860 1719991
19556 1720527
29855 1720926
1477 1722101
25895 1722160
3817 1724590
14852 1725509
4229 1727721
11519 1734565
15488 1735242
1563 1735618
2019 1738925
5238 1739574
17814 1740973
17136 1741109
5120 1742237
10512 1744060
16109 1744644
13809 1745013
29458 1747121
18803 1749382
23609 1750415
15140 1751878
14584 1755245
17175 1755350
2197 1757336
9799 1759923
13278 1761546
26062 1763009
13581 1763813
8103 1764742
26586 1765939
8221 1766456
26434 1767344
5221 1769999
8909 1770350
18222 1771718
15507 1772534
9625 1773042
19364 1774600
10798 1776765
21658 1781653
16609 1782952
28809 1783050
28169 1785125
4676 1785179
21349 1785513
7801 1787241
5371 1788529
25620 1788617
20280 1789380
1934 1789414
16553 1792247
28174 1793756
14774 1794284
9728 1794864
23530 1797558
2758 1800061
27728 1801483
29588 1801751
18030 1802129
28304 1802237
22896 1803341
29726 1803453
1825 1804437
10917 1807717
8173 1808012
26258 1808692
10881 1808833
11805 1814006
14477 1815609
15783 1816174
13743 1819340
11472 1819409
22605 1822080
8665 1824085
26679 1825255
27707 1826607
17245 1829577
5536 1832057
8072 1833172
19898 1834937
18184 1835472
1051 1837141
17644 1840257
29710 1841753
18928 1842353
6261 1843007
27368 1846942
14512 1849987
15852 1850428
10439 1851586
7988 1852494
20301 1855014
17698 1855122
16592 1857451
21158 1858243
8806 1858410
21709 1859426
13154 1862350
12443 1862938
6884 1864876
29217 1865631
9827 1867907
22650 1868400
14436 1868735
7036 1870270
341 1870403
6417 1871128
3847 1871143
16449 1872695
2949 1872912
17120 1873793
24232 1874180
12433 1874481
26599 1877963
24341 1879316
29745 1881936
9927 1882162
1262 1882625
29014 1882976
19185 1885521
12526 1886456
5118 1886759
24623 1886978
26183 1887403
21057 1888312
1321 1894066
12675 1894926
7655 1895631
8981 1895970
17370 1896426
2014 1896928
13282 1897134
17385 1897468
21277 1898681
16404 1898726
27413 1900531
1886 1901779
23023 1902922
13159 1903644
19216 1905052
21960 1906647
6279 1907882
15234 1910406
29267 1912864
6441 1914819
8530 1915002
15758 1916218
5425 1919154
13221 1919410
8603 1919503
22704 1921948
4895 1923140
28612 1926157
8759 1926909
28695 1927693
1322 1927953
26683 1929030
19965 1929082
1044 1934242
20510 1934513
29506 1934883
11709 1934926
20544 1934958
25724 1935479
27687 1940259
2504 1943354
540 1945977
28009 1946007
5121 1948762
24644 1951132
19331 1954683
16145 1955012
25096 1955611
16421 1961831
3660 1965636
13567 1967150
25286 1969245
11014 1969782
6829 1970112
20465 1973076
16639 1974740
7230 1975003
7778 1978022
9994 1978210
60 1979259
29286 1979488
27420 1979758
18340 1980921
19675 1981272
18754 1983665
23707 1985152
21867 1989001
14058 1989995
21233 1990962
16955 1991704
27814 1994051
13700 1995994
5603 1996322
27334 1998410
19789 1999677
8554 2000503
134 2002889
3194 2003926
13846 2008738
4112 2013588
1492 2014840
14417 2015615
19719 2015778
24185 2017347
7274 2020454
1524 2022041
16414 2023079
6377 2023227
5077 2024426
6190 2025220
10784 2027084
15088 2027224
15334 2029258
6949 2029892
14398 2030277
27494 2036201
14645 2040370
24908 2042924
13738 2047224
5115 2054533
29359 2055412
14270 2055582
18128 2057812
18463 2062033
8843 2064725
2358 2064940
15373 2065085
3626 2070267
8829 2070809
12713 2070933
1822 2071678
28083 2072568
15213 2073787
27883 2074939
18016 2075601
7894 2076400
23064 2082473
1527 2083073
4564 2085065
29002 2087301
11223 2087473
13080 2089306
29389 2090756
22528 2091451
28821 2097118
7525 2097222
7573 2097233
22030 2097773
22869 2097922
3462 2098962
3176 2099015
21131 2099777
8466 2100387
13146 2104667
16407 2104873
3997 2106788
11520 2112941
8968 2114260
24953 2114830
22259 2114835
3732 2116246
16107 2116308
27685 2118554
8651 2118942
9803 2121087
5829 2121675
20921 2122098
26050 2125957
25004 2127119
8828 2127448
8309 2129797
24680 2130132
12605 2130950
1551 2132886
17575 2133261
27625 2133991
9641 2134019
22694 2139639
15161 2140511
13845 2141039
3491 2141939
19835 2142328
3940 2142922
6363 2144007
26634 2144398
6209 2149806
7648 2153110
14503 2153274
3279 2154977
8171 2155312
29920 2157851
21107 2159998
1268 2161267
4929 2162406
21793 2163261
23233 2164228
5141 2165670
7011 2167712
4942 2169112
11241 2169475
9508 2171510
7581 2171963
14291 2172046
5000 2172453
27886 2176979
5833 2180459
580 2182431
23937 2183713
1728 2184034
23635 2186602
9319 2191773
24519 2193488
7393 2193679
25000 2194005
3869 2195564
14963 2198467
6008 2199702
27549 2202406
28604 2204175
13784 2206105
13639 2207589
20995 2208460
13704 2209179
22756 2214214
5065 2219745
29878 2222020
3908 2227034
29595 2227527
8556 2227869
13150 2229209
11490 2231090
28237 2232148
13693 2232957
28342 2233218
5208 2233550
9176 2234595
4185 2235808
8824 2235976
19423 2241171
2536 2241230
25370 2244300
22709 2244925
24049 2248150
24658 2250853
25320 2252040
24957 2254873
24706 2255562
19081 2255647
16168 2255706
29277 2257195
28350 2262131
26180 2262631
28376 2267406
19341 2267951
9760 2268992
12790 2269162
17013 2270624
15756 2273971
13320 2274885
22644 2277721
18305 2278197
29236 2278625
18099 2279554
8673 2279781
423 2279987
19751 2280051
8504 2282475
25307 2282789
28616 2283151
19868 2288658
18805 2288857
16362 2289505
16891 2291677
4007 2291789
24874 2292866
4383 2294197
12203 2295368
15676 2296749
3528 2297802
7495 2300244
708 2300559
26141 2302198
25156 2304328
22574 2307789
5196 2308102
28130 2308203
23645 2309984
12519 2310063
7047 2313755
19696 2315477
9553 2317331
27805 2319013
28772 2320521
29676 2321063
3233 2322009
26581 2322276
14499 2322403
5553 2322451
27988 2323544
17540 2324062
4006 2329512
24941 2330128
1993 2333467
16082 2335184
5683 2337305
5338 2337520
14085 2338803
17216 2340337
470 2341859
19024 2342670
11656 2347361
7046 2349520
15069 2351159
3043 2357047
17983 2360032
29562 2361538
4078 2362957
20017 2366343
27168 2366667
19951 2368151
7740 2371429
19194 2372514
29333 2373564
26810 2376587
12314 2377618
17117 2378359
26896 2379046
21683 2381467
26973 2381698
7443 2382712
26508 2383150
689 2383202
7211 2385921
952 2386581
6194 2389711
29465 2391835
24011 2393482
13790 2393779
17691 2394991
3649 2401969
14234 2402894
17657 2403354
21849 2403790
13557 2404306
28894 2404603
16668 2407544
5622 2409138
8755 2409328
6458 2409682
10985 2410976
12037 2413522
291 2420534
3431 2420539
15218 2423298
19611 2423401
29986 2424713
18081 2424911
12643 2426602
12172 2426718
17585 2427026
16393 2429018
7179 2429238
23266 2429519
11755 2430704
26201 2431019
13855 2432189
29618 2432512
21394 2434617
2220 2436924
29074 2437560
22806 2440152
19303 2440980
22344 2442699
5207 2443935
7209 2445368
9087 2449412
14487 2451393
946 2453084
8818 2454478
17283 2459237
7440 2460366
9724 2461935
251 2464827
28054 2465220
16438 2466181
20580 2466802
9895 2470009
10479 2470088
4273 2470880
2728 2471584
23580 2474487
18219 2475099
14624 2477798
25898 2478755
10786 2480003
4587 2480238
28137 2480615
16788 2481130
9606 2481463
28333 2482063
5759 2483459
6529 2485316
10587 2485479
7846 2486523
5711 2487241
968 2488426
5348 2489719
1723 2489866
5510 2492025
26222 2492121
9160 2492518
22976 2493357
1054 2493888
9138 2494516
25348 2497310
22745 2498207
20836 2501843
26046 2502114
15589 2502464
11999 2502629
26948 2503869
16936 2503965
17450 2505871
1651 2508313
18342 2509811
2314 2509975
6461 2510669
4578 2512220
5101 2513535
20672 2515506
433 2517585
27841 2519871
2246 2519923
26828 2526782
3115 2528547
3995 2530278
4120 2530687
7029 2531592
25249 2533545
12666 2534691
21118 2536875
5045 2537690
28216 2539904
19914 2540142
26864 2540164
4238 2543376
1784 2543531
13761 2544606
28999 2553334
19177 2553358
2418 2553722
9019 2554164
20587 2556124
8894 2557174
25793 2557416
22945 2557701
9979 2563023
12234 2566667
2205 2567517
17711 2567760
20159 2568790
25497 2568949
11238 2569389
25205 2571207
25853 2573297
8059 2573329
21086 2575841
4630 2578229
1496 2582587
5593 2583232
29279 2585597
14924 2587473
350 2589530
4092 2589806
23664 2590673
8125 2591295
15983 2596429
15970 2597139
25669 2597459
11435 2597761
5166 2597912
12169 2598877
367 2599188
22554 2599335
4372 2599981
8056 2601197
311 2603012
7706 2603275
16906 2604539
8573 2604604
11372 2605586
7032 2608820
9406 2610312
29365 2612084
21323 2615592
15368 2617798
15655 2621604
13219 2622988
1471 2623203
16173 2623586
3321 2623787
7273 2625035
2636 2626914
14990 2630295
24657 2631011
29414 2631442
17452 2631855
2269 2632040
12786 2632104
15465 2633443
26162 2634826
18061 2634865
24437 2634942
17597 2636451
28650 2636818
16569 2638848
16988 2639394
4834 2643045
15406 2643290
13365 2648560
24258 2648575
12402 2651456
9226 2653659
25719 2655891
8254 2658630
22916 2658713
19219 2659717
26754 2662640
25608 2662835
23535 2663238
19750 2663391
2597 2665254
6001 2666161
26844 2666230
19528 2667027
12750 2668556
1777 2671421
2032 2672080
24946 2675362
10698 2676487
18671 2679121
18852 2679799
20970 2680930
18762 2682187
3095 2682545
25761 2688945
15697 2689620
23910 2690828
27856 2692459
26842 2693482
2528 2694234
8681 2694515
8269 2695046
4660 2696920
6823 2699999
9131 2706300
6541 2706758
21049 2707530
7794 2707539
17221 2711339
334 2711434
18644 2711681
13342 2714086
4288 2714560
28334 2715760
3322 2718028
28359 2718683
26523 2723040
4866 2726257
11279 2726877
28617 2726943
1941 2727914
11462 2728341
19272 2728617
26028 2730995
17239 2733612
12141 2735288
6860 2735366
27990 2739514
28665 2741856
21228 2742263
24993 2743082
2873 2743162
29335 2745232
12703 2745683
17178 2746156
5690 2746945
17884 2746981
14138 2747248
1762 2748754
22299 2749105
3138 2749422
26830 2750437
14614 2757175
5007 2763899
27264 2765358
18058 2765936
21025 2767670
26362 2770023
981 2770245
10693 2772346
21039 2773082
17125 2774628
8371 2774638
9999 2778241
14080 2778544
24379 2778926
1095 2780370
10656 2780987
2928 2781646
3551 2782036
7392 2783016
23036 2784264
1710 2784563
7488 2791322
3084 2795063
25502 2795883
11057 2796371
26658 2796538
8507 2796886
18005 2798154
21159 2798820
28494 2798857
9847 2802143
26913 2802199
25888 2804307
14279 2804600
13896 2806705
2790 2808028
17813 2809260
9128 2811273
17127 2812244
2908 2812896
28368 2817677
19121 2820308
8468 2823377
1117 2824751
14363 2825881
24413 2829846
29000 2831504
2320 2837095
15461 2838709
8347 2839076
12877 2844676
4299 2845214
21369 2845876
28533 2847644
28548 2851473
13211 2854774
8160 2857085
15210 2857779
24659 2858269
11875 2861923
19580 2862479
10025 2862663
20147 2864104
10329 2864856
24287 2865117
7190 2867084
6889 2867483
8656 2868383
5026 2870603
6380 2870650
19020 2871353
13209 2872407
14516 2872574
4272 2873301
22628 2873316
26196 2880518
23145 2881447
9361 2885774
14727 2886302
16578 2887601
24244 2890473
4518 2891009
29500 2891807
12565 2892207
1569 2895095
8451 2897511
18532 2899496
14986 2899648
21538 2900358
10163 2900540
6569 2905850
26325 2905939
2413 2906505
13489 2908556
696 2910456
19635 2911722
19266 2913001
12152 2914147
16388 2915674
13140 2916517
16787 2917621
2566 2917698
16166 2918067
25455 2920768
10764 2921940
1450 2923364
21237 2924823
28959 2926336
7985 2927268
26694 2927664
28656 2929207
18782 2929658
18191 2929832
9052 2930300
29936 2932295
29360 2934675
5713 2936218
12793 2936477
20696 2937373
20376 2937516
21520 2938415
7780 2938686
4166 2939471
17870 2939712
26686 2940388
21004 2941048
23977 2941922
27463 2945010
23760 2945973
19205 2948478
26257 2948962
9134 2952248
8485 2952310
2727 2952330
2601 2953502
961 2953617
17609 2954051
25575 2955989
12199 2957037
18069 2959274
4541 2959300
22046 2964161
11147 2965593
3784 2965945
26455 2967813
2242 2968267
12048 2973692
28239 2974106
25033 2976543
477 2976546
27997 2978221
765 2978253
27460 2978797
28664 2979533
8078 2981130
23807 2981774
22022 2982057
11769 2988733
8430 2988815
3079 2990299
14174 2990903
27120 2992636
27599 2995472
12509 2996774
25930 2998250
13045 2999038
12223 3006345
26140 3008178
4043 3010122
10062 3010187
24229 3011308
29212 3011603
6290 3011927
29493 3013130
25375 3016693
5985 3018971
24257 3024084
10296 3024337
7916 3025273
13127 3027515
6740 3030737
8672 3035116
25980 3036564
971 3037269
3816 3038662
19963 3040497
12493 3041250
3927 3041729
19457 3042154
24055 3043460
2891 3043726
25737 3047049
8487 3047910
12992 3050009
24125 3050502
19708 3051790
22029 3055523
28475 3057006
18364 3061252
13688 3061607
22632 3062387
3041 3063040
4799 3063254
23047 3063497
2048 3066949
10366 3068895
21823 3069836
12860 3072212
13229 3072890
15333 3073728
3979 3076710
12150 3077645
28003 3082327
12741 3082535
28573 3089671
6472 3091175
3451 3092823
1293 3094706
11866 3095105
22814 3096871
12639 3097629
14045 3099430
5379 3103078
18202 3105897
21005 3109252
25241 3111551
17742 3112839
5806 3113132
10251 3113205
21102 3113601
5929 3115034
23852 3115641
14658 3119740
7937 3123096
29434 3123172
626 3127611
3733 3129097
8863 3129789
2094 3132537
14542 3132775
23547 3133072
23727 3134226
25806 3134991
6010 3139314
18276 3139650
28240 3141729
21386 3142067
2951 3144151
18444 3144542
22989 3147334
23593 3149499
9044 3151743
26292 3154935
28487 3157101
14397 3158323
20397 3160855
13797 3161838
13847 3162471
9066 3163353
23022 3165247
5050 3168102
11995 3168194
26278 3169233
11037 3169401
17591 3170246
29043 3171094
5501 3171525
25314 3175044
23725 3175682
954 3176432
24256 3178074
7180 3178362
17898 3178421
14459 3178700
5283 3178929
2981 3179402
19829 3179761
17337 3179796
24219 3180155
2468 3180189
29599 3181360
16142 3184043
932 3184202
20360 3185253
21814 3186545
9345 3189221
15571 3190654
2398 3191482
12900 3192323
11836 3193997
16862 3195989
8362 3196640
13676 3197607
228 3197704
17948 3198831
859 3201065
16314 3202564
29316 3205201
14414 3205324
3001 3206244
15180 3208158
15181 3208917
11164 3208944
21196 3212337
20007 3215196
22589 3216219
25997 3217803
25184 3217815
21370 3217874
7082 3219074
26311 3220337
29734 3221052
13605 3221265
24151 3223454
4146 3225925
24678 3227245
1049 3228814
5986 3231842
6798 3232003
27207 3233285
935 3234737
222 3234857
11493 3235351
28450 3235475
12936 3237251
27362 3238359
28575 3238490
10644 3240278
10478 3242356
15336 3242978
467 3243668
16203 3246215
4218 3247266
25599 3247290
24373 3247373
13775 3250791
13233 3251380
11336 3256522
19192 3258018
24052 3260522
13177 3267805
5730 3269010
25496 3270670
27670 3270894
26123 3271871
14822 3271976
15894 3273880
14463 3274420
29573 3275318
27628 3275582
11346 3276053
29534 3276385
11496 3280136
21688 3282103
12324 3282726
23311 3282763
20046 3284455
25914 3286149
3704 3286939
22089 3287767
10010 3288751
19228 3299582
8322 3300659
18048 3301024
12468 3303193
23252 3310970
11085 3311622
13371 3312218
27663 3314841
8298 3315210
2256 3315255
18952 3315365
22872 3323967
9846 3324127
745 3325828
16631 3327386
29139 3328384
22657 3329190
10730 3329627
18317 3331110
26170 3331140
11641 3331391
14450 3331397
12431 3331785
24496 3331814
18377 3332811
21295 3333870
12063 3335577
29750 3335786
25074 3337768
10277 3338380
20565 3338754
7092 3339178
19347 3339946
9074 3340110
15540 3340817
4585 3342707
6306 3343342
23327 3343383
15453 3345381
28712 3346304
8555 3353284
28022 3355916
6299 3364152
20448 3365556
9495 3368770
22971 3372582
664 3373309
27708 3377379
1693 3381179
20822 3381298
3170 3381917
778 3382966
11814 3383689
10311 3385080
7770 3386110
15383 3387609
25476 3393273
5092 3395240
25132 3396288
2248 3398070
3531 3398238
5687 3399096
14461 3399866
29702 3400958
29184 3405016
569 3405622
7360 3407440
7909 3407591
20342 3409517
16427 3409866
6614 3411797
23770 3412882
28613 3413818
14789 3414473
16258 3415704
15468 3416653
19360 3416799
17789 3416825
20227 3418219
27579 3419892
1154 3419895
7237 3420180
8920 3420374
19446 3420812
4907 3421032
14562 3424379
2746 3424410
20330 3427745
25732 3429116
7703 3432155
3375 3432510
20709 3432608
6162 3432848
11601 3432955
7665 3435790
4925 3436012
27589 3437484
18633 3438734
15323 3439934
13606 3442888
17476 3450452
18336 3451437
23468 3452518
11180 3452860
27612 3455494
12123 3459825
9854 3460797
13625 3462563
5707 3462601
6954 3462993
24263 3463130
25977 3463165
28717 3465928
29054 3467660
5894 3467700
29376 3470638
29261 3471028
3401 3471162
24719 3471274
27552 3474041
18176 3474067
2454 3474652
17462 3475602
20620 3475704
26802 3477815
23568 3478837
16661 3479615
12842 3480185
22456 3480738
18969 3481074
29192 3483488
4511 3490611
3907 3491203
16422 3494362
16371 3499853
29276 3501279
8800 3510178
28685 3510761
5003 3512812
20209 3513035
26239 3515036
7763 3515762
27275 3516280
10682 3518334
13814 3521101
2820 3523208
16710 3523274
4768 3523401
26867 3524070
8263 3524107
14690 3526423
295 3528382
737 3530065
5896 3531210
11863 3531837
14680 3534614
23059 3534855
13920 3535016
19644 3537548
22940 3538052
6625 3540959
21069 3541930
18653 3542280
16442 3543996
15743 3545064
18401 3546677
11947 3549067
17674 3554228
307 3555526
21827 3555627
15051 3556290
29109 3556391
10449 3557365
16967 3557914
6896 3559216
5820 3560841
17126 3561455
28891 3562346
14896 3565350
29655 3568728
18090 3572012
14884 3574076
12935 3576654
4862 3576729
1389 3582619
24281 3584036
5561 3584962
18636 3588023
17936 3588731
24509 3590680
14039 3591230
22417 3593259
22601 3594535
13650 3596462
10067 3596638
12574 3596793
9496 3600482
9133 3601062
26635 3601281
303 3603795
14421 3604278
10164 3604850
2651 3607943
787 3609780
24208 3610431
28096 3612842
7709 3613936
14834 3614656
16920 3617079
29605 3619798
25749 3623887
19330 3624310
5329 3627709
15013 3628432
13464 3628448
9867 3628483
2377 3630074
13633 3637398
17305 3638551
12108 3638823
12496 3639549
14430 3639970
21839 3640664
17401 3641138
28442 3641679
23017 3641929
10520 3642359
2144 3644212
22052 3644598
13357 3647432
19149 3647540
50 3651470
28262 3652972
18333 3659433
1406 3660212
21641 3660516
11055 3661537
8032 3663760
3831 3671110
15994 3671121
15950 3673727
19477 3674852
12208 3676327
20508 3676570
28819 3676571
21924 3676816
9285 3680746
4131 3681634
10210 3681904
28565 3683972
28900 3684554
10214 3684971
24447 3686358
738 3692429
15952 3694208
1430 3696289
7815 3696473
19340 3696644
26950 3697101
1112 3697140
13020 3697169
14263 3698717
20950 3700181
18607 3700508
7365 3701671
15040 3705186
11476 3705737
21608 3706775
22064 3708560
381 3708897
3306 3712214
23737 3716535
999 3719527
11752 3719574
12375 3720430
18376 3721591
24915 3722035
16870 3722229
9266 3723055
19380 3724059
16604 3724599
23113 3725699
22257 3727212
29408 3727409
19180 3727711
19051 3727957
20193 3729987
24043 3732180
9817 3732988
20500 3733297
19250 3733615
17882 3733642
5902 3734875
1512 3735840
27939 3735997
15445 3736444
13624 3737616
26486 3738443
18178 3739525
17529 3741583
24353 3741590
751 3746192
26739 3747392
29686 3747894
8008 3749878
8007 3750659
8770 3751677
29435 3752815
17927 3756179
17732 3758697
12656 3760636
1918 3765587
9224 3765794
26063 3765913
4669 3767241
4534 3768595
2183 3769793
16156 3772599
13029 3772847
27504 3774507
23320 3774938
1021 3777722
12119 3778182
9501 3779319
25741 3779350
7820 3786813
21194 3787019
24812 3787505
12723 3787781
21957 3791458
29383 3792504
11901 3794174
15484 3794410
14023 3795147
9163 3795156
24305 3795951
11931 3796059
20943 3797144
3368 3798980
26625 3800651
4400 3800772
26738 3801415
26775 3802815
21103 3807039
7450 3807489
15587 3807692
9260 3809629
12679 3810439
19308 3811252
9651 3812369
25695 3813181
6698 3814452
24763 3818963
5904 3821229
21746 3822736
29626 3828037
14244 3829843
15595 3832858
21627 3835046
19811 3835762
18698 3838020
27280 3838594
24444 3839644
5997 3843080
28820 3848914
29096 3849310
12284 3850710
23408 3852118
24943 3852545
25915 3853332
761 3853854
22620 3855856
15936 3856159
20750 3857534
14545 3859596
16372 3859642
19482 3863294
25499 3869523
24190 3871341
4465 3872600
27521 3874386
5385 3876204
13816 3879593
9141 3880668
5882 3884386
22973 3886572
22342 3887429
15786 3888771
19438 3892900
17797 3896371
29510 3897861
20887 3898022
14385 3900616
17895 3900785
14078 3905638
21777 3905900
8245 3905920
28605 3906260
23012 3907025
15367 3907035
15387 3908454
8382 3914127
1963 3914536
29746 3916051
18537 3916063
24864 3920254
28166 3920489
8085 3921080
17324 3921858
12467 3922657
28776 3923263
23506 3924888
23178 3924934
29372 3927209
7702 3928207
465 3930075
15331 3931310
3220 3934335
26004 3938286
8453 3945004
22994 3945047
6077 3945618
6211 3945878
10065 3946284
12217 3951197
13392 3952833
7332 3953157
9925 3957047
7241 3957752
12424 3959012
7095 3959462
16806 3962193
24292 3963636
27159 3964850
14141 3968273
19247 3969342
4909 3969982
12055 3971144
26688 3975344
18408 3976672
25 3977414
11978 3979987
18413 3984143
29796 3984208
2839 3985697
3422 3988502
3372 3988897
22516 3990041
17044 3991563
24014 3992133
11784 3993068
22505 3996935
21610 3997625
19118 3997626
6115 3997953
25148 3997997
28951 3998252
24988 4000352
28869 4001347
26834 4001652
25890 4002744
7858 4003622
21721 4004566
11298 4005682
21330 4006546
17066 4006784
3988 4006842
24766 4006850
9197 4010337
23108 4014894
2006 4018383
24607 4021303
14519 4022528
16189 4022671
8939 4026237
4250 4026290
17876 4028498
16144 4029330
6257 4029555
21105 4030575
19899 4031794
3911 4033121
25068 4033640
8963 4033640
24576 4033932
29522 4037901
9726 4039079
19532 4046894
20198 4057111
1267 4057288
12312 4059036
3830 4061241
28747 4063073
2399 4064022
22795 4064078
17645 4064138
27870 4066341
16837 4066944
22377 4068587
23094 4076169
29902 4076363
24859 4076392
27929 4078611
4739 4079255
11904 4086440
24579 4087906
22510 4089002
22403 4091306
27668 4094962
19473 4095564
4309 4097902
26107 4101003
2165 4104782
12749 4104808
28874 4104917
23150 4107791
28540 4109852
20403 4110604
2780 4111914
8082 4112118
3822 4113469
5692 4115608
29443 4116586
2039 4116901
23310 4118353
29777 4118691
2995 4120367
7856 4122691
2623 4122816
2017 4124901
18159 4126478
10534 4127366
22770 4128202
24417 4128624
13481 4129396
10003 4129470
10316 4134478
5041 4135589
3275 4135609
24225 4135665
29451 4136405
23781 4136961
27703 4139544
21120 4139907
10082 4140957
10038 4143437
6255 4143629
14788 4144023
469 4147917
5457 4148313
19007 4153250
20087 4154120
27797 4155179
23383 4155344
13539 4160678
1612 4163611
13551 4163895
5851 4164414
3935 4164613
7996 4164812
12013 4165892
15436 4166077
28489 4166095
13786 4168607
23954 4169844
12461 4170938
20605 4173194
18609 4173810
218 4174185
26836 4178722
28937 4180714
1757 4182688
29905 4183444
27284 4185297
16824 4187744
4800 4188650
17 4193612
24471 4195903
21775 4197251
21686 4198906
3248 4198968
20577 4201507
8579 4203228
7043 4206414
1087 4206747
13885 4208033
27618 4210692
21944 4210990
9212 4212602
14997 4214841
21096 4216973
14540 4220025
18019 4223544
18923 4224930
26181 4225068
8098 4225176
12503 4226793
23918 4228784
12941 4233874
14193 4234546
9373 4235314
1138 4236043
6642 4236206
26725 4237464
28436 4238130
28965 4239263
4581 4239692
25580 4241075
29812 4241803
5652 4243899
15075 4244103
18201 4245367
25762 4246227
9971 4247698
4784 4250610
15916 4255841
16339 4256626
12600 4257090
3786 4258328
24113 4260674
22422 4262841
27285 4263028
10341 4264873
16561 4265043
18918 4265072
27991 4267711
28731 4268105
11294 4269710
25830 4270340
27103 4270356
16985 4271154
5307 4272351
26879 4274547
11065 4277749
29215 4277755
1834 4280201
25470 4281603
2786 4282081
25734 4282694
24752 4282978
24304 4284293
9753 4285632
10490 4286078
5019 4287160
20125 4288520
22486 4289222
6588 4292994
10869 4294498
14795 4298613
19745 4299781
5401 4301058
26217 4301880
18963 4302873
8952 4303238
15177 4304849
7306 4305368
3131 4308524
22891 4311050
23712 4311195
26975 4312922
26779 4315351
7129 4315889
6154 4317506
2408 4317620
16209 4318090
25746 4319204
14787 4320838
11200 4322883
19319 4325999
24831 4327090
16290 4327359
24798 4327878
28531 4330743
26262 4331840
155 4333148
13434 4333501
2769 4334266
13910 4334882
18036 4335138
22676 4337226
17534 4337528
12977 4337862
10537 4340138
8560 4341702
3037 4343689
21162 4344111
1038 4345427
12525 4345837
6275 4346408
22354 4348947
5358 4349888
11574 4351462
12926 4352483
15836 4353702
16302 4353965
22897 4354495
26232 4357717
5058 4358406
7618 4363078
4345 4363970
27762 4367782
8208 4368534
29803 4369320
12380 4369688
21376 4371979
2964 4374437
27133 4375737
4177 4376812
9182 4377107
21561 4377887
26366 4379303
13038 4381753
16712 4383466
4657 4385493
11347 4386431
29459 4387100
26840 4387262
27329 4394825
23809 4394848
24676 4399564
8489 4401383
25073 4401844
7382 4404393
26284 4405687
29772 4407323
21726 4409571
8271 4410305
17048 4411467
7518 4412159
1543 4413273
13556 4415443
524 4415860
12255 4416468
9200 4416951
2911 4417724
5127 4418155
19713 4421002
3446 4421753
4022 4422375
20821 4422855
25481 4424842
22049 4426502
4121 4428864
399 4429005
26302 4429694
20481 4431765
9775 4434056
18628 4434741
1491 4438790
29645 4439514
28941 4442426
14848 4442582
14050 4443344
1276 4447360
432 4447389
22209 4448572
25097 4449699
16243 4452015
29145 4454058
5057 4454732
5871 4458610
17651 4459187
12708 4459197
11682 4459787
18292 4459922
9070 4460192
14051 4460741
8543 4462861
6626 4463902
1660 4464057
27636 4465799
7733 4467174
25386 4467256
29204 4467740
18512 4467884
27751 4468571
7136 4469010
1360 4470925
8601 4471098
24063 4472944
7466 4474450
13765 4475798
7691 4476816
15431 4478657
3965 4479693
12257 4481352
28412 4484696
17470 4485777
27509 4485864
23924 4487617
16276 4492583
13694 4495486
5753 4496786
8548 4497141
7016 4497366
27048 4498288
12551 4501050
19468 4506049
19700 4510201
24865 4510681
27493 4512066
14975 4512901
12536 4513006
7098 4513695
26155 4514668
21272 4515418
15237 4521037
1227 4524933
13380 4526585
23452 4527216
20364 4527391
16390 4527572
18666 4528589
20470 4529043
18259 4538192
26299 4546935
10133 4549411
27475 4556134
25344 4557975
23235 4558401
19799 4559596
1023 4559775
14687 4560772
270 4560801
13903 4563991
25257 4565515
19005 4567385
29330 4568285
19174 4568448
12139 4568505
26798 4570493
26251 4570615
8570 4570676
11140 4581078
19555 4581898
13074 4591072
9708 4593157
6624 4595411
24147 4596138
8523 4597911
14416 4599865
26716 4600444
5407 4600678
17112 4602026
28719 4606414
16861 4607512
12927 4608936
11445 4613964
18556 4615415
8588 4619102
11405 4623291
453 4626999
3735 4628488
13644 4628851
19637 4631197
9278 4632885
15100 4635651
1354 4636988
2678 4641161
18056 4642073
6263 4644757
23615 4645208
2023 4648376
26648 4648937
2934 4649607
28970 4653628
16389 4654622
6298 4656913
11593 4657082
365 4659127
17084 4662339
23595 4663697
21206 4664520
8706 4664705
21812 4665729
28596 4668749
6343 4671217
25682 4673170
2301 4677947
1435 4678026
3214 4678349
22301 4687715
22146 4688369
1072 4689387
23541 4690303
21808 4692980
12669 4693016
18996 4693276
733 4693824
14338 4695501
29711 4695844
20442 4697147
21761 4701086
1173 4701928
18605 4702833
16089 4704190
27952 4711010
13930 4711037
583 4712862
8447 4725108
8031 4726171
11064 4728706
25941 4730090
742 4730645
10406 4731688
10303 4732348
9795 4732849
13758 4733431
17430 4735864
1779 4736390
22860 4736750
24157 4739128
25583 4739352
4230 4739711
26443 4743282
26629 4744142
11393 4747113
20638 4751606
1036 4752543
670 4752949
8536 4753687
7042 4753981
23085 4757554
18840 4757752
10838 4760551
25472 4763626
20111 4763878
19114 4764408
6513 4765395
6318 4767139
4647 4767730
10505 4769276
15725 4772921
25992 4773926
21977 4774919
11189 4778946
17003 4783709
1936 4783765
17309 4784690
28846 4785246
15092 4786021
20860 4786468
17071 4787640
29388 4787864
11817 4791628
12499 4793238
13139 4793610
15716 4794523
10340 4798596
362 4798825
4878 4799927
6256 4802551
18841 4802791
5404 4803337
23715 4810649
1443 4813487
21293 4813773
20413 4814123
2967 4821476
16911 4821750
19647 4821918
11671 4822881
17790 4824193
22432 4824345
17093 4825559
9662 4826061
11508 4826991
18932 4827346
16635 4827488
13377 4828554
14018 4829939
2293 4830002
26545 4830770
11240 4831736
15489 4832036
846 4833403
6945 4833693
1383 4833700
5503 4837775
15677 4839782
16375 4840029
1007 4840594
25345 4842384
20350 4843475
28522 4845179
13120 4847633
22914 4850527
592 4851413
28183 4853581
18052 4854675
13142 4856841
4353 4857973
22957 4858472
22343 4858791
26197 4858957
1882 4860380
9842 4864660
14481 4866205
10819 4866232
19440 4866688
17565 4867840
17553 4867934
23557 4868352
17805 4869864
6591 4870566
7383 4870888
24673 4872675
5015 4875962
4961 4876163
8541 4877416
2952 4878930
20326 4880145
10024 4881525
25120 4882956
9771 4883777
18265 4886245
26378 4886553
4499 4890259
29941 4890900
26861 4893282
26349 4896849
17123 4898927
6659 4898986
22535 4900528
21714 4901007
3358 4903218
24266 4903577
4423 4906034
4819 4911428
27624 4913845
7640 4916372
3188 4919307
29791 4920955
2843 4921557
3128 4927184
23804 4928733
8226 4928823
2450 4930013
11172 4930182
16617 4930806
27804 4935308
19011 4937588
5837 4939950
12101 4941677
13893 4942166
17690 4944425
5151 4947942
9527 4949707
24329 4950145
12834 4951083
17993 4951835
5938 4952631
9938 4959367
16686 4959658
7883 4961973
3774 4963908
5204 4964242
7711 4965999
9209 4966762
11348 4968723
25231 4968769
7569 4968999
16770 4969938
26964 4976304
28637 4977339
25919 4979876
22452 4981222
2574 4981820
15170 4984045
23371 4984109
5798 4984264
25365 4984778
6006 4986274
19831 4987119
15787 4989183
5138 4989915
25415 4992869
17394 4996048
23833 4997959
15478 5000397
28219 5003794
29101 5004756
7739 5004815
10446 5006274
272 5008930
19531 5010161
976 5013815
19709 5016003
27453 5019033
2138 5025278
29574 5027229
18719 5027930
29896 5029705
5372 5030145
6218 5030335
13683 5030965
6772 5031413
25030 5031443
6432 5034774
3653 5035020
27077 5035114
27838 5036221
10605 5038525
3654 5038883
7816 5040741
12612 5041331
1330 5042753
15141 5045713
1408 5046454
28360 5047119
19083 5052677
4152 5053413
23584 5060403
29933 5060871
12888 5060983
29291 5061039
16814 5061577
16616 5062251
5615 5073756
19796 5080927
19515 5084286
8638 5084774
20562 5086554
14120 5086880
27479 5089623
23227 5090058
14918 5091020
14618 5091209
15273 5093431
2459 5093654
23148 5094235
28015 5094241
25840 5096544
587 5105792
2263 5112847
23187 5113998
14585 5115954
6763 5116430
1486 5125060
260 5127964
13309 5128363
16799 5131287
15041 5132538
22656 5133003
10450 5134158
330 5148133
20895 5150458
3182 5150919
14360 5155308
4740 5157248
28001 5157832
20421 5158063
17329 5158141
1202 5160693
6466 5163279
21242 5163356
21728 5164424
26843 5166934
6644 5166953
22190 5170916
21354 5174130
15257 5175625
13462 5175734
14238 5178566
22843 5178656
3249 5179200
15693 5179458
22207 5179789
11948 5181713
22365 5185405
27989 5188001
611 5189892
1403 5190647
12034 5190768
20014 5194171
20551 5194204
25781 5196367
23269 5202319
1816 5204026
2336 5204317
4683 5204537
3960 5205038
19377 5205063
20960 5210821
20378 5213206
17039 5213223
13629 5216710
27257 5218276
17925 5219536
14402 5219845
18746 5222645
28176 5223177
29099 5224046
5587 5225087
28150 5229031
5656 5229162
28241 5229180
9009 5237295
9658 5238522
7965 6291871
2969 6291995
14640 6292377
12187 6292923
12773 6296312
18981 6296808
22962 6296849
18462 6296856
13613 6297792
28560 6297909
22012 6300179
15107 6300357
7785 6300757
14410 6303623
3377 6307905
28801 6310174
16750 6310176
22353 6311806
1705 6314724
6193 6316950
25872 6317465
25910 6319604
25105 6325017
1286 6325073
7660 6328567
29669 6331132
665 6333481
27520 6334330
26507 6334923
12473 6335812
16923 6339494
20233 6340193
24066 6342028
7750 6342739
3834 6344384
19725 6347999
4199 6348987
12953 6349747
3112 6351810
8807 6356153
13518 6356736
21694 6358353
23639 6359240
16666 6359336
23731 6360600
21911 6364370
8312 6364531
15382 6365389
703 6368018
11916 6368328
22424 6369848
26891 6370789
23789 6371558
4300 6372464
2686 6373823
7170 6375322
356 6376871
22721 6377964
9735 6380938
4997 6381261
19827 6383641
22349 6383729
21324 6388544
18907 6393349
23772 6393584
3534 6397605
29689 6399444
13279 6401562
5629 6404429
23034 6407078
10270 6412547
28853 6418568
27682 6421661
19327 6422541
21418 6423125
1253 6428022
21435 6431224
2647 6431621
24035 6431760
23769 6433425
24777 6435279
11672 6437686
9591 6438045
5646 6439675
23779 6439888
26308 6440288
5575 6441885
7038 6442827
29768 6445676
25262 6446526
8796 6447159
5945 6447772
22606 6448541
18790 6451938
5325 6452225
7192 6452225
15660 6452736
20247 6452864
20407 6453236
18338 6453312
23060 6455135
6445 6456221
21031 6456582
18023 6461409
3856 6462346
17663 6463429
29550 6463855
1280 6464719
19349 6467470
26300 6468815
10197 6468965
15251 6473504
2433 6473511
20705 6473878
1441 6474044
13426 6474897
6029 6476711
20251 6478009
6035 6483665
574 6484117
18695 6485684
27374 6488800
11876 6489287
16277 6490278
9798 6491903
21130 6492184
28102 6495013
3762 6498851
26132 6498918
28070 6500181
26137 6501553
21647 6504398
18381 6506075
19422 6508262
16035 6508573
27903 6508890
7037 6509111
17104 6509498
17285 6510077
25763 6511215
2688 6511541
29607 6512752
27781 6513076
4682 6513423
14074 6514696
24844 6515528
2567 6515744
4505 6516961
20263 6517559
12362 6517733
29895 6519286
11273 6522817
25902 6523340
19760 6529470
13774 6533668
15905 6534208
8577 6534412
8108 6534981
19897 6536702
3034 6537790
22014 6538425
20250 6539424
21826 6539912
16864 6540557
14257 6543057
3011 6543258
19260 6544585
12970 6545877
26067 6551705
8911 6553282
23939 6553564
20420 6554371
16763 6557085
25922 6560546
26781 6561015
22443 6561406
11735 6562491
3677 6562628
11829 6562998
7712 6565418
14762 6566567
2724 6568546
17164 6571304
2369 6572057
4161 6577318
16527 6579000
13513 6579556
6686 6583279
5192 6583997
23606 6584347
26202 6584645
3232 6585895
5654 6586169
10356 6587296
15359 6588129
14399 6589668
23432 6591135
4285 6592188
7218 6592923
9065 6594267
8802 6594740
8097 6598627
17524 6599861
22076 6599944
13537 6600239
12870 6600968
28227 6601098
1058 6601646
18343 6603475
412 6605288
22385 6606153
26620 6610480
17015 6610939
16387 6611016
11447 6611451
28705 6613975
617 6615059
1180 6615811
26712 6618998
16843 6619167
1851 6619452
23857 6620724
20309 6624779
5729 6626286
27771 6626447
20138 6627576
13733 6632607
6287 6636063
26301 6636194
12186 6636303
10796 6638127
20256 6638588
28817 6646935
3239 6652106
7281 6653261
24893 6653379
20703 6654424
20438 6656074
27335 6659254
7673 6660510
8838 6661217
3202 6661792
19021 6662288
21300 6663599
28497 6664494
15966 6666859
25437 6669194
24813 6669232
26535 6669255
8746 6670063
22027 6671146
25613 6671476
23904 6678668
21945 6680147
21865 6680215
15211 6680270
8365 6685333
13867 6686979
4970 6690861
29950 6691618
2851 6691976
7469 6699761
25014 6699918
972 6700123
3630 6702539
18153 6702622
2466 6703345
18018 6703734
14031 6704580
4623 6708280
22996 6709931
29635 6714958
3109 6719093
20112 6719599
28956 6719624
9037 6724209
12817 6726044
12882 6732530
23174 6732798
15183 6734449
4330 6734654
7672 6734768
8270 6735905
26380 6735971
6965 6736246
8708 6736455
2317 6739405
5183 6740120
24057 6740296
12782 6742364
17396 6744275
782 6746355
18940 6747170
3651 6750955
14933 6751252
26746 6752068
1192 6752568
992 6756677
3719 6757883
1517 6761490
9265 6762965
5396 6762983
509 6763323
8442 6764861
20091 6765067
11319 6766325
17573 6767248
11621 6768379
21147 6769269
5608 6769657
14377 6769672
24390 6775833
29386 6776204
29088 6777988
20518 6783269
355 6787440
2777 6789223
26042 6791607
2371 6792080
9102 6792804
19562 6795301
9653 6797167
1210 6798884
28842 6799178
15865 6801043
28293 6802543
7056 6802560
16828 6808033
26594 6816723
9850 6816775
7181 6817129
25325 6817395
19638 6817944
10074 6820670
4839 6821481
14101 6824034
23652 6824666
6142 6825513
11644 6827837
16944 6827929
19933 6829175
10255 6829586
29549 6829844
25881 6833450
20733 6834251
22948 6834491
12004 6835741
14441 6842980
21800 6846317
27664 6847812
19251 6848176
15082 6848985
28790 6849220
12501 6850490
6697 6852066
1204 6853076
7044 6854904
7079 6859807
15752 6862912
7676 6863416
14222 6863445
11760 6865702
9248 6866282
9987 6867090
10206 6868414
7276 6869290
10080 6869451
21767 6874315
14226 6874715
21319 6876375
391 6876678
24824 6877499
24913 6881838
5636 6882516
7588 6882828
27259 6883120
25962 6885453
13374 6891528
25141 6891658
9642 6893213
10561 6895165
20204 6897954
1162 6899488
1168 6901158
4393 6902267
9882 6902810
8547 6904643
286 6905715
3910 6905818
29539 6906064
22807 6908515
22398 6908655
3873 6909169
27456 6909990
10966 6910027
17612 6910051
6440 6910682
17631 6910801
1420 6911144
3725 6911260
1964 6912741
8099 6914444
28710 6914543
25453 6915111
4785 6916116
2104 6916637
13176 6917744
14881 6917817
23416 6920394
24182 6922618
3525 6922800
3971 6923229
28172 6923670
1305 6923907
24335 6925669
2853 6928118
10750 6930204
14723 6930666
14090 6931399
18347 6932481
7319 6932846
21752 6935686
28138 6937973
15054 6938448
29203 6938895
13979 6939113
29173 6939916
4474 6941234
21624 6941299
1599 6941594
28907 6942332
24596 6945356
24784 6945837
6397 6947304
23808 6948305
14344 6949719
13069 6950636
16687 6951072
18410 6951872
17627 6954807
11688 6959841
17303 6962161
3952 6964336
17371 6965361
1596 6966862
28662 6974467
6352 6975955
9787 6979456
25479 6979711
2560 6982059
7681 6987724
20657 6987746
17753 6988971
23028 6989321
29378 6989545
28761 6990765
15863 6990806
14388 7002087
26871 7007154
17606 7009938
24751 7011338
22290 7012467
2254 7014510
2690 7015801
29492 7017938
16751 7018679
24575 7026301
26596 7026838
23990 7026984
26519 7028515
11740 7029033
5112 7029778
5417 7033740
10115 7034306
10004 7037131
28917 7037966
10260 7042223
1916 7044859
11467 7045348
16583 7045938
4291 7046350
28646 7047814
1803 7048331
407 7050122
25355 7051429
16086 7051707
4458 7052121
4602 7052356
9766 7055279
18407 7056706
19010 7057502
5153 7059385
19300 7059482
9349 7060216
4210 7060510
23548 7062543
1782 7063967
6966 7064177
29194 7064667
4532 7065423
27242 7066427
12914 7068291
20611 7069615
2092 7070568
23943 7071445
18938 7074098
23744 7076253
26118 7077162
3388 7078145
15148 7078423
5720 7078563
7925 7080411
5674 7080576
25113 7081750
11802 7082980
19337 7083835
17313 7089628
3147 7090854
7776 7091624
25034 7096165
29787 7098382
28179 7098979
1618 7101060
25031 7102699
27661 7104462
24300 7105462
23328 7106784
12822 7108046
8477 7108244
5817 7110079
23859 7112434
7678 7113672
19517 7113856
24755 7113915
5268 7114009
18358 7114971
12007 7116225
21818 7116967
29356 7118098
11685 7118590
26272 7121775
4996 7129312
28762 7129615
27291 7129741
19685 7130724
22211 7132336
17028 7132572
21642 7133211
17399 7135460
9234 7135941
24725 7135945
24174 7137891
15734 7138187
7942 7138814
5465 7139113
1375 7139580
10919 7140438
28699 7140746
7923 7142011
8776 7142047
9791 7143171
18819 7144801
6180 7144818
29402 7145791
26924 7146292
17249 7148128
24460 7148900
23669 7152319
23055 7153373
26680 7155212
12796 7157378
15335 7158422
21786 7158644
17907 7159718
8012 7160231
556 7160470
22305 7160731
2753 7160959
27604 7160966
2001 7162195
17238 7168803
26555 7169277
1385 7176418
979 7176766
27787 7177007
6961 7178714
17683 7178721
6747 7180368
16898 7180560
29512 7180979
6650 7182318
17938 7182328
12106 7182988
21988 7184138
3515 7184142
16726 7187283
24378 7187677
5527 7191006
16400 7191924
24511 7192362
13119 7194352
18761 7195158
26048 7201565
14513 7204404
10139 7204768
16472 7209603
17409 7211327
476 7213945
843 7215096
23972 7216015
13580 7216481
27351 7218179
18876 7220847
13821 7220989
22847 7222311
22754 7224847
17997 7230598
6744 7235660
13414 7236596
17831 7236790
23999 7236979
12737 7237268
2586 7238525
29627 7238829
18379 7241557
28118 7243013
8459 7245315
27921 7245852
25378 7246651
27018 7248005
8726 7248151
8815 7248655
2016 7250000
7442 7251030
23608 7257125
16924 7261524
10631 7261878
5664 7262502
14266 7263599
6251 7265470
14653 7265668
29835 7266096
4734 7268532
27538 7270356
16737 7270622
26949 7272378
14460 7274889
15804 7277769
6412 7280478
24820 7282313
26607 7283301
27524 7284491
26427 7286703
14346 7287984
11907 7288997
23953 7289279
6981 7291117
26209 7293623
24840 7294188
18303 7294766
13753 7312942
9016 7313229
18334 7314479
7910 7314511
10035 7319336
7060 7320582
8389 7320976
1895 7321440
6887 7321796
24730 7322305
29617 7323914
19295 7324503
9638 7324677
6621 7324974
25841 7325408
11604 7326863
7131 7332486
6526 7332648
21980 7333506
16187 7334119
25243 8391881
28914 8401542
16331 8401543
2018 8402161
25456 8402577
20832 8409660
701 8411633
9437 8414432
12135 8414711
28639 8414793
21043 8415326
26064 8415410
6727 8416170
64 8419514
7013 8419650
26759 8419817
6429 8421800
9926 8422025
28724 8423964
19918 8426227
9198 8428166
8181 8430632
18799 8431235
25780 8431668
29955 8432219
27325 8435236
15300 8440537
24089 8444287
2130 8444855
22982 8445983
17330 8448285
19807 8448626
25825 8449209
5977 8449757
8316 8449893
22115 8449928
25297 8451539
20137 8451604
16068 8453335
847 8453601
2854 8454865
15802 8456940
22547 8458905
14191 8459799
14240 8461124
25254 8462317
15397 8462845
25417 8464041
19368 8465881
13587 8466084
1339 8466730
10042 8467041
17005 8467170
19686 8467638
13672 8469036
2646 8472056
25494 8472131
28481 8474879
204 8475310
13172 8478719
13385 8484074
17032 8484772
5173 8485056
23473 8485057
17242 8485243
24604 8487974
25058 8492255
1068 8493252
21033 8493504
10763 8493540
17199 8495621
20813 8496724
7345 8504636
23463 8504937
18517 8505513
8467 8505640
23733 8509664
11354 8509892
4060 8512966
5230 8515457
15228 8518335
2718 8518486
2989 8519314
22297 8523136
14800 8523161
58 8523689
18988 8524953
16772 8528032
28687 8529255
6317 8532657
27983 8533818
23837 8535329
13495 8535669
10132 8537717
20008 8537771
3844 8539779
1140 8540641
23430 8540720
15520 8541110
7639 8541417
24168 8543632
12748 8544577
2544 8545228
26095 8546826
8817 8546871
5102 8549827
22272 8550636
26935 8554289
344 8554708
4824 8555007
28930 8555582
17665 8557169
530 8559634
16006 8560013
13998 8569099
18502 8569896
5793 8570690
15785 8573714
8840 8574067
24779 8574075
19862 8574887
18368 8580178
18658 8580467
11109 8585334
22450 8586346
18561 8586483
3840 8586680
15777 8587015
4771 8587217
15283 8591668
9043 8593165
17251 8593793
20202 8594837
22594 8594866
18192 8595212
20993 8595621
5157 8596173
3901 8596192
20893 8598797
11492 8599175
18046 8602596
11183 8603753
15403 8605469
17735 8607939
10123 8609269
17988 8609285
17672 8609687
2181 8610678
22315 8614474
26715 8615713
27068 8616200
19497 8616360
13288 8616966
4842 8617106
28251 8620850
3946 8620905
28039 8620916
20066 8625789
27701 8626011
15298 8627308
29412 8627953
30 8630153
7693 8632359
6347 8634143
8636 8640878
25976 8642159
25282 8644010
13494 8647104
11926 8648223
26226 8650624
25251 8654939
868 8655767
15174 8656957
16399 8657464
9730 8659318
4934 8659962
21524 8660327
25444 8660666
17455 8664928
13720 8666572
8901 8667304
7349 8671825
29454 8672871
1657 8673092
1865 8674734
17453 8678083
22149 8678900
10552 8680031
24438 8680143
7087 8680275
10106 8681706
13051 8682517
23006 8687361
11518 8687665
18352 8687908
1485 8688029
2697 8688494
20796 8690075
22584 8694194
982 8698826
9835 8699276
6465 8702259
2335 8703595
18691 8705415
28123 8705517
8289 8706508
3903 8709800
6117 8710160
10193 8710301
5255 8711762
5952 8712358
6326 8714484
28090 8715334
29323 8716252
10415 8720007
11468 8720614
29752 8723089
21092 8723428
21416 8724870
26982 8727956
29053 8728155
21335 8729837
8914 8731789
14825 8732167
5199 8733961
3918 8734641
28205 8736344
1694 8736570
2662 8736925
8617 8738618
10333 8739354
5022 8740149
5703 8741837
15034 8741858
10422 8743906
29868 8744338
22641 8744947
23556 8746686
1890 8747163
22256 8750218
29093 8753184
27531 8753471
23151 8755822
7730 8758599
7866 8759486
2155 8760090
10651 8760274
11558 8765466
3461 8765555
5178 8771493
15772 8773933
15639 8775954
5046 8776036
2771 8776317
24776 8777901
18961 8779065
3544 8782312
24206 8783003
17957 8783686
5842 8784002
18433 8785495
24054 8787230
5368 8787488
15265 8789770
3072 8790380
5860 8792078
27860 8792748
5978 8794578
11257 8794839
4148 8796246
17724 8800597
27812 8802357
8278 8804568
28915 8808768
3460 8815168
13598 8815325
15172 8818315
19867 8820480
16628 8821501
10761 8821924
7974 8825083
10114 8825926
22066 8827236
2476 8828152
5203 8829959
6448 8830341
10213 8831980
6918 8832023
19227 8837495
10381 8838581
15269 8839145
23287 8842609
21861 8847480
24817 8847875
6502 8848060
27427 8848085
27633 8851342
10083 8851391
5451 8851710
14369 8852623
25873 8855457
11315 8856890
3687 8860625
16394 8861063
23222 8861978
17128 8862933
14644 8863873
3300 8864691
8182 8864912
27370 8865893
27424 8866764
27170 8867649
19590 8867918
23616 8868895
22074 8870226
21075 8871552
26549 8872281
11237 8873813
838 8873898
17122 8878179
22655 8878303
17369 8878785
8001 8879400
18826 8879721
22429 8879980
12788 8880411
16830 8881635
14669 8883711
20105 8884074
565 8885053
17879 8885061
22906 8891714
19547 8894084
3288 8894858
4102 8895784
29234 8898324
20015 8898619
15597 8900247
6527 8900833
24756 8903238
16391 8903447
16152 8903855
23216 8906924
13680 8907097
857 8908296
18539 8908329
4271 8908923
11680 8910133
22 8911012
28134 8911035
20455 8911325
9157 8911507
28282 8912853
18182 8913910
10420 8915538
28089 8920768
3039 8922065
15405 8922635
9923 8924161
22821 8925481
17033 8925997
24095 8926124
16552 8926618
28824 8926723
1700 8926848
23895 8928806
13040 8933106
2142 8934705
4320 8934721
25086 8935566
14022 8936997
25418 8937691
21115 8939513
7107 8940471
26089 8942772
13883 8944218
20153 8944829
20520 8944979
26562 8946672
15072 8948013
5297 8949885
21667 8951331
6661 8952075
28510 8952735
5484 8956051
4865 8961374
1409 8962095
28987 8962120
22110 8962478
6065 8964308
3667 8964810
12146 8966591
9032 8967275
176 8967845
17441 8970812
7560 8974439
5974 8975052
26224 8975235
862 8976043
9435 8976152
12110 8978084
28470 8980395
9788 8980845
20708 8981186
13892 8988045
23596 8989932
26645 8990096
8514 8990525
1287 8991515
29230 8994656
29134 8996194
1340 8996986
4132 8999442
6784 9000568
29090 9001465
3726 9002981
1742 9004348
10394 9006014
15150 9008730
1830 9009685
25909 9010557
1066 9010691
18373 9014235
20838 9015860
1813 9021404
8845 9021694
18889 9022196
22616 9024114
13788 9024559
4303 9024996
25048 9026874
1981 9027879
10878 9031452
19652 9032908
21389 9035474
18325 9036291
29488 9037054
15199 9037637
11998 9038797
18355 9039897
15260 9040439
25968 9045739
1127 9047293
6543 9049885
26246 9050231
18821 9052708
8470 9057231
28297 9061695
2505 9061961
18741 9062724
6511 9062922
17407 9068144
8385 9070696
10427 9070970
2733 9071232
14941 9076109
10741 9078082
15999 9078511
3571 9082021
12213 9083182
13271 9095961
1656 9097466
28260 9099635
6683 9099854
29661 9109787
15046 9110556
20801 9111091
17607 9116335
18580 9120310
12963 9124354
363 9127486
4080 9127791
7823 9132364
10089 9132374
1685 9132528
13924 9134177
17939 9134914
15058 9137316
21275 9137554
11750 9137969
13054 9139783
3468 9146575
13072 9146707
8687 9147278
27196 9148515
10517 9158737
8432 9159732
11023 9160376
11754 9176394
23810 9178460
13012 9179546
2863 9179608
2885 9181515
24834 9187660
6277 9188484
17381 9188840
2295 9189649
13521 9190328
18386 9190826
29592 9191958
1306 9192213
14420 9197333
24945 9198016
21711 9198627
25635 9202706
11862 9202991
3018 9205082
29292 9205822
11440 9209031
29046 9209069
28563 9210360
6149 9210772
26880 9211252
10852 9211457
25559 9215167
22626 9215853
18306 9216490
24586 9219533
28261 9219598
13940 9220159
14075 9221095
3003 9221450
11548 9221998
29357 9225169
12651 9225951
24759 9228204
25999 9228255
21606 9228561
24491 9234206
21774 9234215
11477 9238126
2148 9238397
14647 9240063
23661 9240939
2847 9241036
4724 9241767
20070 9245539
23155 9246246
208 9247692
2573 9247773
29567 9250893
25292 9251123
9296 9253703
15557 9253995
29166 9254439
3925 9255055
18791 9257510
9154 9257596
18367 9257664
12192 9262706
5073 9263389
5367 9263573
11370 9263576
24480 9264175
20934 9264218
16146 9264402
11291 9267477
4498 9267933
25768 9271427
6501 9271647
9147 9272172
28528 9272406
56 9273476
29923 9274576
4398 9276602
24806 9277278
15827 9278694
29495 9279190
27096 9280574
20998 9280810
25879 9286566
16580 9288016
5852 9292145
23697 9294395
25135 9296114
16940 9297198
2787 9298307
19065 9298556
25399 9302345
25549 9304768
7232 9305838
8088 9308274
3889 9308697
27591 9309054
2297 9309202
28733 9309920
27300 9309951
16319 9309960
8405 9311496
16079 9312821
17865 9313308
24789 9315292
8448 9316557
15763 9317085
21905 9317192
3607 9321954
6646 9322216
27430 9323115
15922 9325340
26357 9329759
8778 9331303
20662 9332615
29736 9332961
15871 9333470
12304 9334444
6227 9335100
9132 9335896
23867 9336547
14853 9337583
26832 9337887
6487 9339371
25409 9344548
23701 9355912
16254 9358791
14826 9358941
8054 9359789
25038 9359806
10499 9362900
13334 9375572
24899 9376595
23673 9376988
1022 9377234
28661 9378161
28802 9378396
26654 9378454
20652 9378671
29997 9379002
17296 9379591
16664 9379973
13125 9383268
6309 9385992
16320 9387054
16733 9387519
7947 9388965
19415 9391524
22741 9392349
9571 9394128
29252 9394483
15372 9394686
6691 9399405
12194 9401760
22848 9402001
11990 9404514
28142 9404515
13321 9406649
26178 9408031
20115 9409975
8342 9412215
2323 9422073
17941 9428761
26310 9438006
10049 9438090
18071 9438607
25577 9440931
27496 9442541
29583 9444070
4169 9445191
29516 9446680
6369 9447700
19044 9448533
22295 9449848
24552 9451117
25985 9452446
22590 9452461
15292 9453948
19406 9454967
1609 9455227
12230 9455810
11436 9458076
26418 9461733
11350 9462782
4409 9463895
15026 9464759
1135 9471358
3595 9473366
23009 9475066
4140 9475365
18160 9480282
4888 9480822
12245 9482778
21239 9483083
7068 9485832
14611 9486526
688 9487991
25242 9488769
19376 9489594
14026 9491685
13078 9492352
20387 9496643
18987 9503402
10265 9503409
26350 9503754
22386 9505253
25032 9505650
20353 9506090
18651 9507101
380 9508093
29461 9508674
27121 9510127
4276 9511019
16263 9511457
14910 9511546
23962 9512613
13709 9517266
2726 9518624
5958 9519260
1009 9520166
3928 9522726
29589 9523417
9368 9524697
4504 9526522
7299 9527536
22630 9527942
23528 9527942
25865 9530627
27689 9531206
17707 9531560
17703 9536211
6857 9536564
29824 9537099
3085 9538503
5097 9539742
28692 9541691
24472 9543769
396 9544366
13094 9544790
23027 9545618
8050 9547301
10526 9547356
18133 9547456
2578 9548092
1544 9549679
17859 9550346
4221 9552287
19127 9555161
29213 9555317
8974 9555810
25281 9557736
3031 9559110
2549 9561555
27317 9562035
21756 9562170
19629 9562281
26592 9562785
10334 9564312
20864 9565079
28078 9566099
5075 9568857
20944 9569720
10108 9569887
8996 9573548
16114 9573882
15000 9574970
7811 9575597
144 9577331
7864 9577659
17523 9578723
23871 9579949
1603 9580292
17778 9581291
4818 9581495
8635 9586158
23189 9586523
10902 9594320
19511 9596950
17474 9599606
21331 9602037
16249 9602125
1241 9602586
1505 9602890
6695 9602922
19094 9603075
10675 9605780
29159 9606153
15371 9607672
26475 9609885
14955 9612743
10770 9613590
12466 9613815
4693 9617425
14216 9619760
9666 9620030
2291 9621614
28630 9633038
22835 9634411
10020 9634718
14838 9635732
23441 9638571
28289 9638609
21094 9638638
17623 9642736
6455 9642829
13195 9644228
17892 9644774
12865 9645000
11191 9645029
21832 9645406
25958 9647468
19401 9647626
2975 9648160
17684 9648983
22927 9649317
7459 9655641
15924 9656428
3235 9656686
23136 9656960
26360 9657334
21504 9657419
5999 9660985
1970 9661785
24647 9662682
18632 9666062
14902 9666519
13900 9668048
3150 9668147
12012 9669338
17522 9671131
6563 9673197
18141 9675300
5184 9675710
19932 9679132
8124 9679870
11659 9681844
1805 9683829
5165 9684431
6468 9684766
22857 9686058
6258 9686181
27972 9686902
23126 9689923
22852 9690032
17701 9691646
20845 9692662
22472 9693395
17241 9693629
2522 9697716
2779 9700270
26142 9700451
24036 9701655
16083 9701990
9396 9702980
10180 9703269
5847 9704958
5998 9705703
14664 9705889
17206 9707058
1299 9709565
3050 9709888
10993 9710162
16673 9712656
29532 9713033
15586 9718623
26000 9719749
24050 9720149
24927 9721734
10713 9722358
28683 9725342
6329 9727179
11267 9730047
18582 9732635
26806 9736239
18930 9736573
4145 9737648
1604 9740925
7239 9741862
26158 9742659
12518 9744247
10765 9745960
19054 9748044
16963 9750035
22161 9751126
2186 9752803
26338 9752989
6476 9757760
21648 9759357
917 9759458
1586 9760150
13486 9762691
25216 9763613
1470 9764264
24909 9765816
26506 9768421
1344 9770164
20837 9770309
29563 9770388
19146 9771831
7616 9775499
6951 9776697
29423 9777149
26628 9779840
17010 9781532
19344 9782217
13427 9782533
17458 9784048
16835 9784088
417 9786844
820 9787090
5964 9788499
865 9790254
22322 9790933
10955 9791108
14485 9791448
15864 9791670
7786 9791784
2714 9794818
2270 9795379
4 9796967
23373 9799804
11655 9800285
20563 9800645
23084 9801487
4699 9806265
23324 9809076
27823 9810871
21268 9813346
21027 9815799
12335 9816284
23234 9817621
18900 9818496
15645 9822526
22040 9824479
7897 9825722
8860 9826020
8745 9827894
7696 9828441
1142 9829605
5446 9832335
16396 9833607
11222 9835130
5611 9838051
4516 9838936
12636 9839383
10522 9840843
11531 9842602
1933 9843427
7930 9845241
11479 9849247
19896 9849315
6886 9850934
15155 9851609
26206 9853323
18495 9853381
20841 9854519
4954 9855660
3658 9856122
27630 9860417
20016 9862104
7924 9862950
9652 9864695
19908 9865994
14301 9866513
15201 9868914
16207 9870063
8881 9870587
22809 9870961
11465 9871971
12343 9872873
2423 9873097
27028 9875628
19441 9876950
10441 9882118
24133 9884474
4422 9884670
26087 9887621
4606 9890618
12028 9890638
11188 9891185
11912 9892518
13345 9892603
4755 9897899
3304 9898739
16805 9901870
15926 9901921
2833 9906010
21697 9911467
1565 9912697
15542 9916214
4685 9916561
7576 9918204
15549 9918752
23948 9920435
16499 9922773
293 9923381
26488 9925039
2057 9925285
9523 9928642
24898 9930126
6915 9933897
28273 9935400
24062 9937998
28572 9940300
11689 9940607
2695 9941640
10678 9941734
2680 9941903
14706 9945589
8242 9946693
15097 9947824
23147 9948056
722 9950374
25573 9951866
17634 9952777
2060 9953555
22131 9955872
5583 9955880
6312 9956229
17935 9956860
27052 9957195
23514 9958297
14830 9963243
25800 9966654
15342 9971044
12022 9971284
24521 9971673
23388 9973268
20649 9973867
6173 9975582
19394 9976730
13378 9976912
14814 9979305
21244 9983397
29349 9985479
22798 9987006
4553 9987378
1419 9988704
15422 9990437
24906 9991016
17052 9991577
4155 9991861
257 9992321
5667 9992474
22281 9992783
16458 9993275
20076 10000333
22842 10003323
2537 10003771
597 10003988
21981 10005796
3490 10006217
4365 10006968
26248 10008246
27469 10009408
18520 10009590
2503 10009885
20682 10009916
5764 10013552
5011 10016646
1208 10019466
21138 10019992
26766 10021164
15434 10021812
13584 10022432
20176 10022903
3029 10025664
9173 10028654
21796 10030548
5005 10030967
2565 10032599
15608 10032881
19653 10035607
29904 10035684
9469 10038846
16640 10039160
22583 10042665
10211 10048358
9419 10048665
14429 10051983
9365 10053484
12619 10053810
16117 10055678
27802 10057971
23082 10060747
14745 10063174
2924 10063715
21556 10065360
29456 10065787
19625 10066514
28396 10067908
18 10071112
28521 10071663
8826 10073980
23718 10074296
27061 10075291
12795 10076088
20666 10081152
21466 10082528
10963 10083618
21852 10083789
8333 10084730
27627 10085915
7968 10087179
24923 10089024
10918 10090424
23272 10091862
3062 10093517
230 10096235
2572 10096292
1575 10098232
13635 10100070
18603 10100351
16419 10102633
3577 10104700
3197 10105388
20358 10105736
29875 10106530
27868 10107243
2535 10107427
20268 10107747
1089 10108384
25964 10111696
23015 10113168
12825 10113898
22067 10114019
7839 10114728
7263 10114744
15791 10115570
9932 10118158
8334 10118587
29058 10119430
22979 10123745
16283 10124331
1113 10125526
11892 10125531
2161 10125766
4677 10126488
8654 10127746
4758 10129861
20961 10130541
2754 10132317
29393 10144992
15071 10147284
3066 10147866
11737 10148245
12709 10148962
15517 10162164
21044 10162566
20415 10162843
13230 10166488
28992 10167340
22832 10167620
18871 10167894
6294 10169490
6843 10170952
10515 10173886
12848 10174273
16126 10175863
20597 10176576
22871 10177041
22580 10178071
14646 10184221
14863 10184357
10960 10191388
17816 10191742
18324 10192604
17444 10195823
25520 10197027
193 10198114
14350 10198192
7155 10209424
25602 10211921
25751 10214557
21179 10224360
21085 10225405
9156 10226787
17868 10228701
27088 10231846
12654 10233509
16935 10235508
21866 10237511
22862 10239431
11070 10241753
27031 10246650
5943 10249664
24934 10249824
9415 10250506
18109 10251220
9407 10251971
19445 10256437
3168 10256450
5609 10257176
4125 10258582
24746 10263223
22920 10267872
11819 10269037
585 10269865
3334 10270309
26172 10272941
24343 10273135
9273 10273168
7641 10274585
15849 10277861
26478 10278397
26906 10278990
11837 10280841
13887 10281592
7206 10284767
13318 10285713
15938 10286689
4038 10288690
10318 10289197
9772 10290596
7843 10290798
12668 10290925
28624 10290969
2738 10291231
19872 10294541
2945 10295730
17867 10295842
22576 10298764
10031 10300659
4853 10301412
4357 10302658
12472 10303103
1315 10307889
5381 10310218
27481 10313751
29271 10313941
29890 10316226
12002 10317922
18973 10318906
15160 10319480
21532 10320031
9834 10322157
23765 10322572
10721 10324900
20972 10326003
15861 10330318
12494 10333619
9454 10334128
8027 10335046
7818 10336313
21846 10336330
15850 10342501
12931 10345593
5317 10345853
12288 10346922
9858 10347293
17174 10350228
14250 10350395
12401 10350708
22877 10354521
15892 10355383
17928 10355751
6198 10356404
19108 10357960
22302 10359760
1849 10359855
27003 10360370
25134 10361856
10812 10362789
17224 10368471
25948 10370452
13169 10371236
2605 10372768
16695 10375377
7688 10378665
1105 10378818
26412 10379699
7352 10380351
26303 10380477
12291 10381652
10952 10382086
8519 10384680
20082 10392248
13445 10393615
14760 10393672
29687 10394770
14560 10404042
20810 10405408
9014 10407211
29961 10420470
28555 10423985
5638 10424275
3792 10424637
5449 10425603
29041 10433112
19257 10433664
14275 10434400
3764 10437055
26665 10441640
22790 10442108
457 10443525
5147 10443852
7378 10443960
2532 10445854
7010 10451709
8091 10451870
24729 10452677
5781 10453845
5581 10455007
21314 10458894
19309 10460539
190 10469819
25829 10472237
3459 10475149
3682 10476649
20219 12584776
25463 12586327
23815 12586501
130 12587992
24213 12588576
19287 12590374
28421 12590510
3258 12590531
8518 12591579
9390 12592359
28476 12595397
26460 12597092
12394 12600287
28651 12602184
27234 12603585
17235 12603935
309 12604557
1583 12604652
19198 12605747
13520 12614161
6088 12619429
19903 12620595
5550 12626993
17917 12628251
20329 12628771
6847 12629705
5970 12630252
14070 12630595
4995 12631291
8683 12633939
21618 12634391
11539 12635543
17201 12636003
25189 12639190
25601 12644147
11378 12644317
17472 12644548
15678 12645929
16465 12646847
2670 12647757
27128 12648740
28232 12649917
22523 12650126
3962 12651421
19232 12651757
16548 12653192
20504 12654052
21943 12654561
4124 12660211
8661 12660794
9481 12661237
13406 12661968
13001 12665801
20941 12669734
19154 12669736
21930 12671374
25166 12671903
3447 12672119
22854 12674517
5233 12675654
27875 12677496
19520 12681487
14497 12685203
23588 12685511
11148 12686581
2674 12689098
16928 12689809
9257 12691813
16641 12692905
29426 12699099
2721 12705756
16665 12707286
7201 12708395
10354 12711066
23348 12714685
13235 12717111
27099 12719320
5177 12719402
15583 12722325
21142 12723942
26693 12725244
22400 12725263
23848 12725614
1222 12726608
9067 12726903
26293 12727957
24944 12728867
18344 12729353
14796 12730046
19318 12730749
6185 12730905
5766 12731063
15012 12732758
27936 12732996
4992 12734831
8725 12736214
24391 12738744
9695 12739381
4627 12739915
27054 12740962
12958 12742877
69 12743000
6586 12743720
15662 12745203
25036 12747872
21702 12748893
7234 12753674
27835 12754148
27806 12756121
6086 12758175
14987 12758703
5828 12759129
19864 12759138
22112 12760501
19672 12762059
28703 12765175
25223 12765294
15207 12766590
19356 12767882
18328 12768437
11664 12768477
14259 12769515
4373 12769617
5596 12772630
21733 12774269
13800 12775473
29508 12776818
13990 12779529
11125 12779590
12631 12780127
485 12781788
26856 12785108
27902 12787892
4378 12788293
15793 12792374
9203 12793003
3496 12793846
6423 12794137
19600 12795047
9196 12798299
1557 12802490
10895 12805603
28140 12806886
11614 12807317
22612 12807447
12567 12809151
29651 12810093
22760 12811819
16890 12816599
23362 12818739
19262 12820247
2247 12822620
3812 12822621
11853 12823689
28682 12825293
17815 12826899
15364 12827397
6534 12827718
7567 12830649
28031 12831436
7953 12831898
19645 12832243
21483 12832399
12611 12834869
27965 12836000
6682 12836613
28952 12839087
2003 12843194
2840 12843889
18011 12844495
9042 12844848
5301 12845633
12231 12848446
1950 12848615
5278 12848735
13452 12850268
25765 12851845
8391 12852396
9717 12853905
5762 12854521
8120 12858934
11840 12859080
4652 12859108
26928 12860199
26570 12860372
1294 12861752
12698 12863125
13049 12867998
25836 12871625
17020 12871838
11645 12872450
29872 12873255
18477 12874506
21891 12874908
3920 12875068
4207 12876811
22759 12881893
9159 12883849
26710 12884857
9105 12886716
12624 12889075
17404 12890550
5315 12892051
1398 12892968
16136 12893225
11041 12893998
12561 12894475
5715 12895793
5240 12896770
17511 12897800
14055 12898306
18548 12902834
10156 12903893
7559 12904347
17586 12904440
11116 12908072
24709 12908839
18778 12912996
11619 12913957
6145 12914202
4731 12915647
28770 12916822
9986 12918943
3787 12919398
27763 12919887
11361 12920617
7451 12921516
7426 12925981
28527 12926705
2896 12927127
3982 12930190
5535 12935662
26554 12938406
23296 12943953
21372 12944794
27145 12946766
7223 12948395
27132 12952421
10521 12952595
28590 12952702
29453 12956668
18217 12957165
17447 12959572
6730 12962407
18174 12962732
3706 12968029
15821 12970567
17468 12971041
13439 12979532
985 12979701
19775 12979860
12454 12982199
14156 12982771
2903 12982899
3824 12983463
15745 12986219
14186 12987490
15447 12990504
7572 12992341
3159 12993572
28077 12995695
26065 12996837
24354 12997730
17413 12998475
8304 13000456
13880 13000914
29569 13002227
25911 13003167
9960 13003811
15730 13006506
6879 13007197
17796 13008656
8572 13011869
12667 13011949
29846 13012115
17325 13014976
18893 13017097
21187 13020640
19875 13025757
5013 13028369
24296 13029575
3184 13030622
9193 13031651
6457 13031905
25729 13036281
4390 13039789
5725 13040538
15868 13040767
20045 13042426
9580 13042549
6523 13044143
7063 13046431
22849 13048559
1590 13049301
20521 13049346
5300 13050661
27584 13051320
1482 13052782
17006 13052922
18291 13058401
36 13059629
99 13060170
22841 13061008
1466 13067079
17912 13068376
22649 13075036
1994 13075087
5320 13077133
24429 13077328
2825 13079446
3700 13080810
9599 13082828
10100 13083612
5558 13084476
23019 13085419
3826 13085538
2225 13087808
26282 13089074
10639 13090922
29935 13091255
26461 13091571
10804 13099928
15306 13099945
24404 13101552
28843 13101760
7480 13107202
28392 13107428
23424 13108685
1908 13109891
21316 13110001
25923 13113875
22062 13114700
17034 13118375
29425 13119269
15312 13119306
13646 13119331
7865 13125510
4186 13125981
5919 13126288
25410 13127031
8439 13130578
28603 13131347
14831 13131794
2621 13133822
26539 13133928
27001 13136034
5925 13137960
18630 13138899
8484 13139691
27608 13141064
25959 13142637
19619 13144081
14779 13146686
22978 13147024
27045 13147765
2575 13148992
7358 13151876
5956 13152631
2044 13153682
8040 13154707
16013 13157813
1281 13158949
25709 13159163
27202 13159326
10776 13159848
3631 13160774
10085 13164601
10572 13165536
13915 13167128
1637 13168065
15947 13168125
26997 13170387
25861 13172772
24409 13175731
1795 13175897
16949 13176629
12239 13181108
6132 13183503
24796 13187562
20275 13189878
1948 13190027
12189 13191272
22901 13191447
26857 13192309
24306 13194269
8517 13194589
1850 13195178
15322 13195219
23523 13197294
28860 13200444
28905 13200700
18656 13200936
11557 13201447
29501 13201953
8716 13207875
16598 13207952
21952 13209580
14660 13212355
25827 13212975
24355 13215021
26528 13218790
12305 13223633
10119 13224691
17390 13227158
22006 13229121
7405 13230410
20792 13230634
9471 13232283
1359 13232702
15238 13232986
11484 13234135
1591 13234561
12372 13239803
11812 13243727
14985 13244799
29497 13246090
11000 13246136
21006 13247936
6544 13250007
13954 13250835
2265 13253574
11318 13256259
14452 13257500
23458 13258167
22371 13259032
6709 13268061
15285 13271674
19620 13273477
18059 13274600
12738 13277679
373 13287577
20531 13291749
20952 13291823
13379 13303864
22099 13304890
11208 13305321
10157 13306540
101 13308289
7510 13311053
6758 13311329
20681 13311609
13083 13313198
2496 13320600
15278 13322460
19893 13325267
13652 13326119
17775 13328318
24664 13328860
18553 13330348
1461 13331198
13593 13332329
29602 13333200
22846 13337244
13115 13342103
5490 13353568
15389 13353814
29174 13354197
22255 13355280
28791 13355313
23298 13357472
17043 13359209
20169 13371846
27377 13375461
21855 13376760
15812 13379132
17190 13379259
20182 13379481
18533 13381093
9774 13383656
4031 13384527
21193 13386034
29584 13386584
20602 13387401
15195 13387473
15961 13391770
21270 13392684
22198 13393777
4712 13393981
8805 13395324
28061 13397697
4095 13400258
877 13402999
1069 13404982
27573 13405631
16550 13407021
1605 13407465
26127 13409959
17336 13410647
9911 13411360
13703 13418604
2625 13418742
26075 13419423
2581 13420459
10611 13425935
16854 13427483
12365 13427486
5973 13431393
21301 13432007
26100 13439292
21136 13440428
14711 13443552
13090 13444165
13561 13445635
18449 13446908
11996 13451159
7754 13452247
16440 13452806
17955 13453060
5248 13453352
22033 13453877
22102 13454996
7428 13455052
23764 13462284
12892 13463246
23008 13469961
20907 13471394
57 13472621
1174 13475491
10472 13477830
29083 13480857
28872 13481969
30000 13493193
15884 13494469
6292 13500462
23276 13501856
24583 13503938
23397 13512655
8262 13512989
9883 13514150
15094 13514403
4641 13515517
14879 13515620
26718 13517360
6187 13519152
27912 13520514
19977 13521474
2386 13521792
5403 13523259
19613 13523482
9139 13526909
4910 13528749
23499 13529881
2879 13530063
1946 13532111
7005 13532367
22223 13532501
12821 13533393
11605 13534103
27740 13534800
19370 13535314
20798 13535637
3455 13536400
14466 13539042
16070 13539185
10393 13539215
12130 13540810
21452 13551817
366 13555210
20619 13555813
24446 13567443
12711 13568013
13668 13569704
12677 13570506
15065 13570683
27523 13572120
24836 13573212
18699 13573644
4523 13576473
16338 13576751
11896 13581970
17584 13583280
9374 13583747
12297 13584068
5815 13584646
19139 13602571
5488 13604210
4921 13615187
25026 13615667
25253 13616036
24810 13616774
11264 13618605
