6053
6818 1.331709
7360 1.323964
28682 1.323002
5486 1.313513
7104 1.306370
8348 1.305223
17454 1.299572
21927 1.298368
2671 1.297166
7512 1.292733
16716 1.289576
26043 1.282911
28642 1.281347
26413 1.279444
1350 1.279138
22363 1.277452
9930 1.276743
1682 1.275252
19558 1.273653
24173 1.273653
24225 1.271052
6727 1.269128
16301 1.268189
7176 1.267266
24967 1.266031
10571 1.265337
14824 1.264005
12991 1.263905
25256 1.261880
24076 1.261880
21795 1.261634
16252 1.260792
28358 1.260549
8161 1.258640
11892 1.256928
23808 1.255509
25538 1.255279
8859 1.254402
634 1.254257
20320 1.253185
5482 1.253185
7272 1.252996
10911 1.252469
16175 1.250369
20158 1.249089
3274 1.247850
10274 1.247735
18347 1.246706
16139 1.246706
9963 1.246581
6900 1.245774
23507 1.245074
688 1.245074
19545 1.244424
3287 1.243437
380 1.243437
26220 1.243437
12562 1.242472
21953 1.241652
9768 1.241217
25631 1.239592
8167 1.238811
22409 1.237836
11960 1.236561
12970 1.233704
123 1.233704
16416 1.233507
27813 1.233344
5571 1.233344
27594 1.232899
5419 1.232335
29020 1.232285
13458 1.229457
2465 1.228634
27261 1.228319
20988 1.227697
22459 1.226784
16216 1.226784
9006 1.226439
23485 1.226439
27895 1.225893
27679 1.225311
13982 1.223348
889 1.223211
5300 1.223159
26637 1.223115
9331 1.222539
8029 1.222539
5367 1.221749
28582 1.221117
26822 1.221117
4000 1.220744
17250 1.219164
13279 1.218766
29269 1.218177
340 1.216903
26618 1.216845
7122 1.216575
4078 1.216109
21949 1.215390
18576 1.214757
27010 1.214137
10621 1.214001
27867 1.213831
26818 1.213831
11479 1.213831
25813 1.213330
28932 1.213330
18137 1.213330
3530 1.213082
23949 1.212836
25802 1.212351
19342 1.212351
11323 1.212351
1851 1.212351
25504 1.212090
5218 1.211780
28825 1.211405
23824 1.211068
20873 1.210943
8316 1.210670
10418 1.210042
29918 1.210042
11488 1.209602
2878 1.209602
2545 1.208955
1395 1.208075
20900 1.206630
62 1.206513
2238 1.206513
15079 1.206320
950 1.206320
12314 1.206166
23700 1.205937
9985 1.205810
20141 1.205627
6 1.205452
13187 1.205452
12706 1.205452
29658 1.204821
12385 1.203545
6801 1.203407
9926 1.203236
14567 1.203134
24062 1.202729
15625 1.202332
11580 1.202233
1585 1.201885
22831 1.201641
7804 1.201219
5498 1.201177
3576 1.200805
799 1.200197
19971 1.199899
13097 1.199773
22219 1.199605
884 1.199460
13093 1.199274
1284 1.199029
13996 1.198466
6771 1.198100
27297 1.197384
26984 1.197384
18949 1.196936
18475 1.195857
12852 1.195492
8579 1.194781
377 1.194435
15426 1.194094
16859 1.194046
19315 1.194046
4947 1.193982
28850 1.193760
9664 1.193107
14833 1.192925
4279 1.192353
6830 1.191866
13568 1.191391
21310 1.191391
14062 1.191192
6107 1.191082
19983 1.190478
3048 1.189609
21568 1.189190
29579 1.188381
13105 1.187926
12962 1.186872
12754 1.186693
8873 1.186399
24146 1.186110
6793 1.185826
13044 1.185547
15088 1.185410
26215 1.185274
27151 1.185166
10586 1.185166
25916 1.185005
8649 1.184533
15857 1.184226
20499 1.183631
20663 1.182782
28509 1.182782
561 1.182782
13355 1.182509
5953 1.182243
7273 1.182243
24855 1.182111
27465 1.181788
22938 1.181472
22858 1.181163
10887 1.180861
6921 1.180861
24653 1.180743
18951 1.180743
17241 1.180567
1190 1.180567
11171 1.180508
18459 1.180508
2125 1.180278
16347 1.180278
25536 1.179612
27255 1.179187
11670 1.178928
16841 1.178928
20129 1.178775
12407 1.178675
17042 1.177805
20056 1.177805
10994 1.177713
19690 1.176824
4888 1.176613
25520 1.176202
13936 1.175871
29553 1.175871
12341 1.175806
17745 1.174190
21525 1.173971
15716 1.173971
16242 1.173757
2031 1.172947
20470 1.172947
20764 1.172384
8974 1.172026
19792 1.171853
23754 1.171037
28964 1.170153
27323 1.170153
15701 1.169812
6973 1.169812
4402 1.169423
29585 1.169423
23041 1.169360
5404 1.169113
19548 1.169053
51 1.168875
22558 1.168701
11113 1.168701
1186 1.168701
4671 1.168366
20475 1.167308
10939 1.167035
22895 1.166903
18584 1.166523
7041 1.166523
6003 1.166052
696 1.166052
25616 1.165830
26255 1.165722
28744 1.165411
16437 1.165213
18575 1.164748
5456 1.164084
10088 1.163932
21155 1.161974
29088 1.161974
4130 1.161882
3634 1.161882
26727 1.161792
12091 1.161618
24531 1.161534
25203 1.161452
17396 1.161372
29401 1.161372
11636 1.161143
10639 1.161143
4370 1.161071
13573 1.161071
3214 1.160861
15748 1.160861
19046 1.160795
13722 1.160729
9309 1.160481
21134 1.160252
11817 1.160252
13292 1.160198
18817 1.160198
2798 1.160145
22333 1.160145
1993 1.160145
27479 1.160092
25235 1.159892
3045 1.159576
11028 1.159576
27413 1.159576
14747 1.159492
23719 1.154620
18733 1.154620
10097 1.154620
22396 1.154620
21230 1.154620
17687 1.154620
8988 1.154620
2350 1.154620
26038 1.154620
3037 1.154620
8109 1.154620
28222 1.154620
10916 1.154620
21972 1.154620
14442 1.154620
19807 1.154620
4510 1.154620
1921 1.154620
4522 1.154620
20002 1.154620
14946 1.154620
3422 1.154620
19239 1.154620
28653 1.154620
27224 1.154620
29224 1.149946
3728 1.149869
264 1.149829
19840 1.149578
21965 1.149348
3022 1.149299
9161 1.149096
9676 1.148876
13436 1.148638
3765 1.148575
24759 1.148446
18341 1.148446
28173 1.148446
15491 1.148446
20095 1.148379
13693 1.148170
6002 1.148097
21110 1.148097
22547 1.147946
14217 1.147946
4269 1.147706
20277 1.147706
24775 1.147622
24963 1.147537
19945 1.147074
17209 1.145383
25134 1.145309
5305 1.145233
20650 1.145078
8899 1.144917
3550 1.144752
1802 1.144492
11857 1.144218
1424 1.143624
29670 1.143300
9057 1.143188
13896 1.142838
24351 1.142466
9102 1.142205
15874 1.142205
552 1.142070
28863 1.141647
2418 1.141349
21570 1.141194
25512 1.141036
18932 1.140875
8872 1.140875
14987 1.140875
8075 1.140247
14410 1.140187
14556 1.139817
26297 1.139625
9595 1.139625
20855 1.139625
4814 1.139428
14620 1.138803
759 1.138509
28433 1.138358
6495 1.138358
83 1.138047
10895 1.137886
10167 1.137886
3184 1.137037
25455 1.137037
7654 1.136673
29781 1.136293
20865 1.136146
28955 1.135997
11026 1.135997
4637 1.135897
11694 1.135535
1969 1.135050
16947 1.135050
17652 1.134883
8770 1.134827
9694 1.134540
8178 1.134364
28486 1.133627
1552 1.133369
28908 1.133038
17817 1.132835
19996 1.132835
1814 1.132557
16366 1.132557
18254 1.131981
23864 1.131981
25046 1.131681
6950 1.131528
12048 1.131056
11429 1.131056
14286 1.131056
4289 1.130863
27014 1.130312
4133 1.130054
299 1.129244
21427 1.129244
22425 1.128732
5412 1.128674
16051 1.128497
12491 1.128379
4495 1.127768
3720 1.127768
25640 1.127453
2745 1.127453
24116 1.126998
29946 1.126998
17986 1.126909
18606 1.126909
25239 1.126459
6038 1.125993
25152 1.125898
5599 1.125610
19205 1.125512
7721 1.125512
8459 1.125265
24432 1.125014
22235 1.125014
23176 1.125014
19463 1.125014
7337 1.124708
6586 1.124394
17232 1.124235
7005 1.124235
10150 1.124235
9511 1.123966
24768 1.123073
19431 1.122725
7844 1.122547
25951 1.122161
19060 1.122161
6948 1.122004
5660 1.121898
15162 1.121631
11348 1.121631
7812 1.121359
2081 1.121314
6409 1.121314
6472 1.121314
6836 1.121314
29650 1.121250
10682 1.121250
28103 1.120859
3327 1.120859
9605 1.120661
23909 1.120661
3887 1.120661
18646 1.120517
1027 1.120517
4074 1.120460
11100 1.120460
10169 1.120227
17663 1.120227
3000 1.120227
1516 1.120227
3830 1.120051
21968 1.119632
10093 1.119632
18029 1.119275
5259 1.119202
22545 1.119202
17476 1.119202
27474 1.119015
21331 1.118910
10688 1.118311
14957 1.118048
712 1.118048
15930 1.117849
18230 1.117771
16316 1.117672
22208 1.117374
20386 1.117374
11936 1.117072
9209 1.117072
1925 1.117028
21671 1.116887
9719 1.116675
714 1.116315
10574 1.116133
10420 1.115575
8291 1.115575
2566 1.115258
20621 1.115146
7476 1.114806
6524 1.114806
1879 1.114806
14049 1.114459
28195 1.114409
11080 1.114107
13959 1.114005
20035 1.113384
26071 1.113384
9233 1.112887
19432 1.112549
278 1.112378
25257 1.112378
899 1.112304
29037 1.112249
5613 1.111856
17359 1.111856
14516 1.111856
990 1.111502
20278 1.111322
17862 1.111141
21496 1.111141
16299 1.111050
17533 1.110774
7656 1.110454
3345 1.110212
13757 1.110212
16059 1.110212
1044 1.110212
27650 1.110021
19116 1.109966
16927 1.109966
7703 1.109635
28506 1.109043
9912 1.108957
8568 1.108893
26446 1.108435
16984 1.108435
12496 1.108435
18565 1.108435
14467 1.107969
7482 1.107599
24546 1.107493
20611 1.107300
29748 1.107007
24138 1.107007
10347 1.107007
12373 1.106909
11438 1.106511
10158 1.106511
12709 1.106223
10779 1.106223
26069 1.106107
1355 1.105833
20302 1.105696
29364 1.105636
8389 1.105487
24845 1.105371
17854 1.105035
16300 1.104900
26368 1.104419
29353 1.104419
19524 1.104419
18035 1.104419
27013 1.104419
19124 1.103929
19630 1.103929
26580 1.103868
28775 1.103868
25508 1.103868
6240 1.103613
6062 1.103430
11132 1.103140
24246 1.103075
9525 1.102780
3670 1.102780
10122 1.102476
7420 1.102401
15523 1.102137
4542 1.102137
108 1.101871
28875 1.101534
11711 1.101479
214 1.101479
17271 1.101095
20392 1.101095
28564 1.101030
14547 1.100778
21412 1.100666
18444 1.100574
26792 1.100285
16724 1.100285
6876 1.100285
13267 1.100214
860 1.100157
25461 1.100110
13444 1.099638
12664 1.099638
23351 1.099638
12122 1.099050
15493 1.098976
2161 1.098751
11825 1.098571
28418 1.098449
14990 1.098297
12050 1.098021
22575 1.097836
7538 1.097666
25296 1.097666
23579 1.097602
25938 1.097602
8776 1.097461
7431 1.097461
16901 1.097461
22521 1.097366
18259 1.097208
28140 1.097150
7883 1.096158
27973 1.096091
19281 1.095911
7720 1.095911
29800 1.095409
1445 1.095409
1563 1.095409
19622 1.094640
28570 1.094379
792 1.094339
8660 1.093851
702 1.093851
8050 1.093851
17161 1.093313
25034 1.093263
1112 1.092338
23471 1.092054
7315 1.092054
14948 1.091869
19284 1.091869
4572 1.091063
24039 1.090868
17869 1.090748
22548 1.090748
29115 1.090475
11237 1.090475
17293 1.090076
21243 1.089961
13927 1.089754
20688 1.089440
20930 1.089264
285 1.088910
12326 1.088497
25151 1.088432
1559 1.088432
24957 1.088124
10626 1.087909
27609 1.087361
24270 1.087361
3637 1.087267
22618 1.086701
8045 1.086701
21702 1.086701
21449 1.086701
10549 1.086701
16987 1.086701
17064 1.085893
1746 1.085802
15788 1.085540
6825 1.085343
2329 1.085217
12951 1.085217
9594 1.084643
7192 1.084339
18579 1.084150
3537 1.083929
14688 1.083666
14066 1.083482
24499 1.083347
29056 1.082456
18273 1.082456
8796 1.082108
17103 1.082044
585 1.081806
16585 1.081543
7137 1.081400
11120 1.081205
24683 1.080921
4230 1.080679
28558 1.080679
25285 1.080346
27526 1.080288
4873 1.080129
10844 1.079943
19407 1.079645
27740 1.079645
8692 1.079645
17671 1.079645
23975 1.079193
5316 1.079193
1038 1.079084
18893 1.079084
25063 1.079084
28391 1.078990
4759 1.078907
19233 1.078658
9675 1.078658
25008 1.078491
15256 1.078491
9984 1.078427
5681 1.078427
14999 1.078372
27890 1.078324
3320 1.078282
21988 1.077645
24484 1.077645
11291 1.077645
28363 1.076999
3743 1.076701
19404 1.076151
26741 1.076033
20428 1.076033
8984 1.076033
645 1.076033
22508 1.075896
16106 1.075791
7151 1.075733
23103 1.075672
25557 1.074597
27082 1.074504
6066 1.074352
16634 1.074299
15209 1.073797
5534 1.073797
19371 1.073723
17486 1.073723
11383 1.073723
699 1.073594
3980 1.073485
17692 1.073174
24718 1.073118
8108 1.072147
13381 1.072147
25015 1.072147
154 1.071753
7243 1.071692
216 1.071692
27109 1.071692
8728 1.071692
27340 1.071608
20957 1.071608
23561 1.071297
13367 1.071297
27670 1.071154
19805 1.070817
4241 1.070648
3807 1.070509
1644 1.069543
9319 1.069543
3226 1.069303
3304 1.069093
892 1.069093
17795 1.068739
20281 1.068024
17514 1.067857
3207 1.067857
7839 1.067479
7013 1.067382
13453 1.066842
7314 1.066769
3740 1.066705
28130 1.066649
25236 1.066600
27912 1.066600
19677 1.065803
28736 1.065803
12653 1.065803
11585 1.065803
4917 1.065803
23161 1.064941
23202 1.064883
25215 1.064816
24970 1.064816
29587 1.063943
7527 1.063943
19150 1.063466
14780 1.063466
25734 1.062984
3541 1.062775
13500 1.062659
17045 1.062467
23267 1.062056
21366 1.062004
1524 1.062004
18898 1.061838
13131 1.061838
24540 1.061390
26371 1.061002
15707 1.061002
814 1.060639
7904 1.060365
5018 1.060365
1333 1.060217
10226 1.060217
27952 1.059979
23343 1.059651
27684 1.059534
14864 1.059285
7086 1.059015
16515 1.058402
26997 1.057978
19265 1.057864
120 1.057781
11441 1.057389
20818 1.057243
9370 1.057243
23811 1.057119
27110 1.056966
9871 1.056966
19682 1.056771
26340 1.056771
3556 1.056771
16562 1.056771
22759 1.056586
10407 1.056586
8253 1.056515
15658 1.056454
23930 1.056244
13622 1.055354
28293 1.055298
6894 1.054983
22664 1.054838
2001 1.054838
3689 1.054509
2957 1.054509
15341 1.054509
6892 1.054448
13778 1.054218
21208 1.053591
10284 1.053591
17847 1.053591
18892 1.053168
8687 1.053115
29977 1.052918
13384 1.052918
22772 1.052584
2075 1.052584
28444 1.052194
6668 1.051987
23593 1.051733
11492 1.051733
7884 1.051529
11312 1.051000
7882 1.050765
8104 1.050650
25510 1.050600
15354 1.048692
14417 1.048692
327 1.048520
13454 1.048520
7171 1.048367
25562 1.048367
1329 1.048274
28160 1.047968
19307 1.047891
28235 1.047490
4725 1.047490
12768 1.047490
10026 1.047214
29703 1.046856
11986 1.046374
15006 1.046066
25933 1.045335
16547 1.045235
683 1.044963
18439 1.044905
13635 1.044428
21964 1.044178
1773 1.044071
15331 1.043903
28666 1.043903
5479 1.043777
9995 1.043261
12067 1.043209
2072 1.042883
9642 1.042883
10087 1.042521
7149 1.042521
2267 1.042119
5281 1.042119
15993 1.041668
20202 1.041051
9167 1.040953
11406 1.040784
4820 1.040784
579 1.040427
2734 1.040301
21532 1.040198
6073 1.039923
22951 1.039923
11626 1.039833
8165 1.039705
7579 1.039158
20557 1.039158
21736 1.038606
23359 1.038475
7907 1.037992
12242 1.037992
21047 1.037861
3942 1.037632
3990 1.037306
12553 1.037306
7710 1.037306
13986 1.037084
27403 1.037020
12024 1.036198
24648 1.036038
14691 1.035659
14844 1.035659
8273 1.035659
4002 1.035177
9333 1.034846
13352 1.034846
11903 1.034801
14119 1.034801
14464 1.034742
6149 1.034347
21606 1.034347
16803 1.034138
9098 1.033788
28451 1.033571
7662 1.033359
19605 1.033081
13094 1.032825
3672 1.032497
25588 1.032497
8129 1.032497
12272 1.031788
16589 1.031788
3729 1.031587
3923 1.031170
1074 1.031103
15016 1.030734
4744 1.030734
9685 1.030678
10061 1.030467
783 1.030276
12256 1.029661
22871 1.029661
27062 1.029598
5759 1.029261
1674 1.029261
12372 1.029118
12186 1.029118
13938 1.027894
25970 1.027739
25268 1.027612
10524 1.027557
25083 1.027506
10439 1.027459
23274 1.027376
6553 1.026329
19705 1.026329
10919 1.026329
29589 1.026329
5562 1.025223
18934 1.025223
16687 1.025020
23442 1.024725
12394 1.024630
26547 1.024098
26940 1.024007
14189 1.023908
2133 1.023801
12928 1.023555
18812 1.022664
13176 1.022320
22283 1.021905
28421 1.021788
26137 1.021599
11950 1.021395
22738 1.021028
22103 1.020659
4125 1.020659
23157 1.020146
18309 1.019817
604 1.019505
2740 1.019505
15982 1.019162
25060 1.018782
8364 1.018782
20146 1.018052
14159 1.018052
20994 1.017165
4175 1.017165
6008 1.016913
3789 1.016913
24348 1.016647
26758 1.016568
28546 1.016568
1534 1.016066
27312 1.016066
9412 1.016066
22893 1.015682
686 1.015638
5645 1.013086
5270 1.013086
12077 1.013016
21057 1.012270
15458 1.012074
28534 1.011781
27590 1.011147
5071 1.010958
23317 1.010912
24382 1.010293
18315 1.010293
10017 1.009668
16002 1.009567
26670 1.009567
1618 1.009504
28647 1.009428
162 1.009337
25471 1.009337
8668 1.008260
5025 1.007668
28211 1.006936
25188 1.006873
589 1.006873
42 1.006592
18433 1.006592
16753 1.006320
23947 1.006320
7510 1.005316
26021 1.004669
21219 1.004585
871 1.004520
22129 1.004426
5671 1.004017
1694 1.004017
12501 1.004017
7 1.003420
18816 1.003003
24239 1.002696
4859 1.002696
12396 1.001893
2303 1.001725
27819 1.001598
17672 1.001352
20349 1.000671
19567 1.000359
10613 1.000316
19386 1.000180
19603 0.999320
24311 0.999100
15846 0.998881
11031 0.998590
6557 0.998318
21750 0.998265
22256 0.998188
8989 0.996941
13491 0.996885
12240 0.996143
6976 0.995539
5009 0.995142
22084 0.994574
22424 0.994112
12462 0.993730
13361 0.993673
21679 0.992973
25375 0.992973
4015 0.992757
19980 0.991538
4635 0.991402
22444 0.991134
16131 0.991049
22483 0.989674
9338 0.988140
6852 0.988033
29491 0.988033
21703 0.987910
25500 0.987768
3746 0.987600
5608 0.987600
21436 0.986855
22916 0.986577
16573 0.986108
1043 0.985651
11737 0.985409
599 0.985276
26599 0.985135
20384 0.984266
14735 0.984266
1716 0.983818
4087 0.983757
15205 0.983757
10793 0.983142
28628 0.983050
29445 0.982440
25027 0.982091
26489 0.981773
10127 0.981179
1179 0.981050
17070 0.980636
22184 0.979678
25614 0.979365
8183 0.979311
29933 0.978917
25105 0.978492
20630 0.978031
24368 0.977893
4696 0.976595
15337 0.976264
6842 0.975735
17758 0.975013
2026 0.975013
20488 0.975013
5373 0.974802
18754 0.974755
9368 0.974679
26254 0.974363
16102 0.974040
20163 0.973897
24774 0.973626
7308 0.972874
566 0.972312
15570 0.971648
29649 0.971176
16829 0.970823
25993 0.970763
14093 0.970092
4471 0.970092
29696 0.970092
4991 0.969881
15638 0.969445
13023 0.968754
1201 0.968066
172 0.967945
5034 0.967945
13861 0.966994
25845 0.965682
24816 0.965682
25210 0.965238
16922 0.964894
11792 0.964447
8300 0.964447
8554 0.963949
13744 0.963458
15957 0.962183
27135 0.960278
451 0.960278
4908 0.958335
22492 0.958089
21636 0.956547
18041 0.956055
18201 0.956055
23409 0.955548
23702 0.954486
25684 0.954329
12948 0.953356
22415 0.952691
6324 0.952562
24069 0.952055
1882 0.950864
12839 0.949688
8008 0.948661
10635 0.948609
14850 0.948165
14328 0.947898
20690 0.946789
20655 0.946076
1648 0.945806
16495 0.945594
16017 0.944689
16621 0.943561
26532 0.943349
13059 0.942547
23474 0.942547
4760 0.941536
17171 0.940802
2128 0.939091
14655 0.935904
670 0.935771
28331 0.934961
2397 0.933791
15621 0.931625
9865 0.930765
2963 0.928338
226 0.927914
8852 0.926462
22117 0.926234
944 0.925982
19876 0.923696
29314 0.923696
26022 0.923696
6933 0.923696
1108 0.923696
19862 0.923696
11648 0.923696
2634 0.923696
18391 0.916166
14967 0.914982
3821 0.913656
22538 0.912634
4452 0.911929
10659 0.911542
29362 0.909997
24455 0.908956
17721 0.908554
16622 0.908374
21494 0.906868
20681 0.906520
18899 0.906315
6917 0.902596
1249 0.901703
22290 0.900604
12415 0.900392
9371 0.899704
27509 0.899704
14368 0.893899
14400 0.891066
25877 0.890707
18478 0.890707
2174 0.890309
17237 0.889707
22357 0.885994
6854 0.873767
13520 0.871700
24426 0.862372
5592 0.860519
8694 0.860074
10283 0.857718
13644 0.827648
26873 0.615797
5565 0.615797
3211 0.615797
436 0.615797
9832 0.615797
23598 0.615797
26054 0.615797
26479 0.613073
26879 0.613073
26002 0.613073
26791 0.613073
25905 0.612088
15186 0.612088
26242 0.611719
1779 0.609988
2416 0.609546
28878 0.609030
17366 0.608423
7961 0.608195
15450 0.607695
19582 0.607695
17049 0.606467
10147 0.606176
729 0.605702
17967 0.605702
27296 0.605702
18875 0.605702
28717 0.605534
21861 0.604801
17145 0.604801
3906 0.604801
19639 0.603955
5575 0.603723
2160 0.603420
22400 0.603420
753 0.603230
2270 0.602855
23902 0.602855
27343 0.602410
18912 0.601477
21844 0.601166
7759 0.600874
13710 0.600402
307 0.600402
17646 0.599803
28458 0.599803
22121 0.599803
3967 0.599803
13789 0.599637
16297 0.599637
29797 0.599637
3056 0.599637
12603 0.599637
18045 0.599154
16616 0.599154
21655 0.599154
26490 0.598346
8269 0.598177
13543 0.598177
18279 0.598177
8241 0.597567
29450 0.596342
15544 0.595933
21375 0.595933
27777 0.595933
6887 0.595933
13815 0.595933
7577 0.595271
20343 0.595271
2034 0.594957
22993 0.594804
26077 0.594804
4642 0.594078
2696 0.593805
28969 0.593496
28752 0.593496
3786 0.593084
24222 0.592746
14645 0.592637
9235 0.592113
4711 0.592113
25698 0.592113
8926 0.591624
21351 0.591530
20922 0.591530
13392 0.591166
1532 0.590736
8971 0.590736
15875 0.590736
3931 0.590491
20542 0.590491
271 0.590139
7767 0.590139
7902 0.590026
1800 0.589860
17959 0.589860
3148 0.589593
12743 0.589593
18568 0.589092
848 0.588996
17929 0.588630
17393 0.588630
21002 0.588630
26839 0.588630
9709 0.588630
25586 0.588341
29017 0.588341
5577 0.588203
13686 0.588203
20998 0.587807
19200 0.587807
26177 0.587807
15506 0.587558
23479 0.587438
21326 0.587264
29819 0.587095
13068 0.586879
21004 0.586672
12036 0.586672
4259 0.586102
17262 0.585927
26095 0.585759
20228 0.585759
12788 0.585147
5792 0.585147
21424 0.585008
14322 0.585008
23594 0.585008
2095 0.585008
557 0.584873
14759 0.584873
2558 0.584808
361 0.584808
19500 0.584618
5433 0.584618
14134 0.584379
29147 0.584266
14585 0.583518
11371 0.583387
10797 0.583141
7811 0.583141
5705 0.583026
12723 0.583026
3676 0.583026
7929 0.582808
13210 0.582511
16959 0.582244
20806 0.582161
6437 0.582161
21338 0.582004
16985 0.581929
23870 0.581929
54 0.581133
28968 0.581133
11008 0.581133
22534 0.581035
21513 0.580941
7378 0.580767
9465 0.580686
6785 0.580609
6598 0.580465
22469 0.580099
21722 0.580046
12834 0.580046
16309 0.579767
4509 0.579767
24390 0.579726
22328 0.577310
13631 0.577310
19912 0.577310
17579 0.577310
4518 0.577310
13389 0.577310
15117 0.577310
23974 0.577310
20040 0.577310
5894 0.577310
2185 0.577310
12726 0.577310
25157 0.577310
29924 0.577310
11300 0.577310
21114 0.577310
1830 0.577310
22556 0.577310
29806 0.577310
11427 0.577310
5746 0.577310
6555 0.577310
6997 0.577310
11448 0.577310
8677 0.577310
20401 0.577310
3001 0.577310
18664 0.577310
2352 0.574954
23094 0.574874
19356 0.574650
7153 0.574600
11699 0.574548
25969 0.574494
29443 0.574494
14067 0.574494
1246 0.574494
28577 0.574438
12871 0.574380
13228 0.574256
28378 0.574256
18232 0.574121
10932 0.574121
14797 0.574048
16876 0.574048
27712 0.573973
26088 0.573973
4886 0.573894
24707 0.573811
28519 0.573724
3891 0.573724
12402 0.573633
20037 0.573633
26801 0.572692
3156 0.572692
23354 0.572539
9222 0.572376
18504 0.572109
13505 0.572014
18293 0.572014
15066 0.571915
28197 0.571915
5406 0.571594
7905 0.571479
16565 0.571358
5346 0.571233
13278 0.571233
16848 0.570966
20879 0.570674
15190 0.570674
25067 0.570674
20789 0.570518
2163 0.570518
17187 0.570063
18461 0.570002
1362 0.570002
6481 0.569813
15470 0.569813
3697 0.569813
9236 0.569680
13616 0.569613
1161 0.569544
7899 0.569402
19018 0.568778
2123 0.568607
20305 0.568607
8924 0.568242
3120 0.568242
28454 0.568242
23463 0.567999
4785 0.567688
14841 0.567634
24435 0.567356
27090 0.567182
12335 0.567182
9219 0.567001
2147 0.566619
7389 0.566208
3648 0.565717
19671 0.565528
25025 0.565528
4946 0.565528
23881 0.565333
12865 0.565027
5859 0.564921
25171 0.564760
8052 0.564760
22855 0.564705
19552 0.564481
27878 0.564481
17326 0.564481
17709 0.563884
18840 0.563884
7095 0.563758
24473 0.563565
21181 0.563565
5353 0.563565
370 0.563499
4631 0.563499
10343 0.563499
21669 0.563229
4051 0.563229
9462 0.563229
2142 0.563229
4780 0.563229
3077 0.562997
15826 0.562756
20487 0.562658
2987 0.561983
6635 0.561707
11369 0.561707
15306 0.561002
15457 0.560680
1986 0.560401
3566 0.560401
7620 0.560230
24826 0.560230
18126 0.560230
17936 0.560114
26408 0.560114
2396 0.559816
16483 0.559816
27616 0.559816
3091 0.559816
27188 0.559816
15015 0.559816
14512 0.559816
12169 0.559508
4323 0.559455
16371 0.559381
24031 0.559381
2442 0.559381
28494 0.559079
26772 0.558857
27910 0.558687
6904 0.558687
14110 0.558514
1688 0.558514
10603 0.558514
17495 0.558444
28374 0.558278
21553 0.558278
18329 0.558158
16264 0.557850
15122 0.557787
21798 0.557403
8371 0.557003
13110 0.557003
10935 0.556692
20636 0.556443
6144 0.556443
19434 0.556317
111 0.556317
13090 0.556103
15850 0.555928
16294 0.555525
24407 0.555387
21400 0.555387
9776 0.555387
20919 0.555387
7207 0.555387
1003 0.555227
11419 0.555227
3851 0.555011
16192 0.555011
20214 0.554817
4709 0.554734
2258 0.554734
17794 0.554670
19117 0.554621
6396 0.554621
1467 0.554218
15 0.554218
19026 0.554218
5312 0.554218
7462 0.554218
27950 0.554218
10740 0.553800
2529 0.553677
21849 0.553454
14029 0.553255
22293 0.553255
17544 0.553255
6431 0.552917
15878 0.552744
3902 0.552744
21324 0.552639
29731 0.552518
20452 0.552450
11206 0.552210
1756 0.551894
17267 0.551894
5199 0.551894
13624 0.551765
28543 0.551652
21341 0.551238
12473 0.551238
23186 0.551177
11860 0.551177
13728 0.551177
1892 0.550547
17960 0.550389
12893 0.550333
28557 0.550333
13544 0.550287
17957 0.550287
12279 0.549819
12148 0.549819
28202 0.549819
5717 0.549819
9017 0.549819
2476 0.549335
23556 0.549149
6731 0.549149
14470 0.549149
24968 0.548833
15290 0.548604
17010 0.548604
2530 0.548604
17673 0.548445
8026 0.548445
28100 0.548445
25018 0.548313
7855 0.548153
21428 0.547704
9584 0.547704
8624 0.547552
10508 0.547277
445 0.547213
9480 0.546925
27379 0.546925
13487 0.546925
9565 0.546925
9839 0.546677
11395 0.546677
3110 0.546383
2404 0.546272
22887 0.546272
6908 0.546027
16794 0.545820
26636 0.545820
15724 0.545590
19009 0.545398
20576 0.545398
17184 0.545237
6543 0.545100
6738 0.545038
29047 0.544981
10346 0.544744
6755 0.544632
11023 0.544537
16576 0.544455
4856 0.544216
15512 0.544131
8498 0.544131
17832 0.544131
29966 0.544062
24045 0.544004
3093 0.544004
6587 0.543912
81 0.543912
28269 0.543351
9850 0.543351
16656 0.543351
20616 0.543351
10271 0.543351
3160 0.543351
18314 0.543351
1184 0.542671
19227 0.542532
1899 0.542532
24913 0.542251
19806 0.541965
14187 0.541833
50 0.541833
23066 0.541401
17021 0.541077
12895 0.541022
9289 0.541022
1441 0.541022
11022 0.541022
1847 0.540903
21362 0.540771
22107 0.540700
13155 0.540460
11991 0.540235
23054 0.540064
24524 0.539972
8358 0.539972
21009 0.539659
18591 0.539284
9011 0.539213
2313 0.539213
9695 0.539162
1715 0.538823
26003 0.538823
5831 0.538823
685 0.538823
19997 0.538823
24162 0.538478
21941 0.538350
29183 0.538350
27477 0.538075
8501 0.538075
11144 0.538075
8478 0.537948
24143 0.537768
17702 0.537768
5116 0.537496
9414 0.537298
6728 0.537252
20949 0.537252
9276 0.537252
16489 0.537033
16828 0.536742
1293 0.536587
4801 0.536490
11167 0.536269
25842 0.536074
23410 0.536074
24865 0.536074
13385 0.535900
5048 0.535846
12248 0.535846
24875 0.535744
19381 0.535476
7491 0.535476
6609 0.535324
19499 0.535254
12410 0.535068
5282 0.534909
8754 0.534652
10591 0.534453
18763 0.534012
26207 0.534012
9585 0.534012
8590 0.533928
11366 0.533928
13002 0.533857
9728 0.533857
29005 0.533794
1322 0.533739
20860 0.533739
10632 0.532902
25714 0.532902
29535 0.532902
8233 0.532902
7860 0.532902
27660 0.532902
11702 0.532902
7426 0.532902
23957 0.532902
18079 0.532902
14078 0.532171
10933 0.532129
19145 0.532083
4144 0.532031
17258 0.532031
20561 0.531825
4757 0.531733
24491 0.531415
18182 0.531415
29929 0.531125
25082 0.531125
16546 0.531002
8343 0.530860
8294 0.530860
14984 0.530860
13055 0.530860
22001 0.530753
26358 0.530753
3334 0.530753
2633 0.530695
11646 0.530695
6318 0.530634
7199 0.530501
15543 0.530352
766 0.529990
22511 0.529990
22736 0.529826
7114 0.529767
4226 0.529767
183 0.529767
21277 0.529767
5425 0.529642
15580 0.529201
15803 0.529201
10055 0.528989
18927 0.528989
22505 0.528751
9759 0.528621
3808 0.528483
11079 0.528483
22032 0.528483
26381 0.528483
8791 0.528483
1868 0.528385
22024 0.528258
3151 0.528122
20779 0.527826
3829 0.527826
19219 0.527826
22098 0.527826
14486 0.527542
22289 0.527419
6539 0.527109
21649 0.527109
6104 0.527005
25747 0.526865
22039 0.526669
19763 0.526292
26806 0.526156
8049 0.525867
8560 0.525867
29594 0.525765
7847 0.525681
10193 0.525456
20361 0.525456
18877 0.525456
20415 0.525383
27446 0.525383
22335 0.525325
26609 0.525278
5005 0.524827
13787 0.524827
25839 0.524827
29783 0.524827
16524 0.524827
28745 0.524827
726 0.524369
15787 0.524320
19935 0.524320
27442 0.524183
3235 0.524183
23459 0.523855
5164 0.523745
9950 0.523428
4270 0.523428
497 0.523276
19326 0.523088
6109 0.523033
16615 0.522847
28239 0.522847
6167 0.522847
11367 0.522668
14128 0.522668
22042 0.522668
16517 0.522453
23945 0.522453
25029 0.522328
20388 0.522328
22383 0.521862
22985 0.521753
25078 0.521753
3092 0.521753
17330 0.521441
4944 0.521441
9942 0.521441
3683 0.520987
28424 0.520807
23575 0.520580
13751 0.520099
14536 0.519961
5767 0.519881
12113 0.519829
27954 0.519829
27075 0.519579
29154 0.519347
8287 0.519347
16088 0.519303
29834 0.519237
22729 0.519237
1255 0.518930
15948 0.518930
19821 0.518930
14612 0.518816
6072 0.518653
13932 0.518601
23525 0.518601
13268 0.518401
17408 0.518171
10174 0.518171
12540 0.517960
8700 0.517960
9479 0.517423
14397 0.517371
22298 0.517270
12975 0.517174
3777 0.517174
16045 0.516994
1769 0.516830
12483 0.516679
19514 0.516541
8122 0.516294
21389 0.516294
13056 0.516294
4588 0.516183
23345 0.516183
11618 0.516183
13293 0.515894
17887 0.515894
18312 0.515894
5654 0.515894
29448 0.515551
23784 0.515551
28716 0.515367
29101 0.515367
12149 0.515367
7470 0.515285
23019 0.514631
18060 0.514559
25768 0.514494
9587 0.514494
5198 0.514494
12395 0.514381
1813 0.514381
15880 0.514285
4216 0.514243
9973 0.513164
4310 0.513164
9476 0.513164
6741 0.513164
18460 0.513164
29361 0.513164
2929 0.512130
14398 0.512049
15398 0.512049
20773 0.511954
6292 0.511901
3355 0.511842
4701 0.511707
17136 0.511707
23953 0.511541
13202 0.511061
1318 0.510697
17928 0.510586
5147 0.510464
25717 0.510464
24608 0.510464
18511 0.510329
14002 0.510329
14537 0.510181
3511 0.510073
22684 0.510016
21276 0.510016
23416 0.510016
19911 0.509832
15009 0.509832
24769 0.509832
3607 0.509832
10538 0.509697
7146 0.509391
16443 0.509391
11952 0.509217
2122 0.509026
927 0.508816
7247 0.508457
15055 0.508323
15200 0.508033
11482 0.508033
24356 0.508033
9860 0.507841
8152 0.507635
911 0.506906
17552 0.506906
16974 0.506906
27908 0.506906
28651 0.506543
22159 0.506543
18168 0.506135
20432 0.506135
5990 0.506135
8993 0.505957
9398 0.505834
1048 0.505834
9938 0.505743
5483 0.505505
18738 0.505456
7078 0.505146
18483 0.505146
15453 0.504811
4116 0.504540
723 0.504446
10733 0.504446
27659 0.504317
11473 0.504317
7049 0.503834
29038 0.503611
10073 0.503611
28916 0.503436
19361 0.503296
18845 0.503296
27648 0.503131
10008 0.503131
27011 0.503003
16982 0.502901
14295 0.502818
23774 0.502599
14902 0.502599
12199 0.502599
6499 0.502599
21416 0.502529
22998 0.502474
9688 0.502474
24263 0.502474
14920 0.502429
15888 0.502009
27018 0.502009
18114 0.502009
5650 0.501554
3827 0.501502
14370 0.501435
20464 0.501348
11157 0.501154
22110 0.500946
13541 0.500799
21550 0.500799
3193 0.500676
29767 0.500525
16633 0.500525
21123 0.500335
18837 0.500335
6289 0.500158
14241 0.500090
9502 0.499836
22404 0.499595
8345 0.499595
23153 0.499031
13189 0.499031
18986 0.498910
3661 0.498796
11332 0.498709
10667 0.498586
29883 0.498586
24793 0.498470
10477 0.498310
23444 0.498071
25657 0.498071
28097 0.497864
20139 0.497800
15369 0.497800
29119 0.497681
29974 0.497681
26264 0.497681
22216 0.497571
7932 0.497519
24322 0.497205
16254 0.497056
2121 0.496925
22651 0.496925
22734 0.496925
24813 0.496925
20230 0.496611
14089 0.496487
23573 0.495769
10889 0.495769
11855 0.495545
18028 0.494837
8123 0.494837
9349 0.494837
7428 0.494837
19118 0.494837
19501 0.494158
3928 0.494117
26128 0.494117
16020 0.494017
16913 0.493884
19973 0.493800
27926 0.493507
9671 0.493507
19688 0.493427
27005 0.493427
9105 0.493338
22266 0.493236
2961 0.493236
499 0.492984
19213 0.492826
8750 0.492826
26185 0.492767
7840 0.492767
8557 0.492767
7449 0.492638
20120 0.492325
29955 0.492325
6536 0.492133
20011 0.492133
1911 0.491969
15381 0.491645
12670 0.491645
23614 0.491571
17705 0.491525
5844 0.491328
2440 0.491045
13170 0.491045
13507 0.490853
664 0.490853
26193 0.490714
5632 0.490714
8033 0.490458
27713 0.490230
25282 0.490230
21468 0.490230
5488 0.490230
27569 0.490169
16037 0.490169
4755 0.490124
19119 0.489839
274 0.489839
3411 0.489839
3799 0.489559
7335 0.489559
14260 0.489516
10301 0.489375
5839 0.489149
16883 0.488893
6365 0.488728
20530 0.488297
6050 0.488239
22248 0.488035
4217 0.487868
10775 0.487868
21771 0.487727
5810 0.487666
18365 0.487377
9038 0.487181
3023 0.487181
4179 0.486888
6373 0.486813
14898 0.486813
25777 0.486752
3861 0.486701
16826 0.486701
10869 0.486156
15462 0.486156
4260 0.486156
16735 0.486156
17427 0.485634
22653 0.485588
20936 0.485465
3739 0.485382
27339 0.485382
10931 0.485382
27185 0.484940
29358 0.484940
1433 0.484940
28279 0.484655
17428 0.484377
13891 0.484377
16163 0.484196
23976 0.484196
16056 0.484033
9108 0.483973
19520 0.483841
18442 0.483559
13733 0.483329
14996 0.483329
15415 0.483329
1727 0.483105
24550 0.483055
10395 0.483055
977 0.482978
25328 0.482841
12339 0.482841
26829 0.482723
6288 0.482723
5321 0.482723
26244 0.482669
8021 0.482528
7688 0.482528
19703 0.482310
3986 0.482310
24386 0.482310
27348 0.482149
15084 0.482026
6129 0.482026
14577 0.481682
7755 0.481682
23764 0.481682
13741 0.481606
9086 0.481606
16685 0.481501
4437 0.481501
10467 0.481501
8228 0.481092
3557 0.481092
16966 0.481092
11174 0.480536
4285 0.480139
4065 0.480139
21873 0.479842
18110 0.479842
18505 0.479842
4829 0.479842
25003 0.479461
11730 0.479276
4968 0.479276
12652 0.479095
19085 0.478875
12554 0.478745
11622 0.478599
16123 0.478176
9495 0.477391
7520 0.477391
22821 0.477243
23051 0.477026
12065 0.477026
12715 0.476807
14015 0.476807
19223 0.476746
17294 0.476746
18582 0.476746
16837 0.476678
20525 0.476510
19409 0.476281
2211 0.476132
5427 0.476132
4804 0.476132
22808 0.476132
11052 0.475843
26153 0.475843
8851 0.475843
23671 0.475723
16247 0.475432
1068 0.475432
1151 0.475432
21394 0.475432
23129 0.475432
10335 0.475432
9988 0.475152
461 0.475107
14199 0.475107
28795 0.475044
29687 0.475044
15643 0.474884
8042 0.474884
14090 0.474677
1691 0.474219
15884 0.474219
5293 0.474082
26047 0.474082
4113 0.473949
29071 0.473690
15895 0.473690
5979 0.473394
20686 0.473394
8716 0.473323
9308 0.473205
14903 0.473205
17031 0.473113
17942 0.473113
25696 0.473113
1264 0.472977
16624 0.472844
16543 0.472844
29873 0.472652
2564 0.472652
5221 0.472652
13401 0.472589
11086 0.472589
22581 0.472345
21211 0.471888
22086 0.471675
2482 0.471520
11043 0.471520
36 0.471520
5934 0.471520
8323 0.471274
12529 0.471274
9799 0.471039
10272 0.470963
9824 0.470816
17041 0.470673
17119 0.470673
16284 0.470673
15537 0.470673
4622 0.470603
14719 0.470401
14377 0.470401
27981 0.470401
15561 0.470207
17105 0.470207
25459 0.469845
25322 0.469064
6134 0.468384
23887 0.468233
801 0.468089
26566 0.468089
14981 0.467952
29869 0.467952
2399 0.467885
7068 0.467820
15504 0.467694
18241 0.467694
900 0.467573
9315 0.467515
19422 0.467515
24941 0.467458
19282 0.467346
3163 0.467187
23455 0.466634
22516 0.465899
8190 0.465899
19955 0.465729
10111 0.465573
7256 0.465573
5196 0.465573
16612 0.464847
12654 0.464847
9126 0.464847
28449 0.464753
17489 0.464581
15274 0.464502
3032 0.464428
22721 0.464358
11241 0.464229
23065 0.464229
2011 0.464229
13309 0.464169
27244 0.464112
20088 0.464112
25136 0.463957
18900 0.463910
21765 0.463910
27459 0.463865
3483 0.463822
11169 0.463822
23603 0.463741
27208 0.463703
27669 0.461848
22120 0.461848
25441 0.461848
7774 0.461848
1153 0.461848
13280 0.461848
21295 0.461848
14278 0.461848
894 0.461848
12755 0.461848
3322 0.461848
29311 0.461848
18429 0.461848
3701 0.461848
24454 0.461848
27053 0.461848
6931 0.461848
6672 0.461848
6562 0.461848
6561 0.461848
25511 0.461848
28566 0.461848
18759 0.461848
16834 0.461848
1758 0.461848
25930 0.461848
14969 0.459971
27817 0.459971
2964 0.459932
3475 0.459932
29403 0.459849
6434 0.459804
13275 0.459758
21320 0.459758
7664 0.459710
28224 0.459606
4278 0.459606
12374 0.459550
9450 0.459550
10718 0.459296
13025 0.459224
10431 0.459147
5840 0.459066
27207 0.458979
14510 0.458979
3251 0.458979
27527 0.458979
14371 0.458887
21940 0.458031
15796 0.457951
25165 0.457951
6584 0.457779
21075 0.457491
14642 0.457386
28446 0.457275
27385 0.457159
25503 0.457037
18621 0.457037
7311 0.456908
12658 0.456908
19142 0.456773
21111 0.455965
21660 0.455902
17084 0.455771
6758 0.455635
11574 0.455343
647 0.455187
6813 0.455023
10830 0.454850
3082 0.454478
12366 0.454478
27715 0.454478
1681 0.454478
12815 0.453781
19459 0.453412
21869 0.453412
28827 0.453348
28959 0.453348
10344 0.453215
27959 0.453009
2905 0.453009
7419 0.452792
2915 0.452611
9933 0.452423
22079 0.452325
9914 0.452073
10629 0.452073
8646 0.452073
18399 0.451808
24183 0.451808
11540 0.451352
22046 0.451231
28933 0.451231
25150 0.451107
14180 0.450917
3936 0.450583
11744 0.450583
2951 0.450583
17779 0.450350
12587 0.450106
29780 0.450006
25207 0.450006
10604 0.449852
5744 0.449852
28595 0.449852
18057 0.449852
21234 0.449694
20418 0.449366
26291 0.449019
28169 0.449019
20777 0.449019
7771 0.449019
13805 0.448715
17244 0.448652
23869 0.448652
25859 0.448264
23238 0.448207
28463 0.448207
26370 0.447853
12636 0.447710
7919 0.447415
14934 0.447415
24507 0.447415
16520 0.447415
15210 0.447415
27087 0.447340
12129 0.447285
2999 0.446950
23435 0.446950
26354 0.446950
5684 0.446950
9872 0.446950
2449 0.446950
1340 0.446643
21644 0.446598
7304 0.446538
21337 0.446538
15785 0.446538
21822 0.446453
6819 0.446324
27482 0.446324
13539 0.446230
24940 0.446230
4504 0.446103
17202 0.446103
15399 0.445991
21948 0.445643
16377 0.445643
26085 0.445643
11974 0.445643
21754 0.445643
2028 0.445437
10116 0.445437
12523 0.445155
1364 0.445155
593 0.445155
21056 0.445010
23851 0.445010
23566 0.445010
14782 0.445010
17678 0.444636
3490 0.444636
1657 0.444560
25844 0.444560
8958 0.444502
13394 0.444085
2682 0.444085
20720 0.444085
12877 0.444085
13605 0.443697
29355 0.443647
13354 0.443583
12621 0.443583
20055 0.443496
11691 0.443496
4240 0.443496
7210 0.443292
13133 0.443292
614 0.442997
6381 0.442997
29326 0.442604
11715 0.442604
2046 0.442489
26135 0.442489
13346 0.442195
24469 0.442195
20600 0.442195
29143 0.442195
18867 0.441960
10950 0.441892
18146 0.441768
12657 0.441768
28008 0.441658
17463 0.441658
13101 0.441472
13803 0.441321
5332 0.441256
17822 0.441196
8601 0.441091
16667 0.440768
24341 0.440579
23610 0.440491
22177 0.440422
23966 0.440367
8431 0.439855
28247 0.439855
1819 0.439855
1094 0.439855
2292 0.439410
15283 0.439319
27539 0.439181
25437 0.438860
10240 0.438627
23087 0.438463
17973 0.438463
28301 0.438328
22690 0.438164
15463 0.437959
14746 0.437959
16431 0.437699
20903 0.437699
4697 0.437699
1273 0.437540
24920 0.437433
29623 0.437433
506 0.437186
2843 0.436883
11048 0.436883
24179 0.436621
17165 0.436503
3914 0.436503
4335 0.436503
9015 0.436308
16879 0.436190
9179 0.436080
6432 0.436080
26448 0.435928
12191 0.435706
17395 0.435515
650 0.435349
22671 0.435349
24248 0.435249
12538 0.434857
27618 0.434857
22637 0.434857
5721 0.434857
17004 0.434857
4779 0.434794
26433 0.434534
27557 0.434534
654 0.433857
16802 0.433857
24806 0.433715
275 0.433613
17053 0.432983
1037 0.432983
7175 0.432983
5283 0.432983
3230 0.432983
8544 0.432983
23827 0.432983
28188 0.432983
4548 0.432983
8321 0.432324
26819 0.432272
28439 0.432139
5245 0.431728
19621 0.431244
21306 0.431244
17280 0.431058
27724 0.430911
10181 0.430536
7775 0.430536
19767 0.430293
27579 0.430293
6594 0.430153
14107 0.430061
11845 0.430061
28831 0.429912
25388 0.429912
27905 0.429626
5544 0.429626
25518 0.429356
27118 0.429151
5156 0.429039
6218 0.428720
2812 0.428720
482 0.428661
10851 0.428411
25139 0.428327
17834 0.428203
24334 0.428203
11311 0.428203
15141 0.428054
17205 0.427637
19298 0.427637
556 0.427637
26326 0.427637
22800 0.427637
4482 0.427209
840 0.427209
648 0.426607
29987 0.426607
8265 0.426548
7241 0.426481
2854 0.426481
29691 0.426481
3162 0.426321
20973 0.426169
25369 0.426169
19616 0.425884
25776 0.425726
25439 0.425386
11701 0.425386
26013 0.425386
7713 0.424569
25264 0.424146
10110 0.424146
10384 0.424146
17089 0.423918
19783 0.423848
2304 0.423848
28296 0.423714
22268 0.423714
25939 0.423714
1508 0.423714
21938 0.423588
5167 0.423588
3400 0.423588
12801 0.423529
23219 0.423361
22482 0.423361
11161 0.423159
17539 0.423159
28236 0.422980
6098 0.422542
10430 0.422422
7309 0.422119
22230 0.421993
23300 0.421022
8001 0.420955
13128 0.420843
13127 0.420795
2794 0.420751
1984 0.420712
21675 0.420712
15396 0.420712
12588 0.419862
1647 0.419862
13113 0.419862
22673 0.419862
7891 0.419862
9377 0.419862
22093 0.419862
27587 0.419862
1932 0.419862
28099 0.419862
26401 0.419015
10440 0.418885
24184 0.418833
2660 0.418774
23494 0.418708
1288 0.418550
29031 0.418134
28631 0.418134
20273 0.417962
4479 0.417962
23047 0.417962
19469 0.417863
423 0.417752
25615 0.417490
17688 0.417490
23263 0.417490
5842 0.417333
28015 0.416946
27234 0.416790
5985 0.416616
22076 0.416420
7318 0.416200
22974 0.416079
8744 0.415950
20304 0.415950
15272 0.415663
3695 0.415470
26157 0.415470
788 0.415419
324 0.415419
13910 0.415258
1149 0.414834
24452 0.414834
8057 0.414834
13442 0.414766
24849 0.414479
11465 0.414479
12997 0.414479
16989 0.414213
9176 0.414157
16023 0.414157
2148 0.413920
25431 0.413794
24182 0.413794
21721 0.413739
7837 0.413383
1764 0.413121
7564 0.413121
3234 0.413035
23134 0.413035
1371 0.412911
14130 0.412763
9216 0.412715
12883 0.412364
11074 0.412022
12281 0.411977
15666 0.411977
7572 0.411839
12522 0.411416
16650 0.411416
29565 0.411416
17611 0.411363
23270 0.411235
17656 0.411069
15814 0.410966
6313 0.410966
15691 0.410846
19051 0.410778
12111 0.410532
6463 0.410194
3188 0.410052
14183 0.409924
6460 0.409865
13072 0.409704
28930 0.409704
26619 0.409704
9608 0.409232
9712 0.409232
8445 0.409065
597 0.408928
13705 0.408928
6782 0.408928
15655 0.408928
27855 0.408341
17434 0.408341
15436 0.408341
12792 0.408341
3428 0.408263
10089 0.408199
18356 0.408199
25484 0.408098
18183 0.408098
10495 0.408059
28003 0.407513
11175 0.407513
28012 0.407513
2748 0.407513
10047 0.407513
29815 0.407513
1796 0.407513
2926 0.407513
10658 0.407513
28167 0.406915
20559 0.406866
6413 0.406866
20502 0.406741
8952 0.406659
17873 0.406426
13832 0.406426
5957 0.406347
14829 0.406148
2708 0.405866
15816 0.405525
11116 0.405295
18456 0.405130
25035 0.405130
6382 0.405130
19643 0.405130
2020 0.404712
23544 0.404712
24581 0.404610
19484 0.404383
19978 0.404383
15913 0.404117
24483 0.404117
15693 0.403648
25982 0.403557
26567 0.403557
14169 0.403201
3635 0.403201
5757 0.402889
8355 0.402889
10205 0.402774
2000 0.402774
25111 0.402637
24223 0.402637
5657 0.402528
10891 0.402440
8609 0.402255
15035 0.402171
4675 0.402013
3994 0.401607
23652 0.401607
22478 0.401607
22712 0.401182
3096 0.401136
15664 0.401136
24024 0.401079
17894 0.401079
1345 0.401006
11372 0.400777
28155 0.400446
8319 0.400446
22648 0.400392
24766 0.400392
28058 0.400268
28532 0.400268
3297 0.399924
10825 0.399868
10852 0.399868
8780 0.399489
21195 0.399436
11718 0.399436
29405 0.399436
2334 0.399436
27830 0.399261
11962 0.399261
27773 0.398979
13661 0.398979
27166 0.398869
20539 0.398619
23375 0.398145
18756 0.397764
13840 0.397764
13429 0.397764
8632 0.397702
21080 0.397618
29090 0.397492
11099 0.397404
24842 0.397289
17958 0.397189
21648 0.397189
2057 0.397130
24869 0.397130
631 0.397130
27756 0.396901
4398 0.396742
27821 0.396679
16795 0.396536
26933 0.396536
11983 0.396260
4966 0.396260
25687 0.395870
16246 0.395564
20091 0.395505
587 0.395275
22144 0.395164
29026 0.395002
29077 0.395002
22742 0.395002
11854 0.395002
972 0.394844
26175 0.394742
28763 0.394617
23329 0.394261
11881 0.394261
1007 0.394261
5595 0.394261
26878 0.393994
19187 0.393929
19234 0.393620
21231 0.393620
14763 0.393503
25233 0.393277
1519 0.393062
6971 0.393062
10778 0.392858
12205 0.392571
15070 0.392420
13175 0.392420
28797 0.392420
21029 0.392420
21929 0.392347
9192 0.392347
18172 0.392135
21197 0.392135
16552 0.391935
3100 0.391871
23895 0.391871
17949 0.391746
26233 0.391746
400 0.391626
13067 0.391567
5475 0.391567
18023 0.391397
21559 0.390618
28425 0.390451
25542 0.390146
387 0.390146
11850 0.390005
6235 0.390005
17024 0.389872
22687 0.389625
14676 0.389510
19804 0.389510
201 0.389349
514 0.389349
6573 0.389057
23110 0.388925
24794 0.388684
21939 0.388684
22374 0.388684
12151 0.388684
10133 0.388470
28512 0.388372
15013 0.388279
4275 0.388108
11155 0.387952
19127 0.387952
10416 0.387952
20012 0.387356
28329 0.387356
24229 0.387178
6998 0.387178
1187 0.387098
17935 0.387098
20739 0.387024
13006 0.386954
13310 0.386954
22338 0.386954
14193 0.386888
22171 0.386888
13063 0.386888
26602 0.386827
19425 0.386769
19406 0.386769
17788 0.386769
19780 0.386615
6092 0.386615
2186 0.386569
22973 0.386569
6244 0.386525
13009 0.386484
18850 0.386444
6872 0.386444
1379 0.384873
16910 0.384873
9667 0.384873
18054 0.384873
11761 0.384873
26099 0.384873
7494 0.384873
21579 0.384873
26134 0.383276
20825 0.383276
22588 0.383147
9051 0.383147
8592 0.383100
28409 0.383100
20780 0.383100
20041 0.383049
2492 0.383049
21008 0.382939
12705 0.382879
5133 0.382815
1874 0.382747
13024 0.382747
3450 0.382674
26377 0.382512
28513 0.382422
14047 0.382325
11327 0.381612
14796 0.381527
25280 0.381437
11982 0.381025
7001 0.381025
24989 0.381025
2799 0.380779
18685 0.380500
26251 0.380500
4184 0.380345
11477 0.380236
25172 0.380236
12196 0.380122
27351 0.380122
9421 0.380122
24457 0.380002
9061 0.380002
170 0.380002
3615 0.380002
17078 0.379875
28311 0.379809
28073 0.379809
6512 0.379809
4648 0.379742
16160 0.379601
879 0.379601
19449 0.379295
26868 0.379295
7626 0.378764
29906 0.378715
17146 0.378564
7187 0.378350
24808 0.378121
25535 0.378121
16986 0.378061
26641 0.377876
5172 0.377876
11754 0.377876
12861 0.377679
8688 0.377612
12778 0.377472
17095 0.377252
2170 0.376822
2535 0.376822
3533 0.375923
16198 0.375599
7690 0.375252
21527 0.375252
703 0.375252
29204 0.375252
27470 0.375005
22340 0.375005
10964 0.374877
28593 0.374471
1382 0.374471
21634 0.374471
18381 0.374471
11932 0.374123
9661 0.373966
6995 0.373966
24349 0.373877
22264 0.373554
27884 0.373211
4201 0.373211
20718 0.373109
21582 0.372792
16506 0.372792
7087 0.372792
29993 0.372458
14627 0.371486
4215 0.371486
6733 0.371128
5416 0.371128
9073 0.371128
24046 0.371128
26658 0.370962
7993 0.370914
18175 0.370750
28026 0.370750
15189 0.370750
24256 0.370619
28179 0.370619
24682 0.370258
8732 0.370071
29374 0.370071
12097 0.369989
9434 0.369989
3215 0.369878
13028 0.369878
28747 0.369478
13224 0.369100
24013 0.369057
23325 0.369057
25953 0.369057
9816 0.369002
11709 0.369002
25529 0.368932
10253 0.368702
19565 0.368702
12722 0.368611
13576 0.368496
20473 0.368345
564 0.368284
12566 0.368140
12225 0.368140
28607 0.367844
29344 0.367713
29611 0.367640
23816 0.367640
16305 0.367593
23232 0.367379
22440 0.367379
27120 0.367379
20838 0.367160
27288 0.366703
3250 0.366546
28652 0.366370
16805 0.366370
18086 0.366223
5604 0.366099
10602 0.366099
20178 0.366099
25135 0.366099
18890 0.365945
1767 0.365717
16962 0.365386
24119 0.365386
4421 0.365304
13419 0.365136
13652 0.365136
28312 0.364617
11416 0.364617
6051 0.364617
9656 0.364617
14173 0.364617
5462 0.364617
26714 0.364617
19220 0.364069
19369 0.364018
17806 0.364018
3487 0.364018
8018 0.363956
7569 0.363956
29226 0.363383
16923 0.363251
9877 0.363251
6952 0.363147
9385 0.363025
7749 0.362881
10965 0.362708
27275 0.362497
27485 0.362437
16417 0.362234
28561 0.362234
26424 0.362234
8735 0.362234
918 0.361989
28101 0.361688
1398 0.361688
23405 0.361688
27122 0.361446
7590 0.361161
22085 0.361161
18823 0.361116
3294 0.361116
8934 0.360819
25759 0.360819
6015 0.360819
11319 0.360157
8354 0.360157
8709 0.360043
8597 0.360043
29916 0.359882
20211 0.359882
9270 0.359731
3253 0.359522
25050 0.359522
11363 0.359522
14695 0.359457
7733 0.359215
22798 0.358949
25419 0.358949
8511 0.358949
18013 0.358949
1213 0.358949
7885 0.358717
4470 0.358578
26698 0.358578
964 0.358330
692 0.358168
23223 0.358168
16009 0.358168
29588 0.358117
24433 0.357932
18116 0.357932
18401 0.357770
25307 0.357770
6211 0.357560
9084 0.357560
25349 0.357560
27293 0.357497
13685 0.357497
28793 0.357231
20504 0.357231
4834 0.357099
20218 0.356984
7965 0.356792
23639 0.356792
7519 0.356792
24695 0.356792
16701 0.356151
18879 0.356008
2484 0.356008
8072 0.355268
19261 0.355268
13856 0.355268
17407 0.355268
1547 0.355268
20021 0.355268
962 0.354531
27545 0.354489
23651 0.354442
16391 0.354442
603 0.354328
12694 0.354258
26329 0.354178
21597 0.354084
13776 0.354084
5284 0.353756
8112 0.353667
2531 0.353667
2287 0.353568
27130 0.353455
15104 0.353455
22748 0.353005
15759 0.352941
6056 0.352941
18700 0.352643
17114 0.352463
6934 0.352257
15087 0.352257
20674 0.352257
1919 0.352257
29478 0.352081
1386 0.352081
16904 0.352081
29782 0.352018
7624 0.352018
12030 0.352018
13117 0.351884
12121 0.351884
16173 0.351739
29743 0.351613
1327 0.351406
23642 0.351113
13366 0.351005
17521 0.351005
22639 0.350914
22510 0.350914
2700 0.350771
19944 0.350618
13141 0.350510
10708 0.350217
24497 0.350172
11762 0.349885
28208 0.349507
19348 0.349507
26503 0.349425
8896 0.349202
8823 0.349202
6259 0.349071
4060 0.348742
29620 0.348742
20092 0.348565
28553 0.348321
25908 0.348321
22156 0.348321
24201 0.348127
4571 0.348127
19812 0.347968
9417 0.347835
19047 0.347628
15440 0.347628
11410 0.347628
936 0.347628
5924 0.347507
11394 0.347408
13218 0.347408
9243 0.347325
11914 0.347325
7174 0.347141
13325 0.347053
27978 0.346984
6306 0.346984
12676 0.346928
3588 0.346928
6266 0.346928
5055 0.346386
15213 0.346386
26428 0.346386
4712 0.345919
15423 0.345919
4899 0.345877
9763 0.345769
26256 0.345695
13276 0.345695
6241 0.345399
27292 0.345399
6884 0.345307
21858 0.345307
11535 0.345307
29709 0.345059
6310 0.345059
3644 0.345059
6833 0.345059
10114 0.345059
14717 0.344949
24117 0.344949
1285 0.344819
8977 0.344819
12002 0.344663
20396 0.344524
26522 0.344524
12487 0.344472
3351 0.344235
715 0.344235
6119 0.344235
11170 0.344166
4689 0.344166
6252 0.343929
11836 0.343425
4791 0.343265
14613 0.343140
26751 0.343140
16880 0.343140
6845 0.343140
9633 0.343087
1291 0.342661
9463 0.342661
20094 0.342580
635 0.342580
6275 0.342580
14929 0.342110
11778 0.342110
19597 0.342110
22372 0.341768
9238 0.341768
27342 0.341673
29859 0.341673
23445 0.341138
25885 0.341027
7957 0.340533
10655 0.340533
18211 0.340309
6346 0.340201
6575 0.340011
1439 0.340011
4214 0.339272
8893 0.339210
10918 0.338689
15402 0.338423
345 0.338423
13242 0.338296
4868 0.338173
6372 0.338173
21540 0.337938
24152 0.337608
13290 0.337423
28254 0.337423
9242 0.337423
27522 0.337305
15379 0.337305
12207 0.337305
6750 0.337024
13599 0.336971
8261 0.336971
14026 0.336522
23564 0.336297
14726 0.336297
8150 0.336155
28514 0.336087
20314 0.335889
19586 0.335889
3878 0.335531
26228 0.335420
28598 0.335420
9152 0.335420
15005 0.335420
3336 0.335420
17789 0.335367
21729 0.335367
13497 0.335212
16381 0.335212
14383 0.335212
8938 0.335212
24195 0.335019
1251 0.335019
12294 0.334840
17342 0.334840
22888 0.334672
5865 0.334516
2021 0.334516
22101 0.334232
7044 0.334232
21019 0.334232
472 0.334103
9418 0.333981
10795 0.333866
12400 0.333866
16784 0.333866
1341 0.333705
8581 0.333292
23111 0.333292
6081 0.333174
11202 0.332773
22188 0.332687
24765 0.332687
23061 0.332607
30000 0.332607
16807 0.332531
10637 0.332048
8243 0.331953
2925 0.331867
21498 0.331787
28537 0.331787
23045 0.331787
9744 0.331714
15541 0.331714
6751 0.331470
25820 0.331470
25317 0.331419
4307 0.331326
26211 0.331326
3352 0.331326
20240 0.331283
3284 0.331243
1116 0.329891
10644 0.329891
778 0.329891
26615 0.329891
7618 0.329891
21089 0.329891
21789 0.329891
7803 0.329891
15061 0.329891
11581 0.329891
26753 0.329891
3559 0.329891
13562 0.329891
17835 0.329891
15028 0.329891
12140 0.328274
23491 0.328217
16505 0.328089
28769 0.328017
1247 0.328017
23148 0.327939
26072 0.327939
1058 0.327939
29114 0.327855
25392 0.327855
22689 0.327855
29228 0.327855
25771 0.327763
18597 0.327763
22838 0.326972
16154 0.326779
6546 0.326559
3311 0.326437
19088 0.326306
9087 0.326306
6683 0.326010
27568 0.326010
18199 0.325844
21215 0.325844
15912 0.325785
6221 0.325662
3247 0.325662
7567 0.325532
1961 0.325393
6376 0.325245
27316 0.325245
362 0.325245
16269 0.324737
23790 0.324439
25364 0.324331
28108 0.324331
10015 0.324276
7080 0.323857
9814 0.323857
6442 0.323588
28436 0.323517
14808 0.323294
7505 0.323294
13612 0.323294
27986 0.323294
27338 0.323054
17471 0.323054
12828 0.322902
10198 0.322689
26392 0.322689
4878 0.322520
7164 0.322520
4553 0.322520
5816 0.322220
5636 0.322220
12911 0.322220
23273 0.322220
13675 0.322220
21665 0.321961
12235 0.321894
29632 0.321894
15867 0.321779
27357 0.321540
22291 0.321540
22276 0.321540
1684 0.321389
24372 0.321153
26701 0.321153
3721 0.321071
13041 0.321071
21778 0.321071
24122 0.320728
19264 0.320466
3803 0.320357
9223 0.320189
25407 0.320189
18103 0.320093
3978 0.319955
14224 0.319955
25180 0.319955
29201 0.319895
444 0.319895
28838 0.319741
20995 0.319363
25110 0.318956
5381 0.318516
22731 0.318516
23888 0.318162
23275 0.318162
8102 0.318110
6505 0.318039
20467 0.318039
20861 0.317871
13538 0.317871
7940 0.317871
5204 0.317785
5920 0.317785
4527 0.317673
27993 0.317673
5739 0.317521
28958 0.317521
26862 0.317521
14736 0.317521
1413 0.317203
16636 0.317149
24203 0.316696
14098 0.316334
26932 0.316203
11643 0.316146
6007 0.316001
1282 0.315887
13496 0.315794
17269 0.315794
9355 0.315548
4261 0.315470
25114 0.315408
1775 0.315408
22410 0.315359
10625 0.315318
4673 0.314896
28260 0.314896
11466 0.314896
21104 0.314057
22089 0.313976
13282 0.313976
19947 0.313877
21878 0.313755
15558 0.313601
13884 0.313314
19066 0.313117
802 0.312934
24551 0.312934
6291 0.312934
11352 0.312865
24738 0.312865
22694 0.312865
3798 0.312427
20025 0.312361
4595 0.311796
21652 0.311796
8799 0.311747
28725 0.311747
27784 0.311479
17499 0.311479
13418 0.311358
8454 0.311358
28756 0.311041
19633 0.310859
10499 0.310660
23338 0.310600
19503 0.310600
11077 0.310486
6412 0.310486
9492 0.310037
13287 0.309898
27179 0.309776
11217 0.309619
28549 0.309486
20008 0.309486
20658 0.308879
22207 0.308879
28988 0.308722
13625 0.308608
6408 0.308522
9878 0.308522
2324 0.308522
15502 0.307899
8571 0.307899
24931 0.307899
4772 0.307899
1908 0.307899
17433 0.307899
11724 0.307899
11178 0.307899
20810 0.307899
29025 0.307140
21116 0.307080
17727 0.307080
28991 0.307009
7582 0.306536
16783 0.306536
18979 0.306536
16500 0.306536
25519 0.306439
8429 0.306198
20003 0.306198
10664 0.305925
12283 0.305925
5779 0.305860
16110 0.305790
13254 0.305455
13138 0.305455
17568 0.305455
11563 0.305455
28191 0.305244
19771 0.305244
22337 0.305186
3101 0.305186
18158 0.304994
12183 0.304820
14931 0.304773
24618 0.304623
26917 0.304623
16851 0.304400
14684 0.304400
11025 0.304144
16891 0.303847
6633 0.303847
25237 0.303847
6514 0.303562
29708 0.303562
5594 0.303234
3374 0.303234
3857 0.303234
7810 0.303088
20337 0.303088
27779 0.303088
219 0.302667
29772 0.302667
5154 0.302667
10463 0.302521
9769 0.302521
26063 0.302401
14989 0.302401
18916 0.302257
4600 0.301861
15738 0.301710
5058 0.301710
14453 0.301658
22967 0.301615
4632 0.301615
13719 0.301205
3381 0.301205
26942 0.301205
9983 0.300738
13894 0.300738
7455 0.300682
24830 0.300611
9757 0.300305
26161 0.299901
26191 0.299124
1473 0.299124
16894 0.298964
25423 0.298843
12718 0.298843
4005 0.298609
26491 0.298277
26611 0.298277
20160 0.297966
209 0.297966
10213 0.297966
25347 0.297966
24709 0.297583
18402 0.297583
5734 0.297229
23115 0.297095
8141 0.297095
24844 0.297095
27680 0.296902
14439 0.296770
2947 0.296373
19435 0.296318
18969 0.296318
21374 0.296056
19 0.296056
12418 0.296056
817 0.296056
18989 0.296056
27245 0.296056
2536 0.296056
24360 0.295812
29711 0.295695
24525 0.295583
8777 0.295583
27602 0.295245
18765 0.295070
20516 0.295013
8696 0.294797
773 0.294797
7094 0.294546
28810 0.294171
28246 0.294101
14832 0.293903
23906 0.293903
25337 0.293439
23381 0.293387
11489 0.292437
4174 0.292309
13137 0.292133
18554 0.292133
8584 0.291973
24220 0.291973
6846 0.291827
26860 0.291694
16534 0.291571
8002 0.291571
20647 0.291353
487 0.291256
745 0.291256
5239 0.291256
3348 0.291002
11309 0.290567
7859 0.290567
18319 0.290166
19093 0.290166
9993 0.290166
6399 0.290049
5622 0.290049
474 0.289949
15753 0.289905
17220 0.289863
13950 0.288655
18557 0.288655
1434 0.288655
22496 0.287159
16068 0.287095
956 0.287095
15599 0.287095
29110 0.287024
4836 0.286947
23922 0.286768
19378 0.286768
21588 0.286768
11051 0.286269
28807 0.286188
16235 0.286188
9186 0.286188
3266 0.286101
3318 0.286007
8247 0.285797
3778 0.285679
6554 0.285679
10421 0.285551
22760 0.284970
21173 0.284970
27605 0.284906
17518 0.284840
15876 0.284701
10556 0.284389
28319 0.284389
6763 0.284389
11937 0.284389
10716 0.283591
5402 0.283591
8005 0.283407
6885 0.283342
22244 0.283342
9848 0.282995
25341 0.282995
15276 0.282995
26569 0.282764
28516 0.282513
5063 0.282513
26861 0.282513
3862 0.282353
29433 0.282240
26901 0.282124
8691 0.282124
4565 0.281879
1069 0.281329
21217 0.281254
21562 0.281125
28276 0.281019
23499 0.281019
23139 0.281019
10409 0.280562
20115 0.280475
3262 0.280312
23625 0.279908
2494 0.279540
20896 0.279540
12013 0.279344
25656 0.279344
492 0.278894
13411 0.278701
24721 0.278701
20960 0.278701
6790 0.278501
21526 0.278501
27944 0.278346
10530 0.278222
10773 0.278076
2825 0.278076
18221 0.277875
15050 0.277693
7336 0.277505
7445 0.277109
7903 0.277109
8061 0.277109
2549 0.277109
28928 0.276727
29640 0.276628
26756 0.276628
13556 0.276319
2337 0.276319
5573 0.276105
2477 0.275883
4930 0.275730
6220 0.275730
6996 0.275588
12058 0.275534
584 0.275274
7206 0.275274
23653 0.275274
5056 0.275194
20065 0.274612
25495 0.274459
24 0.274365
27751 0.274222
26292 0.273978
25323 0.273978
16873 0.273978
11833 0.273776
26586 0.273776
21360 0.273776
11277 0.273607
17112 0.273463
29871 0.273283
26472 0.272910
22023 0.272372
19132 0.272269
8025 0.272228
21347 0.271675
20785 0.271675
19773 0.271675
4187 0.271675
19139 0.271038
3265 0.271038
28 0.270837
3826 0.270837
22503 0.270539
11928 0.270452
10160 0.270350
25540 0.270350
2065 0.270230
3194 0.270230
12499 0.270087
4657 0.270032
3735 0.269607
28565 0.269411
19774 0.269411
23331 0.269411
9284 0.269411
4624 0.269239
9520 0.269175
21240 0.269038
2932 0.268948
9880 0.268948
22502 0.268170
12356 0.268037
11068 0.267923
7016 0.267872
26876 0.267872
14966 0.267872
22845 0.267594
26971 0.267594
23913 0.267185
25049 0.266846
6624 0.266846
28083 0.266846
20051 0.266451
20808 0.265986
4010 0.265913
12460 0.265665
5006 0.265665
12701 0.265563
4636 0.265430
28802 0.265430
21852 0.265317
3879 0.265317
18977 0.265176
10059 0.265176
1726 0.264600
16001 0.264600
23204 0.264600
10929 0.264311
26965 0.264241
13812 0.264241
14310 0.264193
14005 0.263913
7621 0.263913
6880 0.263913
15728 0.263612
10468 0.263555
29542 0.263555
10581 0.263334
13424 0.263229
4589 0.263078
28623 0.262662
28796 0.262662
6416 0.262184
920 0.262130
13423 0.261973
15915 0.261873
4654 0.261873
23738 0.261873
29625 0.261776
15469 0.261638
20552 0.261423
22918 0.261423
17759 0.261423
5216 0.261226
1269 0.261164
7588 0.261164
19963 0.261045
26959 0.260721
7784 0.260721
8976 0.260356
11244 0.260356
29716 0.260356
17881 0.260356
15873 0.260196
9734 0.260050
19125 0.260050
8110 0.259981
23612 0.259981
5723 0.259790
5597 0.259326
16995 0.259326
6355 0.259085
15344 0.258980
8570 0.258980
21944 0.258883
1 0.258712
23062 0.258176
18781 0.258092
15877 0.258092
5626 0.258016
24273 0.257947
4390 0.257947
13627 0.257947
148 0.257828
2323 0.257776
13404 0.257776
2366 0.257683
17309 0.256582
18535 0.256582
6139 0.256582
5702 0.256582
26793 0.256582
2729 0.256582
2570 0.256582
12974 0.256582
25363 0.256582
17303 0.255447
5277 0.255400
26774 0.255400
10129 0.255349
10426 0.255293
2643 0.255293
10398 0.255232
22751 0.254916
9867 0.254322
27450 0.254228
17466 0.254127
229 0.254127
8296 0.254127
16187 0.254016
2684 0.253896
24243 0.253453
18888 0.253453
6256 0.253453
29393 0.253453
20444 0.253334
8259 0.253334
13080 0.253067
25749 0.253067
250 0.252753
493 0.252753
25091 0.252573
4251 0.252573
7705 0.252376
895 0.252376
10196 0.252376
19159 0.252158
2939 0.252158
6519 0.252158
13828 0.251917
10236 0.251718
23746 0.251501
18948 0.251501
5294 0.251264
26921 0.251004
16699 0.251004
11998 0.251004
9797 0.251004
8013 0.250777
16273 0.250777
27498 0.250531
17899 0.250531
22994 0.250400
369 0.250168
11061 0.250045
2273 0.249918
27042 0.249648
11423 0.249355
13075 0.249293
10022 0.249293
7516 0.249130
10841 0.249036
19873 0.248841
7551 0.248687
21718 0.248687
15973 0.248528
26082 0.248189
16740 0.247885
8772 0.247821
15353 0.247773
29087 0.247773
14741 0.247419
803 0.247419
19751 0.247035
3806 0.247035
10822 0.246978
20725 0.246900
11334 0.246618
4752 0.246492
20529 0.246492
6185 0.246163
16451 0.245664
23665 0.245357
29248 0.245229
359 0.245229
14634 0.245115
14012 0.245115
22781 0.245115
2786 0.244919
14835 0.244688
20179 0.244688
3744 0.244688
4693 0.244508
166 0.244364
25700 0.244364
7826 0.244247
3244 0.244247
8740 0.244149
25610 0.244149
5401 0.243833
8520 0.243833
24378 0.243753
2667 0.243753
10761 0.243753
65 0.243689
6690 0.243591
2774 0.243078
29931 0.243078
388 0.243078
9869 0.243078
18824 0.243078
6709 0.243078
3975 0.243078
2836 0.243078
23815 0.242523
11517 0.242523
28586 0.242470
13032 0.242470
15147 0.242406
4352 0.242406
3694 0.242406
1394 0.242328
1754 0.242098
17223 0.242098
6881 0.242016
27688 0.241920
23602 0.241920
5211 0.241665
8815 0.241552
8206 0.241125
20189 0.241075
28426 0.240841
20554 0.240774
12956 0.240546
9969 0.240546
21399 0.240161
13717 0.240161
8060 0.239921
8619 0.239757
3773 0.239548
12811 0.239372
18878 0.239372
19609 0.239300
18821 0.239246
22008 0.239246
21508 0.238887
11397 0.238454
1576 0.238173
2 0.238066
6485 0.238066
23086 0.238066
13085 0.237922
19295 0.237922
5049 0.237922
16132 0.237862
21107 0.237862
13898 0.237716
20754 0.237576
22922 0.237522
7615 0.237399
26351 0.237399
26138 0.237165
20300 0.237165
528 0.237165
23706 0.236845
13152 0.236845
9740 0.236845
1052 0.236845
5982 0.236845
28809 0.236845
13179 0.236556
6171 0.236172
2493 0.236056
5639 0.236056
14960 0.235837
15656 0.235408
21455 0.235337
16916 0.235011
25498 0.235011
5828 0.234838
12533 0.234838
22367 0.234441
3480 0.234117
17001 0.233847
24319 0.233847
4538 0.233847
29219 0.233847
17826 0.233847
13466 0.233847
6968 0.233847
10745 0.233847
21766 0.233729
22095 0.233729
8093 0.233729
17270 0.233673
27273 0.233673
26979 0.233381
5230 0.233257
22158 0.232865
14198 0.232376
17933 0.232376
27182 0.232376
21641 0.232376
26183 0.232290
12992 0.232290
14552 0.232214
20359 0.232214
29036 0.232214
24224 0.232214
18515 0.232029
2550 0.231978
20311 0.231890
16400 0.231851
23855 0.230924
8693 0.230924
3604 0.230924
19689 0.230924
15563 0.230924
24948 0.230924
12284 0.230924
18678 0.230924
4193 0.230924
25073 0.230924
29714 0.230924
28408 0.230924
8135 0.230924
17321 0.229966
8365 0.229924
29434 0.229924
11747 0.229924
13877 0.229924
15547 0.229715
26308 0.229715
18587 0.229648
7604 0.229648
582 0.229574
11030 0.229574
17377 0.229490
15199 0.229490
28821 0.229395
26922 0.228638
110 0.228638
12671 0.228638
4155 0.228638
7635 0.228519
12488 0.228239
13718 0.228073
27524 0.228073
29377 0.228073
8614 0.227951
10029 0.227886
22996 0.227817
26393 0.227672
14889 0.227511
2343 0.227138
15490 0.227138
7333 0.227138
2973 0.226977
6719 0.226920
16395 0.226920
14479 0.226800
14617 0.226800
8048 0.226800
8676 0.226674
19549 0.226608
8593 0.226396
16074 0.226211
24021 0.226163
5732 0.226011
12104 0.225615
17601 0.225615
11214 0.225554
25827 0.225292
19909 0.225292
12330 0.225292
25957 0.225292
7350 0.225292
3213 0.225003
2061 0.224926
3107 0.224793
22579 0.224793
26579 0.224683
27313 0.224683
12489 0.224683
1781 0.224509
7090 0.224509
10113 0.224380
11075 0.224326
28836 0.224198
11841 0.224103
27345 0.223855
2105 0.223475
10044 0.223475
12165 0.223475
17738 0.223475
8719 0.223475
17791 0.223475
9317 0.223475
25121 0.223115
2151 0.223052
25005 0.222821
11166 0.222719
10353 0.222577
20645 0.222450
9704 0.222450
15338 0.222280
17446 0.222042
20403 0.221848
14876 0.221791
28579 0.221687
10980 0.221687
6910 0.221245
7958 0.221245
29694 0.221245
13633 0.221097
15067 0.221097
1807 0.220884
7911 0.220545
6660 0.220480
8475 0.220384
21558 0.219313
5764 0.219313
21000 0.219313
6349 0.219313
882 0.218980
24288 0.218885
6279 0.218885
8260 0.218626
8906 0.218626
13522 0.218442
4514 0.218286
8349 0.218286
4857 0.217853
26105 0.217853
28500 0.217853
25683 0.217625
18503 0.217462
20727 0.217462
11349 0.217340
12108 0.217340
12062 0.217108
15833 0.216890
10245 0.216890
26113 0.216786
7587 0.216491
28400 0.216136
24795 0.216136
28044 0.215905
9524 0.215817
27373 0.215529
28281 0.215529
2006 0.215370
10319 0.215268
26718 0.215147
19090 0.215076
9347 0.215076
13939 0.215030
2744 0.214813
14320 0.214813
24075 0.214813
21740 0.214813
15566 0.214813
4686 0.214520
12399 0.214520
28355 0.214520
26831 0.214360
19595 0.214259
9395 0.214163
26667 0.214163
26225 0.214027
3457 0.214027
15765 0.213459
1713 0.213354
9139 0.213303
6423 0.213161
8524 0.212988
26803 0.212507
498 0.212507
4158 0.212200
5724 0.212073
18788 0.211959
6200 0.211680
9346 0.211680
10921 0.211680
20770 0.211303
7490 0.211211
23863 0.211211
13301 0.211131
29664 0.211060
27381 0.211060
20296 0.210997
1829 0.210997
5123 0.210997
15373 0.210940
14373 0.209931
21078 0.209931
14639 0.209931
10192 0.209931
26695 0.209067
4969 0.208981
15419 0.208931
14593 0.208931
16998 0.208931
28686 0.208931
22007 0.208745
9474 0.208666
12486 0.208210
7050 0.208129
6989 0.208040
16061 0.208040
2096 0.207941
3561 0.207941
15371 0.207832
8136 0.207832
14219 0.207572
73 0.207417
22630 0.207417
14162 0.207417
24425 0.207240
27094 0.207240
325 0.206616
9310 0.206517
14306 0.206358
11683 0.205774
23892 0.205774
15158 0.205534
7383 0.205483
11350 0.205026
1965 0.204852
27560 0.204760
11160 0.204760
19887 0.204616
24773 0.204616
6560 0.204358
15253 0.204358
1156 0.204132
12549 0.203756
16433 0.203405
13871 0.203213
15879 0.203128
16818 0.203010
25604 0.203010
26189 0.203010
9765 0.202904
11228 0.202565
18378 0.202565
14586 0.202356
14712 0.202192
7679 0.202192
16658 0.202192
17783 0.202059
17168 0.201901
19176 0.201778
27809 0.201778
1659 0.201778
636 0.201680
22282 0.201680
24786 0.201387
19816 0.201264
8800 0.201264
10176 0.201220
6339 0.200803
1404 0.200803
3757 0.200803
5409 0.200803
18706 0.200345
7460 0.200345
9504 0.200291
24369 0.200223
7285 0.200223
15519 0.200134
12041 0.200134
15068 0.200134
13393 0.199934
26747 0.199718
26661 0.199564
19817 0.199564
13380 0.199564
18077 0.199434
20395 0.199275
22311 0.199072
18659 0.199072
16260 0.198882
26832 0.198340
29164 0.198268
8957 0.198218
24073 0.198218
5693 0.197582
17456 0.197501
15164 0.197371
5473 0.197371
21248 0.197272
4344 0.196997
6040 0.196997
8548 0.196810
15223 0.196751
29684 0.196751
10170 0.196531
27606 0.196531
3423 0.196285
6980 0.196285
11733 0.196210
4918 0.196068
12127 0.196068
22552 0.195936
2571 0.195873
22884 0.195698
21151 0.195698
7077 0.195491
7542 0.195147
13876 0.195147
203 0.194936
13553 0.194936
7788 0.194936
9275 0.194755
16320 0.194755
13238 0.194755
9271 0.193976
17370 0.193678
16073 0.193678
7592 0.193512
17754 0.193512
1848 0.193444
1352 0.193385
23431 0.193385
11842 0.193385
28340 0.193385
8866 0.193332
15865 0.193284
9654 0.193284
13654 0.193242
4142 0.192437
27725 0.192437
27055 0.192437
12544 0.192437
25875 0.192437
23450 0.192437
27711 0.192437
10597 0.192437
25910 0.192437
1810 0.191550
8272 0.191498
13165 0.191440
20701 0.191374
21106 0.191298
22647 0.191298
3997 0.191298
15270 0.191211
23001 0.191211
23330 0.191211
3150 0.190846
14413 0.190568
7954 0.190453
28359 0.190322
6707 0.190322
20184 0.190173
19903 0.190061
27024 0.189648
17051 0.189648
20831 0.189476
11201 0.189476
8528 0.189476
6083 0.189282
17035 0.189282
13606 0.189282
14867 0.189119
8145 0.189061
17931 0.189061
5758 0.188938
5797 0.188938
28478 0.188806
19720 0.188509
26078 0.188509
24896 0.188307
17653 0.188253
8575 0.187961
14683 0.187833
4487 0.187833
21809 0.187743
21030 0.187626
17561 0.187626
20026 0.187553
8255 0.187553
809 0.187553
14723 0.187236
17707 0.187236
559 0.187236
14959 0.186983
17682 0.186983
19392 0.186875
20328 0.186605
18752 0.186605
4476 0.186229
26213 0.186229
24537 0.186229
16472 0.186053
19926 0.186053
5796 0.185801
23390 0.185668
15091 0.185564
8580 0.185481
20746 0.185309
24850 0.185233
28352 0.185175
24067 0.185175
29331 0.185129
6249 0.184739
2460 0.184739
14494 0.184739
17770 0.184248
8747 0.184248
11993 0.184248
17661 0.183820
26902 0.183820
20024 0.183820
3431 0.183690
21716 0.183690
11011 0.183690
10988 0.183580
23480 0.183516
18691 0.183444
22885 0.183112
26664 0.182815
7581 0.182815
17828 0.182652
20664 0.182652
17203 0.182308
28320 0.182308
12305 0.182308
13376 0.182308
6631 0.182056
27250 0.181940
26332 0.181940
24818 0.181626
29216 0.181512
23288 0.181117
18711 0.180908
29254 0.180844
21250 0.180844
9823 0.180723
6128 0.180611
27657 0.179941
16657 0.179761
23083 0.179761
13979 0.179475
18704 0.179358
9457 0.179256
29555 0.179256
20882 0.179084
11417 0.179084
23707 0.178780
24811 0.178780
8854 0.178780
3873 0.178691
26521 0.178691
20607 0.178550
8200 0.178492
13330 0.178492
14334 0.177634
19224 0.177634
15573 0.176918
23626 0.176878
15530 0.176784
4633 0.176784
3736 0.176784
28957 0.176589
1005 0.176502
27057 0.176128
17417 0.175942
1621 0.175942
20354 0.175942
24210 0.175942
21199 0.175703
10767 0.175385
18189 0.175385
9337 0.175385
9681 0.175385
10979 0.175385
19919 0.175385
26322 0.175385
25116 0.175255
27128 0.175108
12583 0.174648
5932 0.174648
7750 0.174536
29062 0.174536
15795 0.174536
5193 0.174476
16588 0.174282
12162 0.174282
29792 0.174063
5578 0.173918
3944 0.173464
5895 0.173193
301 0.173193
25602 0.173193
26955 0.173193
16026 0.173193
5722 0.172939
20373 0.172653
28749 0.172529
28813 0.172474
2025 0.172474
7364 0.172117
28171 0.171850
29089 0.171762
11948 0.171762
27315 0.171762
19641 0.171544
9423 0.171544
4882 0.171544
2307 0.171478
20661 0.171428
13817 0.171055
18891 0.171055
9118 0.171055
2195 0.171055
28307 0.171055
16129 0.170683
29231 0.170683
13888 0.170634
24283 0.170569
27532 0.170569
24063 0.170354
7789 0.170267
18135 0.170155
7625 0.170155
1258 0.170005
1483 0.170005
1877 0.169944
2408 0.169797
6116 0.169797
4670 0.169605
1905 0.169486
15096 0.169264
22991 0.168969
13794 0.168969
23789 0.168712
21864 0.168712
4587 0.168652
16821 0.168485
25743 0.168485
5915 0.168382
28011 0.168382
18016 0.168285
29991 0.168285
18975 0.167945
25386 0.167765
18695 0.167765
23928 0.167765
15277 0.167765
22961 0.167710
6414 0.167510
21672 0.167336
24025 0.167185
18534 0.167116
2066 0.166933
1189 0.166933
13825 0.166778
19063 0.166646
7117 0.166646
18270 0.166344
29810 0.166265
21509 0.166024
25426 0.165933
425 0.165933
6595 0.165857
5036 0.165792
21476 0.165735
21187 0.165685
8493 0.164946
6294 0.164946
24207 0.164946
23467 0.164946
26432 0.164946
25176 0.164946
8043 0.164946
4397 0.164946
22587 0.164213
536 0.164108
20103 0.164108
10358 0.164108
29689 0.164044
24009 0.164044
10774 0.163882
25371 0.163882
12066 0.163486
5224 0.162831
9424 0.162219
181 0.162052
29969 0.161794
22678 0.161399
1572 0.161110
2989 0.161110
13784 0.160843
7126 0.160843
4068 0.160843
17300 0.160770
7483 0.160643
29060 0.160179
3754 0.160046
19094 0.159625
17373 0.159582
13307 0.159258
17946 0.159258
26431 0.159258
18454 0.158936
22390 0.158936
28857 0.158936
28067 0.158893
511 0.158893
19576 0.158893
26504 0.158893
16318 0.158837
11933 0.158837
5566 0.158477
12943 0.158477
24592 0.158348
17372 0.158348
27686 0.158167
16734 0.157774
20151 0.157774
26034 0.157704
22703 0.157704
25104 0.157448
8582 0.157448
1214 0.157448
22272 0.157448
16513 0.157448
26285 0.156800
457 0.156736
3199 0.156736
19390 0.156559
22827 0.156559
29896 0.156559
23845 0.156355
8713 0.155898
9024 0.155679
2796 0.155679
29908 0.155679
7339 0.155679
11576 0.155430
6824 0.154888
17025 0.154888
18547 0.154809
23368 0.154809
2060 0.154743
5285 0.154743
15629 0.154686
22601 0.154686
17374 0.154637
19296 0.153949
22797 0.153949
20705 0.153949
27211 0.153949
25122 0.153949
8391 0.153311
22756 0.153311
4854 0.153268
16281 0.153268
5463 0.153099
24072 0.153022
18187 0.153022
22921 0.152930
28939 0.152930
17609 0.152593
6567 0.152386
9570 0.152258
27473 0.152258
2056 0.152106
1265 0.151924
23688 0.151924
5344 0.151781
20033 0.151426
15193 0.151200
29992 0.151200
14311 0.150931
22569 0.150931
25990 0.150931
13038 0.150931
15375 0.150855
5805 0.150855
6078 0.150369
2282 0.150194
26457 0.150194
7557 0.150101
13026 0.149951
18193 0.149951
1240 0.149789
984 0.149789
11656 0.149789
21617 0.149673
12166 0.149421
4830 0.149304
20367 0.148983
12616 0.148983
1082 0.148983
20107 0.148983
23747 0.148983
27615 0.148664
11180 0.148664
12513 0.148300
13822 0.148187
26883 0.148028
23914 0.148028
8522 0.148028
13443 0.148028
16466 0.147882
24678 0.147623
5074 0.147623
2821 0.147398
601 0.147398
11501 0.147398
3394 0.147157
17134 0.147157
8411 0.146952
3784 0.146952
13298 0.146830
6828 0.145847
2867 0.145729
21712 0.145628
9116 0.145628
9918 0.145540
16089 0.145540
26891 0.145540
11840 0.145235
22104 0.145152
28181 0.145083
2498 0.145025
12177 0.144975
16044 0.144975
1221 0.144975
12071 0.144931
29040 0.144328
10713 0.144328
1014 0.143729
2106 0.143729
15778 0.143729
17906 0.143431
5045 0.143431
28648 0.143135
18563 0.143050
27857 0.142840
11246 0.142706
10913 0.142706
12428 0.142546
18019 0.142546
8277 0.142546
12697 0.142546
29853 0.142107
5400 0.141909
18940 0.141909
21942 0.141671
1494 0.141604
21619 0.141604
14698 0.141382
24866 0.141382
21623 0.141382
22696 0.141176
18339 0.141176
18936 0.141120
10330 0.141120
5043 0.141120
17729 0.140807
6022 0.140807
19559 0.140807
10328 0.140562
1999 0.140562
23490 0.140562
19151 0.140281
26492 0.139954
20749 0.139954
3638 0.139954
13360 0.139954
27170 0.139628
20400 0.139351
24008 0.139351
19021 0.139351
18285 0.139111
5326 0.138807
13328 0.138807
812 0.138554
11509 0.138554
15328 0.138554
29747 0.138342
28270 0.138278
4627 0.138278
24007 0.138160
15421 0.137707
27257 0.137572
11653 0.137572
8271 0.137455
28228 0.137455
29432 0.137183
17945 0.137078
18613 0.136989
28072 0.136731
20799 0.136731
8980 0.136731
14289 0.136641
10901 0.136568
20721 0.136455
7559 0.136455
5439 0.135838
2367 0.135838
11734 0.135838
5028 0.135838
12092 0.135838
23826 0.135269
21059 0.135175
7061 0.135115
8526 0.135115
26300 0.135115
16681 0.134706
28613 0.134619
18830 0.134519
530 0.134400
8452 0.134258
12708 0.134085
5254 0.134085
29325 0.134018
24950 0.133869
14270 0.133869
24399 0.133869
639 0.133693
11529 0.133423
6547 0.133423
16936 0.133225
16608 0.133225
24200 0.133043
16819 0.133043
23347 0.132993
748 0.132832
2102 0.132377
13289 0.132377
21743 0.131957
29240 0.131615
13620 0.131539
28683 0.131331
17565 0.130936
13578 0.130888
3238 0.130888
26226 0.130888
3674 0.130888
20292 0.130466
25660 0.130466
23170 0.130466
5620 0.130466
2130 0.130265
237 0.129957
29108 0.129957
27932 0.129733
1941 0.129490
8885 0.129397
5878 0.129397
28455 0.129317
27625 0.129317
11528 0.129317
3396 0.128942
29641 0.128842
29627 0.128291
167 0.128291
16817 0.128291
953 0.128291
6809 0.128291
20520 0.128291
12217 0.128291
4231 0.127745
1503 0.127700
18544 0.127646
26234 0.127582
6274 0.127504
8227 0.127008
7120 0.127008
25420 0.126881
27603 0.126881
26035 0.126727
2692 0.126727
29595 0.126727
24692 0.126534
18506 0.126376
24463 0.126188
6231 0.125959
4606 0.125959
3169 0.125607
12535 0.125502
6356 0.125502
22934 0.125200
14175 0.125200
28522 0.124824
21608 0.124518
14114 0.124450
11658 0.124264
7264 0.124050
10148 0.124050
27979 0.124050
22253 0.123910
3641 0.123709
4428 0.123709
25030 0.123709
4576 0.123309
15749 0.123159
9924 0.123159
12757 0.123159
3502 0.123159
20159 0.123159
16219 0.123033
9326 0.123033
20963 0.122977
29079 0.122832
23205 0.122713
22373 0.122615
28629 0.121539
5666 0.121539
20204 0.121539
23778 0.121539
1042 0.121539
19077 0.121049
18855 0.121008
7926 0.120960
21288 0.120745
25189 0.120387
7113 0.120387
10312 0.120134
13797 0.119961
19725 0.119961
8157 0.119650
25677 0.119650
25547 0.119443
17017 0.119443
16886 0.119443
24458 0.119257
611 0.119187
6659 0.118761
23050 0.118699
29303 0.118423
12812 0.118147
18233 0.118147
4692 0.118086
27727 0.117919
11472 0.117818
4972 0.117818
20730 0.117668
26087 0.117600
1185 0.117419
12905 0.117419
7292 0.117220
8037 0.117220
15679 0.117220
28576 0.116924
23590 0.116628
129 0.116628
691 0.116107
7388 0.115989
485 0.115989
14256 0.115945
551 0.115945
1792 0.115462
20424 0.115462
24509 0.115462
20793 0.114940
23740 0.114940
24848 0.114940
23250 0.114824
10731 0.114508
8076 0.114037
20950 0.114037
7092 0.114037
3057 0.114037
24059 0.114037
951 0.113909
23628 0.113569
24060 0.113337
8943 0.113198
15216 0.113198
11788 0.113198
1167 0.112952
12763 0.112952
1422 0.112896
16896 0.112646
1041 0.112397
14386 0.112341
21784 0.112190
27119 0.111963
7503 0.111902
19916 0.111902
10462 0.111737
17176 0.111737
28858 0.111737
4977 0.111557
29582 0.111289
19618 0.111140
6219 0.111140
18164 0.111021
21383 0.110844
20366 0.110622
26916 0.110490
9177 0.110442
78 0.110442
10924 0.109964
3656 0.109964
5104 0.109964
10857 0.109964
25761 0.109443
28551 0.109385
11927 0.109313
13083 0.108670
17149 0.108554
151 0.108554
24066 0.108246
14907 0.108092
12823 0.108035
26900 0.107765
7328 0.107685
2850 0.107407
20932 0.107407
21749 0.107407
24606 0.107051
21545 0.106786
1907 0.106730
20498 0.106730
29597 0.106283
11891 0.106283
16475 0.106172
19581 0.106172
20246 0.106172
13387 0.106037
8762 0.106037
6335 0.106037
28441 0.105840
10474 0.105565
24886 0.105565
11682 0.105565
29258 0.105565
26168 0.105498
2648 0.105498
20648 0.105498
8814 0.105445
24838 0.105401
57 0.104965
27113 0.104965
17807 0.104965
16283 0.104965
18220 0.104491
18216 0.104438
9453 0.104438
23819 0.104105
11533 0.104105
28288 0.104020
26061 0.103620
13365 0.103620
3197 0.103620
26824 0.103620
408 0.103091
2624 0.102841
17617 0.102841
26525 0.102633
27036 0.102426
19351 0.102380
21071 0.102308
20788 0.102308
10459 0.102066
15438 0.102015
15949 0.102015
19977 0.102015
1372 0.101729
9165 0.101665
19877 0.101665
11398 0.101607
19962 0.101381
4386 0.101029
22986 0.100950
16845 0.100889
363 0.100889
18616 0.100402
8176 0.100402
23344 0.100402
8589 0.100402
17700 0.100402
5672 0.100402
10018 0.100402
21060 0.099967
3726 0.099919
1453 0.099782
17056 0.099782
4306 0.099782
27314 0.099782
8880 0.099782
11209 0.099322
21899 0.098685
13514 0.098565
6276 0.098498
26037 0.098266
19017 0.097968
19269 0.097968
29277 0.097849
2150 0.097746
19642 0.097436
28156 0.097436
10593 0.097378
11433 0.097231
28911 0.097231
19314 0.097118
28404 0.097027
20476 0.097027
18757 0.096218
11039 0.096218
7509 0.096218
19787 0.096218
6677 0.096218
16751 0.096218
8628 0.095819
25621 0.095720
11445 0.095720
4089 0.095649
12972 0.095336
23686 0.095336
21126 0.095226
4444 0.095226
7209 0.095086
28754 0.095086
7379 0.095086
12762 0.094900
6466 0.094738
26562 0.094738
26816 0.094738
25825 0.094641
8833 0.094255
19958 0.094255
713 0.094255
17304 0.093872
2881 0.093492
10159 0.093492
21191 0.093492
19702 0.093437
21464 0.093198
28496 0.092900
18800 0.092782
22445 0.092782
14085 0.092782
13042 0.092741
23013 0.092370
9302 0.092370
5638 0.091845
22368 0.091845
22620 0.091845
23795 0.091758
14614 0.091758
4678 0.091455
15428 0.091455
9029 0.091455
1846 0.091326
23443 0.091326
18323 0.091326
14874 0.090813
6693 0.090756
15889 0.090558
28198 0.090558
15445 0.090558
20646 0.090558
12213 0.090362
24492 0.090362
23406 0.090117
28435 0.089970
3761 0.089583
14600 0.089583
2300 0.089583
1938 0.089308
7091 0.089198
2894 0.088817
21860 0.088817
14828 0.088817
12009 0.088817
18055 0.088439
22710 0.088332
28076 0.088064
20550 0.087852
25425 0.087852
10235 0.087554
16713 0.087377
26974 0.087324
14235 0.087141
3434 0.087141
19337 0.087141
28157 0.087141
16142 0.086959
17240 0.086907
26980 0.086732
27209 0.086732
23007 0.086597
5137 0.086327
23749 0.086237
26771 0.086237
9059 0.085881
27734 0.085527
21894 0.085527
18134 0.085527
12758 0.085527
8172 0.085527
2635 0.085177
24332 0.085177
18048 0.085133
16207 0.085133
18648 0.085003
15567 0.084743
23244 0.084632
18745 0.084632
12059 0.084632
5811 0.084484
29654 0.084484
5190 0.084356
7780 0.084142
28815 0.083972
1680 0.083803
24014 0.083755
14848 0.083467
12639 0.083467
4440 0.083467
4040 0.083323
20677 0.083323
735 0.083216
11344 0.083133
554 0.083133
8208 0.083133
18396 0.082967
6446 0.082843
8936 0.082473
10291 0.082054
4729 0.082054
7915 0.082054
16960 0.081743
24164 0.081640
15336 0.081640
8797 0.081503
5331 0.081383
19146 0.081230
26553 0.081026
29973 0.081026
786 0.081026
18626 0.081026
12114 0.080823
10612 0.080823
22522 0.080672
13452 0.080672
29690 0.080555
7279 0.080089
5249 0.080023
5874 0.079629
16256 0.079629
3296 0.079287
21724 0.079239
16963 0.079239
18138 0.079239
13472 0.079239
19015 0.079174
21407 0.079174
7452 0.078948
26307 0.078469
23226 0.078469
1590 0.078279
18551 0.078090
7716 0.077949
7072 0.077715
146 0.077622
15963 0.077622
27243 0.077405
25721 0.077405
24776 0.077343
26400 0.077297
11816 0.076975
2804 0.076975
16771 0.076975
8738 0.076975
17425 0.076975
29631 0.076655
16127 0.076655
10739 0.076610
7927 0.076465
2077 0.076248
29617 0.076248
26846 0.076248
19934 0.076129
24936 0.075962
3337 0.075891
22301 0.075713
28762 0.075713
5616 0.075713
8940 0.075536
29379 0.075465
23488 0.075404
13395 0.075404
29078 0.075301
19498 0.075301
29345 0.075301
23890 0.075097
23147 0.075097
24861 0.074975
5140 0.074975
19667 0.074975
2589 0.074836
9283 0.074793
10143 0.074492
10385 0.074492
4280 0.074150
6478 0.074093
7999 0.074014
9230 0.073811
3192 0.073543
28037 0.073543
957 0.073476
18857 0.073476
7995 0.073309
503 0.073143
19401 0.073077
19972 0.072542
12666 0.072164
19357 0.072164
12891 0.071843
16708 0.071790
27682 0.071790
4742 0.071525
20005 0.071420
24745 0.071273
3175 0.071273
3792 0.071210
14504 0.071054
27417 0.070898
16611 0.070691
1566 0.070588
14522 0.070404
26373 0.070404
4267 0.070332
20695 0.070332
29193 0.070281
9541 0.069977
28438 0.069277
13674 0.069277
2832 0.069139
25175 0.068786
26624 0.068786
6757 0.068321
12555 0.068205
21166 0.068205
10487 0.067919
6379 0.067588
10005 0.067522
6626 0.067353
12307 0.067259
3790 0.067259
14662 0.067073
18954 0.067073
3435 0.066796
13053 0.066796
23285 0.066796
3529 0.066741
21102 0.066741
221 0.066521
3328 0.066357
14243 0.066357
23152 0.066294
3983 0.066294
14213 0.065978
20683 0.065978
27363 0.065666
29764 0.065603
16046 0.065444
2428 0.065444
28131 0.065356
6238 0.064866
26305 0.064745
6013 0.064659
2644 0.063267
17920 0.062979
3269 0.062751
4691 0.062751
14813 0.062694
20295 0.062412
27256 0.062412
22257 0.062076
18694 0.061855
13827 0.061744
26494 0.061580
10461 0.061580
20485 0.061307
29171 0.061091
401 0.061091
20371 0.061037
28268 0.061037
24955 0.060769
4233 0.060769
17803 0.060769
5288 0.060769
18541 0.060769
29506 0.060769
6932 0.060504
25838 0.060372
16229 0.060136
22764 0.059825
21783 0.059825
15242 0.059722
11803 0.059593
16097 0.059593
18725 0.059517
18487 0.059211
789 0.059211
8753 0.059211
1163 0.059211
21418 0.059211
13555 0.059211
18620 0.058959
14354 0.058610
22234 0.058610
20437 0.058462
22960 0.058314
10836 0.058216
16647 0.058216
12161 0.058021
1635 0.058021
6448 0.057731
7773 0.057731
9899 0.057731
19822 0.057731
9408 0.057731
4815 0.057491
16147 0.057491
14559 0.057491
13968 0.057372
22978 0.057372
20751 0.057254
28619 0.057254
23607 0.057254
26364 0.057159
2322 0.057018
372 0.057018
2880 0.056878
6781 0.056323
27282 0.056095
19538 0.056050
19801 0.055779
18521 0.055779
4353 0.055644
27092 0.055511
22723 0.055511
17323 0.055422
29468 0.055422
1677 0.055311
8168 0.055311
25958 0.054982
16170 0.054982
22806 0.054982
1973 0.054721
10388 0.054335
28223 0.054017
5782 0.053954
29892 0.053703
14693 0.053455
16070 0.053086
13917 0.052964
8412 0.052964
12277 0.052483
2983 0.052483
19262 0.052483
18207 0.052245
3774 0.052186
14793 0.051893
11872 0.051893
20925 0.051893
5139 0.051893
16004 0.051893
8344 0.051777
29283 0.051546
25986 0.051316
9221 0.051316
23240 0.051033
13333 0.051033
5098 0.050864
26627 0.050753
15099 0.050753
27586 0.050641
5926 0.050475
29732 0.049984
9753 0.049984
13498 0.049930
1734 0.049661
23933 0.049343
7433 0.049133
15414 0.049133
17340 0.048873
7706 0.048718
29287 0.048310
13035 0.048310
467 0.048109
26402 0.048109
5802 0.048109
10092 0.048109
7368 0.048109
6303 0.048109
23437 0.048109
16523 0.047910
28592 0.047860
15947 0.047860
17793 0.047712
12507 0.047613
20531 0.047515
13459 0.047127
420 0.047127
25666 0.046936
14493 0.046185
24269 0.046185
19568 0.046185
12527 0.046185
2521 0.045879
23377 0.045879
27811 0.045879
22366 0.045879
2389 0.045728
16884 0.045728
13926 0.045577
25841 0.045577
14568 0.044985
9430 0.044840
5135 0.044695
5925 0.044623
19615 0.044623
26526 0.044408
14017 0.044408
4795 0.044126
27181 0.044126
18078 0.043986
9325 0.043846
2240 0.043846
15595 0.043777
3924 0.043777
28921 0.043298
29601 0.043298
28794 0.043298
28165 0.043163
13190 0.042764
1652 0.042764
1607 0.042371
26600 0.041986
13405 0.041986
18682 0.041733
16016 0.041608
5515 0.041236
9131 0.041236
11083 0.041236
6867 0.040992
20883 0.040872
28385 0.040751
22495 0.040751
23900 0.040691
18321 0.040513
8715 0.040513
3109 0.040336
29773 0.040161
16902 0.040161
22903 0.040045
7296 0.039814
21348 0.039644
6891 0.039587
25229 0.039587
11615 0.039587
27386 0.039362
2083 0.039140
25764 0.039140
20714 0.038975
20800 0.038975
23376 0.038811
23166 0.038702
5073 0.038487
7380 0.038487
29181 0.038487
28005 0.038275
9738 0.038169
24036 0.038169
10892 0.038064
20811 0.038064
21292 0.038064
2775 0.038064
7781 0.038012
27455 0.038012
27031 0.037702
15893 0.037397
23533 0.037246
9717 0.037246
16411 0.037096
12700 0.037047
23822 0.036850
7331 0.036850
16189 0.036655
28527 0.036655
9864 0.036462
25201 0.036462
2645 0.036271
7931 0.036271
14626 0.036271
24730 0.036271
12003 0.035895
5942 0.035895
7188 0.035710
8809 0.035527
29243 0.035527
29822 0.035166
21522 0.035166
29118 0.034988
13667 0.034813
14069 0.034466
2316 0.034127
27788 0.033467
23577 0.033306
7969 0.033306
19168 0.033147
10685 0.032833
2084 0.032833
22669 0.032678
22241 0.032525
24520 0.032525
26399 0.032073
27267 0.031925
14778 0.031779
16614 0.031633
6802 0.031633
27051 0.031490
13960 0.031490
1150 0.031066
23427 0.030790
27970 0.030790
19759 0.030586
10175 0.030519
3820 0.030385
12164 0.030121
12322 0.029990
4608 0.029797
5118 0.029797
14293 0.029606
15071 0.029480
6810 0.029417
5341 0.029355
15482 0.029047
13397 0.029047
26222 0.028866
26025 0.028866
6737 0.028627
5374 0.028509
22215 0.028509
26131 0.028392
16214 0.028334
19008 0.028334
4302 0.028334
11322 0.028334
27678 0.028334
13139 0.028276
24516 0.028276
1551 0.028276
29027 0.028161
26848 0.028161
23446 0.027934
22422 0.027934
501 0.027822
3950 0.027711
6915 0.027656
3363 0.027168
21698 0.027168
4423 0.027009
27505 0.026852
14048 0.026543
20909 0.026543
17305 0.026391
17630 0.026391
8173 0.026391
29538 0.025947
18394 0.025947
21014 0.025802
20054 0.025658
20421 0.025658
26051 0.025516
4851 0.025376
25211 0.025376
28180 0.025376
26316 0.025376
15859 0.025238
29744 0.025100
20242 0.024965
27214 0.024965
22911 0.024965
8555 0.024965
23136 0.024965
29321 0.024831
23868 0.024698
6535 0.024308
23873 0.024308
18905 0.024308
24891 0.024055
18681 0.024055
29316 0.023930
16773 0.023930
10201 0.023930
25980 0.023685
29128 0.023564
5977 0.023564
5464 0.023444
21685 0.023444
14482 0.023326
3405 0.023326
202 0.022864
22794 0.022529
13269 0.022529
7613 0.022420
29367 0.022420
255 0.022420
12731 0.022204
2917 0.022204
303 0.022098
17680 0.022098
27358 0.021993
15198 0.021993
8865 0.021993
23261 0.021889
9935 0.021582
8361 0.021582
7701 0.021481
11071 0.021481
3338 0.021283
8679 0.021283
8051 0.021186
934 0.021186
17536 0.021186
2829 0.021186
21201 0.020993
12015 0.020711
4832 0.020527
6174 0.020527
15124 0.020527
22449 0.020346
1131 0.020346
21573 0.020168
2956 0.020080
5257 0.019993
23107 0.019907
19534 0.019653
2749 0.019405
4018 0.019405
26584 0.019164
1064 0.019006
17638 0.018928
27665 0.018928
14155 0.018851
11222 0.018774
22226 0.018548
25873 0.015395
2228 0.015395
27501 0.015293
17596 0.014995
22071 0.014898
14469 0.014898
23082 0.014898
23388 0.014898
27438 0.014803
18333 0.014803
18894 0.014709
18729 0.014709
14325 0.014709
905 0.014615
2870 0.014433
10528 0.014343
13262 0.014167
22388 0.014167
1301 0.014167
11134 0.014081
14725 0.013911
22247 0.013828
21266 0.013664
3646 0.013664
14301 0.013584
2256 0.013426
28305 0.013348
6172 0.013196
880 0.012973
3910 0.012973
27321 0.012973
8230 0.012688
4929 0.012688
2048 0.012619
25647 0.012482
15542 0.012415
28894 0.012283
28973 0.012218
4403 0.012154
27722 0.012090
28161 0.012090
27 0.012090
18994 0.012027
15842 0.012027
25266 0.011842
316 0.011722
11975 0.011604
21551 0.011604
7239 0.011546
2800 0.011489
2134 0.011432
22711 0.011320
28162 0.011265
28218 0.011210
21091 0.011210
22455 0.011156
74 0.011156
17915 0.011156
5202 0.010944
14357 0.010893
358 0.010893
18200 0.010842
5441 0.010842
14210 0.010741
24318 0.010741
23302 0.010691
13158 0.010544
18509 0.010497
1099 0.010497
9279 0.010355
1625 0.010218
9485 0.010173
12096 0.010128
7808 0.010040
7139 0.010040
13551 0.010040
24083 0.009997
28475 0.009869
7037 0.009869
26250 0.009744
26065 0.009703
28054 0.009703
3392 0.009662
18859 0.009582
5397 0.009542
21640 0.009425
4046 0.009425
26502 0.009387
2641 0.009349
939 0.009237
