6053
18576 2158
26370 3252
3048 6245
4744 7235
18954 8781
9338 9176
493 9509
7859 10157
28222 16344
17395 17189
11406 19008
19381 20086
28409 20368
25122 21216
8048 24480
2493 24557
15469 26551
25951 26618
20246 28217
7114 28903
3980 30284
3674 31399
559 32263
6139 32704
14017 35896
21412 35992
25588 40245
27884 41527
28911 42863
11914 43547
1288 47783
27482 48349
9161 51688
16002 52887
29377 55662
15765 59370
15796 60052
13705 60651
26609 60699
3743 62146
7860 62953
19983 64999
28653 65090
25188 66567
11052 68055
18534 68467
10271 69465
13827 72340
24220 72663
20721 73948
3950 74071
15398 74800
29331 77643
3435 77881
26824 80636
6539 80643
18321 81178
27821 81423
22895 82066
16657 83083
23671 84040
10284 84084
1255 84662
26191 85829
24138 86674
27857 87241
2287 88823
12166 91203
15530 92389
4918 94508
17688 96106
18575 98958
23906 103564
8287 104641
3336 104842
2123 105002
3287 106051
17727 106699
18892 107914
1433 108392
22521 115199
5135 121732
21527 121745
28652 124732
14717 125314
7844 125430
22684 129271
4637 133476
5957 136676
12104 140367
22639 141526
497 141655
24537 141817
17709 142940
21056 143492
13032 143544
6446 145960
14286 147561
15803 148699
9302 151174
4588 151183
14219 151405
8123 153201
18563 154244
18850 158431
24368 158502
12225 160228
26900 163957
4595 164257
27057 165857
6932 166332
73 169625
28288 173113
499 173131
6109 176420
2558 176855
8109 177084
18812 177359
11228 178122
3082 180754
12948 180915
23270 182522
6573 182888
13025 184541
201 187076
23869 187089
22482 188624
29491 189006
10733 189228
14778 189866
27465 191910
23087 195530
13158 196549
19378 201392
5025 202622
2020 204814
11540 207658
9284 209287
13105 211169
25078 212346
21558 214729
7420 215783
4991 216784
18029 216806
17056 217453
6575 218000
21522 218932
28642 220014
8980 221570
13631 221613
28408 221962
4000 222663
13876 223346
21649 223426
4005 223628
23410 225373
15162 225599
26220 234475
13354 234626
7462 238697
29966 239042
29587 239698
8522 244774
18077 246909
25439 253007
10911 253211
9219 253656
10688 253948
8431 254938
26532 255759
18461 256176
15290 258382
21476 261272
8823 262072
8660 263017
5409 268013
26228 268603
17184 269675
29114 271954
19351 272545
10026 280895
9108 281430
8364 281515
11352 281982
15859 283503
17826 283520
9308 285001
16001 285336
10477 285709
19702 286888
6339 289326
25046 290800
9325 292032
20424 295823
12828 297043
27713 299512
27609 301497
25176 301904
18763 301916
20304 302665
9823 307431
8323 307674
13053 308432
18757 313565
20896 314110
1775 314885
22618 315055
16589 315656
759 318407
28836 320449
13290 320767
5284 320917
8452 333859
23700 333902
9877 335399
10844 336098
15963 342110
10621 345391
12718 349404
3944 349409
23909 349472
13360 351556
16284 351656
4144 352824
22748 354386
21860 355099
10196 357949
4725 359431
25110 359655
4696 361335
25660 362330
11394 363084
6595 364272
6083 367747
28752 371233
3269 372860
6505 374014
25229 376176
4471 376545
24152 380716
14996 381776
2185 382968
29714 383883
21399 389440
5216 389629
7431 390724
14759 391031
28444 392592
28374 394890
12664 400655
27505 402198
16281 402318
4116 406071
3559 407037
28623 408738
21968 411008
29040 411277
16515 412444
18521 413263
24203 414496
28921 414522
12554 414672
15566 415013
17105 415027
8993 415615
3250 415968
7788 418229
17958 418438
18028 425185
13832 432588
15066 432707
19792 433129
3374 436246
18756 437833
13346 439646
27970 446029
28165 447382
9179 448775
8957 449431
12396 450374
4495 450725
28813 451968
17834 452813
12549 452941
21736 453430
5639 453502
3057 454010
21798 454773
28385 457762
7460 462132
1868 463631
5257 466225
15795 468335
16880 468415
11334 468874
3906 469902
14295 470645
1874 470926
5953 474049
9839 474458
22337 474912
6997 476064
7837 476739
1213 477126
20401 478048
24318 479078
8693 480578
15629 480791
21513 480840
19159 481408
1547 482348
26002 482613
28858 485341
19015 485841
10175 486730
27256 487036
23957 488433
8872 490023
278 490534
9709 490619
953 491053
9414 493776
14310 494261
723 494568
8590 497434
26234 498167
13117 498902
19116 500297
14029 504565
23240 508455
22338 508558
6693 508993
7564 509437
10637 510983
2267 511189
29792 511373
19774 511896
16740 513662
9933 513964
20550 515822
26980 517328
10127 517340
444 517732
16913 518924
4622 520603
18285 521158
1919 522681
10528 523195
2292 524928
7094 527963
16023 528696
19677 529405
8866 532992
6536 533449
451 537386
19582 538158
10143 539094
6904 539204
23827 541130
3230 541333
16960 541739
16309 543829
631 543855
26883 546463
20437 549390
23575 550266
13418 551026
13133 554473
7122 554630
6557 557248
6980 557953
21671 558285
18273 562301
23594 563240
8854 563735
27055 569650
15276 571604
11174 577262
12763 577863
26105 578120
6379 583474
511 585599
11580 587378
23110 591265
13429 592832
5270 592860
20658 593614
1422 598248
11927 600944
15270 604724
788 605582
22794 610771
5190 610789
25236 611131
29303 615960
24322 616597
13543 617463
15537 617566
1187 617650
1892 617844
13522 620142
25877 621614
15874 621818
29781 623735
26822 627682
13454 629096
27345 629729
9605 630915
19597 631402
19935 632571
15889 633508
22689 633921
5942 635196
4289 636430
2046 638815
27087 642008
25328 643241
7256 643519
29119 644781
10226 653449
5305 654135
28807 654257
23013 656667
4851 658414
18509 658557
26244 658962
18220 659800
4437 662142
25116 663523
23300 664884
11246 664969
12895 665808
17456 667087
23050 667805
28582 669787
17089 674253
12754 674281
26175 675518
21078 677116
25842 677200
1190 678089
1372 683838
28424 685876
12277 687080
24546 688965
29358 688994
11202 691765
108 692459
4608 692597
9769 693436
11171 695123
74 696785
9029 697790
27616 697795
17617 700078
14876 700164
17817 701488
29026 704250
8943 707423
17454 708912
16565 708935
27905 713091
2633 714433
17205 715094
24793 715499
4046 716327
23442 720332
25425 724168
25500 724548
13128 725586
13794 725824
18620 730956
22253 732123
29744 736271
24162 737803
16982 738536
2195 740351
24968 740848
977 743714
12893 744619
5293 745242
23864 745744
4804 746351
14844 747254
3215 750839
9333 752429
16451 754540
29732 755700
3550 757995
21217 759955
6013 762151
19369 767425
4397 768119
12488 768211
11201 768550
27316 768566
29654 768579
26307 770197
17687 770509
1404 771429
24223 773285
19622 774557
27777 777617
22492 777638
23375 779001
8112 784949
15379 787937
10044 791010
12852 792440
23881 794292
13803 798327
18857 798591
5140 799694
7774 800180
15504 804961
5137 805046
15079 807420
19151 807614
8043 809502
24173 809820
10301 809894
11473 810190
11061 810455
20464 811219
26291 813410
19223 814421
8296 818428
18164 821542
24738 823546
20739 824131
5071 824959
18378 826381
4231 826470
20179 826947
927 827327
13333 829911
11854 830702
22333 832444
10980 833684
8609 835835
8971 836559
4522 838024
15272 839516
11031 842973
21545 843362
1246 845807
25657 848771
3338 850123
12127 851962
2160 853971
19618 855925
6809 857150
25423 857174
17024 858122
22985 860065
18396 862101
9233 862359
25364 862803
28455 867791
26579 869897
5374 870737
12009 870973
361 873650
25547 873803
21215 874456
19265 876563
16986 878620
27090 882116
934 883435
9221 885225
9816 885526
5049 885556
9024 889261
8018 889301
11643 891808
22107 894653
22440 894759
21525 896355
6244 896824
8696 898242
28577 898555
1829 898877
15973 899960
20467 900153
28619 902484
28180 904491
23329 904719
29873 907942
24653 909041
28810 909192
19595 910297
28537 914899
27313 918381
21636 918974
4944 919422
21191 919800
19409 924836
29321 925043
11488 925233
27532 926943
22244 931240
18579 932825
26868 932910
20727 933648
889 934252
20211 934672
29716 935966
28955 936303
12096 938441
26714 939079
11974 939881
22558 940933
1802 942912
22144 945041
16724 946947
2635 947503
24435 947563
10508 950125
2644 950210
16073 950669
13110 950891
4527 953481
23376 954153
20367 955649
11528 957024
14442 960060
17929 961272
635 962177
19947 962939
8358 967418
28486 968910
26254 969989
11051 970404
14049 970679
16246 970814
3434 973921
120 974984
15450 975461
21938 976246
28329 977236
16817 978853
22085 980267
3697 980437
8033 981475
23302 981510
23331 982772
17783 983503
4648 985369
12041 986106
26878 986561
2134 987165
17692 987501
1807 991668
10017 991688
6381 993065
2744 993669
18659 995271
28566 995942
1677 996767
8057 1000971
8021 1001666
9935 1003641
3110 1004123
3355 1004884
20636 1005420
23747 1006513
24369 1006721
21672 1007574
3799 1008298
17881 1008809
4701 1009041
11585 1009623
10708 1010855
29709 1013160
20488 1014737
21219 1019262
23816 1019280
18837 1020051
28191 1023332
8575 1027773
10597 1030993
11933 1032199
16681 1033119
26819 1035746
1108 1036043
4270 1038456
4335 1039044
22298 1039240
10889 1040089
1352 1041104
23653 1043904
13443 1044024
5006 1044762
28968 1045302
8104 1048336
10461 1048713
4972 1053455
14015 1053694
5599 1054102
25264 1058927
19720 1065061
6819 1066191
25982 1067253
786 1067912
14537 1068067
17544 1068159
13044 1075194
24920 1076053
27118 1076651
27042 1077952
14577 1081711
8300 1087501
28073 1090165
14510 1092905
3529 1094519
9417 1095837
14946 1096565
8349 1099287
16735 1099365
14002 1103686
19911 1104752
6931 1109984
13959 1112053
3656 1112143
2957 1113254
10549 1114214
24592 1117492
27684 1118952
11658 1122470
21047 1122820
18309 1125739
28628 1125792
16576 1126724
28162 1127705
21243 1133172
27606 1133535
23966 1134837
21553 1134896
11842 1137477
28756 1137943
11576 1139178
6802 1139886
17899 1140671
7654 1141014
16879 1145670
11841 1148500
1682 1149482
8593 1150002
13155 1150737
6757 1150985
12341 1151384
14183 1153803
21754 1157068
21743 1160332
10685 1162279
20277 1162768
9993 1163073
29037 1163377
27788 1167457
19545 1167650
24848 1169426
27725 1171579
15068 1171977
880 1173796
22241 1176458
1625 1177627
5282 1177899
29038 1178551
13224 1179742
13466 1182978
23445 1183026
3789 1183252
23086 1186303
16896 1191803
593 1192791
2796 1193231
10344 1193666
5732 1194058
12281 1195582
29631 1195711
21712 1196228
9918 1197018
16051 1197606
15070 1198088
692 1199133
21948 1200390
28516 1202982
12513 1204571
14439 1204749
6289 1206353
4857 1206485
19234 1206729
15016 1207635
20392 1208369
20936 1211013
19688 1213603
17373 1214811
26168 1216686
10574 1219801
16044 1221272
14835 1222971
8732 1224772
1413 1225287
19392 1226023
226 1226222
25905 1227255
21570 1227582
17095 1229273
4759 1229615
237 1229809
7624 1231077
9370 1232630
14320 1234189
5245 1234614
1810 1235792
9814 1236338
27660 1236833
16377 1238094
21455 1239709
20371 1240741
4642 1241221
2529 1241838
2708 1243524
9524 1245527
25647 1245819
3648 1247462
18894 1247583
10778 1250911
10916 1251615
1494 1251803
17828 1251896
29974 1252417
9492 1254800
12003 1255696
3689 1257363
17960 1257367
19909 1257842
7175 1263977
18824 1265981
24425 1268301
18694 1268307
13401 1268754
19689 1270160
27296 1270762
2170 1271263
29147 1272565
18975 1273121
10431 1273576
11398 1273682
6633 1274450
20883 1276029
9878 1277159
17321 1277444
12700 1279009
11489 1280049
20664 1280051
20919 1283833
2929 1285070
26428 1286525
6852 1287425
29696 1289716
29240 1290652
19804 1291927
18816 1292382
17758 1296026
13825 1299399
16947 1302091
25008 1303002
17408 1303328
27075 1304772
9395 1305622
15788 1306630
16876 1307063
28269 1307975
19565 1310098
2367 1313382
1041 1314494
17638 1316472
16543 1319298
26400 1321004
8799 1322021
15426 1322123
3530 1325068
7803 1327949
5249 1329318
11744 1329517
8632 1330019
3746 1334008
8873 1336207
377 1338714
8885 1339927
20103 1341266
21464 1343438
19125 1344229
4697 1345846
8880 1345967
10586 1346387
14066 1346666
27648 1347716
14110 1348723
10291 1348997
8797 1349209
62 1349686
21509 1351492
17653 1352454
11903 1352979
21234 1354239
6399 1355117
22001 1355215
6554 1355352
14469 1355886
27659 1356038
2 1356526
24386 1357307
25908 1361248
24076 1361889
23153 1362381
10667 1363786
14903 1370425
5211 1373960
6231 1375302
7999 1377228
3638 1380057
7292 1382280
22696 1382292
18888 1383205
3807 1383369
21789 1384269
275 1384788
17165 1387128
3262 1388789
29542 1390347
1746 1390850
7049 1391209
15209 1392080
28156 1396092
19307 1396337
20320 1396476
10795 1398270
8037 1399422
10988 1399643
13028 1401870
20903 1402071
4214 1402541
2075 1404584
15050 1405004
13487 1405606
3721 1405929
691 1407844
19633 1409879
26636 1410760
23490 1412151
24207 1412578
29859 1412968
17486 1414596
20576 1415049
22781 1415722
25859 1415981
23444 1417342
13498 1418344
18725 1421998
18254 1424372
19538 1425917
26099 1428268
15493 1429027
9177 1430014
26431 1431388
4654 1432775
26215 1432786
6535 1435772
20498 1435952
8614 1438446
3022 1438999
2545 1439706
12114 1439987
28514 1440020
23351 1442201
1907 1447644
28211 1451733
285 1452772
25511 1453358
18329 1455493
13917 1460200
18504 1461571
16305 1461642
8478 1461670
25215 1463608
2337 1466120
28551 1466272
19233 1467041
3878 1467716
28850 1468524
8321 1470520
17393 1471709
22736 1472283
2031 1472325
12326 1472999
601 1474282
4444 1475517
26492 1476490
11209 1477525
26670 1478714
809 1478875
27267 1480994
26322 1481078
9371 1481224
18057 1482507
18086 1482731
18568 1486085
27809 1487473
20683 1487672
3100 1487776
17463 1491256
21428 1492168
4814 1492461
2987 1493765
22986 1494481
9017 1495499
17745 1497820
12757 1500337
21669 1500749
3641 1501357
23232 1502075
8740 1502550
26667 1505742
6002 1505986
3902 1506433
3193 1506710
11309 1506761
29819 1507230
1938 1509265
6971 1509603
12036 1511803
16523 1513024
27224 1514346
26043 1520427
24059 1521622
25535 1523323
18323 1523736
29248 1525224
15724 1525641
26047 1528034
23344 1528056
23790 1528133
13397 1529772
23928 1529792
16585 1530546
2643 1532333
16547 1534948
16562 1539170
28534 1542108
4691 1542774
28195 1545210
16214 1547040
27657 1549441
26974 1549828
2926 1552411
19877 1553636
24551 1554083
18041 1555298
7516 1556048
29445 1556823
5479 1558589
19342 1560699
20056 1563022
21106 1566894
17425 1568960
28506 1571009
12071 1571381
14012 1572453
26013 1572794
17053 1573764
26803 1573868
6825 1577773
19150 1577865
11416 1578407
14797 1582489
28425 1582634
4133 1583561
5592 1583659
6241 1587844
23176 1588139
9279 1588510
18456 1588652
18979 1590445
25518 1590672
7001 1591608
7884 1594034
24718 1595081
16667 1595660
7311 1595664
5839 1596128
28595 1597231
11427 1599300
24469 1599622
944 1600286
27605 1601297
1758 1601555
8936 1601827
27343 1604989
22579 1606452
1467 1607374
9216 1608266
12658 1610335
29640 1611644
3604 1613275
21582 1614751
1688 1616098
27357 1616524
5895 1616803
14662 1617518
18781 1618245
15643 1620627
17521 1624704
23945 1624877
27473 1627450
13871 1628284
23902 1628866
2428 1629182
2905 1631316
9832 1632071
22710 1632563
7969 1632817
26792 1633718
3806 1634603
20714 1638811
21644 1639699
2066 1641348
14782 1642048
10274 1643359
8676 1643563
20476 1643734
27373 1643906
2322 1644599
24483 1644956
16147 1645881
11683 1647791
1647 1648658
3887 1649544
1445 1650067
255 1650605
19046 1652441
26664 1653031
28155 1656287
3637 1656994
20002 1657418
21126 1657467
4899 1657537
28932 1658360
16163 1658978
22588 1659837
26490 1661141
23892 1662857
13113 1662969
1519 1664831
18729 1665426
29747 1666144
2774 1666373
167 1667159
25839 1668262
12240 1671041
11533 1671434
29283 1671705
8692 1674656
14929 1675722
9412 1676945
129 1680927
9924 1680956
5915 1681119
26213 1683329
18189 1684248
20994 1687719
24516 1690621
7899 1691830
22731 1692072
23491 1692253
29047 1694581
10932 1696837
23870 1696902
12523 1697311
3851 1697516
7491 1697943
17579 1698120
24970 1698427
26297 1698771
5672 1700735
28404 1702351
9880 1704134
387 1706057
25542 1706873
26584 1709097
24060 1710090
21199 1710425
24773 1710965
12527 1711009
19390 1713630
25091 1714321
8582 1715568
23914 1716096
19806 1717020
9051 1717753
24845 1718961
27342 1721234
15193 1722480
13361 1726935
6409 1727192
10272 1728231
4241 1730521
8719 1730674
24273 1731234
1563 1735618
16633 1735646
14130 1738894
17136 1741109
17146 1742945
6171 1743004
24794 1743965
20065 1745541
13141 1749030
21366 1755902
25063 1758411
29344 1759656
3757 1759818
9799 1759923
26072 1760158
13278 1761546
23474 1763339
1473 1764329
14808 1764576
28543 1764754
5202 1764801
26586 1765939
8677 1766328
5723 1768505
5221 1769999
19581 1770763
13622 1771193
10347 1771978
11371 1772305
16534 1775986
22449 1778128
2667 1778324
18587 1780619
25764 1780874
11983 1780909
12883 1781404
27109 1782173
28809 1783050
10335 1784900
28169 1785125
29883 1785874
27686 1786131
17869 1789037
19567 1789638
6728 1789916
9728 1794864
6512 1797175
11517 1799461
17721 1800651
5645 1801344
13131 1801386
29588 1801751
25083 1801890
9465 1801978
27688 1806226
8173 1808012
20151 1810116
19404 1810834
8628 1811235
11080 1811813
735 1812309
10530 1813887
24269 1815610
22095 1815788
24967 1816786
11472 1819409
11991 1821258
5439 1825184
6050 1828830
14683 1830450
8072 1833172
9995 1835191
5831 1837070
9283 1839726
24531 1842138
154 1848563
14512 1849987
10439 1851586
26472 1851636
27315 1854930
3931 1857336
20607 1859205
17446 1859633
8989 1861141
29585 1861975
13395 1861988
25519 1863662
6884 1864876
5650 1870438
554 1871160
19616 1871180
14328 1873615
28558 1873849
25268 1875723
7519 1876258
17495 1877164
26599 1877963
24341 1879316
29231 1880343
13950 1883860
5118 1886759
26183 1887403
27323 1887517
28363 1888273
21057 1888312
10008 1888813
25614 1889988
5702 1890753
17370 1896426
13282 1897134
21277 1898681
24940 1898877
27413 1900531
27119 1901319
5254 1901674
15463 1902403
10825 1902736
9457 1905810
3923 1907150
6279 1907882
1150 1910326
4829 1911856
8005 1912755
802 1913449
29684 1914833
2343 1915481
3561 1917879
7433 1918051
5425 1919154
10160 1922564
9126 1923259
12811 1923307
13661 1923346
23819 1927539
1322 1927953
18879 1928944
4780 1931461
7808 1932748
1044 1934242
29506 1934883
11709 1934926
29623 1935661
27094 1940017
6129 1943909
4344 1945921
24360 1946423
20041 1950702
29314 1952358
2530 1952895
8167 1954917
7476 1956098
9421 1956430
27385 1956739
9073 1957194
4158 1957369
13366 1958365
25953 1963822
29892 1965990
27314 1967656
26377 1968148
9872 1970266
29906 1970652
29815 1970986
19682 1971729
9061 1972094
3475 1976983
528 1981204
27312 1981737
18754 1983665
23707 1985152
11166 1985903
860 1988335
22335 1990779
14655 1991358
17021 1992226
17270 1996330
18535 1996338
2121 1998958
8554 2000503
5055 2000662
12067 2001164
12059 2003040
9988 2003890
3194 2003926
26113 2009142
23974 2011245
6950 2011992
11636 2013825
26003 2014038
12322 2014053
17240 2015082
14417 2015615
26921 2019528
20655 2019758
1524 2022041
20559 2025318
21953 2025958
12399 2026918
15088 2027224
14155 2028874
18664 2029797
27711 2030248
14398 2030277
24842 2031445
15482 2031548
15189 2035222
28312 2037043
6266 2038918
22690 2040274
14645 2040370
26522 2040844
1969 2042905
19945 2048454
10395 2050032
26242 2054547
17832 2054699
14270 2055582
29201 2058097
10913 2058679
23976 2062202
4671 2062809
501 2063326
13442 2063736
715 2064195
3284 2064667
15373 2065085
15664 2069819
18079 2070381
15512 2072292
28083 2072568
15213 2073787
15200 2075072
14504 2075551
18016 2075601
19142 2076155
8744 2077477
28745 2077635
15957 2078204
27979 2080527
7364 2083704
9676 2086863
5859 2086985
4711 2087315
13080 2089306
14467 2089683
1424 2090012
20273 2093117
29748 2094617
28821 2097118
16219 2099025
24021 2099932
13436 2100052
11778 2101200
26600 2101912
3997 2106788
14098 2107667
15015 2107843
8141 2108589
20366 2110188
3986 2110319
8361 2110534
27680 2111723
7582 2115974
17326 2125442
6478 2126585
9654 2127640
14613 2128596
20808 2129209
1453 2130533
1153 2131026
1999 2131971
17738 2132159
23250 2132655
1551 2132886
21468 2133784
27625 2133991
16347 2134707
28171 2136716
24989 2137055
21089 2138522
22694 2139639
1064 2140728
10147 2144870
16045 2145440
26747 2145862
24454 2146443
20349 2147635
5926 2147849
5534 2148016
20718 2148250
18733 2148291
25615 2148650
17161 2148676
2026 2149235
9011 2150558
11099 2150876
26801 2153561
28435 2153860
4836 2155302
15458 2156412
2682 2157405
5739 2158618
21107 2159998
7339 2160064
26489 2160324
21338 2160768
4929 2162406
25237 2162492
10384 2166905
20677 2167749
24768 2167910
14920 2168734
11241 2169475
20542 2170906
7581 2171963
26553 2172924
7826 2173136
18478 2173783
13453 2173953
10440 2174538
25067 2176871
14260 2176900
22808 2178453
6007 2179606
25049 2179622
14243 2183384
28561 2186674
2150 2186740
28439 2187002
19549 2190343
9319 2191773
26567 2194266
6519 2196704
22845 2199646
6008 2199702
29708 2203398
10398 2205701
13784 2206105
25349 2207253
8713 2207944
20995 2208460
9223 2208698
21665 2209064
14593 2213800
1371 2213985
22756 2214214
22289 2216725
12823 2221011
29946 2222514
29595 2227527
2095 2230080
26829 2230995
25317 2231717
13693 2232957
9176 2234595
16685 2234818
13405 2238599
11986 2239327
9585 2240190
2536 2241230
27817 2241466
3672 2241494
13444 2242124
20561 2243929
28519 2245569
7210 2246259
21822 2246426
29538 2248320
26364 2252208
22023 2252497
24957 2254873
23223 2256101
29277 2257195
10731 2257231
6081 2257478
23577 2257983
13458 2260082
12462 2260121
25562 2265421
8206 2271204
5920 2271775
15274 2272546
13472 2273321
9186 2275506
423 2279987
19751 2280051
3251 2280437
1179 2282482
25307 2282789
6976 2283074
6413 2283084
18738 2285124
16891 2291677
25503 2294176
14128 2295556
2692 2298945
22007 2299144
13884 2300138
22772 2305339
23054 2306259
5196 2308102
28130 2308203
11074 2308336
26753 2309033
1754 2311101
29834 2313031
1585 2313925
20773 2317102
12538 2321655
23204 2325445
21181 2325711
24941 2330128
1993 2333467
13573 2333588
24850 2335469
27587 2338196
2850 2338349
20925 2338373
14085 2338803
3423 2342066
6310 2344601
11656 2347361
21588 2349163
13023 2351025
6872 2353125
12092 2354627
1094 2355231
21526 2355265
11327 2357112
13041 2359593
11169 2362322
13009 2362356
4078 2362957
5934 2363151
5056 2363541
21716 2364512
7279 2365888
25510 2367066
17700 2369455
5412 2371590
16489 2372764
14698 2372897
16807 2375146
11646 2376923
12314 2377618
27438 2382161
16102 2385268
10346 2386921
4226 2387198
19787 2388406
29243 2394408
23688 2399701
26161 2403281
21849 2403790
28894 2404603
26942 2404985
20295 2408928
5622 2409138
28279 2410587
10740 2417807
3431 2420539
19973 2425718
939 2426703
26255 2429227
21394 2434617
25235 2435160
22357 2437690
2939 2438794
20305 2439145
27181 2439530
22806 2440152
24146 2441410
8938 2444273
20314 2444771
7209 2445368
24270 2449049
9087 2449412
9152 2450669
27024 2451086
552 2453424
23485 2459936
8227 2464436
28054 2465220
14354 2468134
2316 2470748
2867 2471737
22581 2474950
29973 2476137
123 2476828
15396 2479025
26525 2480157
4587 2480238
7915 2480463
22903 2480764
29269 2481725
5759 2483459
7335 2483917
7512 2484173
28939 2490054
28247 2490185
19047 2491439
26222 2492121
29918 2494099
22008 2496799
12149 2499395
748 2499886
26371 2500341
4267 2500540
23566 2502000
16017 2502643
22120 2503515
16936 2503965
7720 2504371
14175 2505161
3533 2505609
3765 2509081
6235 2509727
29565 2516155
15402 2517233
23325 2520666
14470 2520843
28418 2522737
5332 2524681
5483 2525291
15778 2525468
28957 2527893
9276 2532768
12666 2534691
4306 2534795
5045 2537690
28775 2540980
5811 2543972
23274 2552938
2794 2553591
2418 2553722
17433 2553955
28072 2554042
3936 2556001
23930 2556585
16848 2556665
15679 2557696
21949 2557805
26602 2561255
4302 2561589
22893 2567458
1364 2568005
20159 2568790
2696 2569133
8354 2570720
13960 2571099
16826 2572041
16046 2575105
6303 2575756
13578 2575960
28400 2582814
24818 2588166
13840 2590146
7713 2590868
27722 2591040
21573 2592913
29797 2593389
22445 2593776
13719 2595534
12169 2598877
250 2601824
7706 2603275
13939 2605568
11372 2605586
16437 2608358
10093 2608531
11433 2610562
8865 2610660
19282 2611640
16588 2612099
1973 2612258
21091 2616617
22496 2616868
29731 2617340
13002 2618827
13728 2620457
15655 2621604
16173 2623586
7273 2625035
6793 2627024
14990 2630295
16004 2630955
25495 2631282
19200 2634649
15707 2635122
22751 2635748
17031 2636672
13986 2637483
12165 2639565
14180 2642310
4834 2643045
12339 2646372
8026 2647210
13365 2648560
16316 2650349
12402 2651456
16216 2656369
25471 2656776
11397 2658615
22916 2658713
25029 2659112
19219 2659717
22678 2660771
29597 2661810
18584 2662375
20094 2662390
17539 2663725
3175 2669530
7520 2669542
16475 2670598
17017 2671072
25986 2673170
20095 2675679
27381 2680221
13389 2681559
16061 2683237
27855 2686405
25761 2688945
21878 2689419
13352 2690496
3821 2693589
8269 2695046
14373 2696342
8715 2699249
28131 2699572
22974 2700068
20600 2702125
17176 2702472
9131 2706300
16974 2707049
9973 2707725
6092 2708182
14966 2715148
23887 2716097
3322 2718028
28359 2718683
634 2720991
16513 2722277
26846 2724171
12905 2724545
18898 2724951
1941 2727914
6252 2732110
28026 2733341
16894 2734665
13815 2737991
23166 2738162
29379 2739567
8093 2743851
22156 2744117
10924 2746205
13616 2747345
22079 2748845
20228 2750581
14107 2753666
14736 2753824
4760 2756346
14614 2757175
10716 2759050
26876 2759150
1327 2759750
8228 2761299
27166 2763390
16264 2763716
29060 2763799
28797 2764048
18459 2765632
10718 2766215
18126 2769420
219 2772431
17280 2773296
27250 2773477
8371 2774638
5172 2775345
17920 2776702
13627 2776906
15344 2778189
10416 2778587
11022 2780475
15328 2783860
9059 2787590
17134 2788730
13751 2792302
28320 2793450
3803 2795965
26658 2796538
8649 2796679
28494 2798857
4280 2799517
11349 2799669
11788 2801154
28831 2802507
1201 2803124
10169 2805061
13896 2806705
14552 2808002
28008 2808634
28301 2812351
29216 2813435
26758 2813465
3148 2816609
23051 2817055
19026 2817396
2550 2824399
26965 2828448
11670 2829209
2350 2832441
4742 2834860
16658 2837789
4440 2838550
6098 2839327
7090 2840834
16989 2842772
12877 2844676
28188 2847269
5797 2848169
12768 2852947
3297 2853746
14874 2854842
12562 2855126
15210 2857779
20300 2858822
22742 2860735
6677 2860951
5844 2865617
6 2865986
9950 2870402
7690 2870501
8568 2871425
14516 2872574
7336 2873083
24550 2873477
28592 2874297
25957 2884121
2521 2885152
21765 2886277
7804 2886498
9192 2887353
2416 2887575
4518 2891009
26135 2895246
4729 2896723
29535 2896747
25018 2897367
28067 2898070
15879 2900497
26618 2902804
27973 2903996
7445 2909044
5397 2909154
696 2910456
28352 2912783
24525 2912984
2566 2917698
22495 2920308
25455 2920768
15878 2921400
1379 2922074
5810 2925563
28959 2926336
7557 2929866
28044 2931736
1149 2932542
1185 2933129
15561 2934980
5285 2935653
589 2936455
22363 2937100
7780 2938686
8122 2939861
21004 2941048
23359 2941503
24239 2943234
10174 2946153
18606 2946645
19205 2948478
5156 2949341
16636 2950016
6828 2950082
3729 2950754
911 2951639
9463 2953262
28281 2953447
17609 2954051
12199 2957037
16505 2958153
19088 2959746
28097 2960045
7149 2961122
23900 2961805
22046 2964161
3784 2965945
5193 2967500
23610 2967965
19145 2969218
22367 2969870
25121 2971756
10793 2973364
12048 2973692
28239 2974106
27014 2975051
16819 2977500
24075 2979923
15337 2980112
23913 2980342
11747 2981948
3736 2984555
25256 2985244
22158 2986749
25431 2988343
2366 2988631
16615 2989906
19315 2990263
27120 2992636
5874 2992741
5048 2995796
19822 2996553
19524 2996622
25930 2998250
2077 2999205
27522 3000436
5316 3005256
25687 3006300
29767 3006455
15547 3006617
11363 3008467
27442 3009640
24229 3011308
15462 3013579
27053 3014736
1052 3014742
22538 3014889
25375 3016693
20730 3018375
5985 3018971
5924 3020925
21619 3022359
21771 3023191
7315 3025572
27594 3026181
13127 3027515
8597 3030400
8343 3030681
21173 3030854
26034 3034000
29810 3034268
25980 3036564
26368 3037191
25845 3037459
19963 3040497
27813 3041910
18356 3044333
26521 3045060
24183 3045566
22764 3049419
12992 3050009
15570 3053120
28475 3057006
3541 3059301
20988 3062665
23047 3063497
19812 3063891
27890 3064971
6485 3064985
2048 3066949
11086 3070545
26917 3070775
9271 3071946
16901 3075576
6830 3076177
9860 3076241
21288 3077402
22653 3078037
27908 3078093
16959 3079070
19934 3081911
28003 3082327
29219 3085491
17759 3087485
16411 3088712
6472 3091175
1293 3094706
19298 3095882
12639 3097629
27545 3098881
14522 3101794
23343 3106718
12928 3107589
17209 3108293
2011 3108538
21939 3110317
21102 3113601
21540 3118364
29434 3123172
345 3123425
6134 3123576
6881 3125478
8178 3125577
29325 3127862
10129 3128412
16381 3129892
9242 3129900
22235 3131387
22951 3132483
7592 3135644
25969 3136050
4040 3137983
17873 3138236
28576 3142635
29555 3143574
2951 3144151
18444 3144542
20021 3146120
8619 3147444
23593 3149499
27211 3151298
22340 3151312
15122 3152183
2983 3152295
1984 3152331
12140 3152699
27557 3153593
26292 3154935
14397 3158323
21337 3158666
14999 3159702
7368 3160222
21784 3160341
13797 3161838
9398 3161957
1532 3163625
4576 3164575
27560 3170223
2307 3170687
23890 3175148
29703 3175932
9243 3176275
24256 3178074
5283 3178929
6894 3178994
4636 3179128
7176 3180866
21559 3181278
29005 3182331
16142 3184043
24497 3185427
14453 3185833
21360 3190254
7927 3190940
7771 3193516
11836 3193997
11501 3194145
28012 3195811
13310 3197263
21008 3197757
27715 3199912
29316 3205201
3001 3206244
7784 3206861
26479 3208875
24861 3211544
20139 3212351
6022 3212943
8157 3217740
18994 3219175
23139 3219343
9757 3219976
8049 3220076
8700 3220911
13605 3221265
24007 3225497
13301 3225637
24678 3227245
8445 3228265
29800 3230467
8926 3230499
4261 3233086
27207 3233285
5416 3233314
13152 3234384
13267 3235478
12911 3236318
10644 3240278
24283 3240929
12486 3241160
15336 3242978
467 3243668
27501 3244331
23285 3244367
12792 3247255
13210 3247779
26839 3248105
4510 3248636
3942 3249439
19548 3249862
5321 3252193
16123 3252320
9355 3253709
1796 3257124
25027 3257908
12676 3260818
2449 3263125
27082 3263236
8272 3263677
4514 3263769
17300 3263888
27036 3268342
27670 3270894
10468 3272344
21292 3273411
3483 3277339
895 3277759
24117 3280302
27243 3281299
2163 3282859
401 3285968
11733 3286451
22089 3287767
19220 3287969
16131 3291392
22171 3291602
27455 3292659
21652 3293354
3537 3293820
2880 3297899
18048 3301024
1621 3302414
11872 3305414
2641 3307338
3091 3307978
11850 3314006
2256 3315255
22216 3317778
24499 3320833
745 3325828
16708 3325842
8230 3328532
12111 3329667
16110 3330232
21295 3333870
11300 3338601
9430 3338761
7092 3339178
16466 3339617
4854 3339744
2334 3340103
22703 3341026
6755 3341880
6306 3343342
3363 3343863
19767 3344413
1131 3344963
15453 3345381
11715 3346891
8555 3353284
1269 3354455
19357 3355483
13085 3355624
28454 3357658
13898 3357787
28058 3359726
23851 3362273
22230 3362727
28928 3362764
19501 3364875
21030 3366201
11975 3366689
6836 3366803
21407 3368570
1221 3368601
9495 3368770
664 3373309
15846 3376755
14931 3377031
14676 3377259
22647 3378278
21894 3378452
12279 3380072
778 3382966
20281 3385835
24795 3390286
6481 3392072
8076 3392076
16883 3392367
10015 3393672
13856 3398459
15099 3400632
13202 3405701
16299 3406124
7360 3407440
20475 3408112
9476 3408716
19773 3409668
8728 3410922
6078 3411204
8528 3411717
26922 3412942
20746 3413029
28613 3413818
17789 3416825
17471 3418251
18103 3418661
28198 3419743
27579 3419892
26332 3422003
28246 3426173
7483 3426704
3676 3428048
19558 3429046
7703 3432155
3247 3434316
13292 3435998
20647 3436668
151 3436984
27669 3439003
12113 3439286
882 3441000
11417 3441040
13817 3441337
13606 3442888
2303 3445760
28716 3447425
848 3448045
24432 3448879
21060 3449573
23450 3449974
17476 3450452
11180 3452860
13568 3454851
13625 3462563
25993 3462768
24263 3463130
18460 3465387
28717 3465928
24492 3467643
5894 3467700
28988 3468294
9864 3476496
27615 3478313
11167 3480845
15009 3481047
18969 3481074
28827 3482909
3556 3485845
15523 3486289
20621 3486711
5259 3487544
8273 3487879
5224 3488486
16371 3499853
12077 3500116
4908 3500710
7538 3503923
22993 3504944
18134 3508653
15124 3509063
8800 3510178
2396 3510447
3244 3511655
221 3513142
27275 3516280
28958 3516444
4856 3517948
10682 3518334
20554 3521425
12162 3522595
14482 3524634
18293 3528058
24195 3531565
10022 3534306
274 3535728
24332 3538019
408 3538158
1684 3538330
23706 3541474
18401 3546677
22575 3549140
307 3555526
5571 3556045
24179 3558773
6952 3560322
29355 3560554
23784 3562028
25082 3562406
10240 3564330
17489 3566087
26771 3566667
24222 3567550
14062 3569554
21436 3570306
7388 3571427
1566 3571771
15625 3573089
7120 3574321
18878 3575582
7957 3578402
23459 3583939
7455 3584088
10110 3584315
16922 3585933
1027 3586491
7308 3587008
5353 3588711
17936 3588731
12066 3588901
24509 3590680
4323 3592856
22601 3594535
1362 3598094
13541 3600229
16608 3600674
5104 3601746
303 3603795
20690 3608383
10892 3609397
27679 3612900
18187 3615437
28686 3617515
24695 3617798
23579 3617932
21375 3618227
16984 3618615
5782 3619617
21942 3621427
2061 3622364
25749 3623887
894 3625599
21320 3625845
11367 3627845
15013 3628432
9867 3628483
20663 3630333
27403 3631100
26408 3633002
13381 3635376
13633 3637398
17305 3638551
12108 3638823
12496 3639549
12415 3639580
19703 3640015
13789 3641223
15190 3641237
13238 3642498
2151 3643317
26071 3645996
14559 3647277
50 3651470
11482 3652678
12151 3656576
18333 3659433
2660 3659974
21641 3660516
29077 3662336
12951 3663412
6891 3668733
7337 3670622
11071 3674015
11993 3675300
23219 3675779
20242 3675966
16483 3677830
8754 3677930
8243 3678901
15341 3681510
21266 3683953
28565 3683972
17168 3684514
9116 3684969
3396 3685680
15873 3685932
20529 3686748
23480 3689819
20949 3690696
20831 3693282
28208 3693641
6434 3696766
1112 3697140
20950 3700181
18054 3700219
9337 3700496
21111 3701945
1483 3704897
17788 3704924
21608 3706775
579 3706938
25717 3707922
7621 3709625
20432 3712832
27959 3715189
23754 3715374
17271 3718051
148 3719179
7050 3720672
11175 3723785
11383 3725724
16966 3726990
22257 3727212
19051 3727957
65 3729375
16573 3729699
5620 3730116
15242 3730661
8589 3730999
6119 3733239
15445 3736444
8002 3737311
13624 3737616
13056 3742975
22548 3745442
9423 3746283
21374 3748581
20793 3748991
4310 3749093
8008 3749878
28254 3750763
8770 3751677
9331 3755016
27450 3755079
4278 3756825
6313 3763822
26063 3765913
7662 3767062
10170 3767915
7247 3768031
18503 3768623
22226 3769441
12410 3770674
487 3771180
20530 3771398
19643 3771768
2477 3772377
5724 3772547
7350 3774006
24875 3783106
7199 3784690
19326 3785086
6782 3785311
3207 3787019
12723 3787781
23738 3793349
2128 3793905
25211 3797432
17171 3798757
18454 3799344
111 3801329
26741 3801334
4193 3804716
28607 3807321
11323 3808217
15061 3809430
16154 3809849
5779 3813054
22587 3814571
28167 3816696
16160 3818026
1921 3818898
8511 3819684
16301 3825245
11982 3825989
20107 3827791
15028 3828166
16294 3828593
21347 3832319
8709 3832640
15595 3832858
557 3834264
7907 3834791
11312 3835725
5562 3838359
17267 3838566
21195 3839173
11120 3839850
8233 3839862
4692 3840394
604 3844674
301 3846343
24816 3846867
3381 3847343
15369 3847668
11648 3847773
12284 3850710
21250 3852636
2273 3853542
23628 3855264
22620 3855856
13404 3857493
22247 3858420
19605 3858434
10655 3858507
16634 3864605
6174 3868646
5288 3869249
19371 3870410
14832 3870546
23626 3873208
17661 3876695
29601 3878710
24936 3881428
11615 3881554
17854 3882963
17678 3883481
6771 3884220
14464 3884909
22973 3886572
29931 3887607
7755 3887774
23368 3892358
19132 3892982
8247 3895140
20674 3896477
12058 3901262
28100 3902146
8454 3902548
1003 3905155
5028 3905479
14078 3905638
17025 3910668
20725 3913498
24067 3914271
9309 3915290
17203 3925493
7613 3928502
7077 3930446
5767 3931206
15331 3931310
17673 3934570
22383 3939057
14984 3939768
19281 3940056
2734 3940217
14688 3941585
22396 3941812
15748 3942515
22994 3945047
6211 3945878
6547 3947022
12217 3951197
25844 3951663
5578 3952010
13392 3952833
7264 3955415
7241 3957752
6355 3959004
7095 3959462
5433 3961991
13710 3962880
19821 3963643
2389 3964526
3274 3964853
14735 3965052
1659 3965213
26134 3968860
5878 3970127
2072 3976060
6240 3981292
12366 3984077
9275 3984478
1769 3985337
5544 3988477
3422 3988502
22516 3990041
26399 3990257
6346 3991090
5154 3991688
24014 3992133
6594 3994563
8750 3994906
2749 3995278
25504 3995840
22505 3996935
19118 3997626
17359 3998535
11718 3999434
22651 3999943
21721 4004566
24766 4006850
3023 4010461
22039 4012241
6660 4012758
26250 4012815
8735 4014080
18678 4016689
2006 4018383
13496 4020087
28793 4020700
10602 4020868
16189 4022671
358 4023639
12743 4026472
23614 4027615
23161 4032657
17795 4034711
14684 4042288
4675 4042392
19017 4043979
16252 4044340
4801 4045452
13982 4047302
2404 4048405
6072 4053988
26085 4054960
27993 4055169
29987 4056915
23686 4057686
5456 4057898
8833 4058968
13075 4060458
3830 4061241
24246 4062811
28747 4063073
2399 4064022
162 4065232
16995 4065716
16837 4066944
17806 4068481
21114 4068626
8110 4068845
920 4071244
29183 4073351
23094 4076169
5805 4076242
17041 4078822
9502 4079545
18270 4081392
20218 4082264
14828 4083305
19997 4083321
15912 4085644
22510 4089002
23533 4090018
23749 4092107
18948 4092489
7931 4093439
683 4094008
10176 4097330
29929 4099117
8940 4100093
984 4100900
26902 4105610
13035 4106573
23061 4107627
26774 4110348
20403 4110604
19386 4114517
29443 4116586
7620 4117088
19630 4117833
7494 4118380
18877 4119106
29782 4119751
7272 4120755
24775 4127467
24458 4129489
6291 4129739
15419 4132658
3502 4132896
26402 4133071
23702 4133646
28509 4135409
24225 4135665
19168 4136395
10181 4137759
18110 4139841
19705 4140387
17933 4141412
28478 4148944
10593 4150268
15399 4150734
8780 4151413
879 4152095
22117 4154167
19239 4157680
8557 4157922
23625 4158734
13539 4160678
5139 4160809
8544 4161622
27417 4161813
13551 4163895
29361 4163990
817 4164663
23642 4164730
12013 4165892
15436 4166077
18146 4166631
21685 4168878
18391 4172293
20780 4173896
20957 4174448
20302 4178225
18429 4179262
9694 4180109
26185 4180354
18511 4181172
12161 4181416
22311 4182555
12294 4184470
13507 4185920
4571 4185940
3694 4186400
22104 4186407
16656 4188007
584 4189673
10426 4190091
18135 4190534
6635 4191020
6062 4192000
1395 4192516
27011 4193269
27932 4194858
12062 4195238
4386 4195599
13063 4197951
6995 4201346
25157 4201854
8579 4203228
10767 4203238
9969 4209848
16886 4210439
27618 4210692
21944 4210990
15 4213500
22922 4214316
15084 4218114
21383 4220670
26979 4222154
26316 4222414
18019 4223544
11618 4223629
13599 4224432
216 4229171
18439 4234099
23607 4234215
26695 4234360
14193 4234546
6973 4235876
28436 4238130
2531 4242256
23873 4243417
7577 4245231
18201 4245367
900 4246580
28795 4247238
25885 4248644
17293 4249003
22671 4251389
3226 4252045
18899 4256864
14793 4257039
11535 4257546
3786 4258328
13491 4258695
15117 4260176
24351 4261056
22422 4262841
3635 4264093
23933 4267090
20882 4267917
13674 4269740
16985 4271154
4428 4271578
12540 4274016
26879 4274547
23544 4274847
25536 4275138
22502 4275242
2786 4282081
25734 4282694
9753 4285632
24963 4286902
8646 4287375
9504 4287723
22712 4288684
22032 4291899
23261 4293243
20516 4293671
17518 4294014
10869 4294498
23152 4298826
5401 4301058
14600 4303043
8952 4303238
6349 4304428
27954 4307779
3670 4308288
6934 4313002
28103 4314814
2408 4317620
12487 4319005
13996 4321297
13667 4322835
12428 4324543
12418 4327875
7902 4329728
17630 4329754
20296 4331000
10158 4331198
10612 4334070
10830 4334706
13910 4334882
25296 4336987
29553 4339217
4886 4340045
10950 4340097
8560 4341702
8772 4343254
20806 4343405
3037 4343689
14907 4344120
11833 4345193
1038 4345427
6275 4346408
13787 4346478
5597 4347255
603 4348777
29658 4351265
1726 4351455
11574 4351462
18951 4352369
5058 4358406
17702 4359821
19431 4362528
14695 4362605
5406 4362879
7618 4363078
23107 4366734
26446 4367640
8208 4368534
2964 4374437
20485 4377991
13038 4381753
8747 4382569
4657 4385493
24473 4387695
24008 4388403
5705 4390196
27602 4391962
18845 4392360
19926 4392366
22961 4392622
7304 4395597
19621 4397873
551 4398552
13675 4398583
9474 4400462
25073 4401844
3411 4403554
10603 4405370
29772 4407323
28512 4408446
6885 4410229
8271 4410305
13556 4415443
2106 4419937
6598 4427538
27135 4428034
3588 4428704
5744 4430628
14725 4430771
17428 4432278
18230 4432320
19971 4434343
27363 4435260
5632 4435522
13936 4437273
23202 4437401
25776 4438150
8255 4439776
4269 4440754
24855 4441570
14848 4442582
19361 4442922
21208 4445516
16106 4448084
12330 4450039
24955 4451042
10745 4452677
2881 4454149
5326 4454536
12708 4459197
11682 4459787
13612 4459977
21655 4460169
26494 4461017
14763 4461628
14370 4462764
6626 4463902
16300 4466126
20025 4466902
7733 4467174
25386 4467256
29204 4467740
27751 4468571
8601 4471098
15353 4472646
24063 4472944
10495 4475172
22410 4475382
28744 4475665
11043 4475838
18515 4476446
1329 4476884
18232 4479780
18646 4480226
1082 4481702
14889 4483001
28598 4484522
7139 4485596
27509 4485864
4421 4486858
648 4487653
2634 4489098
18788 4489801
10887 4491417
23129 4492152
27321 4492921
25838 4495985
8548 4497141
7016 4497366
16059 4499589
28446 4499609
25586 4500108
16242 4505909
24507 4507892
19348 4508163
1680 4508273
20230 4508756
10774 4508926
3566 4509086
22159 4510157
24865 4510681
24013 4513872
8135 4513953
15949 4514813
2645 4515890
10418 4516071
25419 4516357
22478 4519580
6672 4520168
7679 4521099
814 4524238
13380 4526585
183 4528581
20470 4529043
18547 4529589
21568 4533162
9914 4533606
13620 4534265
12242 4535578
14217 4536392
27978 4536647
18259 4538192
14169 4538213
9347 4538524
10061 4546699
22415 4547065
13067 4548641
10133 4549411
18704 4556625
19077 4560713
16783 4563148
20539 4563847
29226 4564351
25257 4565515
23103 4565959
18312 4566918
7449 4567917
26251 4570615
8570 4570676
12975 4572159
15877 4588255
16269 4588622
950 4588938
29087 4589564
18867 4591258
2397 4592998
14371 4594701
6624 4595411
202 4596299
7664 4597665
23740 4598920
18216 4600544
16175 4601293
17112 4602026
14586 4602249
24083 4602763
28564 4603499
26772 4606905
18199 4607205
27568 4607338
5473 4607626
19586 4608880
13137 4611039
5577 4613485
11445 4613964
10388 4614657
7626 4614743
11950 4618226
7080 4618523
16829 4618869
9006 4619814
14850 4622042
29853 4624488
14235 4626725
14747 4626992
3735 4628488
12129 4628706
13644 4628851
22664 4629446
7285 4630355
359 4635116
1734 4637679
10964 4641294
27282 4644951
3744 4646145
26831 4647229
15087 4648158
766 4649849
8412 4651574
17822 4655002
11724 4655472
26088 4658525
9688 4659996
6167 4660245
17084 4662339
23435 4663437
14311 4667949
21617 4669770
16247 4670046
7389 4670175
21496 4670624
9608 4670853
12974 4672669
19805 4673161
29468 4678209
13538 4678292
3214 4678349
22301 4687715
28236 4688268
8859 4690462
21722 4693483
23467 4695438
29711 4695844
28441 4696092
17499 4697314
8319 4698008
25180 4698120
1341 4700491
16089 4704190
7961 4704589
13289 4710480
27952 4711010
25714 4711554
10463 4719003
28629 4719331
17372 4720960
26448 4721376
9238 4721388
9744 4723206
2775 4723872
2870 4724495
24073 4728901
11857 4731542
23975 4731847
1779 4736390
4230 4739711
14322 4743086
1986 4746815
10739 4748784
670 4752949
5462 4757721
18840 4757752
17794 4757910
17945 4762182
5865 4763341
21750 4764228
6514 4765673
6318 4767139
15277 4767659
29691 4768444
24811 4769618
12272 4778216
3891 4779619
27944 4780301
2832 4780375
24765 4783352
17309 4784690
24045 4785557
20860 4786468
20499 4789131
11048 4790638
26189 4790647
11817 4791628
12499 4793238
13139 4793610
1681 4794070
15716 4794523
13384 4796179
6219 4796266
26082 4796284
13828 4797011
362 4798825
4878 4799927
25631 4800799
20788 4801983
6256 4802551
11369 4802893
3192 4803013
5404 4803337
11761 4803739
5840 4805411
24031 4808193
28011 4808510
14213 4808835
26128 4808981
9310 4809293
25677 4809991
7452 4812508
29871 4814182
19284 4817854
18221 4818013
27586 4820598
10092 4821007
6324 4822090
18597 4822806
16273 4824032
20686 4825848
18932 4827346
15164 4832279
4179 4835949
1007 4840594
27261 4840793
4795 4841279
26873 4841956
28522 4845179
4113 4845385
29287 4847693
24426 4849217
26233 4849721
17269 4850797
26457 4851266
10312 4852146
18506 4852605
4353 4857973
8777 4858933
6555 4860249
1882 4860380
17793 4860625
25280 4861171
9661 4865649
17565 4867840
28964 4868182
7383 4870888
1713 4872956
15253 4873944
13778 4874664
12871 4875270
17887 4875389
27724 4876294
20444 4878034
22687 4883713
3576 4890331
799 4892478
26861 4893282
18765 4895796
7309 4896999
14957 4898263
6659 4898986
9985 4899643
6442 4904640
6382 4905287
4423 4906034
23288 4908351
19955 4908918
15621 4910144
17862 4910180
13170 4914023
3352 4914158
1635 4914640
3188 4919307
2843 4921557
7126 4922117
1249 4927618
25666 4928872
10779 4932175
6584 4932588
18365 4933301
28933 4935763
699 4936791
10148 4937162
12529 4938309
29780 4943706
12706 4946835
6396 4947113
4565 4948173
26901 4948345
3392 4949663
23115 4949828
12834 4951083
4678 4951304
20764 4951424
13179 4955455
9938 4959367
7883 4961973
27926 4962322
3774 4963908
5204 4964242
6668 4966110
9209 4966762
11348 4968723
7569 4968999
582 4971612
28586 4972626
23494 4973186
20932 4975088
12483 4978578
24484 4980318
24786 4981440
18172 4981576
20092 4984810
15787 4989183
21579 4990495
990 4990972
1899 4991628
8183 4993388
29143 4993802
5167 4993976
2947 4999247
25813 4999909
15701 5000771
6172 5001101
18936 5001560
10851 5002456
29101 5004756
19996 5006943
11701 5008202
29625 5009387
15915 5009711
18078 5009955
26624 5012724
21310 5012947
27727 5015585
23062 5015766
2065 5019874
12177 5020682
29896 5029705
6218 5030335
25030 5031443
6432 5034774
5419 5036685
27477 5038054
2258 5039957
2564 5045489
15141 5045713
8851 5047500
14691 5048619
5979 5048776
28500 5049450
6917 5050637
14567 5052408
4470 5054870
28319 5055588
3234 5057352
29933 5060871
16616 5062251
3457 5065898
7328 5071985
27819 5072565
15759 5074436
20770 5080190
20661 5081266
27479 5089623
26392 5093705
23148 5094235
28015 5094241
28276 5095182
20855 5096373
25777 5104779
3351 5105397
587 5105792
15438 5105885
16020 5106435
29620 5106677
8294 5107354
3683 5112061
7333 5114745
19763 5115529
14585 5115954
6763 5116430
2228 5117764
6416 5120619
19296 5121880
26971 5124845
27878 5126266
13309 5128363
17835 5128888
2684 5129541
27338 5129756
2096 5131998
2482 5134617
25151 5135426
24455 5137207
19887 5137895
10901 5139782
24866 5141148
22827 5141187
20557 5143069
29353 5143439
18817 5143598
5666 5147810
24201 5151597
15833 5152094
25322 5152800
17986 5155567
7113 5155810
15421 5156622
20421 5158063
14159 5161074
6466 5163279
21740 5165668
25540 5167903
12815 5171253
17682 5173289
22858 5173571
25683 5174096
17250 5174617
24683 5175147
22459 5178166
15693 5179458
22207 5179789
11948 5181713
23345 5183450
21155 5183464
7940 5184230
10591 5185209
611 5189892
28557 5190231
23273 5190650
22998 5191463
23443 5192228
14981 5193702
20035 5196912
20960 5210821
23665 5210924
7958 5212224
29403 5213068
23446 5213370
8259 5216749
16074 5216784
27712 5217932
27257 5218276
28173 5218781
27255 5219690
22208 5220633
24838 5221220
27569 5227083
26791 5229113
23561 5235120
11960 5235785
26061 5238431
7965 6291871
20811 6292325
16009 6294284
5498 6295831
13006 6296098
20785 6296587
24288 6300053
12374 6302169
372 6302258
9479 6303185
16873 6303205
14410 6303623
536 6305000
14634 6306173
23226 6306572
12891 6306851
23868 6309257
14898 6309888
21201 6310162
5475 6310549
21151 6317433
4832 6319519
25910 6319604
81 6322410
25105 6325017
18554 6327042
10462 6327204
1781 6328869
28908 6329140
647 6329912
18752 6331689
1877 6333184
5116 6334905
12473 6335812
566 6337000
16923 6339494
10626 6339537
24066 6342028
7750 6342739
22248 6347137
22184 6347391
19725 6347999
2440 6349546
7926 6350058
29181 6352523
12191 6353306
29254 6354956
10658 6356491
1258 6359045
23639 6359240
26955 6361644
8345 6364247
1382 6364496
12544 6366880
28593 6367319
703 6368018
22424 6369848
26891 6370789
23789 6371558
17045 6373184
25005 6374424
1 6375123
22721 6377964
214 6378009
4633 6382798
25150 6383209
6781 6383907
21844 6385678
28181 6386481
21324 6388544
11730 6388794
10343 6389897
12555 6390408
17906 6390654
23612 6391364
22366 6393331
6880 6395124
7091 6398914
16097 6399238
29689 6399444
13279 6401562
12283 6402363
25371 6403515
26329 6404708
4873 6407091
7509 6407404
9424 6409781
25721 6410976
1161 6411795
20055 6411959
19962 6413181
11039 6413592
23795 6415861
13307 6419289
27682 6421661
21071 6421987
6431 6422455
21418 6423125
26611 6423273
17779 6424550
9865 6424551
4969 6425040
2624 6428547
20751 6428687
1559 6429589
803 6432228
1911 6432635
18402 6432902
21941 6433430
15006 6435699
1727 6439054
26308 6440288
5575 6441885
7855 6442304
3162 6445695
12164 6445837
18211 6446210
8796 6447159
23471 6447397
28223 6451780
8411 6452013
7192 6452225
27756 6455282
324 6455319
23811 6456312
789 6456916
9963 6461247
18023 6461409
17663 6463429
13812 6464230
8475 6465065
6846 6467703
26300 6468815
8075 6469241
7296 6469416
20705 6473878
1441 6474044
21703 6475187
24025 6479231
21675 6482721
27459 6484440
18695 6485684
18319 6487518
21351 6487833
15567 6488569
13387 6495942
13280 6496883
20184 6498288
11691 6498334
8852 6498413
4830 6499800
26137 6501553
12731 6501720
19759 6503825
10059 6504161
26025 6504549
9587 6504942
1756 6505244
18381 6506075
19422 6508262
474 6508641
10467 6509000
7037 6509111
8344 6511498
812 6514485
21059 6515029
18207 6515349
24844 6515528
15216 6516732
14357 6517081
13741 6518833
25139 6523033
20337 6525014
23598 6527491
11962 6527946
15599 6530327
7482 6531218
20163 6531665
4018 6533402
5515 6534048
8108 6534981
8277 6537581
21550 6538747
6038 6539596
110 6541192
7882 6544171
12970 6545877
14067 6548842
6373 6548948
17244 6549944
884 6550749
14493 6551742
17049 6553288
10018 6553351
11952 6553998
24808 6555184
11762 6555775
18114 6556476
3151 6556751
25820 6558682
10921 6560303
15470 6560423
17434 6560466
6833 6560697
4917 6566901
22673 6569862
26413 6570532
27273 6581665
20630 6582557
13175 6583241
5660 6584894
8042 6586165
5654 6586169
23949 6587523
2745 6588866
12861 6589020
4285 6592188
28296 6594754
28005 6594826
28825 6594907
17145 6596619
425 6597192
9346 6598756
22076 6599944
18875 6600941
7380 6601202
3557 6601342
1058 6601646
20825 6601897
24382 6606223
14627 6608732
11025 6609462
686 6610186
12715 6613733
1644 6616426
1851 6619452
12121 6620954
11803 6621562
9565 6622432
13733 6632607
936 6634575
20396 6635097
12186 6636303
17262 6646182
19641 6647174
21231 6652585
29025 6654750
27182 6655082
28157 6658025
16611 6659299
3754 6659737
19021 6662288
28749 6663577
20800 6663962
22483 6666072
11170 6666461
19314 6666899
6249 6666944
19690 6668626
25437 6669194
24813 6669232
21029 6669973
17652 6670450
11928 6671116
28463 6671628
1264 6672115
7759 6677282
29670 6677344
5657 6677535
26211 6679032
8365 6685333
5133 6687584
20386 6687688
6274 6690808
14867 6691271
6876 6691768
6003 6694170
20648 6694428
11860 6697784
27830 6698628
972 6700123
8899 6702288
16795 6709625
14368 6709922
22996 6709931
7919 6710094
20328 6711209
26569 6712308
14199 6714953
3914 6715263
8241 6715547
10236 6717108
25233 6718766
3109 6719093
83 6720625
25990 6721693
8581 6723964
5802 6726358
22469 6727361
6968 6728392
21014 6729201
29448 6732197
15491 6734268
16612 6735566
28769 6735627
27386 6737304
10635 6737563
7187 6742359
7527 6742773
17396 6744275
10857 6744695
19534 6746643
18940 6747170
7505 6751127
2570 6753120
14833 6753306
8679 6754019
482 6754363
21927 6755714
11855 6758189
6867 6761056
10613 6763928
20091 6765067
11319 6766325
15573 6767165
6690 6767813
5608 6769657
14377 6769672
9942 6775090
24390 6775833
29088 6777988
17611 6778155
22669 6778279
14210 6783099
16192 6788132
18685 6789803
10111 6791853
9102 6792804
14306 6793394
20024 6794550
13287 6795467
1005 6796993
22711 6799145
5482 6799771
15865 6801043
3450 6802469
28293 6802543
13932 6802746
15035 6807708
16828 6808033
14334 6808109
29908 6808348
9408 6811543
7137 6816004
9850 6816775
11423 6820120
29582 6820448
27010 6820856
19434 6822692
19771 6823323
792 6823908
23652 6824666
12533 6825476
26751 6825767
7470 6828115
20040 6831307
20343 6831811
12148 6833623
29869 6834899
29916 6835648
26547 6835877
25114 6835990
13262 6837897
29924 6838596
25916 6842135
26305 6843260
2313 6847160
12501 6850490
13968 6851684
13861 6852021
1167 6853536
7044 6854904
28458 6855008
9570 6857657
29783 6857893
24356 6858777
20033 6862914
22569 6865168
8136 6866533
26358 6869176
15876 6870197
24463 6871023
20395 6871576
4476 6871663
12183 6872076
14726 6872772
10358 6874863
2973 6880988
24913 6881838
5636 6882516
7588 6882828
13722 6885689
17671 6888476
20120 6888677
12248 6890530
951 6892719
14119 6892839
9642 6893213
14413 6895391
20204 6897954
12207 6901948
10797 6902716
3910 6905818
20088 6906316
11563 6906807
3873 6909169
25111 6909266
636 6909565
9084 6913966
4785 6916116
26177 6916876
13176 6917744
23416 6920394
7749 6921091
24182 6922618
25060 6922621
5566 6927010
8145 6928896
14723 6930666
6948 6931194
14090 6931399
18347 6932481
23603 6933877
20051 6938158
13979 6939113
29649 6939116
7995 6941040
17304 6941175
16902 6941760
8261 6942303
7773 6943741
3644 6945155
24319 6946450
6719 6946649
2800 6947960
23808 6948305
9595 6950129
9594 6950472
16687 6951072
23488 6951807
14189 6955287
25136 6955880
8013 6959081
15198 6959406
18557 6961976
17303 6962161
650 6963711
28916 6963831
9230 6964342
5616 6964919
24334 6965181
28863 6967963
21640 6968120
17466 6968143
24399 6968181
17114 6970204
19264 6970754
1847 6975026
436 6981706
22374 6982127
25743 6982610
24849 6984686
15506 6985080
15826 6985488
26256 6988002
29632 6989006
9525 6989936
19066 6990479
16443 6991921
325 6992571
9738 6995444
10353 6996402
25461 6996672
22637 7001788
6741 7002033
2300 7002078
3511 7003665
6051 7004004
25203 7004642
6567 7005023
962 7005191
12583 7006854
22290 7012467
7903 7012942
12460 7012974
26580 7013013
11816 7015298
11845 7015298
1048 7015986
13497 7017323
21869 7018401
16751 7018679
10773 7020289
27110 7022315
11008 7024002
20146 7025167
17342 7025949
7615 7027554
3990 7029024
10088 7030962
8152 7031402
22967 7033384
27358 7035585
2494 7035946
28235 7039074
24248 7039866
9824 7040975
3327 7041956
8624 7048174
12657 7048224
29993 7048309
17946 7050011
14089 7052185
24721 7054353
7331 7059076
8753 7059741
9349 7060216
1932 7060277
645 7060454
9167 7062648
13505 7062984
26433 7063996
10113 7064006
20611 7069615
24745 7076468
4015 7079010
18905 7079430
9165 7081678
18626 7081947
13055 7082046
26401 7082745
29478 7082849
19337 7083835
3720 7086176
23317 7092383
21449 7092645
1350 7092791
25034 7096165
28179 7098979
23007 7099473
6221 7100208
22266 7100988
1618 7101060
10087 7105774
9912 7106577
22960 7106969
1042 7113101
22911 7118291
16859 7120602
15055 7122788
28762 7129615
20473 7129998
13927 7130733
18621 7132616
6587 7132893
26641 7134904
1607 7135795
6276 7137193
13394 7138533
11509 7140171
10919 7140438
15913 7140507
8958 7140834
8776 7142047
1439 7147556
3032 7151500
1156 7151680
18890 7154107
7911 7154616
13138 7154697
25538 7156058
556 7160470
2001 7162195
25388 7162232
12812 7162344
28449 7170710
13423 7170758
16771 7177321
24774 7179975
4572 7181531
21988 7184138
24378 7187677
10198 7188709
20452 7189806
11734 7191310
16400 7191924
6376 7192036
5346 7195161
22797 7195302
16472 7209603
7171 7212135
28666 7212949
28838 7214568
29992 7216342
6560 7217780
27351 7218179
29079 7218975
4487 7219406
27910 7232239
7078 7232606
6463 7234324
6335 7234713
4815 7236513
28099 7237109
10604 7238269
29627 7238829
5565 7241898
13562 7244790
8459 7245315
16506 7247049
10409 7247457
27018 7248005
8815 7248655
13686 7252224
10330 7252728
9462 7252738
4275 7252811
15338 7252947
26051 7255841
21019 7256309
11332 7257725
1301 7261385
3394 7263230
13024 7263744
712 7265735
14114 7266074
2917 7266711
10659 7268672
12587 7271299
22390 7271772
420 7276334
21362 7276920
4538 7277501
6900 7278150
17680 7279526
27650 7279855
6412 7280478
3156 7281585
28355 7283193
11448 7284153
27524 7284491
7146 7287958
3318 7288793
23953 7289279
29433 7290217
21009 7290475
20354 7291814
3096 7292817
23041 7293434
26054 7309532
17656 7310185
24009 7310248
28433 7310945
6921 7311204
27527 7311677
5758 7313718
26131 7316836
21634 7319778
8389 7320976
10994 7321711
6887 7321796
24730 7322305
21427 7323741
29617 7323914
19295 7324503
25841 7325408
27474 7325481
4772 7325713
15867 7326474
23437 7326908
492 7332099
16187 7334119
9511 7334233
264 8391861
3728 8392947
1151 8392952
16987 8394003
1318 8396204
6609 8397386
2352 8397963
22511 8398305
22188 8399080
15666 8400293
23431 8400805
11311 8401761
6733 8403594
4184 8406572
7789 8407384
1674 8408895
14556 8412018
18394 8412730
16127 8415253
4624 8415726
6727 8416170
4402 8416357
11217 8418102
5344 8419070
7013 8419650
18183 8419976
23590 8420147
9926 8422025
13576 8422549
14293 8422949
1333 8423762
5464 8424962
13459 8425284
14959 8428627
4709 8431785
29955 8432219
13218 8436751
25610 8439257
22508 8439276
2130 8444855
12997 8448103
17330 8448285
15096 8448587
19807 8448626
11144 8449046
25825 8449209
5977 8449757
8316 8449893
19425 8450189
8172 8450377
10933 8451501
22388 8452699
16068 8453335
2854 8454865
21000 8456824
13744 8458479
22547 8458905
21110 8460040
27773 8464514
23205 8464527
8571 8465107
19008 8472116
8129 8473189
14813 8474058
16624 8476713
4087 8479387
25426 8480307
29078 8480759
5671 8481751
11419 8483108
13385 8484074
4946 8487138
24948 8487829
24243 8487968
8934 8488895
28076 8492709
1068 8493252
20779 8493266
20789 8502298
13254 8502612
25498 8503391
20799 8503798
3092 8504732
23463 8504937
18279 8505184
15067 8506908
5681 8507687
29326 8509981
15256 8511383
4060 8512966
13101 8514032
5230 8515457
2989 8519314
29027 8522210
29432 8524148
5757 8526944
29071 8527272
6238 8529958
14278 8531306
24 8532528
4216 8534074
23507 8535433
22177 8535785
20008 8537771
25266 8539506
13411 8540721
7551 8542100
9480 8542640
29345 8545943
18989 8545959
2571 8546472
26095 8546826
20754 8550296
9869 8550571
22272 8550636
28930 8555582
5239 8556238
530 8559634
14841 8562478
21326 8566906
5573 8567131
19568 8569052
388 8570198
2442 8571135
15785 8573714
29364 8574370
19862 8574887
20879 8575181
26037 8576180
19124 8576426
18823 8581891
2105 8582430
11466 8582509
181 8583556
10836 8585478
12024 8588536
12400 8588571
14864 8588942
14568 8589892
6998 8590638
27950 8591124
15283 8591668
4187 8592231
14479 8593593
20202 8594837
17949 8596065
461 8598821
11492 8599175
17119 8599607
21679 8602625
17672 8609687
871 8610116
23774 8611699
1163 8613110
8694 8615524
8984 8616468
4260 8620004
25341 8620375
26225 8627769
1386 8629523
1961 8631464
3294 8631821
3348 8633155
14241 8633513
17035 8635029
2589 8637722
28553 8638200
15415 8643005
18613 8643608
8584 8643767
25282 8644010
25015 8645627
25050 8649614
25700 8650575
26226 8650624
2484 8650647
18168 8651505
6259 8651617
17323 8652470
23390 8653518
26502 8653558
3879 8653641
27895 8654265
15728 8655477
8809 8655686
7542 8658148
2465 8669125
14969 8669180
12507 8670107
18855 8670933
16416 8672003
20650 8672176
1657 8673092
21623 8673757
21080 8674037
4217 8674100
24184 8674810
9664 8675111
27678 8677439
7087 8680275
1116 8683724
4670 8686181
26351 8688283
1965 8689406
14960 8692396
1186 8698525
27348 8698874
27062 8703207
3695 8703458
18691 8705415
22887 8707795
10193 8710301
726 8711778
1099 8712241
19119 8712793
8161 8719102
18442 8719967
1572 8722294
21416 8724870
7775 8730011
17417 8730078
20026 8730782
16235 8730961
21562 8731144
17533 8731330
17187 8732665
5199 8733961
11936 8734434
13544 8736004
1694 8736570
16622 8738328
23556 8746686
4548 8747489
15738 8748167
29128 8748402
19978 8750088
22256 8750218
26862 8755068
26793 8757425
6288 8761557
20688 8763742
10116 8764257
28513 8764505
22831 8765192
22098 8766135
18487 8766713
18977 8767119
5693 8770943
22444 8772472
5036 8773192
1925 8773585
20214 8773866
18700 8777000
24776 8777901
23479 8778231
28270 8778700
28160 8780541
11881 8780841
4452 8782100
17957 8783686
5842 8784002
18433 8785495
23719 8788917
25939 8788987
514 8790038
20900 8790388
614 8791001
28218 8792742
1767 8792979
1691 8793132
24581 8795505
27539 8796182
14486 8798971
16132 8799077
24869 8803076
27013 8804879
19449 8804894
3296 8805092
6750 8807564
19503 8808568
26698 8809014
13298 8809605
42 8811962
22268 8813636
10761 8821924
22855 8822092
29773 8822524
7164 8824657
10114 8825926
28969 8827133
10474 8827613
2476 8828152
6448 8830341
4686 8831000
10213 8831980
14719 8832653
29405 8836976
19227 8837495
25759 8838402
19980 8838462
4215 8838780
22276 8839053
12694 8846725
21861 8847480
3773 8851789
10965 8854941
5990 8855386
25873 8855457
654 8860453
9450 8860555
20011 8861647
18193 8863655
17232 8864575
4089 8866926
28815 8867415
27170 8867649
11699 8868764
21075 8871552
13718 8872426
19093 8873343
11237 8873813
6737 8876793
26959 8877047
2304 8879203
8001 8879400
12788 8880411
1552 8881619
18934 8882586
26193 8884582
10664 8884921
27485 8885230
9222 8888015
26933 8889393
18616 8891841
6810 8894732
892 8895561
18013 8896092
7587 8898153
773 8898526
20922 8899354
24452 8899614
10328 8902200
16391 8903447
25441 8906248
24707 8911561
2748 8912064
26701 8913613
5684 8913731
18182 8913910
6066 8914441
10253 8915041
10420 8915538
20428 8918652
21698 8919539
369 8919656
6524 8921782
1508 8923289
22821 8925481
16552 8926618
28549 8928659
23895 8928806
16431 8929813
26661 8930228
4175 8931540
6707 8933757
19816 8934464
2142 8934705
17803 8935507
8168 8936153
2798 8937111
24116 8937218
4966 8937980
17729 8941061
22885 8944171
20520 8944979
12385 8945199
9270 8945704
26562 8946672
29020 8947955
7086 8948474
3400 8951971
12256 8952459
18711 8952555
4010 8958830
5626 8959959
22110 8962478
25175 8963005
5816 8965063
10055 8965988
18158 8966538
13328 8967261
29367 8967303
17561 8968676
6546 8969114
7151 8972247
20909 8972314
16650 8972894
5792 8975077
9899 8977897
24024 8978821
7954 8981280
4635 8982785
10581 8983000
6372 8986081
17103 8988433
19873 8990034
5441 8992334
10029 8996917
1340 8996986
10629 8998863
15158 8999877
29090 9001465
3726 9002981
20865 9004001
29743 9005710
4632 9007516
24433 9008946
1830 9009685
27 9011633
19780 9014175
18475 9015273
20838 9015860
3160 9016001
13500 9016973
27179 9016982
11825 9019166
1813 9021404
18759 9021889
14325 9022616
13275 9023139
15814 9023617
21494 9024449
24200 9026274
27113 9027417
14048 9028890
20646 9032116
20141 9032175
21389 9035474
15199 9037637
11998 9038797
8762 9039064
20502 9041573
4930 9044298
6845 9045733
7117 9046905
13553 9047428
16417 9048632
6543 9049885
10775 9051069
400 9051296
18821 9052708
18035 9056200
15691 9056355
7840 9057260
7153 9058435
12395 9063923
17407 9068144
22093 9068299
25698 9070263
3266 9073742
21929 9075440
24069 9076842
340 9076928
29031 9078317
8060 9079033
24164 9079409
4174 9079574
327 9079842
13805 9080658
25933 9080939
8253 9081300
3978 9081922
12213 9083182
5277 9084349
5932 9084508
16851 9093874
11395 9094670
22283 9098281
28260 9099635
6683 9099854
11653 9109840
12943 9114718
19018 9116504
1214 9117497
20003 9118859
25484 9124704
25938 9124756
363 9127486
9086 9127852
24540 9127874
16884 9128019
19484 9128335
4600 9128571
4240 9130076
22884 9130273
5796 9131817
16517 9131896
10089 9132374
9871 9132779
2021 9133888
5281 9135465
7207 9137651
6015 9139763
4201 9143271
7781 9146584
13072 9146707
8687 9147278
4752 9147662
729 9149788
20400 9160350
11023 9160376
11083 9161995
27292 9162322
4479 9162355
9098 9175153
11754 9176394
29171 9183236
26504 9184690
29115 9184884
7905 9185621
25802 9189621
22086 9190290
7188 9195343
22101 9195414
23602 9198847
15656 9200279
7701 9203655
9118 9203786
5717 9206769
23263 9207758
6149 9210772
10852 9211457
23405 9213443
5604 9214838
25207 9215290
22800 9215971
3739 9217937
27130 9218670
20129 9219128
20525 9220813
1345 9221230
19085 9224649
4968 9226744
503 9227577
24759 9228204
21606 9228561
54 9229711
1251 9231261
5312 9232196
16821 9234191
24491 9234206
28648 9234943
20777 9236705
27051 9237816
11477 9238126
2148 9238397
26393 9238960
15414 9248283
964 9251510
13888 9251725
8526 9251771
2240 9251897
26354 9254649
24886 9259482
6365 9259814
1189 9260235
10097 9260321
13189 9261145
28647 9261675
16088 9261934
5073 9263389
5164 9263498
5367 9263573
24520 9263660
1846 9265273
6356 9265311
25621 9265638
3056 9266760
11291 9267477
24648 9268955
27867 9270055
15104 9270227
3107 9270406
25768 9271427
24039 9272065
20552 9274238
4398 9276602
24806 9277278
16500 9278058
20998 9280810
17202 9285427
19783 9286355
7041 9289006
25640 9289390
25165 9289537
14612 9293714
22215 9295298
28736 9295971
16802 9295982
25135 9296114
16318 9297528
6562 9300170
14746 9302848
5009 9304005
6813 9305098
25604 9306033
4259 9307588
16803 9310025
3861 9311528
8429 9311785
14069 9312767
17601 9314414
16198 9314824
13268 9316300
26021 9319021
11178 9319724
13514 9321271
3607 9321954
29450 9322682
15993 9326830
3975 9328340
26727 9330428
14005 9334274
7904 9335403
26832 9337887
2999 9343821
15893 9344703
16254 9358791
10499 9362900
166 9374370
22282 9374621
18541 9375414
18648 9376428
28802 9378396
14934 9379932
19642 9380834
3253 9381895
14829 9382632
17596 9385970
16320 9387054
8688 9387307
4065 9389300
28358 9389934
28532 9390056
13938 9391181
29694 9392808
7104 9392896
8052 9393558
16845 9394198
25420 9395969
2740 9398753
23922 9399071
3701 9401216
3211 9403355
17791 9406620
6107 9407818
20115 9409975
17001 9410488
19063 9421969
2323 9422073
20873 9425726
23564 9427096
9315 9427814
19916 9437322
15948 9437850
4251 9440728
9685 9441400
7061 9442105
8265 9443626
8045 9444363
23111 9444694
27297 9445006
7891 9445024
28496 9445440
16395 9446503
25152 9447037
26078 9448342
17149 9448723
16834 9448970
12065 9450073
5331 9450474
26940 9451535
19406 9454967
783 9455418
29650 9456806
9236 9457866
16773 9460072
21783 9460498
11350 9462782
26491 9463935
19117 9466473
29374 9466941
16524 9467415
9434 9468814
18927 9469367
26932 9472587
9015 9475552
4888 9480822
15563 9480963
6408 9482039
23778 9483264
7068 9485832
9485 9486232
11077 9487488
688 9487991
6910 9490425
1516 9491030
2125 9491497
14026 9491685
15580 9498423
29822 9499267
11206 9500533
8896 9500555
22234 9503118
19817 9505975
380 9508093
6751 9508139
1879 9508522
14693 9508711
6731 9509327
2081 9511155
17051 9520172
18682 9522178
3928 9522726
29589 9523417
9368 9524697
9797 9525236
3428 9525497
25172 9526115
4504 9526522
22630 9527942
17707 9531560
13165 9532516
1715 9534109
8260 9534933
10283 9536045
25363 9536107
3634 9536404
27779 9538499
6116 9539732
8498 9541366
905 9541405
27339 9543950
13094 9544790
9740 9545031
685 9546852
8050 9547301
28878 9547331
14626 9547431
8355 9548681
11529 9549992
20645 9552967
19127 9555161
8974 9555810
7174 9557750
2549 9561555
2025 9565111
1240 9567133
17366 9571178
17258 9571559
21306 9573054
7811 9575597
8738 9575804
11410 9578791
5043 9580756
17646 9582251
11011 9582500
15880 9582601
28857 9582974
23525 9582974
12050 9585604
19463 9593641
29062 9594507
15638 9594872
12489 9595122
18949 9595350
14173 9595552
5400 9597161
29118 9597319
26022 9597443
918 9600181
21331 9602037
19094 9603075
12962 9604181
15371 9607672
12726 9610313
11322 9613579
14642 9614160
8176 9615629
12196 9616104
2799 9616119
14620 9616127
11622 9616715
9671 9616895
24682 9617002
4693 9617425
5373 9622442
22425 9622481
20178 9623232
6892 9625230
8893 9631875
6738 9631904
24606 9632295
27470 9632976
18339 9636594
4882 9636787
9656 9643085
12865 9645000
28763 9646389
25958 9647468
19401 9647626
8976 9649216
22042 9649875
13877 9651568
1074 9653561
24311 9656073
3235 9656686
23136 9656960
19224 9657945
18314 9660174
3199 9660191
23354 9663827
2028 9666314
14902 9666519
3150 9668147
19176 9668878
18315 9669797
1291 9672414
506 9673353
14198 9674411
17847 9674771
11068 9674945
3480 9678741
4142 9683756
8924 9684080
13419 9685664
28224 9686000
16647 9686426
9453 9688934
29764 9690243
28378 9692902
9763 9693348
17241 9693629
19213 9693805
20359 9694081
24349 9696306
23863 9701397
24036 9701655
1184 9702280
10319 9702562
7810 9703875
2211 9704002
21348 9704672
4509 9705220
10201 9705913
8524 9709961
11028 9710098
13424 9713199
12722 9713439
6801 9713550
10235 9714196
22734 9714951
21778 9716752
24524 9717892
21749 9720075
10713 9722358
3994 9722583
28683 9725342
16366 9725651
27665 9726834
9418 9730489
17427 9730902
4370 9731519
18582 9732635
26806 9736239
6040 9740122
7239 9741862
16614 9743207
316 9743457
1503 9744294
23134 9745764
2329 9746040
6073 9746428
22534 9747879
17967 9748539
16963 9750035
2961 9751934
2186 9752803
8977 9754135
14547 9755175
10931 9756107
18116 9757171
21648 9759357
8190 9764251
24896 9764762
26077 9765891
20695 9767657
6818 9771189
17223 9771261
19146 9771831
2829 9774534
7812 9776731
12972 9777689
18912 9779324
17010 9781532
10459 9781694
15749 9783189
13891 9783749
20361 9783772
8592 9783773
6561 9785840
1648 9786043
27811 9788519
17552 9789569
22293 9791273
24119 9791978
3405 9792275
3983 9793555
7993 9793776
2270 9795379
957 9795678
3120 9795724
29806 9797904
18551 9798059
4868 9800612
25104 9802132
29311 9804571
5486 9805656
18060 9807157
11891 9810019
5427 9812392
11937 9815346
25392 9815373
12335 9816284
18900 9818496
16701 9819402
24348 9819720
25239 9819801
26637 9820518
7705 9822391
3777 9824050
13097 9824265
23822 9824993
14162 9825637
16520 9826792
7419 9826900
21965 9828310
26153 9831679
18055 9832942
14989 9833347
271 9833500
11222 9835130
15005 9838139
19407 9838292
11026 9839185
12636 9839383
10487 9839567
21809 9839985
11075 9840730
29228 9842449
19671 9846498
9765 9847170
17568 9847736
11479 9849247
12307 9859267
1764 9859526
2238 9859696
22556 9860427
11277 9861739
3778 9862220
28101 9862748
10205 9863427
1282 9864412
4051 9864574
16139 9866478
14301 9866513
7885 9868213
2812 9868281
1285 9868966
5402 9869861
14824 9869932
16207 9870063
11465 9871971
26373 9876021
20818 9879073
639 9879111
22129 9879602
23347 9880229
22373 9882474
14187 9886968
26087 9887621
22328 9888755
6144 9889174
4606 9890618
16170 9891089
9541 9891220
12091 9892865
12621 9896817
25285 9897472
4755 9897899
26615 9898474
3304 9898739
12652 9900165
11100 9900712
16805 9901870
1819 9902200
25369 9902770
24769 9902892
12603 9909515
8348 9910305
12407 9913641
15542 9916214
11155 9917201
19615 9918223
11932 9918462
1773 9924943
2057 9925285
28268 9927238
21940 9927334
21230 9929798
27526 9930785
23001 9932442
6915 9933897
22921 9934810
17942 9937353
24062 9937998
13822 9942488
27784 9943964
2648 9944457
10841 9944646
16716 9947007
23147 9948056
18399 9948253
19603 9948539
6499 9948967
7847 9949610
13190 9953030
2060 9953555
27005 9956840
17935 9956860
15857 9958219
7656 9961228
12015 9961652
1792 9966565
21766 9968514
28228 9969086
29611 9969353
9776 9969502
5063 9972425
3829 9973121
23388 9973268
28305 9977549
18830 9979024
11429 9980796
5721 9986382
22798 9987006
4553 9987378
1534 9988581
4155 9991861
7072 9993080
1273 9996617
10421 9998814
7 9998924
597 10003988
23381 10005992
3490 10006217
25210 10006349
7579 10006773
28579 10009627
20160 10010059
15186 10012245
29641 10013172
5764 10013552
21248 10014014
15875 10016112
27151 10016378
13228 10018060
24692 10020886
18138 10024263
17042 10025985
19499 10029817
26526 10030232
5005 10030967
17705 10034188
18505 10037204
23573 10037597
29258 10038920
7490 10039623
11792 10044177
8493 10044577
29108 10046042
23186 10046742
16794 10048854
899 10052077
24210 10052522
21341 10054005
11438 10055001
7932 10055558
15558 10056839
11244 10059673
23082 10060747
11160 10061758
2133 10061848
24046 10064660
19944 10066270
22024 10068547
19432 10070198
23244 10070460
3169 10073201
16495 10073766
11366 10074550
4542 10078108
18591 10081009
3924 10081551
21852 10083789
28197 10087596
5074 10087653
10918 10090424
20487 10090498
2700 10094779
13635 10100070
4673 10101298
26619 10103413
3197 10105388
5341 10105589
13776 10105863
13367 10106653
2535 10107427
21211 10110454
29594 10111876
7839 10114728
2282 10117209
16910 10122988
12122 10123873
16283 10124331
12205 10125405
11892 10125531
2161 10125766
2034 10128999
9633 10132991
20963 10143797
23826 10144121
29393 10144992
5463 10145235
3661 10146813
15071 10147284
6785 10147381
7716 10147864
11737 10148245
12709 10148962
13026 10158653
9038 10162440
8291 10162576
20415 10162843
25656 10166164
26432 10167147
23267 10168169
28331 10168960
6294 10169490
27208 10170284
9235 10172494
18706 10174014
22838 10174043
2821 10175468
22871 10177041
3646 10177377
28451 10177893
12671 10179567
5746 10182858
5734 10183708
15428 10186713
26848 10188228
4859 10191145
5613 10191778
13325 10193444
2324 10193987
25520 10197027
28438 10197770
2915 10207321
17754 10208501
22368 10209116
9385 10211513
25602 10211921
9704 10213050
12235 10213878
1434 10214797
5034 10227537
17374 10228430
23409 10228906
29690 10231452
12654 10233509
21002 10236034
17931 10237357
17973 10238268
26326 10239745
6996 10242669
2932 10245349
27031 10246650
26285 10248729
10192 10250163
9848 10250692
26756 10252001
13654 10255019
8200 10255759
4125 10258582
20292 10265487
29224 10265561
1014 10265741
9520 10267429
25512 10267451
585 10269865
25747 10269890
3334 10270309
11214 10270884
3320 10271283
28794 10271771
15205 10272590
3790 10274206
12616 10275372
11581 10275702
27245 10278153
1848 10283616
7206 10284767
22264 10287067
13894 10290509
15753 10290617
11626 10292884
13042 10296411
12373 10298481
23238 10299170
15658 10301880
3213 10301910
445 10303618
18544 10305240
16056 10306378
6220 10307779
8906 10308178
25171 10308876
5381 10310218
14536 10312206
12002 10317922
21532 10320031
2729 10320938
14741 10323519
10430 10324194
22455 10324937
15091 10325366
21498 10325681
51 10325886
21276 10327659
2084 10331488
17770 10338451
4002 10338552
4977 10339710
12356 10340646
1716 10340748
28311 10340840
15850 10342501
22888 10344183
10538 10344283
15544 10349318
19559 10349649
19552 10350468
16998 10352833
26984 10353865
3093 10353970
9719 10354595
22522 10355090
17928 10355751
21508 10355966
6495 10356135
29977 10357298
19060 10357891
9317 10358209
18045 10359366
13717 10359657
25134 10361856
10571 10365012
15519 10365514
299 10366416
25337 10367612
12097 10368006
22121 10368807
16927 10368837
22545 10369151
2083 10370665
23065 10372277
20720 10373012
17807 10374036
11694 10375927
6056 10377416
7688 10378665
16734 10384774
16260 10385618
13555 10391771
26860 10391855
21724 10392445
19090 10393006
29687 10394770
19958 10395197
1394 10403909
17340 10404207
22991 10404634
20810 10405408
13269 10408633
22084 10422024
12956 10422423
17377 10423290
5638 10424275
26381 10424464
3792 10424637
20973 10424709
5098 10430856
25508 10431780
2836 10432792
2963 10432824
25771 10435135
2174 10442558
7767 10442946
457 10443525
5147 10443852
7378 10443960
10524 10445001
11161 10446523
26503 10446683
20418 10449011
10150 10453597
14256 10455858
13330 10471024
11113 10475712
4352 10477001
16699 10477037
6854 12585180
23815 12586501
24372 12586503
1043 12587755
16818 12587932
29036 12589507
28421 12590510
23845 12592125
28 12593919
19009 12595554
14639 12598370
9759 12599525
12394 12600287
12653 12600527
23746 12601016
28651 12602184
14967 12602476
8691 12602956
27234 12603585
16037 12608168
9712 12609038
2925 12610778
21400 12612615
13520 12614161
10929 12615819
23651 12617474
15982 12620595
19903 12620595
21972 12620681
17070 12621774
16962 12624414
8668 12625169
702 12627380
3857 12632662
27214 12636387
25189 12639190
18891 12639325
28202 12640299
8029 12642041
8025 12643579
9584 12644654
3163 12646010
8165 12647942
27128 12648740
9326 12653000
20504 12654052
29969 12654427
5722 12655127
4689 12656149
20311 12658827
15816 12659120
12030 12669021
22219 12669603
2878 12670666
28973 12673599
19667 12676683
15930 12681003
19520 12681487
23330 12685168
18681 12689107
23824 12689483
15375 12689674
8061 12692492
21197 12692512
22291 12692856
4233 12695717
9675 12698507
10047 12699508
21597 12700663
6128 12702711
498 12703274
25875 12709569
7721 12711287
18745 12715409
5595 12716387
19500 12717275
78 12717760
27122 12717950
23338 12718309
15147 12719537
21424 12719745
4589 12720782
3487 12725159
22400 12725263
15541 12726149
28991 12727835
24618 12729131
13355 12729721
14796 12730046
6185 12730905
16229 12731513
13068 12734491
4068 12738308
9695 12739381
4627 12739915
23377 12740367
12755 12742381
6989 12743522
6586 12743720
23427 12744315
21702 12748893
1800 12751216
599 12753569
3827 12754737
28161 12754888
16904 12757673
10939 12757809
14987 12758703
5828 12759129
3740 12761572
15354 12761996
14224 12762144
25025 12762180
8150 12767755
19356 12767882
18200 12773519
28754 12774168
22404 12774541
10159 12774864
9667 12778633
13393 12779756
2102 12780952
485 12781788
26207 12783970
2122 12785097
20373 12786825
4279 12787250
26818 12787767
17894 12790625
6423 12794137
9983 12797488
229 12799178
3311 12799853
27734 12801343
10895 12805603
18859 12806798
28140 12806886
2492 12810375
22760 12811819
23455 12813106
25557 12813439
1905 12815649
19262 12820247
20240 12821697
28682 12825293
25323 12826133
26038 12826431
14289 12827926
7567 12830649
21864 12835930
15381 12840077
20158 12840180
17064 12845734
18565 12848691
27981 12848884
13452 12850268
8391 12852396
13685 12852692
25407 12853855
9717 12853905
29664 12855567
7318 12855747
15457 12857005
564 12857439
24457 12858786
17078 12858968
11840 12859080
9734 12859822
19576 12860776
12670 12860816
13926 12862274
714 12863205
28037 12863776
5198 12864885
17915 12867088
11344 12870486
29154 12871492
12522 12877024
6790 12877540
17220 12877880
19498 12878816
12697 12879584
27244 12881351
22759 12881893
27209 12884846
9105 12886716
4791 12888515
21795 12891401
19801 12892032
1398 12892968
23947 12892981
29164 12902281
24407 12902316
12491 12902365
7559 12904347
11116 12908072
24709 12908839
24072 12911068
10822 12911319
21718 12913528
17514 12914122
11132 12920016
8051 12920509
20012 12921849
22938 12922909
3101 12923471
7426 12925981
28527 12926705
8988 12935896
16026 12935931
20701 12936142
10625 12936984
3862 12949377
18241 12953247
3337 12954197
16016 12955225
29401 12959245
23275 12960045
23083 12961825
27340 12963400
15888 12977980
22071 12981302
29362 12981805
203 12982544
27986 12984827
22552 12984887
6933 12985925
19840 12990648
170 12991428
7572 12992341
28875 12993787
12991 12995771
9768 12996205
26065 12996837
26340 13003271
7503 13003931
8580 13004590
1037 13006411
12566 13006476
29579 13014566
16753 13015792
18893 13017097
11134 13017197
16297 13017482
26627 13018628
6414 13020407
21187 13020640
7590 13020805
10167 13022224
6842 13023267
5594 13025669
28307 13026134
3345 13027701
9289 13028239
13242 13029665
3184 13030622
14712 13033881
21166 13035208
10122 13035451
2498 13036032
12778 13036302
23157 13036424
27092 13037517
26069 13038331
6200 13038356
28108 13039029
4390 13039789
2056 13040667
22648 13040948
21240 13041008
6908 13046762
4779 13047710
1590 13049301
29056 13049670
21964 13050354
5300 13050661
3077 13055389
3238 13058906
36 13059629
3967 13060456
28570 13061928
19919 13066856
21899 13074846
370 13075619
12758 13075636
28796 13076168
10556 13077719
3265 13078718
2825 13079446
9984 13082837
23019 13085419
23045 13085519
3826 13085538
21660 13086484
29110 13088012
10639 13090922
11079 13092088
10935 13092380
19261 13094091
753 13094277
26566 13099190
19912 13099509
12701 13099863
15306 13099945
25347 13100624
21134 13101685
19269 13102669
24931 13108393
1908 13109891
6437 13114501
13093 13116718
14400 13118876
21873 13122077
10407 13122183
801 13123804
956 13125312
3820 13125706
20054 13127815
10005 13129989
13757 13130755
19187 13130779
6824 13130920
17294 13130991
15223 13131162
18175 13132344
4074 13132383
5925 13137960
12588 13138181
4947 13142509
12839 13145913
4130 13146956
22978 13147024
12801 13148905
5294 13149151
20388 13152375
16621 13155804
16256 13156565
22409 13157165
29193 13158329
1652 13162063
18137 13165615
15947 13168125
25696 13169426
20749 13169465
27185 13169687
26997 13170387
840 13175209
24830 13176743
19972 13181317
146 13181530
13376 13184101
13059 13190147
713 13192654
28340 13199308
14383 13202746
8102 13204324
26035 13204382
11711 13207707
8716 13207875
20037 13207898
25529 13208768
5123 13211545
10632 13211728
25827 13212975
14134 13217701
18916 13218254
23406 13220354
12305 13223633
14948 13223818
25201 13225254
6631 13226136
7604 13227562
22729 13233738
1355 13234655
25035 13236047
25003 13238461
17536 13239637
12372 13239803
20861 13245044
27446 13245370
26138 13247253
7710 13248245
28426 13250202
16841 13250683
22372 13254409
28546 13255547
18800 13257589
26816 13258396
11030 13261746
13293 13262855
10245 13263095
2804 13264040
27293 13265278
4482 13265846
21123 13267293
15440 13267507
10979 13267746
6709 13268061
19639 13268804
15423 13269398
10073 13274688
24143 13276783
29017 13277314
24891 13288227
20531 13291749
2147 13293880
1814 13294417
24950 13306865
7510 13311053
4631 13311300
6758 13311329
20681 13311609
13083 13313198
20616 13320735
20189 13321055
26157 13322808
2956 13324094
13652 13326119
11157 13327937
16129 13328635
28631 13330691
16784 13331060
1265 13331075
27379 13332009
18341 13337904
5982 13338758
29991 13339972
7243 13342355
22103 13343912
22723 13353624
4757 13354299
21551 13354605
17959 13356086
15842 13358780
24122 13360475
18483 13373754
14494 13377056
14093 13379062
19459 13379571
21858 13380009
7379 13384541
7314 13384670
4307 13386345
6553 13388696
15895 13389878
4712 13393981
21104 13396285
27188 13396355
24224 13396412
25616 13396750
19514 13399647
13187 13400444
11441 13402252
172 13403225
22918 13403450
27288 13404589
26264 13404679
1069 13404982
23888 13405932
22934 13409921
22738 13411356
472 13412267
2000 13414207
9681 13417720
23170 13423584
12705 13424360
24608 13425781
24826 13428214
1576 13428437
21116 13430577
19609 13433213
15502 13435511
25970 13436166
22503 13436914
17004 13437700
10385 13438530
209 13440709
19 13442357
1284 13443304
27590 13443700
13090 13444165
3808 13446131
8791 13447371
23066 13448337
14780 13448721
6460 13449043
23855 13449252
20005 13450332
16916 13453206
2671 13454473
7428 13455052
2460 13459563
3761 13460122
4403 13461278
1247 13461558
16433 13461832
14047 13462029
23764 13462284
57 13472621
25684 13477292
26424 13477315
19876 13478334
16713 13482918
30000 13493193
20278 13493213
6104 13494360
15884 13494469
18986 13495961
6292 13500462
16546 13500566
20384 13503882
3000 13507545
7929 13507810
14386 13508828
561 13513538
8814 13513648
9377 13515304
26718 13517360
8501 13520274
27912 13520514
19977 13521474
15543 13526636
29089 13526864
9139 13526909
17237 13528806
7625 13529730
23499 13529881
3615 13531430
7005 13532367
27740 13534800
19435 13534846
28391 13535312
2894 13536817
16070 13539185
21729 13539795
27498 13540712
12535 13552133
27603 13568844
19469 13569777
7635 13570597
3798 13573744
12553 13574095
18233 13575751
3045 13577287
25459 13577876
3328 13581563
20930 13581880
13276 13582361
12762 13583503
28725 13583572
11702 13584664
15490 13585606
4820 13590844
5218 13590979
8520 13591231
14617 13592878
10891 13593544
9057 13593552
19139 13602571
26916 13604114
5488 13604210
9930 13606238
5018 13616085
