6053
1 0.258712
2 0.238066
6 1.205452
7 1.003420
15 0.554218
19 0.296056
24 0.274365
27 0.012090
28 0.270837
36 0.471520
42 1.006592
50 0.541833
51 1.168875
54 0.581133
57 0.104965
62 1.206513
65 0.243689
73 0.207417
74 0.011156
78 0.110442
81 0.543912
83 1.138047
108 1.101871
110 0.228638
111 0.556317
120 1.057781
123 1.233704
129 0.116628
146 0.077622
148 0.257828
151 0.108554
154 1.071753
162 1.009337
166 0.244364
167 0.128291
170 0.380002
172 0.967945
181 0.162052
183 0.529767
201 0.389349
202 0.022864
203 0.194936
209 0.297966
214 1.101479
216 1.071692
219 0.302667
221 0.066521
226 0.927914
229 0.254127
237 0.129957
250 0.252753
255 0.022420
264 1.149829
271 0.590139
274 0.489839
275 0.433613
278 1.112378
285 1.088910
299 1.129244
301 0.173193
303 0.022098
307 0.600402
316 0.011722
324 0.415419
325 0.206616
327 1.048520
340 1.216903
345 0.338423
358 0.010893
359 0.245229
361 0.584808
362 0.325245
363 0.100889
369 0.250168
370 0.563499
372 0.057018
377 1.194435
380 1.243437
387 0.390146
388 0.243078
400 0.391626
401 0.061091
408 0.103091
420 0.047127
423 0.417752
425 0.165933
436 0.615797
444 0.319895
445 0.547213
451 0.960278
457 0.156736
461 0.475107
467 0.048109
472 0.334103
474 0.289949
482 0.428661
485 0.115989
487 0.291256
492 0.278894
493 0.252753
497 0.523276
498 0.212507
499 0.492984
501 0.027822
503 0.073143
506 0.437186
511 0.158893
514 0.389349
528 0.237165
530 0.134400
536 0.164108
551 0.115945
552 1.142070
554 0.083133
556 0.427637
557 0.584873
559 0.187236
561 1.182782
564 0.368284
566 0.972312
579 1.040427
582 0.229574
584 0.275274
585 1.081806
587 0.395275
589 1.006873
593 0.445155
597 0.408928
599 0.985276
601 0.147398
603 0.354328
604 1.019505
611 0.119187
614 0.442997
631 0.397130
634 1.254257
635 0.342580
636 0.201680
639 0.133693
645 1.076033
647 0.455187
648 0.426607
650 0.435349
654 0.433857
664 0.490853
670 0.935771
683 1.044963
685 0.538823
686 1.015638
688 1.245074
691 0.116107
692 0.358168
696 1.166052
699 1.073594
702 1.093851
703 0.375252
712 1.118048
713 0.094255
714 1.116315
715 0.344235
723 0.504446
726 0.524369
729 0.605702
735 0.083216
745 0.291256
748 0.132832
753 0.603230
759 1.138509
766 0.529990
773 0.294797
778 0.329891
783 1.030276
786 0.081026
788 0.415419
789 0.059211
792 1.094339
799 1.200197
801 0.468089
802 0.312934
803 0.247419
809 0.187553
812 0.138554
814 1.060639
817 0.296056
840 0.427209
848 0.588996
860 1.100157
871 1.004520
879 0.379601
880 0.012973
882 0.218980
884 1.199460
889 1.223211
892 1.069093
894 0.461848
895 0.252376
899 1.112304
900 0.467573
905 0.014615
911 0.506906
918 0.361989
920 0.262130
927 0.508816
934 0.021186
936 0.347628
939 0.009237
944 0.925982
950 1.206320
951 0.113909
953 0.128291
956 0.287095
957 0.073476
962 0.354531
964 0.358330
972 0.394844
977 0.482978
984 0.149789
990 1.111502
1003 0.555227
1005 0.176502
1007 0.394261
1014 0.143729
1027 1.120517
1037 0.432983
1038 1.079084
1041 0.112397
1042 0.121539
1043 0.985651
1044 1.110212
1048 0.505834
1052 0.236845
1058 0.327939
1064 0.019006
1068 0.475432
1069 0.281329
1074 1.031103
1082 0.148983
1094 0.439855
1099 0.010497
1108 0.923696
1112 1.092338
1116 0.329891
1131 0.020346
1149 0.414834
1150 0.031066
1151 0.475432
1153 0.461848
1156 0.204132
1161 0.569544
1163 0.059211
1167 0.112952
1179 0.981050
1184 0.542671
1185 0.117419
1186 1.168701
1187 0.387098
1189 0.166933
1190 1.180567
1201 0.968066
1213 0.358949
1214 0.157448
1221 0.144975
1240 0.149789
1246 0.574494
1247 0.328017
1249 0.901703
1251 0.335019
1255 0.518930
1258 0.170005
1264 0.472977
1265 0.151924
1269 0.261164
1273 0.437540
1282 0.315887
1284 1.199029
1285 0.344819
1288 0.418550
1291 0.342661
1293 0.536587
1301 0.014167
1318 0.510697
1322 0.533739
1327 0.351406
1329 1.048274
1333 1.060217
1340 0.446643
1341 0.333705
1345 0.401006
1350 1.279138
1352 0.193385
1355 1.105833
1362 0.570002
1364 0.445155
1371 0.412911
1372 0.101729
1379 0.384873
1382 0.374471
1386 0.352081
1394 0.242328
1395 1.208075
1398 0.361688
1404 0.200803
1413 0.317203
1422 0.112896
1424 1.143624
1433 0.484940
1434 0.288655
1439 0.340011
1441 0.541022
1445 1.095409
1453 0.099782
1467 0.554218
1473 0.299124
1483 0.170005
1494 0.141604
1503 0.127700
1508 0.423714
1516 1.120227
1519 0.393062
1524 1.062004
1532 0.590736
1534 1.016066
1547 0.355268
1551 0.028276
1552 1.133369
1559 1.088432
1563 1.095409
1566 0.070588
1572 0.161110
1576 0.238173
1585 1.201885
1590 0.078279
1607 0.042371
1618 1.009504
1621 0.175942
1625 0.010218
1635 0.058021
1644 1.069543
1647 0.419862
1648 0.945806
1652 0.042764
1657 0.444560
1659 0.201778
1674 1.029261
1677 0.055311
1680 0.083803
1681 0.454478
1682 1.275252
1684 0.321389
1688 0.558514
1691 0.474219
1694 1.004017
1713 0.213354
1715 0.538823
1716 0.983818
1726 0.264600
1727 0.483105
1734 0.049661
1746 1.085802
1754 0.242098
1756 0.551894
1758 0.461848
1764 0.413121
1767 0.365717
1769 0.516830
1773 1.044071
1775 0.315408
1779 0.609988
1781 0.224509
1792 0.115462
1796 0.407513
1800 0.589860
1802 1.144492
1807 0.220884
1810 0.191550
1813 0.514381
1814 1.132557
1819 0.439855
1829 0.210997
1830 0.577310
1846 0.091326
1847 0.540903
1848 0.193444
1851 1.212351
1868 0.528385
1874 0.382747
1877 0.169944
1879 1.114806
1882 0.950864
1892 0.550547
1899 0.542532
1905 0.169486
1907 0.106730
1908 0.307899
1911 0.491969
1919 0.352257
1921 1.154620
1925 1.117028
1932 0.419862
1938 0.089308
1941 0.129490
1961 0.325393
1965 0.204852
1969 1.135050
1973 0.054721
1984 0.420712
1986 0.560401
1993 1.160145
1999 0.140562
2000 0.402774
2001 1.054838
2006 0.215370
2011 0.464229
2020 0.404712
2021 0.334516
2025 0.172474
2026 0.975013
2028 0.445437
2031 1.172947
2034 0.594957
2046 0.442489
2048 0.012619
2056 0.152106
2057 0.397130
2060 0.154743
2061 0.224926
2065 0.270230
2066 0.166933
2072 1.042883
2075 1.052584
2077 0.076248
2081 1.121314
2083 0.039140
2084 0.032833
2095 0.585008
2096 0.207941
2102 0.132377
2105 0.223475
2106 0.143729
2121 0.496925
2122 0.509026
2123 0.568607
2125 1.180278
2128 0.939091
2130 0.130265
2133 1.023801
2134 0.011432
2142 0.563229
2147 0.566619
2148 0.413920
2150 0.097746
2151 0.223052
2160 0.603420
2161 1.098751
2163 0.570518
2170 0.376822
2174 0.890309
2185 0.577310
2186 0.386569
2195 0.171055
2211 0.476132
2228 0.015395
2238 1.206513
2240 0.043846
2256 0.013426
2258 0.554734
2267 1.042119
2270 0.602855
2273 0.249918
2282 0.150194
2287 0.353568
2292 0.439410
2300 0.089583
2303 1.001725
2304 0.423848
2307 0.171478
2313 0.539213
2316 0.034127
2322 0.057018
2323 0.257776
2324 0.308522
2329 1.085217
2334 0.399436
2337 0.276319
2343 0.227138
2350 1.154620
2352 0.574954
2366 0.257683
2367 0.135838
2389 0.045728
2396 0.559816
2397 0.933791
2399 0.467885
2404 0.546272
2408 0.169797
2416 0.609546
2418 1.141349
2428 0.065444
2440 0.491045
2442 0.559381
2449 0.446950
2460 0.184739
2465 1.228634
2476 0.549335
2477 0.275883
2482 0.471520
2484 0.356008
2492 0.383049
2493 0.236056
2494 0.279540
2498 0.145025
2521 0.045879
2529 0.553677
2530 0.548604
2531 0.353667
2535 0.376822
2536 0.296056
2545 1.208955
2549 0.277109
2550 0.231978
2558 0.584808
2564 0.472652
2566 1.115258
2570 0.256582
2571 0.195873
2589 0.074836
2624 0.102841
2633 0.530695
2634 0.923696
2635 0.085177
2641 0.009349
2643 0.255293
2644 0.063267
2645 0.036271
2648 0.105498
2660 0.418774
2667 0.243753
2671 1.297166
2682 0.444085
2684 0.253896
2692 0.126727
2696 0.593805
2700 0.350771
2708 0.405866
2729 0.256582
2734 1.040301
2740 1.019505
2744 0.214813
2745 1.127453
2748 0.407513
2749 0.019405
2774 0.243078
2775 0.038064
2786 0.244919
2794 0.420751
2796 0.155679
2798 1.160145
2799 0.380779
2800 0.011489
2804 0.076975
2812 0.428720
2821 0.147398
2825 0.278076
2829 0.021186
2832 0.069139
2836 0.243078
2843 0.436883
2850 0.107407
2854 0.426481
2867 0.145729
2870 0.014433
2878 1.209602
2880 0.056878
2881 0.093492
2894 0.088817
2905 0.453009
2915 0.452611
2917 0.022204
2925 0.331867
2926 0.407513
2929 0.512130
2932 0.268948
2939 0.252158
2947 0.296373
2951 0.450583
2956 0.020080
2957 1.054509
2961 0.493236
2963 0.928338
2964 0.459932
2973 0.226977
2983 0.052483
2987 0.561983
2989 0.161110
2999 0.446950
3000 1.120227
3001 0.577310
3022 1.149299
3023 0.487181
3032 0.464428
3037 1.154620
3045 1.159576
3048 1.189609
3056 0.599637
3057 0.114037
3077 0.562997
3082 0.454478
3091 0.559816
3092 0.521753
3093 0.544004
3096 0.401136
3100 0.391871
3101 0.305186
3107 0.224793
3109 0.040336
3110 0.546383
3120 0.568242
3148 0.589593
3150 0.190846
3151 0.528122
3156 0.572692
3160 0.543351
3162 0.426321
3163 0.467187
3169 0.125607
3175 0.071273
3184 1.137037
3188 0.410052
3192 0.073543
3193 0.500676
3194 0.270230
3197 0.103620
3199 0.156736
3207 1.067857
3211 0.615797
3213 0.225003
3214 1.160861
3215 0.369878
3226 1.069303
3230 0.432983
3234 0.413035
3235 0.524183
3238 0.130888
3244 0.244247
3247 0.325662
3250 0.366546
3251 0.458979
3253 0.359522
3262 0.280312
3265 0.271038
3266 0.286101
3269 0.062751
3274 1.247850
3284 0.331243
3287 1.243437
3294 0.361116
3296 0.079287
3297 0.399924
3304 1.069093
3311 0.326437
3318 0.286007
3320 1.078282
3322 0.461848
3327 1.120859
3328 0.066357
3334 0.530753
3336 0.335420
3337 0.075891
3338 0.021283
3345 1.110212
3348 0.291002
3351 0.344235
3352 0.331326
3355 0.511842
3363 0.027168
3374 0.303234
3381 0.301205
3392 0.009662
3394 0.147157
3396 0.128942
3400 0.423588
3405 0.023326
3411 0.489839
3422 1.154620
3423 0.196285
3428 0.408263
3431 0.183690
3434 0.087141
3435 0.066796
3450 0.382674
3457 0.214027
3475 0.459932
3480 0.234117
3483 0.463822
3487 0.364018
3490 0.444636
3502 0.123159
3511 0.510073
3529 0.066741
3530 1.213082
3533 0.375923
3537 1.083929
3541 1.062775
3550 1.144752
3556 1.056771
3557 0.481092
3559 0.329891
3561 0.207941
3566 0.560401
3576 1.200805
3588 0.346928
3604 0.230924
3607 0.509832
3615 0.380002
3634 1.161882
3635 0.403201
3637 1.087267
3638 0.139954
3641 0.123709
3644 0.345059
3646 0.013664
3648 0.565717
3656 0.109964
3661 0.498796
3670 1.102780
3672 1.032497
3674 0.130888
3676 0.583026
3683 0.520987
3689 1.054509
3694 0.242406
3695 0.415470
3697 0.569813
3701 0.461848
3720 1.127768
3721 0.321071
3726 0.099919
3728 1.149869
3729 1.031587
3735 0.269607
3736 0.176784
3739 0.485382
3740 1.066705
3743 1.076701
3744 0.244688
3746 0.987600
3754 0.160046
3757 0.200803
3761 0.089583
3765 1.148575
3773 0.239548
3774 0.052186
3777 0.517174
3778 0.285679
3784 0.146952
3786 0.593084
3789 1.016913
3790 0.067259
3792 0.071210
3798 0.312427
3799 0.489559
3803 0.320357
3806 0.247035
3807 1.070509
3808 0.528483
3820 0.030385
3821 0.913656
3826 0.270837
3827 0.501502
3829 0.527826
3830 1.120051
3851 0.555011
3857 0.303234
3861 0.486701
3862 0.282353
3873 0.178691
3878 0.335531
3879 0.265317
3887 1.120661
3891 0.573724
3902 0.552744
3906 0.604801
3910 0.012973
3914 0.436503
3923 1.031170
3924 0.043777
3928 0.494117
3931 0.590491
3936 0.450583
3942 1.037632
3944 0.173464
3950 0.027711
3967 0.599803
3975 0.243078
3978 0.319955
3980 1.073485
3983 0.066294
3986 0.482310
3990 1.037306
3994 0.401607
3997 0.191298
4000 1.220744
4002 1.035177
4005 0.298609
4010 0.265913
4015 0.992757
4018 0.019405
4040 0.083323
4046 0.009425
4051 0.563229
4060 0.348742
4065 0.480139
4068 0.160843
4074 1.120460
4078 1.216109
4087 0.983757
4089 0.095649
4113 0.473949
4116 0.504540
4125 1.020659
4130 1.161882
4133 1.130054
4142 0.192437
4144 0.532031
4155 0.228638
4158 0.212200
4174 0.292309
4175 1.017165
4179 0.486888
4184 0.380345
4187 0.271675
4193 0.230924
4201 0.373211
4214 0.339272
4215 0.371486
4216 0.514243
4217 0.487868
4226 0.529767
4230 1.080679
4231 0.127745
4233 0.060769
4240 0.443496
4241 1.070648
4251 0.252573
4259 0.586102
4260 0.486156
4261 0.315470
4267 0.070332
4269 1.147706
4270 0.523428
4275 0.388108
4278 0.459606
4279 1.192353
4280 0.074150
4285 0.480139
4289 1.130863
4302 0.028334
4306 0.099782
4307 0.331326
4310 0.513164
4323 0.559455
4335 0.436503
4344 0.196997
4352 0.242406
4353 0.055644
4370 1.161071
4386 0.101029
4390 0.257947
4397 0.164946
4398 0.396742
4402 1.169423
4403 0.012154
4421 0.365304
4423 0.027009
4428 0.123709
4437 0.481501
4440 0.083467
4444 0.095226
4452 0.911929
4470 0.358578
4471 0.970092
4476 0.186229
4479 0.417962
4482 0.427209
4487 0.187833
4495 1.127768
4504 0.446103
4509 0.579767
4510 1.154620
4514 0.218286
4518 0.577310
4522 1.154620
4527 0.317673
4538 0.233847
4542 1.102137
4548 0.432983
4553 0.322520
4565 0.281879
4571 0.348127
4572 1.091063
4576 0.123309
4587 0.168652
4588 0.516183
4589 0.263078
4595 0.311796
4600 0.301861
4606 0.125959
4608 0.029797
4622 0.470603
4624 0.269239
4627 0.138278
4631 0.563499
4632 0.301615
4633 0.176784
4635 0.991402
4636 0.265430
4637 1.135897
4642 0.594078
4648 0.379742
4654 0.261873
4657 0.270032
4670 0.169605
4671 1.168366
4673 0.314896
4675 0.402013
4678 0.091455
4686 0.214520
4689 0.344166
4691 0.062751
4692 0.118086
4693 0.244508
4696 0.976595
4697 0.437699
4701 0.511707
4709 0.554734
4711 0.592113
4712 0.345919
4725 1.047490
4729 0.082054
4742 0.071525
4744 1.030734
4752 0.246492
4755 0.490124
4757 0.531733
4759 1.078907
4760 0.941536
4772 0.307899
4779 0.434794
4780 0.563229
4785 0.567688
4791 0.343265
4795 0.044126
4801 0.536490
4804 0.476132
4814 1.139428
4815 0.057491
4820 1.040784
4829 0.479842
4830 0.149304
4832 0.020527
4834 0.357099
4836 0.286947
4851 0.025376
4854 0.153268
4856 0.544216
4857 0.217853
4859 1.002696
4868 0.338173
4873 1.080129
4878 0.322520
4882 0.171544
4886 0.573894
4888 1.176613
4899 0.345877
4908 0.958335
4917 1.065803
4918 0.196068
4929 0.012688
4930 0.275730
4944 0.521441
4946 0.565528
4947 1.193982
4966 0.396260
4968 0.479276
4969 0.208981
4972 0.117818
4977 0.111557
4991 0.969881
5005 0.524827
5006 0.265665
5009 0.995142
5018 1.060365
5025 1.007668
5028 0.135838
5034 0.967945
5036 0.165792
5043 0.141120
5045 0.143431
5048 0.535846
5049 0.237922
5055 0.346386
5056 0.275194
5058 0.301710
5063 0.282513
5071 1.010958
5073 0.038487
5074 0.147623
5098 0.050864
5104 0.109964
5116 0.537496
5118 0.029797
5123 0.210997
5133 0.382815
5135 0.044695
5137 0.086327
5139 0.051893
5140 0.074975
5147 0.510464
5154 0.302667
5156 0.429039
5164 0.523745
5167 0.423588
5172 0.377876
5190 0.084356
5193 0.174476
5196 0.465573
5198 0.514494
5199 0.551894
5202 0.010944
5204 0.317785
5211 0.241665
5216 0.261226
5218 1.211780
5221 0.472652
5224 0.162831
5230 0.233257
5239 0.291256
5245 0.431728
5249 0.080023
5254 0.134085
5257 0.019993
5259 1.119202
5270 1.013086
5277 0.255400
5281 1.042119
5282 0.534909
5283 0.432983
5284 0.353756
5285 0.154743
5288 0.060769
5293 0.474082
5294 0.251264
5300 1.223159
5305 1.145233
5312 0.554218
5316 1.079193
5321 0.482723
5326 0.138807
5331 0.081383
5332 0.441256
5341 0.029355
5344 0.151781
5346 0.571233
5353 0.563565
5367 1.221749
5373 0.974802
5374 0.028509
5381 0.318516
5397 0.009542
5400 0.141909
5401 0.243833
5402 0.283591
5404 1.169113
5406 0.571594
5409 0.200803
5412 1.128674
5416 0.371128
5419 1.232335
5425 0.529642
5427 0.476132
5433 0.584618
5439 0.135838
5441 0.010842
5456 1.164084
5462 0.364617
5463 0.153099
5464 0.023444
5473 0.197371
5475 0.391567
5479 1.043777
5482 1.253185
5483 0.505505
5486 1.313513
5488 0.490230
5498 1.201177
5515 0.041236
5534 1.073797
5544 0.429626
5562 1.025223
5565 0.615797
5566 0.158477
5571 1.233344
5573 0.276105
5575 0.603723
5577 0.588203
5578 0.173918
5592 0.860519
5594 0.303234
5595 0.394261
5597 0.259326
5599 1.125610
5604 0.366099
5608 0.987600
5613 1.111856
5616 0.075713
5620 0.130466
5622 0.290049
5626 0.258016
5632 0.490714
5636 0.322220
5638 0.091845
5639 0.236056
5645 1.013086
5650 0.501554
5654 0.515894
5657 0.402528
5660 1.121898
5666 0.121539
5671 1.004017
5672 0.100402
5681 1.078427
5684 0.446950
5693 0.197582
5702 0.256582
5705 0.583026
5717 0.549819
5721 0.434857
5722 0.172939
5723 0.259790
5724 0.212073
5732 0.226011
5734 0.297229
5739 0.317521
5744 0.449852
5746 0.577310
5757 0.402889
5758 0.188938
5759 1.029261
5764 0.219313
5767 0.519881
5779 0.305860
5782 0.053954
5792 0.585147
5796 0.185801
5797 0.188938
5802 0.048109
5805 0.150855
5810 0.487666
5811 0.084484
5816 0.322220
5828 0.234838
5831 0.538823
5839 0.489149
5840 0.459066
5842 0.417333
5844 0.491328
5859 0.564921
5865 0.334516
5874 0.079629
5878 0.129397
5894 0.577310
5895 0.173193
5915 0.168382
5920 0.317785
5924 0.347507
5925 0.044623
5926 0.050475
5932 0.174648
5934 0.471520
5942 0.035895
5953 1.182243
5957 0.406347
5977 0.023564
5979 0.473394
5982 0.236845
5985 0.416616
5990 0.506135
6002 1.148097
6003 1.166052
6007 0.316001
6008 1.016913
6013 0.064659
6015 0.360819
6022 0.140807
6038 1.125993
6040 0.196997
6050 0.488239
6051 0.364617
6056 0.352941
6062 1.103430
6066 1.074352
6072 0.518653
6073 1.039923
6078 0.150369
6081 0.333174
6083 0.189282
6092 0.386615
6098 0.422542
6104 0.527005
6107 1.191082
6109 0.523033
6116 0.169797
6119 0.344235
6128 0.180611
6129 0.482026
6134 0.468384
6139 0.256582
6144 0.556443
6149 1.034347
6167 0.522847
6171 0.236172
6172 0.013196
6174 0.020527
6185 0.246163
6200 0.211680
6211 0.357560
6218 0.428720
6219 0.111140
6220 0.275730
6221 0.325662
6231 0.125959
6235 0.390005
6238 0.064866
6240 1.103613
6241 0.345399
6244 0.386525
6249 0.184739
6252 0.343929
6256 0.253453
6259 0.349071
6266 0.346928
6274 0.127504
6275 0.342580
6276 0.098498
6279 0.218885
6288 0.482723
6289 0.500158
6291 0.312934
6292 0.511901
6294 0.164946
6303 0.048109
6306 0.346984
6310 0.345059
6313 0.410966
6318 0.530634
6324 0.952562
6335 0.106037
6339 0.200803
6346 0.340201
6349 0.219313
6355 0.259085
6356 0.125502
6365 0.488728
6372 0.338173
6373 0.486813
6376 0.325245
6379 0.067588
6381 0.442997
6382 0.405130
6396 0.554621
6399 0.290049
6408 0.308522
6409 1.121314
6412 0.310486
6413 0.406866
6414 0.167510
6416 0.262184
6423 0.213161
6431 0.552917
6432 0.436080
6434 0.459804
6437 0.582161
6442 0.323588
6446 0.082843
6448 0.057731
6460 0.409865
6463 0.410194
6466 0.094738
6472 1.121314
6478 0.074093
6481 0.569813
6485 0.238066
6495 1.138358
6499 0.502599
6505 0.318039
6512 0.379809
6514 0.303562
6519 0.252158
6524 1.114806
6535 0.024308
6536 0.492133
6539 0.527109
6543 0.545100
6546 0.326559
6547 0.133423
6553 1.026329
6554 0.285679
6555 0.577310
6557 0.998318
6560 0.204358
6561 0.461848
6562 0.461848
6567 0.152386
6573 0.389057
6575 0.340011
6584 0.457779
6586 1.124394
6587 0.543912
6594 0.430153
6595 0.165857
6598 0.580465
6609 0.535324
6624 0.266846
6626 0.067353
6631 0.182056
6633 0.303847
6635 0.561707
6659 0.118761
6660 0.220480
6668 1.051987
6672 0.461848
6677 0.096218
6683 0.326010
6690 0.243591
6693 0.090756
6707 0.190322
6709 0.243078
6719 0.226920
6727 1.269128
6728 0.537252
6731 0.549149
6733 0.371128
6737 0.028627
6738 0.545038
6741 0.513164
6750 0.337024
6751 0.331470
6755 0.544632
6757 0.068321
6758 0.455635
6763 0.284389
6771 1.198100
6781 0.056323
6782 0.408928
6785 0.580609
6790 0.278501
6793 1.185826
6801 1.203407
6802 0.031633
6809 0.128291
6810 0.029417
6813 0.455023
6818 1.331709
6819 0.446324
6824 0.154888
6825 1.085343
6828 0.145847
6830 1.191866
6833 0.345059
6836 1.121314
6842 0.975735
6845 0.343140
6846 0.291827
6852 0.988033
6854 0.873767
6867 0.040992
6872 0.386444
6876 1.100285
6880 0.263913
6881 0.242016
6884 0.345307
6885 0.283342
6887 0.595933
6891 0.039587
6892 1.054448
6894 1.054983
6900 1.245774
6904 0.558687
6908 0.546027
6910 0.221245
6915 0.027656
6917 0.902596
6921 1.180861
6931 0.461848
6932 0.060504
6933 0.923696
6934 0.352257
6948 1.122004
6950 1.131528
6952 0.363147
6968 0.233847
6971 0.393062
6973 1.169812
6976 0.995539
6980 0.196285
6989 0.208040
6995 0.373966
6996 0.275588
6997 0.577310
6998 0.387178
7001 0.381025
7005 1.124235
7013 1.067382
7016 0.267872
7037 0.009869
7041 1.166523
7044 0.334232
7049 0.503834
7050 0.208129
7061 0.135115
7068 0.467820
7072 0.077715
7077 0.195491
7078 0.505146
7080 0.323857
7086 1.059015
7087 0.372792
7090 0.224509
7091 0.089198
7092 0.114037
7094 0.294546
7095 0.563758
7104 1.306370
7113 0.120387
7114 0.529767
7117 0.166646
7120 0.127008
7122 1.216575
7126 0.160843
7137 1.081400
7139 0.010040
7146 0.509391
7149 1.042521
7151 1.075733
7153 0.574600
7164 0.322520
7171 1.048367
7174 0.347141
7175 0.432983
7176 1.267266
7187 0.378350
7188 0.035710
7192 1.084339
7199 0.530501
7206 0.275274
7207 0.555387
7209 0.095086
7210 0.443292
7239 0.011546
7241 0.426481
7243 1.071692
7247 0.508457
7256 0.465573
7264 0.124050
7272 1.252996
7273 1.182243
7279 0.080089
7285 0.200223
7292 0.117220
7296 0.039814
7304 0.446538
7308 0.972874
7309 0.422119
7311 0.456908
7314 1.066769
7315 1.092054
7318 0.416200
7328 0.107685
7331 0.036850
7333 0.227138
7335 0.489559
7336 0.277505
7337 1.124708
7339 0.155679
7350 0.225292
7360 1.323964
7364 0.172117
7368 0.048109
7378 0.580767
7379 0.095086
7380 0.038487
7383 0.205483
7388 0.115989
7389 0.566208
7419 0.452792
7420 1.102401
7426 0.532902
7428 0.494837
7431 1.097461
7433 0.049133
7445 0.277109
7449 0.492638
7452 0.078948
7455 0.300682
7460 0.200345
7462 0.554218
7470 0.515285
7476 1.114806
7482 1.107599
7483 0.160643
7490 0.211211
7491 0.535476
7494 0.384873
7503 0.111902
7505 0.323294
7509 0.096218
7510 1.005316
7512 1.292733
7516 0.249130
7519 0.356792
7520 0.477391
7527 1.063943
7538 1.097666
7542 0.195147
7551 0.248687
7557 0.150101
7559 0.136455
7564 0.413121
7567 0.325532
7569 0.363956
7572 0.411839
7577 0.595271
7579 1.039158
7581 0.182815
7582 0.306536
7587 0.216491
7588 0.261164
7590 0.361161
7592 0.193512
7604 0.229648
7613 0.022420
7615 0.237399
7618 0.329891
7620 0.560230
7621 0.263913
7624 0.352018
7625 0.170155
7626 0.378764
7635 0.228519
7654 1.136673
7656 1.110454
7662 1.033359
7664 0.459710
7679 0.202192
7688 0.482528
7690 0.375252
7701 0.021481
7703 1.109635
7705 0.252376
7706 0.048718
7710 1.037306
7713 0.424569
7716 0.077949
7720 1.095911
7721 1.125512
7733 0.359215
7749 0.362881
7750 0.174536
7755 0.481682
7759 0.600874
7767 0.590139
7771 0.449019
7773 0.057731
7774 0.461848
7775 0.430536
7780 0.084142
7781 0.038012
7784 0.260721
7788 0.194936
7789 0.170267
7803 0.329891
7804 1.201219
7808 0.010040
7810 0.303088
7811 0.583141
7812 1.121359
7826 0.244247
7837 0.413383
7839 1.067479
7840 0.492767
7844 1.122547
7847 0.525681
7855 0.548153
7859 0.290567
7860 0.532902
7882 1.050765
7883 1.096158
7884 1.051529
7885 0.358717
7891 0.419862
7899 0.569402
7902 0.590026
7903 0.277109
7904 1.060365
7905 0.571479
7907 1.037992
7911 0.220545
7915 0.082054
7919 0.447415
7926 0.120960
7927 0.076465
7929 0.582808
7931 0.036271
7932 0.497519
7940 0.317871
7954 0.190453
7957 0.340533
7958 0.221245
7961 0.608195
7965 0.356792
7969 0.033306
7993 0.370914
7995 0.073309
7999 0.074014
8001 0.420955
8002 0.291571
8005 0.283407
8008 0.948661
8013 0.250777
8018 0.363956
8021 0.482528
8025 0.272228
8026 0.548445
8029 1.222539
8033 0.490458
8037 0.117220
8042 0.474884
8043 0.164946
8045 1.086701
8048 0.226800
8049 0.525867
8050 1.093851
8051 0.021186
8052 0.564760
8057 0.414834
8060 0.239921
8061 0.277109
8072 0.355268
8075 1.140247
8076 0.114037
8093 0.233729
8102 0.318110
8104 1.050650
8108 1.072147
8109 1.154620
8110 0.259981
8112 0.353667
8122 0.516294
8123 0.494837
8129 1.032497
8135 0.230924
8136 0.207832
8141 0.297095
8145 0.189061
8150 0.336155
8152 0.507635
8157 0.119650
8161 1.258640
8165 1.039705
8167 1.238811
8168 0.055311
8172 0.085527
8173 0.026391
8176 0.100402
8178 1.134364
8183 0.979311
8190 0.465899
8200 0.178492
8206 0.241125
8208 0.083133
8227 0.127008
8228 0.481092
8230 0.012688
8233 0.532902
8241 0.597567
8243 0.331953
8247 0.285797
8253 1.056515
8255 0.187553
8259 0.253334
8260 0.218626
8261 0.336971
8265 0.426548
8269 0.598177
8271 0.137455
8272 0.191498
8273 1.035659
8277 0.142546
8287 0.519347
8291 1.115575
8294 0.530860
8296 0.254127
8300 0.964447
8316 1.210670
8319 0.400446
8321 0.432324
8323 0.471274
8343 0.530860
8344 0.051777
8345 0.499595
8348 1.305223
8349 0.218286
8354 0.360157
8355 0.402889
8358 0.539972
8361 0.021582
8364 1.018782
8365 0.229924
8371 0.557003
8389 1.105487
8391 0.153311
8411 0.146952
8412 0.052964
8429 0.306198
8431 0.439855
8445 0.409065
8452 0.134258
8454 0.311358
8459 1.125265
8475 0.220384
8478 0.537948
8493 0.164946
8498 0.544131
8501 0.538075
8511 0.358949
8520 0.243833
8522 0.148028
8524 0.212988
8526 0.135115
8528 0.189476
8544 0.432983
8548 0.196810
8554 0.963949
8555 0.024965
8557 0.492767
8560 0.525867
8568 1.108893
8570 0.258980
8571 0.307899
8575 0.187961
8579 1.194781
8580 0.185481
8581 0.333292
8582 0.157448
8584 0.291973
8589 0.100402
8590 0.533928
8592 0.383100
8593 0.226396
8597 0.360043
8601 0.441091
8609 0.402255
8614 0.227951
8619 0.239757
8624 0.547552
8628 0.095819
8632 0.397702
8646 0.452073
8649 1.184533
8660 1.093851
8668 1.008260
8676 0.226674
8677 0.577310
8679 0.021283
8687 1.053115
8688 0.377612
8691 0.282124
8692 1.079645
8693 0.230924
8694 0.860074
8696 0.294797
8700 0.517960
8709 0.360043
8713 0.155898
8715 0.040513
8716 0.473323
8719 0.223475
8728 1.071692
8732 0.370071
8735 0.362234
8738 0.076975
8740 0.244149
8744 0.415950
8747 0.184248
8750 0.492826
8753 0.059211
8754 0.534652
8762 0.106037
8770 1.134827
8772 0.247821
8776 1.097461
8777 0.295583
8780 0.399489
8791 0.528483
8796 1.082108
8797 0.081503
8799 0.311747
8800 0.201264
8809 0.035527
8814 0.105445
8815 0.241552
8823 0.349202
8833 0.094255
8851 0.475843
8852 0.926462
8854 0.178780
8859 1.254402
8865 0.021993
8866 0.193332
8872 1.140875
8873 1.186399
8880 0.099782
8885 0.129397
8893 0.339210
8896 0.349202
8899 1.144917
8906 0.218626
8924 0.568242
8926 0.591624
8934 0.360819
8936 0.082473
8938 0.335212
8940 0.075536
8943 0.113198
8952 0.406659
8957 0.198218
8958 0.444502
8971 0.590736
8974 1.172026
8976 0.260356
8977 0.344819
8980 0.136731
8984 1.076033
8988 1.154620
8989 0.996941
8993 0.505957
9006 1.226439
9011 0.539213
9015 0.436308
9017 0.549819
9024 0.155679
9029 0.091455
9038 0.487181
9051 0.383147
9057 1.143188
9059 0.085881
9061 0.380002
9073 0.371128
9084 0.357560
9086 0.481606
9087 0.326306
9098 1.033788
9102 1.142205
9105 0.493338
9108 0.483973
9116 0.145628
9118 0.171055
9126 0.464847
9131 0.041236
9139 0.213303
9152 0.335420
9161 1.149096
9165 0.101665
9167 1.040953
9176 0.414157
9177 0.110442
9179 0.436080
9186 0.286188
9192 0.392347
9209 1.117072
9216 0.412715
9219 0.567001
9221 0.051316
9222 0.572376
9223 0.320189
9230 0.073811
9233 1.112887
9235 0.592113
9236 0.569680
9238 0.341768
9242 0.337423
9243 0.347325
9270 0.359731
9271 0.193976
9275 0.194755
9276 0.537252
9279 0.010355
9283 0.074793
9284 0.269411
9289 0.541022
9302 0.092370
9308 0.473205
9309 1.160481
9310 0.206517
9315 0.467515
9317 0.223475
9319 1.069543
9325 0.043846
9326 0.123033
9331 1.222539
9333 1.034846
9337 0.175385
9338 0.988140
9346 0.211680
9347 0.215076
9349 0.494837
9355 0.315548
9368 0.974679
9370 1.057243
9371 0.899704
9377 0.419862
9385 0.363025
9395 0.214163
9398 0.505834
9408 0.057731
9412 1.016066
9414 0.537298
9417 0.347835
9418 0.333981
9421 0.380122
9423 0.171544
9424 0.162219
9430 0.044840
9434 0.369989
9450 0.459550
9453 0.104438
9457 0.179256
9462 0.563229
9463 0.342661
9465 0.580686
9474 0.208666
9476 0.513164
9479 0.517423
9480 0.546925
9485 0.010173
9492 0.310037
9495 0.477391
9502 0.499836
9504 0.200291
9511 1.123966
9520 0.269175
9524 0.215817
9525 1.102780
9541 0.069977
9565 0.546925
9570 0.152258
9584 0.547704
9585 0.534012
9587 0.514494
9594 1.084643
9595 1.139625
9605 1.120661
9608 0.409232
9633 0.343087
9642 1.042883
9654 0.193284
9656 0.364617
9661 0.373966
9664 1.193107
9667 0.384873
9671 0.493507
9675 1.078658
9676 1.148876
9681 0.175385
9685 1.030678
9688 0.502474
9694 1.134540
9695 0.539162
9704 0.222450
9709 0.588630
9712 0.409232
9717 0.037246
9719 1.116675
9728 0.533857
9734 0.260050
9738 0.038169
9740 0.236845
9744 0.331714
9753 0.049984
9757 0.300305
9759 0.528621
9763 0.345769
9765 0.202904
9768 1.241217
9769 0.302521
9776 0.555387
9797 0.251004
9799 0.471039
9814 0.323857
9816 0.369002
9823 0.180723
9824 0.470816
9832 0.615797
9839 0.546677
9848 0.282995
9850 0.543351
9860 0.507841
9864 0.036462
9865 0.930765
9867 0.254322
9869 0.243078
9871 1.056966
9872 0.446950
9877 0.363251
9878 0.308522
9880 0.268948
9899 0.057731
9912 1.108957
9914 0.452073
9918 0.145540
9924 0.123159
9926 1.203236
9930 1.276743
9933 0.452423
9935 0.021582
9938 0.505743
9942 0.521441
9950 0.523428
9963 1.246581
9969 0.240546
9973 0.513164
9983 0.300738
9984 1.078427
9985 1.205810
9988 0.475152
9993 0.290166
9995 1.043261
10005 0.067522
10008 0.503131
10015 0.324276
10017 1.009668
10018 0.100402
10022 0.249293
10026 1.047214
10029 0.227886
10044 0.223475
10047 0.407513
10055 0.528989
10059 0.265176
10061 1.030467
10073 0.503611
10087 1.042521
10088 1.163932
10089 0.408199
10092 0.048109
10093 1.119632
10097 1.154620
10110 0.424146
10111 0.465573
10113 0.224380
10114 0.345059
10116 0.445437
10122 1.102476
10127 0.981179
10129 0.255349
10133 0.388470
10143 0.074492
10147 0.606176
10148 0.124050
10150 1.124235
10158 1.106511
10159 0.093492
10160 0.270350
10167 1.137886
10169 1.120227
10170 0.196531
10174 0.518171
10175 0.030519
10176 0.201220
10181 0.430536
10192 0.209931
10193 0.525456
10196 0.252376
10198 0.322689
10201 0.023930
10205 0.402774
10213 0.297966
10226 1.060217
10235 0.087554
10236 0.251718
10240 0.438627
10245 0.216890
10253 0.368702
10271 0.543351
10272 0.470963
10274 1.247735
10283 0.857718
10284 1.053591
10291 0.082054
10301 0.489375
10312 0.120134
10319 0.215268
10328 0.140562
10330 0.141120
10335 0.475432
10343 0.563499
10344 0.453215
10346 0.544744
10347 1.107007
10353 0.222577
10358 0.164108
10384 0.424146
10385 0.074492
10388 0.054335
10395 0.483055
10398 0.255232
10407 1.056586
10409 0.280562
10416 0.387952
10418 1.210042
10420 1.115575
10421 0.285551
10426 0.255293
10430 0.422422
10431 0.459147
10439 1.027459
10440 0.418885
10459 0.102066
10461 0.061580
10462 0.111737
10463 0.302521
10467 0.481501
10468 0.263555
10474 0.105565
10477 0.498310
10487 0.067919
10495 0.408059
10499 0.310660
10508 0.547277
10524 1.027557
10528 0.014343
10530 0.278222
10538 0.509697
10549 1.086701
10556 0.284389
10571 1.265337
10574 1.116133
10581 0.263334
10586 1.185166
10591 0.534453
10593 0.097378
10597 0.192437
10602 0.366099
10603 0.558514
10604 0.449852
10612 0.080823
10613 1.000316
10621 1.214001
10625 0.315318
10626 1.087909
10629 0.452073
10632 0.532902
10635 0.948609
10637 0.332048
10639 1.161143
10644 0.329891
10655 0.340533
10658 0.407513
10659 0.911542
10664 0.305925
10667 0.498586
10682 1.121250
10685 0.032833
10688 1.118311
10708 0.350217
10713 0.144328
10716 0.283591
10718 0.459296
10731 0.114508
10733 0.504446
10739 0.076610
10740 0.553800
10745 0.233847
10761 0.243753
10767 0.175385
10773 0.278076
10774 0.163882
10775 0.487868
10778 0.392858
10779 1.106223
10793 0.983142
10795 0.333866
10797 0.583141
10822 0.246978
10825 0.399868
10830 0.454850
10836 0.058216
10841 0.249036
10844 1.079943
10851 0.428411
10852 0.399868
10857 0.109964
10869 0.486156
10887 1.180861
10889 0.495769
10891 0.402440
10892 0.038064
10895 1.137886
10901 0.136568
10911 1.252469
10913 0.142706
10916 1.154620
10918 0.338689
10919 1.026329
10921 0.211680
10924 0.109964
10929 0.264311
10931 0.485382
10932 0.574121
10933 0.532129
10935 0.556692
10939 1.167035
10950 0.441892
10964 0.374877
10965 0.362708
10979 0.175385
10980 0.221687
10988 0.183580
10994 1.177713
11008 0.581133
11011 0.183690
11022 0.541022
11023 0.544537
11025 0.304144
11026 1.135997
11028 1.159576
11030 0.229574
11031 0.998590
11039 0.096218
11043 0.471520
11048 0.436883
11051 0.286269
11052 0.475843
11061 0.250045
11068 0.267923
11071 0.021481
11074 0.412022
11075 0.224326
11077 0.310486
11079 0.528483
11080 1.114107
11083 0.041236
11086 0.472589
11099 0.397404
11100 1.120460
11113 1.168701
11116 0.405295
11120 1.081205
11132 1.103140
11134 0.014081
11144 0.538075
11155 0.387952
11157 0.501154
11160 0.204760
11161 0.423159
11166 0.222719
11167 0.536269
11169 0.463822
11170 0.344166
11171 1.180508
11174 0.480536
11175 0.407513
11178 0.307899
11180 0.148664
11201 0.189476
11202 0.332773
11206 0.552210
11209 0.099322
11214 0.225554
11217 0.309619
11222 0.018774
11228 0.202565
11237 1.090475
11241 0.464229
11244 0.260356
11246 0.142706
11277 0.273607
11291 1.077645
11300 0.577310
11309 0.290567
11311 0.428203
11312 1.051000
11319 0.360157
11322 0.028334
11323 1.212351
11327 0.381612
11332 0.498709
11334 0.246618
11344 0.083133
11348 1.121631
11349 0.217340
11350 0.205026
11352 0.312865
11363 0.359522
11366 0.533928
11367 0.522668
11369 0.561707
11371 0.583387
11372 0.400777
11383 1.073723
11394 0.347408
11395 0.546677
11397 0.238454
11398 0.101607
11406 1.040784
11410 0.347628
11416 0.364617
11417 0.179084
11419 0.555227
11423 0.249355
11427 0.577310
11429 1.131056
11433 0.097231
11438 1.106511
11441 1.057389
11445 0.095720
11448 0.577310
11465 0.414479
11466 0.314896
11472 0.117818
11473 0.504317
11477 0.380236
11479 1.213831
11482 0.508033
11488 1.209602
11489 0.292437
11492 1.051733
11501 0.147398
11509 0.138554
11517 0.242523
11528 0.129317
11529 0.133423
11533 0.104105
11535 0.345307
11540 0.451352
11563 0.305455
11574 0.455343
11576 0.155430
11580 1.202233
11581 0.329891
11585 1.065803
11615 0.039587
11618 0.516183
11622 0.478599
11626 1.039833
11636 1.161143
11643 0.316146
11646 0.530695
11648 0.923696
11653 0.137572
11656 0.149789
11658 0.124264
11670 1.178928
11682 0.105565
11683 0.205774
11691 0.443496
11694 1.135535
11699 0.574548
11701 0.425386
11702 0.532902
11709 0.369002
11711 1.101479
11715 0.442604
11718 0.399436
11724 0.307899
11730 0.479276
11733 0.196210
11734 0.135838
11737 0.985409
11744 0.450583
11747 0.229924
11754 0.377876
11761 0.384873
11762 0.349885
11778 0.342110
11788 0.113198
11792 0.964447
11803 0.059593
11816 0.076975
11817 1.160252
11825 1.098571
11833 0.273776
11836 0.343425
11840 0.145235
11841 0.224103
11842 0.193385
11845 0.430061
11850 0.390005
11854 0.395002
11855 0.495545
11857 1.144218
11860 0.551177
11872 0.051893
11881 0.394261
11891 0.106283
11892 1.256928
11903 1.034801
11914 0.347325
11927 0.109313
11928 0.270452
11932 0.374123
11933 0.158837
11936 1.117072
11937 0.284389
11948 0.171762
11950 1.021395
11952 0.509217
11960 1.236561
11962 0.399261
11974 0.445643
11975 0.011604
11982 0.381025
11983 0.396260
11986 1.046374
11991 0.540235
11993 0.184248
11998 0.251004
12002 0.344663
12003 0.035895
12009 0.088817
12013 0.279344
12015 0.020711
12024 1.036198
12030 0.352018
12036 0.586672
12041 0.200134
12048 1.131056
12050 1.098021
12058 0.275534
12059 0.084632
12062 0.217108
12065 0.477026
12066 0.163486
12067 1.043209
12071 0.144931
12077 1.013016
12091 1.161618
12092 0.135838
12096 0.010128
12097 0.369989
12104 0.225615
12108 0.217340
12111 0.410532
12113 0.519829
12114 0.080823
12121 0.351884
12122 1.099050
12127 0.196068
12129 0.447285
12140 0.328274
12148 0.549819
12149 0.515367
12151 0.388684
12161 0.058021
12162 0.174282
12164 0.030121
12165 0.223475
12166 0.149421
12169 0.559508
12177 0.144975
12183 0.304820
12186 1.029118
12191 0.435706
12196 0.380122
12199 0.502599
12205 0.392571
12207 0.337305
12213 0.090362
12217 0.128291
12225 0.368140
12235 0.321894
12240 0.996143
12242 1.037992
12248 0.535846
12256 1.029661
12272 1.031788
12277 0.052483
12279 0.549819
12281 0.411977
12283 0.305925
12284 0.230924
12294 0.334840
12305 0.182308
12307 0.067259
12314 1.206166
12322 0.029990
12326 1.088497
12330 0.225292
12335 0.567182
12339 0.482841
12341 1.175806
12356 0.268037
12366 0.454478
12372 1.029118
12373 1.106909
12374 0.459550
12385 1.203545
12394 1.024630
12395 0.514381
12396 1.001893
12399 0.214520
12400 0.333866
12402 0.573633
12407 1.178675
12410 0.535068
12415 0.900392
12418 0.296056
12428 0.142546
12460 0.265665
12462 0.993730
12473 0.551238
12483 0.516679
12486 0.208210
12487 0.344472
12488 0.228239
12489 0.224683
12491 1.128379
12496 1.108435
12499 0.270087
12501 1.004017
12507 0.047613
12513 0.148300
12522 0.411416
12523 0.445155
12527 0.046185
12529 0.471274
12533 0.234838
12535 0.125502
12538 0.434857
12540 0.517960
12544 0.192437
12549 0.203756
12553 1.037306
12554 0.478745
12555 0.068205
12562 1.242472
12566 0.368140
12583 0.174648
12587 0.450106
12588 0.419862
12603 0.599637
12616 0.148983
12621 0.443583
12636 0.447710
12639 0.083467
12652 0.479095
12653 1.065803
12654 0.464847
12657 0.441768
12658 0.456908
12664 1.099638
12666 0.072164
12670 0.491645
12671 0.228638
12676 0.346928
12694 0.354258
12697 0.142546
12700 0.037047
12701 0.265563
12705 0.382879
12706 1.205452
12708 0.134085
12709 1.106223
12715 0.476807
12718 0.298843
12722 0.368611
12723 0.583026
12726 0.577310
12731 0.022204
12743 0.589593
12754 1.186693
12755 0.461848
12757 0.123159
12758 0.085527
12762 0.094900
12763 0.112952
12768 1.047490
12778 0.377472
12788 0.585147
12792 0.408341
12801 0.423529
12811 0.239372
12812 0.118147
12815 0.453781
12823 0.108035
12828 0.322902
12834 0.580046
12839 0.949688
12852 1.195492
12861 0.377679
12865 0.565027
12871 0.574380
12877 0.444085
12883 0.412364
12891 0.071843
12893 0.550333
12895 0.541022
12905 0.117419
12911 0.322220
12928 1.023555
12943 0.158477
12948 0.953356
12951 1.085217
12956 0.240546
12962 1.186872
12970 1.233704
12972 0.095336
12974 0.256582
12975 0.517174
12991 1.263905
12992 0.232290
12997 0.414479
13002 0.533857
13006 0.386954
13009 0.386484
13023 0.968754
13024 0.382747
13025 0.459224
13026 0.149951
13028 0.369878
13032 0.242470
13035 0.048310
13038 0.150931
13041 0.321071
13042 0.092741
13044 1.185547
13053 0.066796
13055 0.530860
13056 0.516294
13059 0.942547
13063 0.386888
13067 0.391567
13068 0.586879
13072 0.409704
13075 0.249293
13080 0.253067
13083 0.108670
13085 0.237922
13090 0.556103
13093 1.199274
13094 1.032825
13097 1.199773
13101 0.441472
13105 1.187926
13110 0.557003
13113 0.419862
13117 0.351884
13127 0.420795
13128 0.420843
13131 1.061838
13133 0.443292
13137 0.292133
13138 0.305455
13139 0.028276
13141 0.350510
13152 0.236845
13155 0.540460
13158 0.010544
13165 0.191440
13170 0.491045
13175 0.392420
13176 1.022320
13179 0.236556
13187 1.205452
13189 0.499031
13190 0.042764
13202 0.511061
13210 0.582511
13218 0.347408
13224 0.369100
13228 0.574256
13238 0.194755
13242 0.338296
13254 0.305455
13262 0.014167
13267 1.100214
13268 0.518401
13269 0.022529
13275 0.459758
13276 0.345695
13278 0.571233
13279 1.218766
13280 0.461848
13282 0.313976
13287 0.309898
13289 0.132377
13290 0.337423
13292 1.160198
13293 0.515894
13298 0.146830
13301 0.211131
13307 0.159258
13309 0.464169
13310 0.386954
13325 0.347053
13328 0.138807
13330 0.178492
13333 0.051033
13346 0.442195
13352 1.034846
13354 0.443583
13355 1.182509
13360 0.139954
13361 0.993673
13365 0.103620
13366 0.351005
13367 1.071297
13376 0.182308
13380 0.199564
13381 1.072147
13384 1.052918
13385 0.535900
13387 0.106037
13389 0.577310
13392 0.591166
13393 0.199934
13394 0.444085
13395 0.075404
13397 0.029047
13401 0.472589
13404 0.257776
13405 0.041986
13411 0.278701
13418 0.311358
13419 0.365136
13423 0.261973
13424 0.263229
13429 0.397764
13436 1.148638
13442 0.414766
13443 0.148028
13444 1.099638
13452 0.080672
13453 1.066842
13454 1.048520
13458 1.229457
13459 0.047127
13466 0.233847
13472 0.079239
13487 0.546925
13491 0.996885
13496 0.315794
13497 0.335212
13498 0.049930
13500 1.062659
13505 0.572014
13507 0.490853
13514 0.098565
13520 0.871700
13522 0.218442
13538 0.317871
13539 0.446230
13541 0.500799
13543 0.598177
13544 0.550287
13551 0.010040
13553 0.194936
13555 0.059211
13556 0.276319
13562 0.329891
13568 1.191391
13573 1.161071
13576 0.368496
13578 0.130888
13599 0.336971
13605 0.443697
13606 0.189282
13612 0.323294
13616 0.569613
13620 0.131539
13622 1.055354
13624 0.551765
13625 0.308608
13627 0.257947
13631 0.577310
13633 0.221097
13635 1.044428
13644 0.827648
13652 0.365136
13654 0.193242
13661 0.398979
13667 0.034813
13674 0.069277
13675 0.322220
13685 0.357497
13686 0.588203
13693 1.148170
13705 0.408928
13710 0.600402
13717 0.240161
13718 0.228073
13719 0.301205
13722 1.160729
13728 0.551177
13733 0.483329
13741 0.481606
13744 0.963458
13751 0.520099
13757 1.110212
13776 0.354084
13778 1.054218
13784 0.160843
13787 0.524827
13789 0.599637
13794 0.168969
13797 0.119961
13803 0.441321
13805 0.448715
13812 0.264241
13815 0.595933
13817 0.171055
13822 0.148187
13825 0.166778
13827 0.061744
13828 0.251917
13832 0.406426
13840 0.397764
13856 0.355268
13861 0.966994
13871 0.203213
13876 0.195147
13877 0.229924
13884 0.313314
13888 0.170634
13891 0.484377
13894 0.300738
13896 1.142838
13898 0.237716
13910 0.415258
13917 0.052964
13926 0.045577
13927 1.089754
13932 0.518601
13936 1.175871
13938 1.027894
13939 0.215030
13950 0.288655
13959 1.114005
13960 0.031490
13968 0.057372
13979 0.179475
13982 1.223348
13986 1.037084
13996 1.198466
14002 0.510329
14005 0.263913
14012 0.245115
14015 0.476807
14017 0.044408
14026 0.336522
14029 0.553255
14047 0.382325
14048 0.026543
14049 1.114459
14062 1.191192
14066 1.083482
14067 0.574494
14069 0.034466
14078 0.532171
14085 0.092782
14089 0.496487
14090 0.474677
14093 0.970092
14098 0.316334
14107 0.430061
14110 0.558514
14114 0.124450
14119 1.034801
14128 0.522668
14130 0.412763
14134 0.584379
14155 0.018851
14159 1.018052
14162 0.207417
14169 0.403201
14173 0.364617
14175 0.125200
14180 0.450917
14183 0.409924
14187 0.541833
14189 1.023908
14193 0.386888
14198 0.232376
14199 0.475107
14210 0.010741
14213 0.065978
14217 1.147946
14219 0.207572
14224 0.319955
14235 0.087141
14241 0.500090
14243 0.066357
14256 0.115945
14260 0.489516
14270 0.133869
14278 0.461848
14286 1.131056
14289 0.136641
14293 0.029606
14295 0.502818
14301 0.013584
14306 0.206358
14310 0.264193
14311 0.150931
14320 0.214813
14322 0.585008
14325 0.014709
14328 0.947898
14334 0.177634
14354 0.058610
14357 0.010893
14368 0.893899
14370 0.501435
14371 0.458887
14373 0.209931
14377 0.470401
14383 0.335212
14386 0.112341
14397 0.517371
14398 0.512049
14400 0.891066
14410 1.140187
14413 0.190568
14417 1.048692
14439 0.296770
14442 1.154620
14453 0.301658
14464 1.034742
14467 1.107969
14469 0.014898
14470 0.549149
14479 0.226800
14482 0.023326
14486 0.527542
14493 0.046185
14494 0.184739
14504 0.071054
14510 0.458979
14512 0.559816
14516 1.111856
14522 0.070404
14536 0.519961
14537 0.510181
14547 1.100778
14552 0.232214
14556 1.139817
14559 0.057491
14567 1.203134
14568 0.044985
14577 0.481682
14585 0.583518
14586 0.202356
14593 0.208931
14600 0.089583
14612 0.518816
14613 0.343140
14614 0.091758
14617 0.226800
14620 1.138803
14626 0.036271
14627 0.371486
14634 0.245115
14639 0.209931
14642 0.457386
14645 0.592637
14655 0.935904
14662 0.067073
14676 0.389510
14683 0.187833
14684 0.304400
14688 1.083666
14691 1.035659
14693 0.053455
14695 0.359457
14698 0.141382
14712 0.202192
14717 0.344949
14719 0.470401
14723 0.187236
14725 0.013911
14726 0.336297
14735 0.984266
14736 0.317521
14741 0.247419
14746 0.437959
14747 1.159492
14759 0.584873
14763 0.393503
14778 0.031779
14780 1.063466
14782 0.445010
14793 0.051893
14796 0.381527
14797 0.574048
14808 0.323294
14813 0.062694
14824 1.264005
14828 0.088817
14829 0.406148
14832 0.293903
14833 1.192925
14835 0.244688
14841 0.567634
14844 1.035659
14848 0.083467
14850 0.948165
14864 1.059285
14867 0.189119
14874 0.090813
14876 0.221791
14889 0.227511
14898 0.486813
14902 0.502599
14903 0.473205
14907 0.108092
14920 0.502429
14929 0.342110
14931 0.304773
14934 0.447415
14946 1.154620
14948 1.091869
14957 1.118048
14959 0.186983
14960 0.235837
14966 0.267872
14967 0.914982
14969 0.459971
14981 0.467952
14984 0.530860
14987 1.140875
14989 0.302401
14990 1.098297
14996 0.483329
14999 1.078372
15005 0.335420
15006 1.046066
15009 0.509832
15013 0.388279
15015 0.559816
15016 1.030734
15028 0.329891
15035 0.402171
15050 0.277693
15055 0.508323
15061 0.329891
15066 0.571915
15067 0.221097
15068 0.200134
15070 0.392420
15071 0.029480
15079 1.206320
15084 0.482026
15087 0.352257
15088 1.185410
15091 0.185564
15096 0.169264
15099 0.050753
15104 0.353455
15117 0.577310
15122 0.557787
15124 0.020527
15141 0.428054
15147 0.242406
15158 0.205534
15162 1.121631
15164 0.197371
15186 0.612088
15189 0.370750
15190 0.570674
15193 0.151200
15198 0.021993
15199 0.229490
15200 0.508033
15205 0.983757
15209 1.073797
15210 0.447415
15213 0.346386
15216 0.113198
15223 0.196751
15242 0.059722
15253 0.204358
15256 1.078491
15270 0.191211
15272 0.415663
15274 0.464502
15276 0.282995
15277 0.167765
15283 0.439319
15290 0.548604
15306 0.561002
15328 0.138554
15331 1.043903
15336 0.081640
15337 0.976264
15338 0.222280
15341 1.054509
15344 0.258980
15353 0.247773
15354 1.048692
15369 0.497800
15371 0.207832
15373 0.210940
15375 0.150855
15379 0.337305
15381 0.491645
15396 0.420712
15398 0.512049
15399 0.445991
15402 0.338423
15414 0.049133
15415 0.483329
15419 0.208931
15421 0.137707
15423 0.345919
15426 1.194094
15428 0.091455
15436 0.408341
15438 0.102015
15440 0.347628
15445 0.090558
15450 0.607695
15453 0.504811
15457 0.560680
15458 1.012074
15462 0.486156
15463 0.437959
15469 0.261638
15470 0.569813
15482 0.029047
15490 0.227138
15491 1.148446
15493 1.098976
15502 0.307899
15504 0.467694
15506 0.587558
15512 0.544131
15519 0.200134
15523 1.102137
15530 0.176784
15537 0.470673
15541 0.331714
15542 0.012415
15543 0.530352
15544 0.595933
15547 0.229715
15558 0.313601
15561 0.470207
15563 0.230924
15566 0.214813
15567 0.084743
15570 0.971648
15573 0.176918
15580 0.529201
15595 0.043777
15599 0.287095
15621 0.931625
15625 1.202332
15629 0.154686
15638 0.969445
15643 0.474884
15655 0.408928
15656 0.235408
15658 1.056454
15664 0.401136
15666 0.411977
15679 0.117220
15691 0.410846
15693 0.403648
15701 1.169812
15707 1.061002
15716 1.173971
15724 0.545590
15728 0.263612
15738 0.301710
15748 1.160861
15749 0.123159
15753 0.289905
15759 0.352941
15765 0.213459
15778 0.143729
15785 0.446538
15787 0.524320
15788 1.085540
15795 0.174536
15796 0.457951
15803 0.529201
15814 0.410966
15816 0.405525
15826 0.562756
15833 0.216890
15842 0.012027
15846 0.998881
15850 0.555928
15857 1.184226
15859 0.025238
15865 0.193284
15867 0.321779
15873 0.260196
15874 1.142205
15875 0.590736
15876 0.284701
15877 0.258092
15878 0.552744
15879 0.203128
15880 0.514285
15884 0.474219
15888 0.502009
15889 0.090558
15893 0.037397
15895 0.473690
15912 0.325785
15913 0.404117
15915 0.261873
15930 1.117849
15947 0.047860
15948 0.518930
15949 0.102015
15957 0.962183
15963 0.077622
15973 0.248528
15982 1.019162
15993 1.041668
16001 0.264600
16002 1.009567
16004 0.051893
16009 0.358168
16016 0.041608
16017 0.944689
16020 0.494017
16023 0.414157
16026 0.173193
16037 0.490169
16044 0.144975
16045 0.516994
16046 0.065444
16051 1.128497
16056 0.484033
16059 1.110212
16061 0.208040
16068 0.287095
16070 0.053086
16073 0.193678
16074 0.226211
16088 0.519303
16089 0.145540
16097 0.059593
16102 0.974040
16106 1.075791
16110 0.305790
16123 0.478176
16127 0.076655
16129 0.170683
16131 0.991049
16132 0.237862
16139 1.246706
16142 0.086959
16147 0.057491
16154 0.326779
16160 0.379601
16163 0.484196
16170 0.054982
16173 0.351739
16175 1.250369
16187 0.254016
16189 0.036655
16192 0.555011
16198 0.375599
16207 0.085133
16214 0.028334
16216 1.226784
16219 0.123033
16229 0.060136
16235 0.286188
16242 1.173757
16246 0.395564
16247 0.475432
16252 1.260792
16254 0.497056
16256 0.079629
16260 0.198882
16264 0.557850
16269 0.324737
16273 0.250777
16281 0.153268
16283 0.104965
16284 0.470673
16294 0.555525
16297 0.599637
16299 1.111050
16300 1.104900
16301 1.268189
16305 0.367593
16309 0.579767
16316 1.117672
16318 0.158837
16320 0.194755
16347 1.180278
16366 1.132557
16371 0.559381
16377 0.445643
16381 0.335212
16391 0.354442
16395 0.226920
16400 0.231851
16411 0.037096
16416 1.233507
16417 0.362234
16431 0.437699
16433 0.203405
16437 1.165213
16443 0.509391
16451 0.245664
16466 0.147882
16472 0.186053
16475 0.106172
16483 0.559816
16489 0.537033
16495 0.945594
16500 0.306536
16505 0.328089
16506 0.372792
16513 0.157448
16515 1.058402
16517 0.522453
16520 0.447415
16523 0.047910
16524 0.524827
16534 0.291571
16543 0.472844
16546 0.531002
16547 1.045235
16552 0.391935
16562 1.056771
16565 0.571358
16573 0.986108
16576 0.544455
16585 1.081543
16588 0.174282
16589 1.031788
16608 0.133225
16611 0.070691
16612 0.464847
16614 0.031633
16615 0.522847
16616 0.599154
16621 0.943561
16622 0.908374
16624 0.472844
16633 0.500525
16634 1.074299
16636 0.317149
16647 0.058216
16650 0.411416
16656 0.543351
16657 0.179761
16658 0.202192
16667 0.440768
16681 0.134706
16685 0.481501
16687 1.025020
16699 0.251004
16701 0.356151
16708 0.071790
16713 0.087377
16716 1.289576
16724 1.100285
16734 0.157774
16735 0.486156
16740 0.247885
16751 0.096218
16753 1.006320
16771 0.076975
16773 0.023930
16783 0.306536
16784 0.333866
16794 0.545820
16795 0.396536
16802 0.433857
16803 1.034138
16805 0.366370
16807 0.332531
16817 0.128291
16818 0.203010
16819 0.133043
16821 0.168485
16826 0.486701
16828 0.536742
16829 0.970823
16834 0.461848
16837 0.476678
16841 1.178928
16845 0.100889
16848 0.570966
16851 0.304400
16859 1.194046
16873 0.273978
16876 0.574048
16879 0.436190
16880 0.343140
16883 0.488893
16884 0.045728
16886 0.119443
16891 0.303847
16894 0.298964
16896 0.112646
16901 1.097461
16902 0.040161
16904 0.352081
16910 0.384873
16913 0.493884
16916 0.235011
16922 0.964894
16923 0.363251
16927 1.109966
16936 0.133225
16947 1.135050
16959 0.582244
16960 0.081743
16962 0.365386
16963 0.079239
16966 0.481092
16974 0.506906
16982 0.502901
16984 1.108435
16985 0.581929
16986 0.378061
16987 1.086701
16989 0.414213
16995 0.259326
16998 0.208931
17001 0.233847
17004 0.434857
17010 0.548604
17017 0.119443
17021 0.541077
17024 0.389872
17025 0.154888
17031 0.473113
17035 0.189282
17041 0.470673
17042 1.177805
17045 1.062467
17049 0.606467
17051 0.189648
17053 0.432983
17056 0.099782
17064 1.085893
17070 0.980636
17078 0.379875
17084 0.455771
17089 0.423918
17095 0.377252
17103 1.082044
17105 0.470207
17112 0.273463
17114 0.352463
17119 0.470673
17134 0.147157
17136 0.511707
17145 0.604801
17146 0.378564
17149 0.108554
17161 1.093313
17165 0.436503
17168 0.201901
17171 0.940802
17176 0.111737
17184 0.545237
17187 0.570063
17202 0.446103
17203 0.182308
17205 0.427637
17209 1.145383
17220 0.289863
17223 0.242098
17232 1.124235
17237 0.889707
17240 0.086907
17241 1.180567
17244 0.448652
17250 1.219164
17258 0.532031
17262 0.585927
17267 0.551894
17269 0.315794
17270 0.233673
17271 1.101095
17280 0.431058
17293 1.090076
17294 0.476746
17300 0.160770
17303 0.255447
17304 0.093872
17305 0.026391
17309 0.256582
17321 0.229966
17323 0.055422
17326 0.564481
17330 0.521441
17340 0.048873
17342 0.334840
17359 1.111856
17366 0.608423
17370 0.193678
17372 0.158348
17373 0.159582
17374 0.154637
17377 0.229490
17393 0.588630
17395 0.435515
17396 1.161372
17407 0.355268
17408 0.518171
17417 0.175942
17425 0.076975
17427 0.485634
17428 0.484377
17433 0.307899
17434 0.408341
17446 0.222042
17454 1.299572
17456 0.197501
17463 0.441658
17466 0.254127
17471 0.323054
17476 1.119202
17486 1.073723
17489 0.464581
17495 0.558444
17499 0.311479
17514 1.067857
17518 0.284840
17521 0.351005
17533 1.110774
17536 0.021186
17539 0.423159
17544 0.553255
17552 0.506906
17561 0.187626
17565 0.130936
17568 0.305455
17579 0.577310
17596 0.014995
17601 0.225615
17609 0.152593
17611 0.411363
17617 0.102841
17630 0.026391
17638 0.018928
17646 0.599803
17652 1.134883
17653 0.188253
17656 0.411069
17661 0.183820
17663 1.120227
17671 1.079645
17672 1.001352
17673 0.548445
17678 0.444636
17680 0.022098
17682 0.186983
17687 1.154620
17688 0.417490
17692 1.073174
17700 0.100402
17702 0.537768
17705 0.491525
17707 0.187236
17709 0.563884
17721 0.908554
17727 0.307080
17729 0.140807
17738 0.223475
17745 1.174190
17754 0.193512
17758 0.975013
17759 0.261423
17770 0.184248
17779 0.450350
17783 0.202059
17788 0.386769
17789 0.335367
17791 0.223475
17793 0.047712
17794 0.554670
17795 1.068739
17803 0.060769
17806 0.364018
17807 0.104965
17817 1.132835
17822 0.441196
17826 0.233847
17828 0.182652
17832 0.544131
17834 0.428203
17835 0.329891
17847 1.053591
17854 1.105035
17862 1.111141
17869 1.090748
17873 0.406426
17881 0.260356
17887 0.515894
17894 0.401079
17899 0.250531
17906 0.143431
17915 0.011156
17920 0.062979
17928 0.510586
17929 0.588630
17931 0.189061
17933 0.232376
17935 0.387098
17936 0.560114
17942 0.473113
17945 0.137078
17946 0.159258
17949 0.391746
17957 0.550287
17958 0.397189
17959 0.589860
17960 0.550389
17967 0.605702
17973 0.438463
17986 1.126909
18013 0.358949
18016 0.168285
18019 0.142546
18023 0.391397
18028 0.494837
18029 1.119275
18035 1.104419
18041 0.956055
18045 0.599154
18048 0.085133
18054 0.384873
18055 0.088439
18057 0.449852
18060 0.514559
18077 0.199434
18078 0.043986
18079 0.532902
18086 0.366223
18103 0.320093
18110 0.479842
18114 0.502009
18116 0.357932
18126 0.560230
18134 0.085527
18135 0.170155
18137 1.213330
18138 0.079239
18146 0.441768
18158 0.304994
18164 0.111021
18168 0.506135
18172 0.392135
18175 0.370750
18182 0.531415
18183 0.408098
18187 0.153022
18189 0.175385
18193 0.149951
18199 0.325844
18200 0.010842
18201 0.956055
18207 0.052245
18211 0.340309
18216 0.104438
18220 0.104491
18221 0.277875
18230 1.117771
18232 0.574121
18233 0.118147
18241 0.467694
18254 1.131981
18259 1.097208
18270 0.166344
18273 1.082456
18279 0.598177
18285 0.139111
18293 0.572014
18309 1.019817
18312 0.515894
18314 0.543351
18315 1.010293
18319 0.290166
18321 0.040513
18323 0.091326
18329 0.558158
18333 0.014803
18339 0.141176
18341 1.148446
18347 1.246706
18356 0.408199
18365 0.487377
18378 0.202565
18381 0.374471
18391 0.916166
18394 0.025947
18396 0.082967
18399 0.451808
18401 0.357770
18402 0.297583
18429 0.461848
18433 1.006592
18439 1.044905
18442 0.483559
18444 1.100574
18454 0.158936
18456 0.405130
18459 1.180508
18460 0.513164
18461 0.570002
18475 1.195857
18478 0.890707
18483 0.505146
18487 0.059211
18503 0.217462
18504 0.572109
18505 0.479842
18506 0.126376
18509 0.010497
18511 0.510329
18515 0.232029
18521 0.055779
18534 0.167116
18535 0.256582
18541 0.060769
18544 0.127646
18547 0.154809
18551 0.078090
18554 0.292133
18557 0.288655
18563 0.143050
18565 1.108435
18568 0.589092
18575 1.164748
18576 1.214757
18579 1.084150
18582 0.476746
18584 1.166523
18587 0.229648
18591 0.539284
18597 0.327763
18606 1.126909
18613 0.136989
18616 0.100402
18620 0.058959
18621 0.457037
18626 0.081026
18646 1.120517
18648 0.085003
18659 0.199072
18664 0.577310
18678 0.230924
18681 0.024055
18682 0.041733
18685 0.380500
18691 0.183444
18694 0.061855
18695 0.167765
18700 0.352643
18704 0.179358
18706 0.200345
18711 0.180908
18725 0.059517
18729 0.014709
18733 1.154620
18738 0.505456
18745 0.084632
18752 0.186605
18754 0.974755
18756 0.397764
18757 0.096218
18759 0.461848
18763 0.534012
18765 0.295070
18781 0.258092
18788 0.211959
18800 0.092782
18812 1.022664
18816 1.003003
18817 1.160198
18821 0.239246
18823 0.361116
18824 0.243078
18830 0.134519
18837 0.500335
18840 0.563884
18845 0.503296
18850 0.386444
18855 0.121008
18857 0.073476
18859 0.009582
18867 0.441960
18875 0.605702
18877 0.525456
18878 0.239372
18879 0.356008
18888 0.253453
18890 0.365945
18891 0.171055
18892 1.053168
18893 1.079084
18894 0.014709
18898 1.061838
18899 0.906315
18900 0.463910
18905 0.024308
18912 0.601477
18916 0.302257
18927 0.528989
18932 1.140875
18934 1.025223
18936 0.141120
18940 0.141909
18948 0.251501
18949 1.196936
18951 1.180743
18954 0.067073
18969 0.296318
18975 0.167945
18977 0.265176
18979 0.306536
18986 0.498910
18989 0.296056
18994 0.012027
19008 0.028334
19009 0.545398
19015 0.079174
19017 0.097968
19018 0.568778
19021 0.139351
19026 0.554218
19046 1.160795
19047 0.347628
19051 0.410778
19060 1.122161
19063 0.166646
19066 0.313117
19077 0.121049
19085 0.478875
19088 0.326306
19090 0.215076
19093 0.290166
19094 0.159625
19116 1.109966
19117 0.554621
19118 0.494837
19119 0.489839
19124 1.103929
19125 0.260050
19127 0.387952
19132 0.272269
19139 0.271038
19142 0.456773
19145 0.532083
19146 0.081230
19150 1.063466
19151 0.140281
19159 0.252158
19168 0.033147
19176 0.201778
19187 0.393929
19200 0.587807
19205 1.125512
19213 0.492826
19219 0.527826
19220 0.364069
19223 0.476746
19224 0.177634
19227 0.542532
19233 1.078658
19234 0.393620
19239 1.154620
19261 0.355268
19262 0.052483
19264 0.320466
19265 1.057864
19269 0.097968
19281 1.095911
19282 0.467346
19284 1.091869
19295 0.237922
19296 0.153949
19298 0.427637
19307 1.047891
19314 0.097118
19315 1.194046
19326 0.523088
19337 0.087141
19342 1.212351
19348 0.349507
19351 0.102380
19356 0.574650
19357 0.072164
19361 0.503296
19369 0.364018
19371 1.073723
19378 0.286768
19381 0.535476
19386 1.000180
19390 0.156559
19392 0.186875
19401 0.073077
19404 1.076151
19406 0.386769
19407 1.079645
19409 0.476281
19422 0.467515
19425 0.386769
19431 1.122725
19432 1.112549
19434 0.556317
19435 0.296318
19449 0.379295
19459 0.453412
19463 1.125014
19469 0.417863
19484 0.404383
19498 0.075301
19499 0.535254
19500 0.584618
19501 0.494158
19503 0.310600
19514 0.516541
19520 0.483841
19524 1.104419
19534 0.019653
19538 0.056050
19545 1.244424
19548 1.169053
19549 0.226608
19552 0.564481
19558 1.273653
19559 0.140807
19565 0.368702
19567 1.000359
19568 0.046185
19576 0.158893
19581 0.106172
19582 0.607695
19586 0.335889
19595 0.214259
19597 0.342110
19603 0.999320
19605 1.033081
19609 0.239300
19615 0.044623
19616 0.425884
19618 0.111140
19621 0.431244
19622 1.094640
19630 1.103929
19633 0.310859
19639 0.603955
19641 0.171544
19642 0.097436
19643 0.405130
19667 0.074975
19671 0.565528
19677 1.065803
19682 1.056771
19688 0.493427
19689 0.230924
19690 1.176824
19702 0.093437
19703 0.482310
19705 1.026329
19720 0.188509
19725 0.119961
19751 0.247035
19759 0.030586
19763 0.526292
19767 0.430293
19771 0.305244
19773 0.271675
19774 0.269411
19780 0.386615
19783 0.423848
19787 0.096218
19792 1.171853
19801 0.055779
19804 0.389510
19805 1.070817
19806 0.541965
19807 1.154620
19812 0.347968
19816 0.201264
19817 0.199564
19821 0.518930
19822 0.057731
19840 1.149578
19862 0.923696
19873 0.248841
19876 0.923696
19877 0.101665
19887 0.204616
19903 0.190061
19909 0.225292
19911 0.509832
19912 0.577310
19916 0.111902
19919 0.175385
19926 0.186053
19934 0.076129
19935 0.524320
19944 0.350618
19945 1.147074
19947 0.313877
19955 0.465729
19958 0.094255
19962 0.101381
19963 0.261045
19971 1.199899
19972 0.072542
19973 0.493800
19977 0.102015
19978 0.404383
19980 0.991538
19983 1.190478
19996 1.132835
19997 0.538823
20002 1.154620
20003 0.306198
20005 0.071420
20008 0.309486
20011 0.492133
20012 0.387356
20021 0.355268
20024 0.183820
20025 0.312361
20026 0.187553
20033 0.151426
20035 1.113384
20037 0.573633
20040 0.577310
20041 0.383049
20051 0.266451
20054 0.025658
20055 0.443496
20056 1.177805
20065 0.274612
20088 0.464112
20091 0.395505
20092 0.348565
20094 0.342580
20095 1.148379
20103 0.164108
20107 0.148983
20115 0.280475
20120 0.492325
20129 1.178775
20139 0.497800
20141 1.205627
20146 1.018052
20151 0.157774
20158 1.249089
20159 0.123159
20160 0.297966
20163 0.973897
20178 0.366099
20179 0.244688
20184 0.190173
20189 0.241075
20202 1.041051
20204 0.121539
20211 0.359882
20214 0.554817
20218 0.356984
20228 0.585759
20230 0.496611
20240 0.331283
20242 0.024965
20246 0.106172
20273 0.417962
20277 1.147706
20278 1.111322
20281 1.068024
20292 0.130466
20295 0.062412
20296 0.210997
20300 0.237165
20302 1.105696
20304 0.415950
20305 0.568607
20311 0.231890
20314 0.335889
20320 1.253185
20328 0.186605
20337 0.303088
20343 0.595271
20349 1.000671
20354 0.175942
20359 0.232214
20361 0.525456
20366 0.110622
20367 0.148983
20371 0.061037
20373 0.172653
20384 0.984266
20386 1.117374
20388 0.522328
20392 1.101095
20395 0.199275
20396 0.344524
20400 0.139351
20401 0.577310
20403 0.221848
20415 0.525383
20418 0.449366
20421 0.025658
20424 0.115462
20428 1.076033
20432 0.506135
20437 0.058462
20444 0.253334
20452 0.552450
20464 0.501348
20467 0.318039
20470 1.172947
20473 0.368345
20475 1.167308
20476 0.097027
20485 0.061307
20487 0.562658
20488 0.975013
20498 0.106730
20499 1.183631
20502 0.406741
20504 0.357231
20516 0.295013
20520 0.128291
20525 0.476510
20529 0.246492
20530 0.488297
20531 0.047515
20539 0.398619
20542 0.590491
20550 0.087852
20552 0.261423
20554 0.240774
20557 1.039158
20559 0.406866
20561 0.531825
20576 0.545398
20600 0.442195
20607 0.178550
20611 1.107300
20616 0.543351
20621 1.115146
20630 0.978031
20636 0.556443
20645 0.222450
20646 0.090558
20647 0.291353
20648 0.105498
20650 1.145078
20655 0.946076
20658 0.308879
20661 0.171428
20663 1.182782
20664 0.182652
20674 0.352257
20677 0.083323
20681 0.906520
20683 0.065978
20686 0.473394
20688 1.089440
20690 0.946789
20695 0.070332
20701 0.191374
20705 0.153949
20714 0.038975
20718 0.373109
20720 0.444085
20721 0.136455
20725 0.246900
20727 0.217462
20730 0.117668
20739 0.387024
20746 0.185309
20749 0.139954
20751 0.057254
20754 0.237576
20764 1.172384
20770 0.211303
20773 0.511954
20777 0.449019
20779 0.527826
20780 0.383100
20785 0.271675
20788 0.102308
20789 0.570518
20793 0.114940
20799 0.136731
20800 0.038975
20806 0.582161
20808 0.265986
20810 0.307899
20811 0.038064
20818 1.057243
20825 0.383276
20831 0.189476
20838 0.367160
20855 1.139625
20860 0.533739
20861 0.317871
20865 1.136146
20873 1.210943
20879 0.570674
20882 0.179084
20883 0.040872
20896 0.279540
20900 1.206630
20903 0.437699
20909 0.026543
20919 0.555387
20922 0.591530
20925 0.051893
20930 1.089264
20932 0.107407
20936 0.485465
20949 0.537252
20950 0.114037
20957 1.071608
20960 0.278701
20963 0.122977
20973 0.426169
20988 1.227697
20994 1.017165
20995 0.319363
20998 0.587807
21000 0.219313
21002 0.588630
21004 0.586672
21008 0.382939
21009 0.539659
21014 0.025802
21019 0.334232
21029 0.392420
21030 0.187626
21047 1.037861
21056 0.445010
21057 1.012270
21059 0.135175
21060 0.099967
21071 0.102308
21075 0.457491
21078 0.209931
21080 0.397618
21089 0.329891
21091 0.011210
21102 0.066741
21104 0.314057
21106 0.191298
21107 0.237862
21110 1.148097
21111 0.455965
21114 0.577310
21116 0.307080
21123 0.500335
21126 0.095226
21134 1.160252
21151 0.195698
21155 1.161974
21166 0.068205
21173 0.284970
21181 0.563565
21187 0.165685
21191 0.093492
21195 0.399436
21197 0.392135
21199 0.175703
21201 0.020993
21208 1.053591
21211 0.471888
21215 0.325844
21217 0.281254
21219 1.004585
21230 1.154620
21231 0.393620
21234 0.449694
21240 0.269038
21243 1.089961
21248 0.197272
21250 0.180844
21266 0.013664
21276 0.510016
21277 0.529767
21288 0.120745
21292 0.038064
21295 0.461848
21306 0.431244
21310 1.191391
21320 0.459758
21324 0.552639
21326 0.587264
21331 1.118910
21337 0.446538
21338 0.582004
21341 0.551238
21347 0.271675
21348 0.039644
21351 0.591530
21360 0.273776
21362 0.540771
21366 1.062004
21374 0.296056
21375 0.595933
21383 0.110844
21389 0.516294
21394 0.475432
21399 0.240161
21400 0.555387
21407 0.079174
21412 1.100666
21416 0.502529
21418 0.059211
21424 0.585008
21427 1.129244
21428 0.547704
21436 0.986855
21449 1.086701
21455 0.235337
21464 0.093198
21468 0.490230
21476 0.165735
21494 0.906868
21496 1.111141
21498 0.331787
21508 0.238887
21509 0.166024
21513 0.580941
21522 0.035166
21525 1.173971
21526 0.278501
21527 0.375252
21532 1.040198
21540 0.337938
21545 0.106786
21550 0.500799
21551 0.011604
21553 0.558278
21558 0.219313
21559 0.390618
21562 0.281125
21568 1.189190
21570 1.141194
21573 0.020168
21579 0.384873
21582 0.372792
21588 0.286768
21597 0.354084
21606 1.034347
21608 0.124518
21617 0.149673
21619 0.141604
21623 0.141382
21634 0.374471
21636 0.956547
21640 0.009425
21641 0.232376
21644 0.446598
21648 0.397189
21649 0.527109
21652 0.311796
21655 0.599154
21660 0.455902
21665 0.321961
21669 0.563229
21671 1.116887
21672 0.167336
21675 0.420712
21679 0.992973
21685 0.023444
21698 0.027168
21702 1.086701
21703 0.987910
21712 0.145628
21716 0.183690
21718 0.248687
21721 0.413739
21722 0.580046
21724 0.079239
21729 0.335367
21736 1.038606
21740 0.214813
21743 0.131957
21749 0.107407
21750 0.998265
21754 0.445643
21765 0.463910
21766 0.233729
21771 0.487727
21778 0.321071
21783 0.059825
21784 0.112190
21789 0.329891
21795 1.261634
21798 0.557403
21809 0.187743
21822 0.446453
21844 0.601166
21849 0.553454
21852 0.265317
21858 0.345307
21860 0.088817
21861 0.604801
21864 0.168712
21869 0.453412
21873 0.479842
21878 0.313755
21894 0.085527
21899 0.098685
21927 1.298368
21929 0.392347
21938 0.423588
21939 0.388684
21940 0.458031
21941 0.538350
21942 0.141671
21944 0.258883
21948 0.445643
21949 1.215390
21953 1.241652
21964 1.044178
21965 1.149348
21968 1.119632
21972 1.154620
21988 1.077645
22001 0.530753
22007 0.208745
22008 0.239246
22023 0.272372
22024 0.528258
22032 0.528483
22039 0.526669
22042 0.522668
22046 0.451231
22071 0.014898
22076 0.416420
22079 0.452325
22084 0.994574
22085 0.361161
22086 0.471675
22089 0.313976
22093 0.419862
22095 0.233729
22098 0.527826
22101 0.334232
22103 1.020659
22104 0.145152
22107 0.540700
22110 0.500946
22117 0.926234
22120 0.461848
22121 0.599803
22129 1.004426
22144 0.395164
22156 0.348321
22158 0.232865
22159 0.506543
22171 0.386888
22177 0.440422
22184 0.979678
22188 0.332687
22207 0.308879
22208 1.117374
22215 0.028509
22216 0.497571
22219 1.199605
22226 0.018548
22230 0.421993
22234 0.058610
22235 1.125014
22241 0.032525
22244 0.283342
22247 0.013828
22248 0.488035
22253 0.123910
22256 0.998188
22257 0.062076
22264 0.373554
22266 0.493236
22268 0.423714
22272 0.157448
22276 0.321540
22282 0.201680
22283 1.021905
22289 0.527419
22290 0.900604
22291 0.321540
22293 0.553255
22298 0.517270
22301 0.075713
22311 0.199072
22328 0.577310
22333 1.160145
22335 0.525325
22337 0.305186
22338 0.386954
22340 0.375005
22357 0.885994
22363 1.277452
22366 0.045879
22367 0.234441
22368 0.091845
22372 0.341768
22373 0.122615
22374 0.388684
22383 0.521862
22388 0.014167
22390 0.158936
22396 1.154620
22400 0.603420
22404 0.499595
22409 1.237836
22410 0.315359
22415 0.952691
22422 0.027934
22424 0.994112
22425 1.128732
22440 0.367379
22444 0.991134
22445 0.092782
22449 0.020346
22455 0.011156
22459 1.226784
22469 0.580099
22478 0.401607
22482 0.423361
22483 0.989674
22492 0.958089
22495 0.040751
22496 0.287159
22502 0.268170
22503 0.270539
22505 0.528751
22508 1.075896
22510 0.350914
22511 0.529990
22516 0.465899
22521 1.097366
22522 0.080672
22534 0.581035
22538 0.912634
22545 1.119202
22547 1.147946
22548 1.090748
22552 0.195936
22556 0.577310
22558 1.168701
22569 0.150931
22575 1.097836
22579 0.224793
22581 0.472345
22587 0.164213
22588 0.383147
22601 0.154686
22618 1.086701
22620 0.091845
22630 0.207417
22637 0.434857
22639 0.350914
22647 0.191298
22648 0.400392
22651 0.496925
22653 0.485588
22664 1.054838
22669 0.032678
22671 0.435349
22673 0.419862
22678 0.161399
22684 0.510016
22687 0.389625
22689 0.327855
22690 0.438164
22694 0.312865
22696 0.141176
22703 0.157704
22710 0.088332
22711 0.011320
22712 0.401182
22721 0.464358
22723 0.055511
22729 0.519237
22731 0.318516
22734 0.496925
22736 0.529826
22738 1.021028
22742 0.395002
22748 0.353005
22751 0.254916
22756 0.153311
22759 1.056586
22760 0.284970
22764 0.059825
22772 1.052584
22781 0.245115
22794 0.022529
22797 0.153949
22798 0.358949
22800 0.427637
22806 0.054982
22808 0.476132
22821 0.477243
22827 0.156559
22831 1.201641
22838 0.326972
22845 0.267594
22855 0.564705
22858 1.181163
22871 1.029661
22884 0.195698
22885 0.183112
22887 0.546272
22888 0.334672
22893 1.015682
22895 1.166903
22903 0.040045
22911 0.024965
22916 0.986577
22918 0.261423
22921 0.152930
22922 0.237522
22934 0.125200
22938 1.181472
22951 1.039923
22960 0.058314
22961 0.167710
22967 0.301615
22973 0.386569
22974 0.416079
22978 0.057372
22985 0.521753
22986 0.100950
22991 0.168969
22993 0.594804
22994 0.250400
22996 0.227817
22998 0.502474
23001 0.191211
23007 0.086597
23013 0.092370
23019 0.514631
23041 1.169360
23045 0.331787
23047 0.417962
23050 0.118699
23051 0.477026
23054 0.540064
23061 0.332607
23062 0.258176
23065 0.464229
23066 0.541401
23082 0.014898
23083 0.179761
23086 0.238066
23087 0.438463
23094 0.574874
23103 1.075672
23107 0.019907
23110 0.388925
23111 0.333292
23115 0.297095
23129 0.475432
23134 0.413035
23136 0.024965
23139 0.281019
23147 0.075097
23148 0.327939
23152 0.066294
23153 0.499031
23157 1.020146
23161 1.064941
23166 0.038702
23170 0.130466
23176 1.125014
23186 0.551177
23202 1.064883
23204 0.264600
23205 0.122713
23219 0.423361
23223 0.358168
23226 0.078469
23232 0.367379
23238 0.448207
23240 0.051033
23244 0.084632
23250 0.114824
23261 0.021889
23263 0.417490
23267 1.062056
23270 0.411235
23273 0.322220
23274 1.027376
23275 0.318162
23285 0.066796
23288 0.181117
23300 0.421022
23302 0.010691
23317 1.010912
23325 0.369057
23329 0.394261
23330 0.191211
23331 0.269411
23338 0.310600
23343 1.059651
23344 0.100402
23345 0.516183
23347 0.132993
23351 1.099638
23354 0.572539
23359 1.038475
23368 0.154809
23375 0.398145
23376 0.038811
23377 0.045879
23381 0.293387
23388 0.014898
23390 0.185668
23405 0.361688
23406 0.090117
23409 0.955548
23410 0.536074
23416 0.510016
23427 0.030790
23431 0.193385
23435 0.446950
23437 0.048109
23442 1.024725
23443 0.091326
23444 0.498071
23445 0.341138
23446 0.027934
23450 0.192437
23455 0.466634
23459 0.523855
23463 0.567999
23467 0.164946
23471 1.092054
23474 0.942547
23479 0.587438
23480 0.183516
23485 1.226439
23488 0.075404
23490 0.140562
23491 0.328217
23494 0.418708
23499 0.281019
23507 1.245074
23525 0.518601
23533 0.037246
23544 0.404712
23556 0.549149
23561 1.071297
23564 0.336297
23566 0.445010
23573 0.495769
23575 0.520580
23577 0.033306
23579 1.097602
23590 0.116628
23593 1.051733
23594 0.585008
23598 0.615797
23602 0.241920
23603 0.463741
23607 0.057254
23610 0.440491
23612 0.259981
23614 0.491571
23625 0.279908
23626 0.176878
23628 0.113569
23639 0.356792
23642 0.351113
23651 0.354442
23652 0.401607
23653 0.275274
23665 0.245357
23671 0.475723
23686 0.095336
23688 0.151924
23700 1.205937
23702 0.954486
23706 0.236845
23707 0.178780
23719 1.154620
23738 0.261873
23740 0.114940
23746 0.251501
23747 0.148983
23749 0.086237
23754 1.171037
23764 0.481682
23774 0.502599
23778 0.121539
23784 0.515551
23789 0.168712
23790 0.324439
23795 0.091758
23808 1.255509
23811 1.057119
23815 0.242523
23816 0.367640
23819 0.104105
23822 0.036850
23824 1.211068
23826 0.135269
23827 0.432983
23845 0.156355
23851 0.445010
23855 0.230924
23863 0.211211
23864 1.131981
23868 0.024698
23869 0.448652
23870 0.581929
23873 0.024308
23881 0.565333
23887 0.468233
23888 0.318162
23890 0.075097
23892 0.205774
23895 0.391871
23900 0.040691
23902 0.602855
23906 0.293903
23909 1.120661
23913 0.267185
23914 0.148028
23922 0.286768
23928 0.167765
23930 1.056244
23933 0.049343
23945 0.522453
23947 1.006320
23949 1.212836
23953 0.511541
23957 0.532902
23966 0.440367
23974 0.577310
23975 1.079193
23976 0.484196
24007 0.138160
24008 0.139351
24009 0.164044
24013 0.369057
24014 0.083755
24021 0.226163
24024 0.401079
24025 0.167185
24031 0.559381
24036 0.038169
24039 1.090868
24045 0.544004
24046 0.371128
24059 0.114037
24060 0.113337
24062 1.202729
24063 0.170354
24066 0.108246
24067 0.185175
24069 0.952055
24072 0.153022
24073 0.198218
24075 0.214813
24076 1.261880
24083 0.009997
24116 1.126998
24117 0.344949
24119 0.365386
24122 0.320728
24138 1.107007
24143 0.537768
24146 1.186110
24152 0.337608
24162 0.538478
24164 0.081640
24173 1.273653
24179 0.436621
24182 0.413794
24183 0.451808
24184 0.418833
24195 0.335019
24200 0.133043
24201 0.348127
24203 0.316696
24207 0.164946
24210 0.175942
24220 0.291973
24222 0.592746
24223 0.402637
24224 0.232214
24225 1.271052
24229 0.387178
24239 1.002696
24243 0.253453
24246 1.103075
24248 0.435249
24256 0.370619
24263 0.502474
24269 0.046185
24270 1.087361
24273 0.257947
24283 0.170569
24288 0.218885
24311 0.999100
24318 0.010741
24319 0.233847
24322 0.497205
24332 0.085177
24334 0.428203
24341 0.440579
24348 1.016647
24349 0.373877
24351 1.142466
24356 0.508033
24360 0.295812
24368 0.977893
24369 0.200223
24372 0.321153
24378 0.243753
24382 1.010293
24386 0.482310
24390 0.579726
24399 0.133869
24407 0.555387
24425 0.207240
24426 0.862372
24432 1.125014
24433 0.357932
24435 0.567356
24452 0.414834
24454 0.461848
24455 0.908956
24457 0.380002
24458 0.119257
24463 0.126188
24469 0.442195
24473 0.563565
24483 0.404117
24484 1.077645
24491 0.531415
24492 0.090362
24497 0.350172
24499 1.083347
24507 0.447415
24509 0.115462
24516 0.028276
24520 0.032525
24524 0.539972
24525 0.295583
24531 1.161534
24537 0.186229
24540 1.061390
24546 1.107493
24550 0.483055
24551 0.312934
24581 0.404610
24592 0.158348
24606 0.107051
24608 0.510464
24618 0.304623
24648 1.036038
24653 1.180743
24678 0.147623
24682 0.370258
24683 1.080921
24692 0.126534
24695 0.356792
24707 0.573811
24709 0.297583
24718 1.073118
24721 0.278701
24730 0.036271
24738 0.312865
24745 0.071273
24759 1.148446
24765 0.332687
24766 0.400392
24768 1.123073
24769 0.509832
24773 0.204616
24774 0.973626
24775 1.147622
24776 0.077343
24786 0.201387
24793 0.498470
24794 0.388684
24795 0.216136
24806 0.433715
24808 0.378121
24811 0.178780
24813 0.496925
24816 0.965682
24818 0.181626
24826 0.560230
24830 0.300611
24838 0.105401
24842 0.397289
24844 0.297095
24845 1.105371
24848 0.114940
24849 0.414479
24850 0.185233
24855 1.182111
24861 0.074975
24865 0.536074
24866 0.141382
24869 0.397130
24875 0.535744
24886 0.105565
24891 0.024055
24896 0.188307
24913 0.542251
24920 0.437433
24931 0.307899
24936 0.075962
24940 0.446230
24941 0.467458
24948 0.230924
24950 0.133869
24955 0.060769
24957 1.088124
24963 1.147537
24967 1.266031
24968 0.548833
24970 1.064816
24989 0.381025
25003 0.479461
25005 0.222821
25008 1.078491
25015 1.072147
25018 0.548313
25025 0.565528
25027 0.982091
25029 0.522328
25030 0.123709
25034 1.093263
25035 0.405130
25046 1.131681
25049 0.266846
25050 0.359522
25060 1.018782
25063 1.079084
25067 0.570674
25073 0.230924
25078 0.521753
25082 0.531125
25083 1.027506
25091 0.252573
25104 0.157448
25105 0.978492
25110 0.318956
25111 0.402637
25114 0.315408
25116 0.175255
25121 0.223115
25122 0.153949
25134 1.145309
25135 0.366099
25136 0.463957
25139 0.428327
25150 0.451107
25151 1.088432
25152 1.125898
25157 0.577310
25165 0.457951
25171 0.564760
25172 0.380236
25175 0.068786
25176 0.164946
25180 0.319955
25188 1.006873
25189 0.120387
25201 0.036462
25203 1.161452
25207 0.450006
25210 0.965238
25211 0.025376
25215 1.064816
25229 0.039587
25233 0.393277
25235 1.159892
25236 1.066600
25237 0.303847
25239 1.126459
25256 1.261880
25257 1.112378
25264 0.424146
25266 0.011842
25268 1.027612
25280 0.381437
25282 0.490230
25285 1.080346
25296 1.097666
25307 0.357770
25317 0.331419
25322 0.469064
25323 0.273978
25328 0.482841
25337 0.293439
25341 0.282995
25347 0.297966
25349 0.357560
25363 0.256582
25364 0.324331
25369 0.426169
25371 0.163882
25375 0.992973
25386 0.167765
25388 0.429912
25392 0.327855
25407 0.320189
25419 0.358949
25420 0.126881
25423 0.298843
25425 0.087852
25426 0.165933
25431 0.413794
25437 0.438860
25439 0.425386
25441 0.461848
25455 1.137037
25459 0.469845
25461 1.100110
25471 1.009337
25484 0.408098
25495 0.274459
25498 0.235011
25500 0.987768
25503 0.457037
25504 1.212090
25508 1.103868
25510 1.050600
25511 0.461848
25512 1.141036
25518 0.429356
25519 0.306439
25520 1.176202
25529 0.368932
25535 0.378121
25536 1.179612
25538 1.255279
25540 0.270350
25542 0.390146
25547 0.119443
25557 1.074597
25562 1.048367
25586 0.588341
25588 1.032497
25602 0.173193
25604 0.203010
25610 0.244149
25614 0.979365
25615 0.417490
25616 1.165830
25621 0.095720
25631 1.239592
25640 1.127453
25647 0.012482
25656 0.279344
25657 0.498071
25660 0.130466
25666 0.046936
25677 0.119650
25683 0.217625
25684 0.954329
25687 0.395870
25696 0.473113
25698 0.592113
25700 0.244364
25714 0.532902
25717 0.510464
25721 0.077405
25734 1.062984
25743 0.168485
25747 0.526865
25749 0.253067
25759 0.360819
25761 0.109443
25764 0.039140
25768 0.514494
25771 0.327763
25776 0.425726
25777 0.486752
25802 1.212351
25813 1.213330
25820 0.331470
25825 0.094641
25827 0.225292
25838 0.060372
25839 0.524827
25841 0.045577
25842 0.536074
25844 0.444560
25845 0.965682
25859 0.448264
25873 0.015395
25875 0.192437
25877 0.890707
25885 0.341027
25905 0.612088
25908 0.348321
25910 0.192437
25916 1.185005
25930 0.461848
25933 1.045335
25938 1.097602
25939 0.423714
25951 1.122161
25953 0.369057
25957 0.225292
25958 0.054982
25969 0.574494
25970 1.027739
25980 0.023685
25982 0.403557
25986 0.051316
25990 0.150931
25993 0.970763
26002 0.613073
26003 0.538823
26013 0.425386
26021 1.004669
26022 0.923696
26025 0.028866
26034 0.157704
26035 0.126727
26037 0.098266
26038 1.154620
26043 1.282911
26047 0.474082
26051 0.025516
26054 0.615797
26061 0.103620
26063 0.302401
26065 0.009703
26069 1.106107
26071 1.113384
26072 0.327939
26077 0.594804
26078 0.188509
26082 0.248189
26085 0.445643
26087 0.117600
26088 0.573973
26095 0.585759
26099 0.384873
26105 0.217853
26113 0.216786
26128 0.494117
26131 0.028392
26134 0.383276
26135 0.442489
26137 1.021599
26138 0.237165
26153 0.475843
26157 0.415470
26161 0.299901
26168 0.105498
26175 0.394742
26177 0.587807
26183 0.232290
26185 0.492767
26189 0.203010
26191 0.299124
26193 0.490714
26207 0.534012
26211 0.331326
26213 0.186229
26215 1.185274
26220 1.243437
26222 0.028866
26225 0.214027
26226 0.130888
26228 0.335420
26233 0.391746
26234 0.127582
26242 0.611719
26244 0.482669
26250 0.009744
26251 0.380500
26254 0.974363
26255 1.165722
26256 0.345695
26264 0.497681
26285 0.156800
26291 0.449019
26292 0.273978
26297 1.139625
26300 0.135115
26305 0.064745
26307 0.078469
26308 0.229715
26316 0.025376
26322 0.175385
26326 0.427637
26329 0.354178
26332 0.181940
26340 1.056771
26351 0.237399
26354 0.446950
26358 0.530753
26364 0.057159
26368 1.104419
26370 0.447853
26371 1.061002
26373 0.070404
26377 0.382512
26381 0.528483
26392 0.322689
26393 0.227672
26399 0.032073
26400 0.077297
26401 0.419015
26402 0.048109
26408 0.560114
26413 1.279444
26424 0.362234
26428 0.346386
26431 0.159258
26432 0.164946
26433 0.434534
26446 1.108435
26448 0.435928
26457 0.150194
26472 0.272910
26479 0.613073
26489 0.981773
26490 0.598346
26491 0.298277
26492 0.139954
26494 0.061580
26502 0.009387
26503 0.349425
26504 0.158893
26521 0.178691
26522 0.344524
26525 0.102633
26526 0.044408
26532 0.943349
26547 1.024098
26553 0.081026
26562 0.094738
26566 0.468089
26567 0.403557
26569 0.282764
26579 0.224683
26580 1.103868
26584 0.019164
26586 0.273776
26599 0.985135
26600 0.041986
26602 0.386827
26609 0.525278
26611 0.298277
26615 0.329891
26618 1.216845
26619 0.409704
26624 0.068786
26627 0.050753
26636 0.545820
26637 1.223115
26641 0.377876
26658 0.370962
26661 0.199564
26664 0.182815
26667 0.214163
26670 1.009567
26695 0.209067
26698 0.358578
26701 0.321153
26714 0.364617
26718 0.215147
26727 1.161792
26741 1.076033
26747 0.199718
26751 0.343140
26753 0.329891
26756 0.276628
26758 1.016568
26771 0.086237
26772 0.558857
26774 0.255400
26791 0.613073
26792 1.100285
26793 0.256582
26801 0.572692
26803 0.212507
26806 0.526156
26816 0.094738
26818 1.213831
26819 0.432272
26822 1.221117
26824 0.103620
26829 0.482723
26831 0.214360
26832 0.198340
26839 0.588630
26846 0.076248
26848 0.028161
26860 0.291694
26861 0.282513
26862 0.317521
26868 0.379295
26873 0.615797
26876 0.267872
26878 0.393994
26879 0.613073
26883 0.148028
26891 0.145540
26900 0.107765
26901 0.282124
26902 0.183820
26916 0.110490
26917 0.304623
26921 0.251004
26922 0.228638
26932 0.316203
26933 0.396536
26940 1.024007
26942 0.301205
26955 0.173193
26959 0.260721
26965 0.264241
26971 0.267594
26974 0.087324
26979 0.233381
26980 0.086732
26984 1.197384
26997 1.057978
27005 0.493427
27010 1.214137
27011 0.503003
27013 1.104419
27014 1.130312
27018 0.502009
27024 0.189648
27031 0.037702
27036 0.102426
27042 0.249648
27051 0.031490
27053 0.461848
27055 0.192437
27057 0.176128
27062 1.029598
27075 0.519579
27082 1.074504
27087 0.447340
27090 0.567182
27092 0.055511
27094 0.207240
27109 1.071692
27110 1.056966
27113 0.104965
27118 0.429151
27119 0.111963
27120 0.367379
27122 0.361446
27128 0.175108
27130 0.353455
27135 0.960278
27151 1.185166
27166 0.398869
27170 0.139628
27179 0.309776
27181 0.044126
27182 0.232376
27185 0.484940
27188 0.559816
27207 0.458979
27208 0.463703
27209 0.086732
27211 0.153949
27214 0.024965
27224 1.154620
27234 0.416790
27243 0.077405
27244 0.464112
27245 0.296056
27250 0.181940
27255 1.179187
27256 0.062412
27257 0.137572
27261 1.228319
27267 0.031925
27273 0.233673
27275 0.362497
27282 0.056095
27288 0.366703
27292 0.345399
27293 0.357497
27296 0.605702
27297 1.197384
27312 1.016066
27313 0.224683
27314 0.099782
27315 0.171762
27316 0.325245
27321 0.012973
27323 1.170153
27338 0.323054
27339 0.485382
27340 1.071608
27342 0.341673
27343 0.602410
27345 0.223855
27348 0.482149
27351 0.380122
27357 0.321540
27358 0.021993
27363 0.065666
27373 0.215529
27379 0.546925
27381 0.211060
27385 0.457159
27386 0.039362
27403 1.037020
27413 1.159576
27417 0.070898
27438 0.014803
27442 0.524183
27446 0.525383
27450 0.254228
27455 0.038012
27459 0.463865
27465 1.181788
27470 0.375005
27473 0.152258
27474 1.119015
27477 0.538075
27479 1.160092
27482 0.446324
27485 0.362437
27498 0.250531
27501 0.015293
27505 0.026852
27509 0.899704
27522 0.337305
27524 0.228073
27526 1.080288
27527 0.458979
27532 0.170569
27539 0.439181
27545 0.354489
27557 0.434534
27560 0.204760
27568 0.326010
27569 0.490169
27579 0.430293
27586 0.050641
27587 0.419862
27590 1.011147
27594 1.232899
27602 0.295245
27603 0.126881
27605 0.284906
27606 0.196531
27609 1.087361
27615 0.148664
27616 0.559816
27618 0.434857
27625 0.129317
27648 0.503131
27650 1.110021
27657 0.179941
27659 0.504317
27660 0.532902
27665 0.018928
27669 0.461848
27670 1.071154
27678 0.028334
27679 1.225311
27680 0.296902
27682 0.071790
27684 1.059534
27686 0.158167
27688 0.241920
27711 0.192437
27712 0.573973
27713 0.490230
27715 0.454478
27722 0.012090
27724 0.430911
27725 0.192437
27727 0.117919
27734 0.085527
27740 1.079645
27751 0.274222
27756 0.396901
27773 0.398979
27777 0.595933
27779 0.303088
27784 0.311479
27788 0.033467
27809 0.201778
27811 0.045879
27813 1.233344
27817 0.459971
27819 1.001598
27821 0.396679
27830 0.399261
27855 0.408341
27857 0.142840
27867 1.213831
27878 0.564481
27884 0.373211
27890 1.078324
27895 1.225893
27905 0.429626
27908 0.506906
27910 0.558687
27912 1.066600
27926 0.493507
27932 0.129733
27944 0.278346
27950 0.554218
27952 1.059979
27954 0.519829
27959 0.453009
27970 0.030790
27973 1.096091
27978 0.346984
27979 0.124050
27981 0.470401
27986 0.323294
27993 0.317673
28003 0.407513
28005 0.038275
28008 0.441658
28011 0.168382
28012 0.407513
28015 0.416946
28026 0.370750
28037 0.073543
28044 0.215905
28054 0.009703
28058 0.400268
28067 0.158893
28072 0.136731
28073 0.379809
28076 0.088064
28083 0.266846
28097 0.497864
28099 0.419862
28100 0.548445
28101 0.361688
28103 1.120859
28108 0.324331
28130 1.066649
28131 0.065356
28140 1.097150
28155 0.400446
28156 0.097436
28157 0.087141
28160 1.047968
28161 0.012090
28162 0.011265
28165 0.043163
28167 0.406915
28169 0.449019
28171 0.171850
28173 1.148446
28179 0.370619
28180 0.025376
28181 0.145083
28188 0.432983
28191 0.305244
28195 1.114409
28197 0.571915
28198 0.090558
28202 0.549819
28208 0.349507
28211 1.006936
28218 0.011210
28222 1.154620
28223 0.054017
28224 0.459606
28228 0.137455
28235 1.047490
28236 0.422980
28239 0.522847
28246 0.294101
28247 0.439855
28254 0.337423
28260 0.314896
28268 0.061037
28269 0.543351
28270 0.138278
28276 0.281019
28279 0.484655
28281 0.215529
28288 0.104020
28293 1.055298
28296 0.423714
28301 0.438328
28305 0.013348
28307 0.171055
28311 0.379809
28312 0.364617
28319 0.284389
28320 0.182308
28329 0.387356
28331 0.934961
28340 0.193385
28352 0.185175
28355 0.214520
28358 1.260549
28359 0.190322
28363 1.076999
28374 0.558278
28378 0.574256
28385 0.040751
28391 1.078990
28400 0.216136
28404 0.097027
28408 0.230924
28409 0.383100
28418 1.098449
28421 1.021788
28424 0.520807
28425 0.390451
28426 0.240841
28433 1.138358
28435 0.089970
28436 0.323517
28438 0.069277
28439 0.432139
28441 0.105840
28444 1.052194
28446 0.457275
28449 0.464753
28451 1.033571
28454 0.568242
28455 0.129317
28458 0.599803
28463 0.448207
28475 0.009869
28478 0.188806
28486 1.133627
28494 0.559079
28496 0.092900
28500 0.217853
28506 1.109043
28509 1.182782
28512 0.388372
28513 0.382422
28514 0.336087
28516 0.282513
28519 0.573724
28522 0.124824
28527 0.036655
28532 0.400268
28534 1.011781
28537 0.331787
28543 0.551652
28546 1.016568
28549 0.309486
28551 0.109385
28553 0.348321
28557 0.550333
28558 1.080679
28561 0.362234
28564 1.101030
28565 0.269411
28566 0.461848
28570 1.094379
28576 0.116924
28577 0.574438
28579 0.221687
28582 1.221117
28586 0.242470
28592 0.047860
28593 0.374471
28595 0.449852
28598 0.335420
28607 0.367844
28613 0.134619
28619 0.057254
28623 0.262662
28628 0.983050
28629 0.121539
28631 0.418134
28642 1.281347
28647 1.009428
28648 0.143135
28651 0.506543
28652 0.366370
28653 1.154620
28666 1.043903
28682 1.323002
28683 0.131331
28686 0.208931
28716 0.515367
28717 0.605534
28725 0.311747
28736 1.065803
28744 1.165411
28745 0.524827
28747 0.369478
28749 0.172529
28752 0.593496
28754 0.095086
28756 0.311041
28762 0.075713
28763 0.394617
28769 0.328017
28775 1.103868
28793 0.357231
28794 0.043298
28795 0.475044
28796 0.262662
28797 0.392420
28802 0.265430
28807 0.286188
28809 0.236845
28810 0.294171
28813 0.172474
28815 0.083972
28821 0.229395
28825 1.211405
28827 0.453348
28831 0.429912
28836 0.224198
28838 0.319741
28850 1.193760
28857 0.158936
28858 0.111737
28863 1.141647
28875 1.101534
28878 0.609030
28894 0.012283
28908 1.133038
28911 0.097231
28916 0.503436
28921 0.043298
28928 0.276727
28930 0.409704
28932 1.213330
28933 0.451231
28939 0.152930
28955 1.135997
28957 0.176589
28958 0.317521
28959 0.453348
28964 1.170153
28968 0.581133
28969 0.593496
28973 0.012218
28988 0.308722
28991 0.307009
29005 0.533794
29017 0.588341
29020 1.232285
29025 0.307140
29026 0.395002
29027 0.028161
29031 0.418134
29036 0.232214
29037 1.112249
29038 0.503611
29040 0.144328
29047 0.544981
29056 1.082456
29060 0.160179
29062 0.174536
29071 0.473690
29077 0.395002
29078 0.075301
29079 0.122832
29087 0.247773
29088 1.161974
29089 0.171762
29090 0.397492
29101 0.515367
29108 0.129957
29110 0.287024
29114 0.327855
29115 1.090475
29118 0.034988
29119 0.497681
29128 0.023564
29143 0.442195
29147 0.584266
29154 0.519347
29164 0.198268
29171 0.061091
29181 0.038487
29183 0.538350
29193 0.070281
29201 0.319895
29204 0.375252
29216 0.181512
29219 0.233847
29224 1.149946
29226 0.363383
29228 0.327855
29231 0.170683
29240 0.131615
29243 0.035527
29248 0.245229
29254 0.180844
29258 0.105565
29269 1.218177
29277 0.097849
29283 0.051546
29287 0.048310
29303 0.118423
29311 0.461848
29314 0.923696
29316 0.023930
29321 0.024831
29325 0.134018
29326 0.442604
29331 0.185129
29344 0.367713
29345 0.075301
29353 1.104419
29355 0.443647
29358 0.484940
29361 0.513164
29362 0.909997
29364 1.105636
29367 0.022420
29374 0.370071
29377 0.228073
29379 0.075465
29393 0.253453
29401 1.161372
29403 0.459849
29405 0.399436
29432 0.137183
29433 0.282240
29434 0.229924
29443 0.574494
29445 0.982440
29448 0.515551
29450 0.596342
29468 0.055422
29478 0.352081
29491 0.988033
29506 0.060769
29535 0.532902
29538 0.025947
29542 0.263555
29553 1.175871
29555 0.179256
29565 0.411416
29579 1.188381
29582 0.111289
29585 1.169423
29587 1.063943
29588 0.358117
29589 1.026329
29594 0.525765
29595 0.126727
29597 0.106283
29601 0.043298
29611 0.367640
29617 0.076248
29620 0.348742
29623 0.437433
29625 0.261776
29627 0.128291
29631 0.076655
29632 0.321894
29640 0.276628
29641 0.128842
29649 0.971176
29650 1.121250
29654 0.084484
29658 1.204821
29664 0.211060
29670 1.143300
29684 0.196751
29687 0.475044
29689 0.164044
29690 0.080555
29691 0.426481
29694 0.221245
29696 0.970092
29703 1.046856
29708 0.303562
29709 0.345059
29711 0.295695
29714 0.230924
29716 0.260356
29731 0.552518
29732 0.049984
29743 0.351613
29744 0.025100
29747 0.138342
29748 1.107007
29764 0.065603
29767 0.500525
29772 0.302667
29773 0.040161
29780 0.450006
29781 1.136293
29782 0.352018
29783 0.524827
29792 0.174063
29797 0.599637
29800 1.095409
29806 0.577310
29810 0.166265
29815 0.407513
29819 0.587095
29822 0.035166
29834 0.519237
29853 0.142107
29859 0.341673
29869 0.467952
29871 0.273283
29873 0.472652
29883 0.498586
29892 0.053703
29896 0.156559
29906 0.378715
29908 0.155679
29916 0.359882
29918 1.210042
29924 0.577310
29929 0.531125
29931 0.243078
29933 0.978917
29946 1.126998
29955 0.492325
29966 0.544062
29969 0.161794
29973 0.081026
29974 0.497681
29977 1.052918
29987 0.426607
29991 0.168285
29992 0.151200
29993 0.372458
30000 0.332607
