6046
12370 1.363177
16084 1.341153
6985 1.338445
9157 1.332672
29879 1.326441
4681 1.325375
15043 1.323959
2239 1.316147
4403 1.313570
16004 1.311246
10177 1.310203
21223 1.308587
12751 1.308062
11447 1.307877
15028 1.301100
9004 1.298264
8637 1.298043
11933 1.296066
17340 1.296066
15847 1.295353
20658 1.295287
28644 1.293349
14237 1.292888
1272 1.292009
11322 1.290140
22932 1.284904
26285 1.283839
25339 1.282354
15339 1.282354
4113 1.281596
22771 1.280369
17203 1.277082
12181 1.276024
10509 1.275815
1610 1.275815
18885 1.274985
2445 1.273963
13750 1.272959
26937 1.272675
23148 1.271684
17440 1.268542
23224 1.268182
1766 1.268182
298 1.268182
16036 1.268182
29772 1.267635
9320 1.264919
18135 1.264919
5803 1.264203
8228 1.263779
12725 1.261785
28456 1.261704
25023 1.261704
8242 1.261414
8356 1.260496
6279 1.259501
28725 1.259446
18868 1.259316
17316 1.256980
25732 1.255446
3205 1.255309
18243 1.255309
9553 1.255309
7594 1.252281
6201 1.251211
17304 1.249394
6193 1.248422
7706 1.248086
10545 1.247891
18780 1.247608
11219 1.247366
17475 1.245400
18079 1.244336
14039 1.244336
23767 1.244336
13890 1.244336
20871 1.244336
21461 1.243211
23992 1.242549
13924 1.242281
6253 1.242281
716 1.241844
27583 1.240259
12793 1.239707
18792 1.239371
9733 1.239371
29701 1.239183
25885 1.238336
9466 1.238336
7646 1.237536
20442 1.237016
27017 1.236960
3876 1.236960
7365 1.235834
2423 1.235781
7724 1.234460
7027 1.234236
5070 1.233351
19017 1.232485
6636 1.230811
23459 1.230345
7316 1.229522
29906 1.229404
24196 1.229207
10164 1.228321
27216 1.227325
21001 1.226926
3657 1.226926
15297 1.225909
4426 1.225909
20517 1.224676
25043 1.224676
11839 1.224158
17608 1.224096
6808 1.223423
23868 1.223423
5767 1.221999
22309 1.221310
4756 1.220858
5385 1.220368
3901 1.220247
13020 1.220160
17995 1.220045
15434 1.220045
8450 1.218941
4868 1.218304
3554 1.217455
5933 1.217354
540 1.216806
9790 1.216268
4431 1.215220
18739 1.214878
14371 1.214709
8 1.214207
7789 1.214026
4673 1.213811
13089 1.213811
25112 1.212750
20082 1.212514
25383 1.212280
18340 1.211818
2110 1.211818
20719 1.211545
19966 1.210917
11561 1.209829
20373 1.209448
21783 1.209336
1459 1.209336
17553 1.208783
29379 1.208319
28815 1.207975
28412 1.207975
2518 1.207975
29745 1.207038
15270 1.206972
1142 1.206808
12497 1.206499
7947 1.206324
18540 1.205692
5511 1.205076
20393 1.204415
13697 1.204415
19299 1.204003
6461 1.203887
15610 1.203599
26139 1.203599
24430 1.203102
1822 1.201673
21070 1.201065
10275 1.200767
29803 1.200640
22316 1.200640
23492 1.200473
4194 1.200473
4278 1.200327
9261 1.200141
4224 1.199895
26739 1.199333
20490 1.198966
28851 1.198784
2608 1.198784
16157 1.197857
27231 1.197218
14427 1.197218
20857 1.196721
20962 1.196721
18365 1.196099
12062 1.194958
14443 1.194845
19895 1.194294
11909 1.192429
22636 1.192429
2868 1.192387
16900 1.192253
13306 1.191790
9330 1.191191
20350 1.190898
24836 1.190469
5220 1.189775
15235 1.189582
4863 1.189240
23242 1.189240
2747 1.189240
16805 1.188785
19237 1.188468
17861 1.187937
17276 1.187730
24858 1.187551
27407 1.186683
13107 1.186022
4142 1.185082
15841 1.184341
21052 1.183985
2212 1.183914
22991 1.183637
26035 1.183637
6843 1.182078
29763 1.182078
2120 1.181835
7405 1.181715
19856 1.181132
27831 1.179831
8902 1.179831
10846 1.179279
26485 1.178845
6144 1.178657
26922 1.178335
4528 1.178335
26939 1.178111
26464 1.178111
19884 1.178111
22284 1.178111
8436 1.177891
20779 1.177463
2348 1.177052
20460 1.177052
1279 1.176852
11805 1.176463
18474 1.176463
24421 1.176088
29094 1.175492
1895 1.175492
23046 1.175492
16128 1.175263
14033 1.175039
9168 1.174874
16289 1.174712
17658 1.174397
20242 1.174192
6072 1.173992
9404 1.172530
28387 1.172364
20452 1.172040
14683 1.172040
15100 1.171729
29441 1.171429
3308 1.170268
2278 1.170268
1525 1.170081
25078 1.169958
15858 1.169720
27554 1.169720
15751 1.169720
6550 1.169489
5898 1.169376
9990 1.168437
15702 1.168293
2775 1.168152
1790 1.168014
891 1.167879
22174 1.167491
29609 1.166355
4091 1.165771
12066 1.165680
4690 1.165590
23956 1.164773
4361 1.164698
23305 1.162814
26338 1.162543
27405 1.162292
13499 1.162292
29477 1.162212
29389 1.162134
12346 1.161701
15969 1.161568
27149 1.161568
16457 1.161442
9399 1.161320
6059 1.161203
7413 1.161147
6418 1.161091
24322 1.160983
5700 1.160457
13338 1.160372
17381 1.160372
17098 1.160249
4020 1.160210
23622 1.155455
9692 1.155455
6731 1.155455
14905 1.155455
14832 1.155455
29203 1.155455
7785 1.155455
3952 1.155455
4028 1.155455
27946 1.155455
12025 1.155455
4957 1.155455
23550 1.155455
6202 1.155455
3003 1.155455
26986 1.155455
10405 1.155455
20298 1.155455
7289 1.155455
15674 1.155455
18 1.155455
25299 1.155455
3557 1.155455
6344 1.155455
28974 1.155455
3476 1.155455
13808 1.155455
10705 1.155455
22949 1.155455
1529 1.155455
21698 1.155455
25427 1.150814
11416 1.150777
14036 1.150777
2229 1.150700
17220 1.150620
864 1.150538
19158 1.150081
13467 1.150081
11449 1.149873
9362 1.149706
6735 1.149649
23292 1.149529
4647 1.149529
390 1.149405
20186 1.149276
20997 1.149209
22754 1.149141
13650 1.149000
22312 1.149000
17538 1.148927
26829 1.148927
29705 1.148776
192 1.148536
25899 1.148366
28827 1.148366
2442 1.148278
14777 1.148278
13970 1.147903
5150 1.147803
6083 1.145984
19111 1.145906
18904 1.145745
14045 1.145494
15652 1.145407
16185 1.145319
27230 1.145138
3436 1.145045
21305 1.144854
5605 1.144237
10400 1.144237
26339 1.144015
23614 1.144015
18108 1.143664
11876 1.143292
17320 1.143163
15887 1.142472
5275 1.142325
8948 1.141364
19238 1.141190
28 1.141190
20270 1.141012
25037 1.141012
18281 1.140829
25265 1.140704
26794 1.140449
25012 1.140318
28525 1.140049
4228 1.140049
11556 1.139911
12136 1.139911
15561 1.139770
25018 1.139627
13244 1.139332
23954 1.139332
7113 1.139027
17915 1.138709
27153 1.138209
7347 1.137306
16356 1.137306
788 1.137114
4507 1.136968
22298 1.136968
17952 1.136918
23104 1.136667
29246 1.136513
13606 1.136513
4532 1.136304
23437 1.136197
27825 1.136090
20540 1.135871
4974 1.135418
29999 1.135360
28185 1.135184
29834 1.134944
16025 1.134698
6885 1.134189
19263 1.133925
9494 1.133446
14135 1.133376
27181 1.133376
23226 1.133019
21029 1.132799
15070 1.132799
11735 1.132799
5293 1.132499
12376 1.132346
5219 1.132346
17520 1.131874
26682 1.131631
12975 1.131383
4442 1.131282
15564 1.131282
6890 1.131078
1787 1.131078
10070 1.131078
29540 1.131078
20444 1.131078
13284 1.130871
29983 1.130871
28043 1.130606
23048 1.130445
2840 1.130060
7101 1.129778
811 1.129313
16110 1.129075
18659 1.128893
2285 1.128893
28812 1.128268
24396 1.127812
25736 1.127724
14455 1.127500
24819 1.127273
27889 1.127273
7136 1.126712
8021 1.126712
15504 1.126203
11527 1.125828
23655 1.125828
10579 1.125443
24272 1.125443
6374 1.125443
13843 1.125313
26132 1.125207
24089 1.125048
2695 1.125048
22516 1.125048
8241 1.125048
13776 1.124643
16456 1.124560
5286 1.124226
2334 1.124226
2960 1.123653
17470 1.123536
21337 1.123536
4564 1.123359
21523 1.123359
23545 1.123180
24203 1.122442
24487 1.122442
342 1.122442
8759 1.122442
26736 1.122170
28620 1.122124
3564 1.122060
3172 1.122060
9552 1.122060
23489 1.122060
6333 1.121894
22402 1.121471
27881 1.121270
28187 1.121134
7069 1.120860
3411 1.120441
10830 1.120441
28728 1.120441
11159 1.120441
16734 1.119571
161 1.119571
9648 1.119507
26927 1.119120
25106 1.118967
12459 1.118579
18128 1.118182
7030 1.118182
15499 1.117879
12771 1.117777
20750 1.116940
22862 1.116616
406 1.116507
12566 1.116381
8191 1.116381
2848 1.116287
16235 1.115952
22941 1.115952
20823 1.115612
22468 1.115148
4571 1.114811
20305 1.114811
12108 1.114674
17490 1.114189
2266 1.113817
5276 1.113691
11706 1.113438
11868 1.112660
16593 1.112660
25814 1.112660
12999 1.112202
14907 1.111203
2625 1.110824
196 1.110824
20846 1.110824
10457 1.110583
16612 1.110437
19457 1.110437
5210 1.110437
29272 1.109845
1944 1.109845
5392 1.109759
4285 1.109694
23477 1.109694
22337 1.109644
12114 1.109237
12172 1.109237
27918 1.109237
22242 1.108822
28230 1.108822
26933 1.108770
22903 1.108702
7279 1.108702
7949 1.108702
4583 1.108485
16939 1.108485
15432 1.108400
14839 1.107596
10434 1.107311
21367 1.107311
20981 1.107087
24735 1.107023
521 1.106906
16460 1.106436
24444 1.106287
25649 1.106287
22113 1.106170
3892 1.106076
20379 1.106076
21131 1.105834
7997 1.105758
26252 1.105218
22000 1.105218
25414 1.105218
6067 1.104777
2914 1.104586
22629 1.104411
22127 1.104328
20287 1.104228
24690 1.104101
6121 1.103938
26978 1.103577
21327 1.102934
14222 1.102668
16590 1.102591
7156 1.102452
22268 1.102452
26007 1.102330
26966 1.102330
22979 1.102330
8815 1.102275
3966 1.102275
4189 1.102126
3744 1.101891
14968 1.101826
11902 1.101573
21800 1.101462
10098 1.100433
27954 1.100433
13798 1.099546
19249 1.099365
6824 1.099091
16225 1.098459
12416 1.098459
12917 1.098254
14064 1.098254
1550 1.098160
19722 1.098160
4352 1.098001
12383 1.097682
687 1.097359
7371 1.097197
9509 1.097197
9683 1.096951
21693 1.096703
18568 1.096503
11772 1.096339
23784 1.096339
1940 1.096201
17630 1.096031
14894 1.095690
23107 1.095690
22094 1.095431
17644 1.095431
9135 1.095431
23670 1.095431
10092 1.095275
14654 1.095170
18277 1.095130
12902 1.095130
26713 1.095130
4529 1.094641
29354 1.093334
5042 1.093185
26771 1.093127
25098 1.092658
13047 1.092430
20482 1.092430
28727 1.090937
11133 1.090937
7364 1.090864
14164 1.090663
15825 1.090542
11748 1.090275
12471 1.090052
24188 1.089697
22292 1.089429
21808 1.089219
7415 1.088910
1316 1.088277
701 1.087487
11330 1.087487
4236 1.087487
2395 1.087487
11235 1.086587
23818 1.085849
19660 1.085590
17082 1.085285
28489 1.085234
15863 1.084934
22946 1.084713
12200 1.084130
4203 1.083983
18299 1.083647
13842 1.083539
8046 1.083239
8587 1.083239
18856 1.082890
6785 1.082826
9619 1.082588
11499 1.082588
10983 1.082479
11001 1.082479
19405 1.082479
1323 1.082325
14067 1.082182
3426 1.081987
21599 1.081926
3902 1.081702
11000 1.081702
2836 1.081127
581 1.081127
11597 1.081069
17515 1.081069
14602 1.080909
14641 1.080724
28459 1.080564
22598 1.080425
4374 1.080425
21248 1.079973
3089 1.079864
9385 1.079770
24258 1.079687
5291 1.079347
24331 1.079103
24269 1.078424
14504 1.078424
23509 1.078424
11511 1.078424
22589 1.078424
21993 1.078424
5674 1.078424
16089 1.077777
16362 1.077684
4674 1.077626
23760 1.077479
23036 1.077479
3199 1.077030
25745 1.076929
19029 1.076929
15784 1.076674
1217 1.076511
26772 1.076314
5743 1.076159
5815 1.075979
3652 1.075979
13157 1.075979
2624 1.075930
16661 1.075585
20876 1.075518
4567 1.075374
27840 1.075280
26056 1.075075
9563 1.074842
1106 1.074573
29656 1.074261
9541 1.073756
20391 1.073455
22870 1.073373
16822 1.072922
22450 1.072922
6047 1.072527
12063 1.072466
25990 1.072383
2762 1.072383
19574 1.071591
26416 1.071422
28030 1.071422
13088 1.071422
13995 1.071283
4987 1.071151
22917 1.071151
23833 1.070651
2855 1.070591
25615 1.070591
2635 1.070216
5143 1.070076
13048 1.069512
28203 1.069512
3435 1.069512
7343 1.069410
1945 1.068796
5619 1.068154
15902 1.067699
16370 1.067476
13479 1.067420
7389 1.066574
9212 1.066574
4383 1.066574
27660 1.066574
5501 1.066574
9327 1.066574
10561 1.065711
25393 1.065653
1696 1.065419
12931 1.064831
18003 1.064712
17919 1.064576
20925 1.064576
11762 1.064419
3975 1.064235
1958 1.064235
17112 1.064235
4206 1.063599
27652 1.063544
3581 1.063235
1558 1.063235
3292 1.063018
24568 1.063018
15131 1.062273
27304 1.062273
26461 1.062085
26875 1.061470
20250 1.061470
25406 1.061233
23882 1.061132
895 1.060745
27714 1.060745
16565 1.060160
15118 1.060160
25011 1.060160
24042 1.060050
100 1.059780
19650 1.059699
3862 1.059587
8338 1.059167
28617 1.059167
659 1.059167
11073 1.059167
29004 1.058546
8795 1.058358
16871 1.058153
22937 1.058153
653 1.058007
11391 1.058007
17379 1.057883
14073 1.057279
20723 1.057279
11714 1.057118
6847 1.056748
1574 1.056698
12121 1.056416
1441 1.056416
23945 1.056117
26653 1.055847
12759 1.055601
3803 1.055271
16492 1.055210
15125 1.054980
9277 1.054980
16699 1.054980
15150 1.054772
14697 1.054723
17559 1.054723
1957 1.054353
8202 1.054286
17953 1.053929
16848 1.053876
9559 1.053775
22519 1.053775
25621 1.053679
10766 1.053202
11853 1.053073
19912 1.052955
13997 1.052748
17613 1.052748
13788 1.052386
5354 1.052289
24353 1.052201
6173 1.051671
29196 1.051671
25451 1.051594
11801 1.051525
11446 1.051409
8224 1.051315
5242 1.050413
17542 1.050413
5004 1.050413
23162 1.050413
7838 1.050413
15868 1.049399
180 1.049342
984 1.049278
28115 1.049278
10644 1.048648
18713 1.048117
2343 1.048117
26568 1.047804
64 1.047804
24451 1.047612
21892 1.046984
8605 1.046931
12781 1.046931
2249 1.046931
16321 1.046706
9104 1.046645
27497 1.046450
20161 1.046091
13420 1.045991
29444 1.045660
12878 1.045411
4773 1.044826
26903 1.044531
23659 1.044086
22964 1.043964
25904 1.043637
29821 1.043637
17422 1.043275
2401 1.042977
22579 1.042977
11518 1.042728
12763 1.042421
6116 1.042175
17258 1.042175
22281 1.041397
1379 1.041336
487 1.040950
29864 1.040514
26483 1.040514
14596 1.040457
15503 1.040457
27812 1.039909
25146 1.039909
26073 1.039909
15248 1.039909
2034 1.039405
3602 1.038235
8374 1.038056
25554 1.037834
8398 1.037770
11781 1.037342
24743 1.037283
28184 1.037091
12813 1.036947
7781 1.036581
18257 1.036408
10727 1.035925
12485 1.035925
6104 1.035594
4857 1.035549
14070 1.035549
12589 1.035490
27299 1.034947
13951 1.034407
23736 1.034407
913 1.034407
4616 1.034106
6055 1.033828
7816 1.033571
7207 1.033571
25070 1.033522
21734 1.033522
27019 1.032987
4729 1.032284
21775 1.032206
26853 1.031656
23980 1.031656
2047 1.031656
16024 1.031315
14056 1.030687
3697 1.030406
11669 1.030406
7130 1.030005
11256 1.029862
10341 1.029150
24163 1.028728
28374 1.028482
18496 1.028299
5098 1.028202
28947 1.027071
10371 1.027071
28606 1.027071
9149 1.025871
19439 1.025761
27458 1.025000
24860 1.024295
26164 1.024153
13221 1.023821
6880 1.023403
5424 1.023239
3148 1.022700
7391 1.021665
11538 1.021561
3851 1.021561
24171 1.021340
10534 1.020554
28168 1.020242
6032 1.019519
12995 1.019519
19240 1.019519
21272 1.018901
9791 1.018788
25323 1.018367
3112 1.017243
5103 1.016800
28438 1.016800
12527 1.016800
1024 1.016417
23313 1.016417
8264 1.016372
18902 1.016243
4719 1.015784
26757 1.015197
23337 1.015197
27564 1.015072
29373 1.014546
637 1.014546
24634 1.014070
5882 1.013557
13362 1.012806
839 1.012806
4695 1.012806
15060 1.012301
18354 1.011878
10484 1.011878
7472 1.011878
25092 1.011804
21581 1.011804
13123 1.011742
12520 1.011023
29529 1.011023
29720 1.011023
4973 1.010234
28189 1.009621
4163 1.009254
19308 1.008989
5543 1.008989
179 1.008823
28965 1.008575
19894 1.008397
7274 1.007842
23997 1.007557
14707 1.007320
26617 1.006593
3815 1.005925
2783 1.005674
6481 1.005396
4778 1.005246
12177 1.005194
28044 1.005152
29814 1.004743
8973 1.004743
19863 1.004743
11299 1.004274
28770 1.004145
5830 1.003421
13557 1.002848
14144 1.002848
28811 1.002617
25477 1.002322
14722 1.001839
9828 1.001394
25056 1.001394
11568 1.001394
250 1.000244
4387 1.000100
29223 0.999603
3839 0.999312
12131 0.998541
29743 0.998541
12118 0.997893
13348 0.997444
19113 0.997444
9809 0.997444
13408 0.997340
17212 0.997093
7784 0.997046
22035 0.997046
14038 0.996320
22232 0.996259
2282 0.995758
10225 0.994831
23281 0.994831
2342 0.994762
22475 0.993579
16273 0.993377
8192 0.993199
15953 0.992506
21206 0.992506
18169 0.992332
29263 0.992000
29343 0.990390
29948 0.990390
19294 0.990390
20885 0.988948
8358 0.988747
3733 0.988314
428 0.988218
29347 0.987481
4958 0.987072
2654 0.986821
27274 0.986184
14498 0.985988
5612 0.985988
11244 0.985535
25603 0.985535
20634 0.984648
1849 0.983569
17571 0.982677
17932 0.982677
11363 0.982483
27393 0.981759
5087 0.980386
11668 0.980019
25742 0.979943
17493 0.979458
23441 0.979006
9860 0.978061
2141 0.977693
28398 0.975717
29768 0.975384
29602 0.975384
21306 0.974480
5872 0.974329
8735 0.974207
29874 0.974020
9449 0.973015
13765 0.972412
25994 0.972350
29849 0.971878
11789 0.971767
14564 0.971767
24339 0.971525
28005 0.970327
26463 0.970327
11727 0.970146
24929 0.970146
14513 0.970146
1006 0.969407
25000 0.969091
20265 0.969091
1972 0.968766
1867 0.968258
21282 0.967121
9272 0.967065
19339 0.966908
23684 0.965753
1592 0.965317
22564 0.964554
11309 0.964154
474 0.963743
22120 0.962879
2667 0.962879
10715 0.961901
17681 0.961683
13122 0.960559
19853 0.960559
11017 0.960088
3696 0.959246
27543 0.959246
732 0.958782
11816 0.957377
18477 0.956746
6105 0.956238
823 0.955821
18392 0.953087
24320 0.952375
23934 0.951551
257 0.950691
26712 0.950281
12540 0.950281
272 0.949823
14764 0.949295
10377 0.948850
4420 0.948583
10848 0.948065
22472 0.948065
24578 0.948065
13777 0.946760
3857 0.945372
2822 0.945372
14002 0.944792
21303 0.943722
26879 0.940724
20370 0.939706
27536 0.939706
13085 0.938369
23583 0.937444
19968 0.937357
7301 0.936317
20016 0.936065
12032 0.935368
24866 0.933796
21872 0.932717
24954 0.930935
29141 0.930117
21064 0.928152
16093 0.927131
19057 0.926597
22594 0.921838
3116 0.919648
26864 0.919648
24176 0.919648
25337 0.919257
10673 0.910358
3262 0.908334
14392 0.907857
22795 0.904743
4855 0.903772
20114 0.903114
24908 0.902938
12620 0.897626
23198 0.895859
28566 0.893552
5466 0.887126
24313 0.882347
25489 0.876552
9527 0.876552
6490 0.868342
18076 0.868057
25934 0.858699
12832 0.858011
3024 0.854336
14343 0.850719
20989 0.811569
26673 0.616243
9284 0.616243
28182 0.616243
6955 0.616243
16591 0.613322
17734 0.613098
10718 0.612838
12316 0.612838
2174 0.612530
25856 0.612161
27634 0.612161
12969 0.609986
26168 0.609986
24328 0.609471
7678 0.609471
22926 0.608134
5296 0.608134
7985 0.608134
19274 0.607563
28375 0.606614
26441 0.606140
1742 0.606140
20384 0.606140
2397 0.606140
16531 0.606140
20358 0.606140
12486 0.606140
27739 0.605972
5437 0.605238
29137 0.605238
4904 0.604097
10131 0.604097
7817 0.603666
19280 0.603404
10479 0.603404
13897 0.602370
29253 0.602237
6757 0.601657
26448 0.601308
7806 0.601308
17829 0.601212
21289 0.601212
29688 0.600633
7172 0.600633
8060 0.600236
126 0.600070
1282 0.599528
23763 0.599125
21494 0.598778
27819 0.598609
19445 0.598256
1835 0.598118
28339 0.598118
29274 0.598118
5489 0.597999
22432 0.597847
9597 0.597649
23847 0.596985
23100 0.596985
921 0.596857
19651 0.596773
14298 0.596773
28124 0.596364
11803 0.596364
5645 0.596364
22257 0.596364
16636 0.595084
13215 0.595025
5034 0.595025
26135 0.595025
10578 0.594888
22170 0.594620
24426 0.594508
24781 0.594234
10522 0.594234
11365 0.594234
23380 0.593969
21858 0.593925
10063 0.593628
19451 0.593628
3708 0.593175
14150 0.592931
20028 0.592931
19300 0.592799
5982 0.592541
27862 0.592243
12685 0.592243
16885 0.592051
15201 0.592051
8945 0.591957
2946 0.591957
18334 0.591818
19920 0.591483
20586 0.591418
23849 0.591418
315 0.591418
4914 0.591163
27505 0.591163
6942 0.590918
27576 0.590566
6668 0.590566
20397 0.590232
29144 0.589422
989 0.589055
4465 0.589055
27790 0.589055
12145 0.588767
18786 0.588767
25578 0.588767
6331 0.588628
16991 0.588628
12162 0.588628
4562 0.588232
18209 0.588232
10547 0.587983
1802 0.587863
16961 0.587863
15425 0.587746
12925 0.587746
23530 0.587746
29327 0.587356
3382 0.587356
12956 0.587356
23336 0.587303
17954 0.587046
9714 0.586898
94 0.586898
21997 0.586898
9311 0.586350
21638 0.586350
596 0.586182
8521 0.586182
10653 0.586182
27530 0.585864
18485 0.585864
23472 0.585864
24458 0.585864
26774 0.585714
8592 0.585714
18148 0.585714
3314 0.585570
26298 0.585430
2676 0.585430
141 0.585430
18959 0.585230
9889 0.585040
16127 0.584919
17254 0.584919
24673 0.584919
13340 0.584919
3119 0.584802
5247 0.584802
2953 0.584688
5823 0.584688
13039 0.584688
21441 0.584076
15700 0.583563
2733 0.583563
5734 0.583447
15032 0.583447
15705 0.583336
75 0.583127
13762 0.583028
18217 0.582840
20485 0.582840
7890 0.582840
18969 0.582840
23661 0.582582
28363 0.582582
29722 0.582582
22473 0.582502
19388 0.582502
29268 0.581455
20930 0.581361
22880 0.581361
3191 0.581187
16670 0.581106
17772 0.580884
21477 0.580817
1635 0.580631
5868 0.580631
11474 0.580631
23218 0.580465
17008 0.580415
23346 0.580365
2326 0.580318
20655 0.580272
27167 0.580272
29021 0.580228
444 0.580228
7776 0.577727
3886 0.577727
12551 0.577727
29972 0.577727
3398 0.577727
16216 0.577727
16956 0.577727
25986 0.577727
6832 0.577727
26061 0.577727
8268 0.577727
9989 0.577727
22672 0.577727
8763 0.577727
7373 0.577727
1591 0.577727
8935 0.577727
14079 0.577727
25924 0.577727
4491 0.577727
21760 0.577727
15471 0.577727
7945 0.577727
3282 0.577727
11455 0.577727
29309 0.577727
441 0.577727
24081 0.575330
5697 0.575248
24587 0.575248
4448 0.575205
20768 0.575205
11856 0.575160
22080 0.575113
1450 0.575065
3173 0.575065
205 0.575065
27209 0.575015
133 0.575015
424 0.574963
27110 0.574853
23823 0.574795
15620 0.574795
6959 0.574734
9669 0.574734
9198 0.574671
20295 0.574605
8170 0.574309
12682 0.574309
22352 0.574226
28016 0.574226
15199 0.574139
25252 0.572953
6038 0.572953
9397 0.572225
10910 0.572118
21207 0.572118
18601 0.571892
29639 0.571892
22391 0.571379
23903 0.571236
5927 0.571087
27818 0.571087
25423 0.570931
18374 0.570931
14648 0.570710
14466 0.570595
18156 0.570595
661 0.570476
21496 0.570476
28539 0.570476
29227 0.570414
4831 0.570224
18322 0.570224
11930 0.570024
28975 0.569813
9318 0.569355
13583 0.569355
29545 0.569018
22102 0.568839
29289 0.568839
20535 0.568839
6135 0.568839
300 0.568839
15869 0.568653
15322 0.568653
29175 0.568459
27962 0.568459
2161 0.568409
13945 0.568409
2259 0.568099
29131 0.568099
12810 0.568099
24035 0.568045
7689 0.567223
21384 0.566399
28580 0.566249
23133 0.566173
6930 0.566173
6186 0.565937
5194 0.565937
18032 0.565937
9214 0.565539
9384 0.565435
28258 0.565330
12501 0.565168
11507 0.564889
21827 0.564657
24213 0.564597
19414 0.564292
1444 0.564292
8781 0.563862
7297 0.563284
6111 0.562914
1202 0.562444
3031 0.562444
15352 0.562444
18141 0.562113
4439 0.562113
18001 0.561827
8094 0.561768
7434 0.561529
7780 0.561355
11599 0.561221
28130 0.561221
25372 0.561221
29715 0.561085
19327 0.560900
14225 0.560807
8741 0.560807
1067 0.560635
16169 0.560635
10369 0.560567
22202 0.560567
21554 0.560567
24732 0.560221
3751 0.560221
26641 0.560221
4554 0.559860
23086 0.559860
16040 0.559786
29467 0.559592
2097 0.559592
13232 0.559483
7629 0.559483
14643 0.559483
17894 0.559483
2509 0.559328
15585 0.559328
7487 0.559261
27098 0.559091
27729 0.558847
2406 0.558847
24099 0.558847
15906 0.558681
16769 0.558561
6972 0.558253
8333 0.558191
18661 0.557806
22186 0.557456
786 0.557456
6114 0.557337
9205 0.557337
10216 0.556846
14986 0.556846
7931 0.556554
11153 0.556554
1368 0.556554
20534 0.556554
29913 0.556330
15642 0.556330
2311 0.556330
340 0.556153
27595 0.555926
459 0.555788
9162 0.555629
3300 0.555219
9278 0.555219
15102 0.555135
27331 0.555135
2826 0.555071
21520 0.555022
23073 0.554618
1377 0.554618
18203 0.554618
16429 0.554618
16136 0.554147
22261 0.553854
5907 0.553766
13971 0.553655
11057 0.553511
19364 0.553453
25434 0.553143
20473 0.552917
25820 0.552849
12668 0.551859
2843 0.551704
21972 0.551467
12534 0.551467
17690 0.551137
660 0.551137
26762 0.550945
1466 0.550945
28292 0.550945
12488 0.550856
10026 0.550856
4534 0.550856
3720 0.550856
5377 0.550787
28468 0.550787
11610 0.550685
28390 0.550217
4750 0.550217
10946 0.550217
19725 0.550217
15690 0.550217
28922 0.549773
2105 0.549773
26567 0.549682
19909 0.549546
13942 0.549127
27270 0.549001
4125 0.549001
14112 0.548841
4410 0.548841
20417 0.548709
25396 0.548351
5637 0.548351
19699 0.548169
23908 0.548100
5224 0.548100
7793 0.547948
26976 0.547948
18473 0.547565
7809 0.547321
16891 0.547321
23110 0.547321
27091 0.547321
2308 0.547321
11549 0.547321
22357 0.547072
11906 0.546778
7832 0.546667
3416 0.546667
20080 0.546422
1843 0.546215
29397 0.546215
1335 0.546215
7887 0.546038
3681 0.546038
12512 0.545984
7250 0.545984
9987 0.545026
17574 0.545026
10864 0.545026
6416 0.544931
11222 0.544849
14381 0.544609
3672 0.544397
23708 0.544348
21940 0.544305
22876 0.543743
22708 0.543743
8367 0.543743
21794 0.543743
22274 0.543743
24431 0.543743
18346 0.543743
18797 0.543743
20511 0.543743
27467 0.543163
7796 0.543163
25366 0.542925
6314 0.542643
10535 0.542467
24656 0.542467
7293 0.542225
26388 0.542065
2457 0.542065
22373 0.541939
17161 0.541939
10749 0.541792
4907 0.541792
22104 0.541413
6172 0.541413
560 0.541294
28452 0.541294
15394 0.541162
19510 0.541162
22786 0.541162
15861 0.541091
29802 0.540851
21023 0.540851
21101 0.540851
1230 0.540851
27469 0.540626
18463 0.540626
5640 0.540564
21466 0.540564
20394 0.540564
16545 0.540455
12538 0.540213
18529 0.540213
26335 0.540213
10168 0.539932
27061 0.539932
808 0.539932
20202 0.539844
10233 0.539674
25397 0.539674
21463 0.539603
3911 0.539603
3354 0.539552
7475 0.539552
26310 0.539212
17086 0.539212
813 0.539212
415 0.539212
4919 0.539212
25122 0.539212
23309 0.538813
9756 0.538740
18830 0.538464
2490 0.538284
10136 0.538157
25738 0.538157
27425 0.537990
4183 0.537759
4610 0.537759
22837 0.537640
16763 0.537640
5949 0.537421
15599 0.537130
16555 0.537130
16815 0.536975
27262 0.536727
4062 0.536727
5845 0.536461
5936 0.536287
28924 0.536233
21620 0.536233
20480 0.536131
25336 0.535863
6754 0.535863
5025 0.535711
12707 0.535576
1325 0.535455
18275 0.535455
21863 0.535158
14165 0.534933
21346 0.534839
8915 0.534756
20619 0.534756
15376 0.534314
21300 0.534243
26710 0.534125
6774 0.533287
27067 0.533287
28814 0.533287
7707 0.533287
8133 0.532555
8999 0.532356
15158 0.532356
18731 0.531618
496 0.531386
18963 0.531386
16719 0.531079
3145 0.531079
3879 0.531018
29887 0.530373
6700 0.530373
23237 0.530373
28948 0.530209
11940 0.530150
26792 0.530150
3316 0.529583
27158 0.529583
10273 0.529314
5961 0.529314
26236 0.529003
16618 0.529003
8665 0.528865
18674 0.528865
950 0.528865
15103 0.528767
18655 0.528639
13175 0.528639
7674 0.528639
29532 0.528639
13627 0.528559
19735 0.528504
24939 0.528208
14206 0.528208
28987 0.527873
26420 0.527490
991 0.527246
29973 0.527050
27545 0.527050
21420 0.527050
21674 0.527050
17058 0.526536
27975 0.526536
28505 0.526374
9072 0.525836
22317 0.525763
1313 0.525763
20606 0.525763
12387 0.525763
910 0.525705
14755 0.525658
1720 0.525658
9301 0.525207
29558 0.525207
18847 0.525207
5521 0.525207
23445 0.525207
12322 0.525207
19999 0.525207
27229 0.525207
25870 0.524699
11984 0.524699
3730 0.524639
9245 0.524562
1718 0.524234
23773 0.524124
6320 0.523985
14571 0.523985
21713 0.523931
15106 0.523806
29008 0.523806
8894 0.523806
4536 0.523466
24067 0.523225
11840 0.523225
20092 0.523225
10345 0.523225
25674 0.523045
3485 0.522706
24937 0.522706
29882 0.522706
6790 0.522568
16002 0.522568
16930 0.522568
26092 0.522467
9177 0.522467
22252 0.522239
9529 0.522239
20831 0.521436
1722 0.521364
5765 0.521364
9888 0.521184
1334 0.521087
28738 0.520902
2787 0.520902
8500 0.520768
2377 0.520768
4293 0.520590
16646 0.520475
20505 0.520337
2669 0.520257
12056 0.520257
17050 0.520205
23673 0.520205
22064 0.519955
26079 0.519955
27528 0.519723
9804 0.519723
6348 0.519425
13755 0.519425
10555 0.519306
22262 0.519306
27305 0.519306
28674 0.519191
8695 0.519191
13994 0.519191
15800 0.518776
1561 0.518546
3621 0.518141
8378 0.518141
19021 0.517963
9218 0.517644
18466 0.517547
14508 0.517547
29841 0.517368
10780 0.517204
6941 0.517204
26337 0.517053
16008 0.516786
8221 0.516786
27066 0.516667
19038 0.516667
4373 0.516556
14891 0.516556
26805 0.516556
10658 0.516556
2545 0.516556
21176 0.516404
7554 0.516404
13097 0.516404
17972 0.516267
5022 0.516142
17414 0.516028
5658 0.516028
27609 0.516028
2132 0.515828
2092 0.515828
1714 0.515739
27240 0.515739
18985 0.515739
730 0.515171
28898 0.515082
5021 0.515082
21886 0.514866
3013 0.514866
15281 0.514807
13912 0.514807
3239 0.514703
10532 0.514657
16479 0.514614
11115 0.513535
24271 0.513535
21429 0.513535
18716 0.513535
27415 0.513535
19424 0.513535
28465 0.513535
26525 0.513535
1859 0.513535
23358 0.513535
2191 0.513535
10945 0.513535
22455 0.513535
6783 0.513535
20532 0.513535
13382 0.513535
16082 0.512500
1425 0.512374
11442 0.512148
2674 0.512077
6597 0.511910
2240 0.511910
3231 0.511350
7941 0.511169
885 0.511169
24785 0.511169
13885 0.510955
5485 0.510833
24413 0.510698
20497 0.510442
7496 0.510385
11888 0.510385
11931 0.510385
18223 0.509919
17846 0.509759
24434 0.509394
27999 0.509394
14204 0.509183
9403 0.509183
25089 0.509183
13375 0.508691
17054 0.508621
11611 0.508400
5380 0.508158
3090 0.508158
20313 0.508002
15682 0.507892
20811 0.507892
17514 0.507599
4392 0.507599
19164 0.507536
11350 0.507536
9980 0.507273
11804 0.507035
19940 0.507035
5311 0.506985
23859 0.506778
19473 0.506501
24544 0.506501
6529 0.506323
19241 0.506323
2238 0.506323
19323 0.506199
8615 0.506108
1123 0.506108
27815 0.505871
5963 0.505871
4182 0.505821
21651 0.505511
15247 0.505511
26071 0.505511
12311 0.505511
10186 0.505219
707 0.505117
13866 0.505117
17201 0.505033
7918 0.505033
26100 0.505033
7381 0.504905
7894 0.504681
7642 0.504565
26602 0.504412
6307 0.504198
17570 0.503800
17061 0.503800
13152 0.503660
13905 0.503660
29706 0.503660
5132 0.503660
4001 0.503494
2726 0.503494
5089 0.502963
12780 0.502372
17980 0.502372
3840 0.502372
25481 0.502372
2112 0.501960
10956 0.501960
4186 0.501864
8706 0.501798
9540 0.501711
5455 0.501517
24553 0.501424
10575 0.501424
2148 0.501424
18269 0.501161
28388 0.501038
28810 0.500452
21753 0.500452
6251 0.500452
16840 0.500300
2663 0.500197
3293 0.500021
4978 0.500021
3633 0.500021
25758 0.499956
22790 0.499956
27031 0.499911
28556 0.499656
23179 0.499391
12546 0.499342
10292 0.499342
5665 0.499271
29566 0.499156
10014 0.499070
28433 0.499070
11751 0.499070
3217 0.499070
27486 0.498946
25751 0.498946
10802 0.498946
11441 0.498670
11272 0.498670
1120 0.498670
15733 0.498620
24817 0.498431
15023 0.498160
14608 0.497931
25981 0.497734
14529 0.497564
2381 0.497564
23312 0.497284
12774 0.497284
29667 0.496643
9738 0.496559
23913 0.496559
12565 0.496559
23163 0.496127
8743 0.496127
17186 0.496127
24424 0.496059
9230 0.495949
24675 0.495863
6820 0.495863
18446 0.495195
3209 0.495195
803 0.495195
117 0.495195
17859 0.495195
15202 0.495195
20608 0.495195
9334 0.495195
11202 0.494474
14787 0.494474
28171 0.494427
10505 0.494312
9957 0.494241
983 0.494241
14174 0.494157
22452 0.494157
18252 0.494157
15632 0.494157
13419 0.493784
29298 0.493694
20649 0.493694
3277 0.493592
6912 0.493475
4191 0.493475
22199 0.493182
2493 0.492994
9382 0.492994
928 0.492848
14632 0.492848
10814 0.492848
25291 0.492681
22970 0.492489
5265 0.492489
1999 0.492324
4766 0.492265
19723 0.492138
3734 0.492000
19064 0.491926
8654 0.491880
22525 0.491683
12115 0.491460
18092 0.491400
4812 0.491400
7948 0.491208
21208 0.491068
28946 0.491068
24284 0.490919
14369 0.490919
10915 0.490813
6261 0.490584
19728 0.490584
23617 0.490523
3228 0.490193
29244 0.490193
5031 0.490193
21399 0.489913
18195 0.489913
16194 0.489913
22990 0.489812
11177 0.489812
11249 0.489729
16579 0.489503
5451 0.489503
12563 0.489503
29239 0.489369
9748 0.489369
11129 0.489247
22682 0.489247
17740 0.489031
2177 0.488846
10496 0.488846
17357 0.488846
4962 0.488846
24610 0.488846
18697 0.488650
3348 0.488485
7290 0.488388
13054 0.488080
24340 0.488018
7614 0.488018
28317 0.487730
28469 0.487240
13166 0.487103
3153 0.486507
14671 0.486507
24051 0.486507
13211 0.485985
27409 0.485985
9 0.485939
25708 0.485939
7754 0.485939
3117 0.485939
29015 0.485884
4542 0.485816
10649 0.485485
2005 0.485291
3522 0.485163
216 0.485163
25933 0.485006
10984 0.485006
922 0.485006
20327 0.484878
8239 0.484727
24917 0.484546
2842 0.483960
26114 0.483908
24324 0.483908
19292 0.483908
8966 0.483679
9936 0.483454
10987 0.483328
11313 0.483328
22169 0.483072
22965 0.483018
29970 0.483018
19181 0.483018
12451 0.482877
17964 0.482658
21658 0.482600
1642 0.482374
23808 0.482374
16139 0.482030
24636 0.481954
25704 0.481896
14521 0.481849
12407 0.481440
6677 0.481440
24020 0.481440
8556 0.481046
5068 0.481004
4479 0.481004
1059 0.480883
6013 0.480669
17986 0.480669
2389 0.480486
7338 0.480486
17760 0.480486
15904 0.480189
17030 0.480189
14886 0.480189
4605 0.479623
9019 0.479442
749 0.479391
7524 0.479221
7667 0.479091
28642 0.479091
11090 0.478837
8161 0.478837
15768 0.478837
25541 0.478591
15525 0.478522
29605 0.478470
29081 0.478470
28401 0.478119
6148 0.478119
18735 0.477783
20326 0.477674
26935 0.477674
4878 0.477674
5968 0.477253
26104 0.477023
6775 0.476854
10599 0.476625
10252 0.476625
29106 0.476476
17141 0.476117
7633 0.476067
7336 0.476067
26119 0.475776
5062 0.475776
17567 0.475776
18933 0.475496
5570 0.475496
2015 0.475496
651 0.475387
13731 0.475387
4287 0.475140
5959 0.475140
21732 0.474844
14450 0.474673
20984 0.474562
2907 0.474425
7227 0.474425
11770 0.474033
7235 0.474033
21988 0.474033
16043 0.473785
9190 0.473785
16158 0.473547
13238 0.473319
11598 0.473319
8443 0.473319
6933 0.473186
19488 0.473186
29986 0.472993
21797 0.472993
18593 0.472993
10826 0.472930
19649 0.472686
21316 0.472686
8579 0.472229
9262 0.472121
17590 0.472121
5266 0.472121
24984 0.471861
1896 0.471811
10529 0.471614
21559 0.471380
14212 0.471156
29357 0.471156
21310 0.471013
6611 0.471013
29257 0.470944
31 0.470741
1168 0.470741
23809 0.470741
24147 0.470741
24264 0.470741
10266 0.470741
25641 0.470741
1447 0.470485
21568 0.470485
21456 0.470362
14665 0.470243
452 0.470016
1119 0.469597
12122 0.469597
11847 0.469220
4044 0.469220
21737 0.469220
8568 0.469046
28245 0.468880
22489 0.468880
10694 0.468722
21745 0.468290
5015 0.468290
18687 0.468290
19580 0.467911
1500 0.467853
16397 0.467795
27131 0.467795
21845 0.466971
26635 0.466971
3590 0.466850
18700 0.466735
17605 0.466626
29416 0.466522
24967 0.466236
22666 0.465909
10771 0.465183
12237 0.465089
28428 0.465000
27161 0.465000
5711 0.464917
24980 0.464838
27829 0.464764
8100 0.464694
15496 0.464564
22877 0.464564
28287 0.464564
12458 0.464448
24012 0.464393
14741 0.464245
4059 0.464200
19705 0.464157
12283 0.464157
1703 0.464116
18997 0.464038
27377 0.464038
20 0.464038
7252 0.462182
25365 0.462182
25320 0.462182
29258 0.462182
17278 0.462182
6974 0.462182
24240 0.462182
27241 0.462182
4580 0.462182
20667 0.462182
8262 0.462182
13549 0.462182
26918 0.462182
23363 0.462182
14497 0.462182
18502 0.460303
29304 0.460303
2178 0.460181
11569 0.460137
23400 0.459938
19947 0.459938
19793 0.459938
27502 0.459883
18784 0.459824
23298 0.459762
25703 0.459762
9102 0.459697
27695 0.459628
17633 0.459628
14468 0.459479
27624 0.459398
21250 0.459398
19030 0.459311
26487 0.459219
16011 0.459219
18946 0.458110
4559 0.458018
25370 0.458018
21796 0.457922
2019 0.457822
8214 0.457716
26160 0.457716
25880 0.457606
22910 0.457606
14123 0.457490
1969 0.456960
1658 0.456960
19692 0.456808
24835 0.456808
3033 0.456647
28051 0.456647
8168 0.456647
24766 0.456591
29993 0.456591
13079 0.456294
17685 0.456231
15727 0.456231
6689 0.456101
25039 0.455822
11319 0.455822
13888 0.455352
3226 0.455352
11187 0.454998
29069 0.454998
1353 0.454998
10051 0.454998
25951 0.454757
18577 0.454757
3814 0.454605
11337 0.454605
29689 0.454605
29176 0.454447
1180 0.454392
24316 0.454281
13792 0.454167
27948 0.453929
26318 0.453740
24876 0.453740
21521 0.453676
14785 0.453543
14019 0.453543
3303 0.453406
27724 0.453336
83 0.453336
28455 0.452938
6064 0.452892
26586 0.452652
3113 0.452400
15845 0.451854
5796 0.451557
9775 0.451178
21567 0.451178
23689 0.450909
13397 0.450555
3007 0.450331
22483 0.450177
14001 0.450177
23812 0.450177
10221 0.450019
24259 0.449912
25519 0.449039
24301 0.448977
26343 0.448813
6826 0.448720
13969 0.448720
20261 0.448588
18302 0.448531
12392 0.448237
9376 0.448176
20322 0.448033
4511 0.447930
16857 0.447739
8243 0.447739
24607 0.447739
6005 0.447663
25596 0.447663
14861 0.447663
2645 0.447663
18651 0.447273
1539 0.447273
24809 0.447273
11973 0.447273
2072 0.447273
27046 0.447273
9942 0.447273
18565 0.446776
1365 0.446776
26065 0.446646
11673 0.446646
5209 0.446646
29442 0.446553
12753 0.446426
24668 0.445965
18960 0.445965
1100 0.445965
6789 0.445965
4481 0.445601
673 0.445477
28460 0.445332
4147 0.445221
28324 0.444958
27286 0.444958
23883 0.444958
18818 0.444823
16572 0.444778
16736 0.444778
29509 0.444778
5214 0.444778
4235 0.444406
12437 0.443968
20206 0.443904
159 0.443695
21547 0.443612
22231 0.443372
4039 0.443024
11621 0.442924
13633 0.442515
8623 0.442211
27251 0.442087
924 0.441977
27775 0.441792
20935 0.441792
23200 0.441792
22587 0.441641
11712 0.441575
23565 0.441575
7932 0.441515
27658 0.441279
27137 0.440897
28209 0.440740
9546 0.440740
21861 0.440173
28088 0.440173
17458 0.439728
11193 0.439686
41 0.439636
106 0.439498
1236 0.439498
21 0.439264
15764 0.439177
24728 0.439073
22810 0.439073
8904 0.438480
21462 0.438276
21979 0.438276
28749 0.438276
384 0.438276
9324 0.438016
4227 0.437857
1131 0.437749
11637 0.437749
5176 0.437569
6867 0.437569
23543 0.437502
11591 0.437502
28288 0.437199
8008 0.437199
12030 0.436818
2628 0.436623
15363 0.436505
15538 0.436505
17301 0.436505
19902 0.436243
22056 0.436243
9706 0.436021
27723 0.435829
7437 0.435829
5223 0.435564
12688 0.435389
17174 0.435171
29187 0.434849
26419 0.434726
15048 0.434171
15833 0.434094
15175 0.434094
27190 0.433926
24907 0.433926
935 0.433885
3492 0.433296
2426 0.433296
7520 0.433296
3541 0.433296
8118 0.432681
7433 0.432681
10337 0.432636
15217 0.432523
14181 0.432451
5623 0.431837
1401 0.431708
16911 0.431708
14412 0.431708
1 0.431498
9777 0.431370
5695 0.431370
18961 0.431370
3725 0.431370
28951 0.431222
23455 0.431050
3268 0.431050
10032 0.430848
24749 0.430848
9521 0.430848
7178 0.430848
15709 0.430670
28889 0.430604
4027 0.430604
525 0.430464
538 0.430464
9353 0.430372
26046 0.430372
2205 0.430223
2273 0.430169
26015 0.430169
5211 0.429937
5443 0.429592
47 0.429461
8617 0.429169
695 0.429030
24956 0.428971
16253 0.428829
13013 0.428721
24848 0.428721
29197 0.428513
11453 0.428513
18145 0.428427
25957 0.428364
25075 0.427946
26779 0.427946
8666 0.427946
23011 0.427946
15209 0.427518
20644 0.427518
18213 0.427518
22675 0.427518
8674 0.427451
9140 0.427451
20498 0.427227
7231 0.427016
5454 0.426915
14325 0.426856
24945 0.426856
19285 0.426418
29386 0.425974
16094 0.425974
10912 0.425974
20787 0.425694
10581 0.425694
24005 0.425391
23436 0.425321
21304 0.425207
2876 0.424995
7501 0.424876
16694 0.424654
9014 0.424654
6001 0.424453
13628 0.424020
4457 0.423835
8960 0.423667
158 0.423667
28565 0.423667
5183 0.423465
9292 0.422979
8752 0.422912
904 0.422912
2927 0.422727
19302 0.422727
267 0.422566
22674 0.422298
8825 0.422185
13230 0.422084
26281 0.421992
14774 0.421909
22883 0.421487
3768 0.421401
7379 0.421401
24630 0.421260
25809 0.421016
29164 0.420165
4838 0.420165
2017 0.419318
16171 0.419236
10796 0.419236
8201 0.419136
22719 0.419136
29854 0.419077
19609 0.419077
22134 0.419011
20315 0.419011
9282 0.419011
19572 0.418937
14934 0.418852
15197 0.418436
8279 0.418354
5769 0.418354
9451 0.418264
8658 0.417930
4670 0.417792
16106 0.417634
4367 0.417634
3441 0.417634
3519 0.417517
9909 0.417455
6300 0.417389
17184 0.417248
21145 0.417248
534 0.417091
27891 0.417091
7117 0.416917
24997 0.416721
7229 0.416721
24495 0.416721
25303 0.416721
3573 0.416721
20004 0.416559
29387 0.416559
326 0.416501
9078 0.416380
22068 0.416380
212 0.416183
28039 0.415964
2804 0.415964
13646 0.415964
22350 0.415964
1031 0.415770
10652 0.415770
22839 0.415770
18170 0.415719
29010 0.415719
14168 0.415719
2955 0.415719
20990 0.415444
27238 0.415133
13596 0.414779
14948 0.414457
18757 0.414038
29305 0.413894
4883 0.413744
18848 0.413744
5661 0.413681
14263 0.413061
13130 0.412662
20438 0.412216
13498 0.412216
29481 0.412216
20275 0.412137
9058 0.412137
22497 0.411845
22471 0.411845
24120 0.411660
17961 0.411532
24388 0.411532
16195 0.411366
18648 0.411143
2933 0.411075
17246 0.410828
19016 0.410828
2753 0.410616
15062 0.410616
1599 0.410568
19874 0.410491
13432 0.410221
15637 0.410161
17429 0.410000
26745 0.409816
14543 0.409816
17468 0.409661
5679 0.409528
18289 0.409528
19839 0.409361
23869 0.409361
6767 0.409011
22215 0.408926
9617 0.408559
27808 0.408559
10119 0.408559
15242 0.408394
4200 0.407808
10789 0.407808
4563 0.407808
21113 0.407808
25652 0.407250
28116 0.407250
19471 0.407209
25047 0.407160
16644 0.407160
6927 0.407103
29205 0.407035
11730 0.406953
669 0.406953
22923 0.406953
17512 0.406549
4970 0.406549
4492 0.406441
851 0.406441
27832 0.406441
11261 0.406441
2413 0.406160
26492 0.406160
10132 0.406101
16061 0.405971
3464 0.405423
10236 0.405231
18043 0.405231
5160 0.405159
26734 0.405159
20745 0.405005
7188 0.405005
19980 0.404736
25304 0.404675
27751 0.404409
421 0.404409
28819 0.404409
26064 0.404409
5444 0.404150
25946 0.404093
1486 0.403713
28949 0.403319
11124 0.403180
26989 0.403180
973 0.403066
27172 0.402731
27642 0.402462
16020 0.402397
10411 0.402397
765 0.402346
11812 0.402346
9468 0.402346
16541 0.401897
9145 0.401897
21158 0.401897
9396 0.401897
15409 0.401472
18274 0.401296
21546 0.401296
6205 0.401067
11414 0.401067
25079 0.400980
3134 0.400736
20563 0.400682
27575 0.400682
4702 0.400558
22077 0.400405
3908 0.400158
18307 0.399965
2414 0.399965
28751 0.399416
8655 0.399416
18745 0.399267
21307 0.399267
15117 0.399157
25906 0.398907
22866 0.398837
1829 0.398837
188 0.398785
8004 0.398785
24582 0.398433
10617 0.398433
2972 0.398098
27441 0.398051
2713 0.397905
4516 0.397780
230 0.397691
8481 0.397691
9033 0.397576
16316 0.397476
10981 0.397418
11791 0.397351
3020 0.397351
14314 0.397188
25577 0.397188
17977 0.396966
21602 0.396823
15336 0.396823
364 0.396547
13837 0.396480
5904 0.396432
7040 0.396156
9731 0.396156
8516 0.395850
21874 0.395450
10379 0.395450
20461 0.395287
21615 0.395287
1568 0.395287
7165 0.395130
3594 0.394902
5267 0.394902
8270 0.394902
16722 0.394829
14518 0.394780
23333 0.394780
3457 0.394546
14857 0.394546
14260 0.394026
18676 0.393787
17065 0.393616
10491 0.393616
12006 0.393561
8105 0.393561
8526 0.393346
29848 0.393142
16124 0.392855
15526 0.392704
26947 0.392704
19176 0.392630
7627 0.392419
20749 0.392154
2618 0.392154
22832 0.392029
13760 0.391909
28121 0.391909
368 0.391850
16902 0.391850
16634 0.391850
16021 0.391680
8625 0.391680
3855 0.391680
17866 0.391680
9515 0.391680
29769 0.391265
9306 0.391077
10287 0.390734
5441 0.390576
15901 0.390428
18500 0.390154
9371 0.390154
22251 0.390154
12198 0.390154
6651 0.390027
9038 0.390027
2066 0.389792
24779 0.389792
501 0.389792
21850 0.389792
16827 0.389479
17959 0.389338
28453 0.389338
8723 0.389338
10755 0.389206
451 0.388965
28446 0.388965
6629 0.388751
22653 0.388751
29415 0.388653
2728 0.388560
6803 0.388560
25770 0.388388
26022 0.387234
20065 0.387234
28591 0.387234
3323 0.387168
3865 0.387168
13052 0.387168
3802 0.387107
9075 0.387049
21157 0.387049
10695 0.387049
20083 0.386943
24883 0.386943
12438 0.386894
10115 0.386848
10580 0.386763
15529 0.386763
18037 0.386724
9056 0.385152
15301 0.385152
14487 0.385152
4679 0.385152
20430 0.385152
25411 0.385152
18560 0.385152
3376 0.385152
27211 0.385152
4460 0.385152
24003 0.385152
15577 0.385152
12096 0.385152
859 0.385152
19189 0.385152
5065 0.385152
14625 0.385152
10597 0.385152
14875 0.385152
15480 0.385152
5696 0.385152
1014 0.383553
27911 0.383553
21162 0.383513
1115 0.383470
5559 0.383424
9453 0.383216
10141 0.383156
26407 0.383156
25009 0.383156
7654 0.383156
23315 0.383092
24145 0.383024
14341 0.383024
22854 0.383024
22386 0.382951
9356 0.382873
14105 0.382789
2802 0.382789
4302 0.382789
7392 0.382789
16366 0.382698
5474 0.382601
5498 0.382046
7550 0.381969
7612 0.381969
23613 0.381888
22128 0.381618
5960 0.381618
14119 0.381518
9264 0.381518
938 0.381518
21204 0.381300
29162 0.381300
13913 0.381181
13293 0.381054
5492 0.380919
16528 0.380775
27915 0.380620
187 0.380620
27334 0.380620
14713 0.380276
16551 0.380276
25811 0.380150
25595 0.380016
26040 0.379876
21147 0.379876
7631 0.379727
24159 0.379727
13909 0.379570
23958 0.379038
14791 0.379038
280 0.379038
26571 0.378989
14471 0.378678
28364 0.378624
26340 0.378624
15377 0.378395
21273 0.378395
4860 0.378149
15132 0.378149
7616 0.377953
10298 0.377885
3159 0.377600
29570 0.377525
9349 0.377291
22036 0.377291
10419 0.377043
20234 0.377043
2755 0.376887
13950 0.376779
1061 0.376779
14592 0.376668
297 0.376668
27601 0.376497
3146 0.376497
7341 0.376195
6676 0.376195
21865 0.376195
4889 0.376195
3983 0.375937
29034 0.375871
23799 0.375871
7205 0.375758
3028 0.375758
5651 0.375665
15161 0.375523
27607 0.375523
2575 0.375523
2869 0.375523
234 0.375523
2940 0.375523
23007 0.375523
20026 0.375376
29543 0.375276
29055 0.375069
8916 0.375069
26293 0.375016
7708 0.374742
25919 0.374742
24166 0.374742
23648 0.374453
24975 0.374393
13939 0.374236
2469 0.374147
11916 0.374147
11208 0.374020
23715 0.373824
26931 0.373824
13155 0.373679
16113 0.373620
19243 0.373620
21958 0.373190
9507 0.373190
8019 0.373116
2206 0.373116
28294 0.373062
19830 0.372727
16592 0.372374
8159 0.372313
18240 0.372096
11899 0.371871
22046 0.371871
24805 0.371871
9655 0.371755
17805 0.371396
12218 0.371396
13982 0.371396
20185 0.371230
17968 0.371230
10206 0.371182
25159 0.371018
19817 0.370887
18976 0.370618
1948 0.370618
12270 0.370618
13303 0.370526
18162 0.370526
17247 0.370526
11841 0.370526
29496 0.370338
17172 0.370256
139 0.370194
10025 0.370194
22179 0.369746
21414 0.369746
28795 0.369746
12519 0.368969
3762 0.368762
24273 0.368762
8986 0.368550
17167 0.368550
14998 0.368222
19118 0.368222
4749 0.367979
7556 0.367979
5200 0.367979
4459 0.367859
27827 0.367859
26542 0.367859
24121 0.367859
5091 0.367645
8618 0.367645
16820 0.367425
1498 0.367375
584 0.367297
22366 0.367297
23796 0.367154
21203 0.367027
4699 0.366968
5026 0.366968
23139 0.366811
29042 0.366488
16950 0.366364
28355 0.366210
2388 0.366085
26125 0.366085
28285 0.365981
6555 0.365894
17354 0.365568
16438 0.365400
25931 0.364880
11873 0.364880
9401 0.364880
15406 0.364333
7715 0.364281
22726 0.364219
8449 0.364143
4324 0.363845
14737 0.363754
5384 0.363646
11216 0.363514
2156 0.363514
9323 0.363351
8565 0.363351
28654 0.363351
23467 0.363143
16526 0.362970
24267 0.362870
3443 0.362759
18840 0.362759
13103 0.362496
28271 0.362496
27646 0.362304
10319 0.362304
6094 0.362251
3022 0.362078
10402 0.361950
1820 0.361950
14956 0.361483
5764 0.361483
20359 0.361483
10338 0.361483
8686 0.361422
28196 0.361080
23102 0.361080
9194 0.361080
25989 0.361080
26677 0.360727
18999 0.360727
27076 0.360727
700 0.360727
13010 0.360727
2108 0.360502
2037 0.360417
21505 0.360417
15773 0.360417
13335 0.360417
8186 0.360303
12855 0.360142
26808 0.359991
4152 0.359896
20366 0.359782
29422 0.359259
29977 0.359209
11985 0.358837
28915 0.358589
6712 0.358589
3622 0.358376
18249 0.358376
26980 0.358028
26393 0.358028
17865 0.358028
12163 0.357818
13163 0.357641
10850 0.357641
29365 0.357489
4585 0.357242
10754 0.357242
8181 0.356970
6000 0.356970
7920 0.356622
10640 0.356622
10224 0.356622
15801 0.356470
18974 0.356470
11992 0.356470
23728 0.356308
11252 0.356308
4247 0.356265
24446 0.355525
26066 0.355525
29766 0.355525
3646 0.355525
29035 0.355525
4512 0.355525
23537 0.354787
6568 0.354745
1074 0.354698
12492 0.354645
23746 0.354645
28276 0.354584
10693 0.354584
4701 0.354515
16878 0.354515
12627 0.354339
10343 0.353823
11619 0.353823
19806 0.353711
22597 0.353711
9885 0.353582
16221 0.353582
25594 0.353433
10105 0.353433
16354 0.353260
20815 0.353056
14693 0.353056
3917 0.352898
16466 0.352898
15627 0.352718
27622 0.352718
578 0.352273
5292 0.352273
18955 0.351915
25804 0.351915
4346 0.351915
8037 0.351915
23031 0.351024
12505 0.350763
7762 0.350531
23261 0.350470
12578 0.350470
21397 0.350470
24406 0.350138
236 0.349759
4070 0.349759
21274 0.349677
12112 0.349549
9974 0.348995
17782 0.348995
6701 0.348817
6349 0.348573
8583 0.348087
14041 0.347392
23656 0.347235
140 0.347179
3895 0.347179
4945 0.347179
830 0.346636
27071 0.346636
27452 0.346636
7074 0.346636
5287 0.346169
25548 0.346019
10875 0.346019
26652 0.345945
21851 0.345649
29953 0.345557
16115 0.345308
9300 0.345136
12913 0.345068
26083 0.345068
2517 0.344912
12379 0.344912
13694 0.344912
17600 0.344721
18481 0.344721
13093 0.344721
12936 0.344609
5810 0.344483
256 0.344483
29293 0.344414
20603 0.344414
28457 0.344178
19946 0.343949
15021 0.343772
18464 0.343772
28194 0.343772
9962 0.343772
18487 0.343674
125 0.343674
22409 0.343514
21042 0.343335
4118 0.343335
14441 0.343104
10746 0.342909
17689 0.342827
24231 0.342720
22164 0.342357
7092 0.342357
29781 0.342357
18519 0.342357
23185 0.341973
29128 0.341920
2956 0.341613
11150 0.341613
4230 0.341514
26831 0.341274
7603 0.340954
27333 0.340711
7009 0.340447
13589 0.340257
16952 0.340257
14775 0.340257
7438 0.340185
27737 0.339840
10478 0.339562
10765 0.339518
22151 0.339518
3535 0.339456
15567 0.339216
17536 0.339216
10313 0.339101
16326 0.338933
11832 0.338933
18957 0.338933
26411 0.338772
8487 0.338772
21260 0.338541
4990 0.338541
22703 0.338182
28538 0.338182
29515 0.337916
16623 0.337916
7984 0.337916
23056 0.337852
8145 0.337852
10005 0.337852
27733 0.337667
12921 0.337549
12613 0.337434
956 0.337268
22454 0.337214
11534 0.337008
25463 0.337008
12508 0.336813
28434 0.336766
3575 0.336689
28218 0.336540
11886 0.336398
2470 0.336398
1378 0.336398
4069 0.336132
12411 0.336132
6234 0.336132
27570 0.335947
17116 0.335947
28268 0.335947
14376 0.335947
26923 0.335888
10594 0.335888
2370 0.335455
9853 0.335455
6209 0.334914
15787 0.334914
6888 0.334474
4578 0.334474
29383 0.334344
11520 0.334107
14704 0.334107
17650 0.334107
25857 0.334107
21905 0.333946
26277 0.333946
20612 0.333798
13824 0.333798
12700 0.333661
5677 0.333533
12502 0.333533
11996 0.333201
18912 0.333201
22278 0.333013
23159 0.332288
3019 0.332193
23516 0.332193
20737 0.332193
19575 0.332107
29784 0.332107
18173 0.331954
2267 0.331823
6063 0.331823
26361 0.331764
5835 0.331710
11294 0.331658
16521 0.331658
11097 0.331658
29105 0.331610
10722 0.331610
4964 0.331565
2463 0.331565
3442 0.330130
17678 0.330130
22815 0.330130
18751 0.330130
28740 0.330130
9064 0.330130
5994 0.330130
12455 0.330130
9210 0.330130
24215 0.330130
22692 0.328749
6875 0.328707
16537 0.328707
22050 0.328616
25850 0.328565
11310 0.328565
18314 0.328512
3898 0.328512
12943 0.328512
3396 0.328454
29614 0.328392
1933 0.328392
25201 0.328392
16850 0.328254
18236 0.328254
11964 0.328177
816 0.328177
672 0.328092
7447 0.328000
5824 0.328000
19519 0.328000
13007 0.328000
20441 0.328000
28507 0.328000
15589 0.327379
24415 0.327296
14551 0.327115
24247 0.327016
10971 0.327016
777 0.327016
18501 0.326673
10943 0.326673
25923 0.326542
29692 0.326542
5146 0.326246
3440 0.326136
22401 0.326136
10768 0.326136
20364 0.326079
24575 0.326020
23965 0.325898
19683 0.325628
27478 0.325628
20558 0.325480
15639 0.325153
23534 0.324972
1789 0.324776
19278 0.324566
5663 0.324566
27537 0.324338
27514 0.324338
3748 0.323751
13665 0.323751
3423 0.323527
23594 0.323527
23755 0.323527
13347 0.323527
15862 0.323337
9171 0.323288
12385 0.323136
14758 0.323136
29501 0.323030
17619 0.322695
27038 0.322453
10948 0.322453
14952 0.322453
26333 0.322453
12617 0.322194
17140 0.322194
22595 0.321772
453 0.321772
4656 0.321772
5854 0.321772
20759 0.321772
11606 0.321248
16826 0.321248
17433 0.320960
28034 0.320960
8773 0.320698
26761 0.320653
24217 0.320653
3972 0.320653
10700 0.320653
25631 0.320126
4982 0.320126
19784 0.319972
26582 0.319749
26859 0.319749
385 0.319594
22514 0.319594
23208 0.319594
3480 0.319481
25846 0.319186
10932 0.319186
15162 0.319126
12390 0.319126
10464 0.319080
29779 0.318392
7121 0.318392
12465 0.318340
7852 0.318340
5278 0.318269
14944 0.318269
18658 0.318015
24347 0.317903
17461 0.317903
21896 0.317750
3866 0.317750
13451 0.317750
5013 0.317750
9721 0.317613
26159 0.317613
24614 0.317433
12210 0.317184
18854 0.316983
7851 0.316818
24429 0.316818
16083 0.316818
4042 0.316375
24473 0.316375
12037 0.316375
26817 0.316230
5579 0.316230
24165 0.316115
4682 0.315698
155 0.315636
17497 0.315587
8492 0.315124
16672 0.315124
10719 0.315124
11667 0.315124
17580 0.315124
7022 0.315124
3310 0.315124
10927 0.315124
24619 0.315124
19669 0.315124
11861 0.314631
18526 0.314574
4085 0.314502
23734 0.314284
181 0.314203
23838 0.314104
25480 0.313698
19734 0.313698
10536 0.313541
8464 0.313541
18612 0.313541
18613 0.313344
5801 0.313344
25979 0.313161
24933 0.313161
2149 0.313091
4363 0.313091
3471 0.313091
1438 0.312936
4451 0.312936
22530 0.312831
2196 0.312652
15252 0.312587
2971 0.312541
14007 0.312285
12036 0.312285
21541 0.312285
25268 0.311973
21457 0.311902
20932 0.311704
7015 0.311314
6896 0.311314
1090 0.311265
6358 0.311265
5376 0.311265
11413 0.311084
12143 0.311084
28517 0.310885
28588 0.310824
11209 0.310606
8596 0.310606
5702 0.310261
15879 0.310261
29372 0.310122
28123 0.310000
29960 0.310000
14688 0.309843
14783 0.309710
11411 0.309596
12090 0.309596
18386 0.309596
4487 0.309596
14199 0.309596
7757 0.309410
10843 0.309103
21710 0.309103
19377 0.309017
21391 0.308945
16421 0.308121
2720 0.308121
17148 0.308121
12263 0.308121
20314 0.308121
4072 0.308121
29632 0.308121
23180 0.308121
10985 0.308121
25321 0.308121
26789 0.308121
13679 0.307500
2723 0.307500
19772 0.307460
11855 0.307460
24625 0.307460
23478 0.307460
7154 0.307415
9906 0.307302
13981 0.307231
1130 0.307146
23283 0.306843
1215 0.306758
25277 0.306758
8011 0.306661
18124 0.306661
2785 0.306661
19013 0.306549
29637 0.306419
8248 0.306265
23957 0.306146
19499 0.306081
22091 0.306011
18689 0.305856
6698 0.305676
27026 0.305676
6243 0.305676
145 0.305575
23860 0.305214
6178 0.305214
17933 0.305214
28579 0.305040
2648 0.304993
316 0.304993
16669 0.304364
4833 0.304317
838 0.304067
11163 0.304067
23878 0.303720
3822 0.303552
25160 0.303070
11388 0.303070
15548 0.302886
20260 0.302886
18071 0.302739
25828 0.302619
24901 0.302619
9131 0.302619
6291 0.302362
10133 0.302362
1084 0.302362
6690 0.302271
17243 0.302080
6334 0.301994
14540 0.301928
22907 0.301833
24399 0.301423
15763 0.301423
25572 0.301001
15809 0.301001
12812 0.300956
4019 0.300828
8335 0.300288
5889 0.300288
24888 0.300288
29111 0.300288
12148 0.300118
13222 0.300118
13336 0.300118
10828 0.300118
11999 0.299974
6600 0.299741
20231 0.299741
3893 0.299562
21617 0.299562
29685 0.299562
25340 0.299562
17192 0.299562
15947 0.299341
20052 0.299180
11513 0.299059
17944 0.299059
27060 0.298601
20991 0.298601
24235 0.298539
10958 0.298539
5873 0.298539
28141 0.298492
2501 0.298182
26981 0.298182
28024 0.298182
20953 0.298182
20817 0.298182
5755 0.298182
27312 0.297851
24641 0.297798
14580 0.297798
10747 0.297725
25954 0.297725
29318 0.297725
22535 0.297542
20283 0.297444
13799 0.297444
25297 0.297310
5258 0.297310
3540 0.297310
847 0.297117
25624 0.297117
25066 0.296933
22606 0.296587
15696 0.296587
5231 0.296587
15545 0.296533
2958 0.296270
17669 0.296270
12504 0.296026
15280 0.296026
15061 0.295979
13086 0.295979
26638 0.295909
14475 0.295909
7351 0.295459
11137 0.295226
13188 0.295010
8839 0.294807
27694 0.294528
28594 0.294314
8158 0.294116
4613 0.294116
10680 0.293931
14021 0.293931
29238 0.293931
15651 0.293931
3046 0.293651
1135 0.293651
1898 0.293091
18741 0.293091
10851 0.292785
6110 0.292715
14808 0.292715
279 0.292648
5079 0.292520
2355 0.292401
15342 0.292184
2544 0.292038
29662 0.291904
1223 0.291782
13199 0.291782
2961 0.291668
4677 0.291466
14796 0.291376
846 0.291291
8543 0.290777
2230 0.290777
28449 0.290680
24419 0.290680
375 0.290442
12161 0.290315
17880 0.290259
10456 0.290207
7477 0.290033
9647 0.288864
13132 0.288864
26844 0.288864
26482 0.288864
19769 0.288864
26382 0.288864
15583 0.288864
3702 0.288864
24033 0.288864
16462 0.287665
6874 0.287624
10281 0.287580
10655 0.287533
17680 0.287482
5690 0.287427
679 0.287367
12317 0.287367
26261 0.287302
11324 0.287232
28365 0.287070
13968 0.287070
7105 0.286976
3360 0.286476
14233 0.286395
9055 0.286307
2422 0.286214
13252 0.285465
23345 0.285465
15458 0.285297
1660 0.285297
16905 0.285297
23382 0.285297
22442 0.285297
29783 0.285112
23698 0.284907
8765 0.284907
20722 0.284907
455 0.284420
15640 0.284420
27972 0.284128
4221 0.284022
14865 0.283796
14416 0.283796
27051 0.283612
4535 0.283547
19918 0.283547
20223 0.283547
3834 0.283413
17075 0.283273
26449 0.283200
27767 0.283200
4046 0.282969
8222 0.282770
20263 0.282557
17766 0.282557
22867 0.282557
26214 0.282445
7488 0.282445
8297 0.282146
22604 0.282083
4466 0.281818
7031 0.281818
12876 0.281818
22879 0.281818
26203 0.281818
27266 0.281581
18178 0.281457
11240 0.281057
20445 0.281057
12082 0.280884
28752 0.280765
353 0.280765
19374 0.280515
6371 0.280450
3832 0.280110
27653 0.280110
28347 0.280110
295 0.280110
476 0.280110
29020 0.279796
24439 0.279796
13988 0.279742
15769 0.279664
15755 0.279664
17322 0.279459
20192 0.279341
15520 0.278903
19866 0.278903
29283 0.278547
25614 0.278547
10593 0.278423
14018 0.278165
18133 0.277814
20362 0.277814
7072 0.277754
11035 0.277754
5624 0.277706
22928 0.277706
8552 0.277309
10375 0.277309
8077 0.276883
3777 0.276828
6815 0.276828
18060 0.276304
4649 0.276304
3812 0.276304
16023 0.276304
7127 0.276146
9871 0.275930
9183 0.275788
3294 0.275788
20839 0.275734
57 0.275734
5440 0.275734
25966 0.275734
16753 0.275613
14716 0.275473
13283 0.275393
16368 0.275393
8363 0.275393
8143 0.275342
25129 0.275108
9542 0.275108
25029 0.275108
16476 0.274866
28167 0.274866
13216 0.274811
4938 0.274811
6510 0.274564
9585 0.274421
7919 0.274421
1075 0.274355
7818 0.274355
7070 0.274176
11709 0.273974
26633 0.273974
8657 0.273804
124 0.273804
22082 0.273804
1356 0.273660
6304 0.273660
15985 0.273480
1734 0.273333
15874 0.273333
29209 0.273211
23638 0.273108
29524 0.272635
15035 0.272635
8310 0.272513
25672 0.272424
20924 0.271872
4223 0.271872
27184 0.271872
16971 0.271321
4788 0.271234
7467 0.271178
25713 0.271178
13161 0.271033
22981 0.271033
25072 0.270647
18618 0.270106
29559 0.270106
18159 0.270106
3850 0.269433
12869 0.269370
5360 0.269370
27477 0.269232
20032 0.268942
27784 0.268710
7905 0.268439
24482 0.268364
26788 0.268117
11509 0.268066
21895 0.268066
18114 0.267932
14359 0.267932
10990 0.267932
23205 0.267932
12698 0.267727
11113 0.267727
9319 0.267579
17102 0.267378
23901 0.267157
22547 0.267157
11975 0.267090
26689 0.267090
21008 0.267090
13803 0.267038
15981 0.266643
20986 0.266643
8415 0.266643
12024 0.266643
28082 0.266643
25588 0.266643
24849 0.266643
27455 0.266278
27178 0.265755
19850 0.265755
12007 0.265509
16846 0.264792
12228 0.264686
10175 0.264686
1899 0.264502
22152 0.264502
19289 0.264432
3387 0.264384
21639 0.264384
746 0.264384
6606 0.264104
21656 0.264104
15921 0.263802
17714 0.263745
18922 0.263268
2607 0.262918
21560 0.262852
18634 0.262603
19925 0.262603
28050 0.262603
25643 0.262603
21201 0.262603
10198 0.262374
6693 0.262374
29052 0.262162
27424 0.261965
8121 0.261903
28020 0.261827
4498 0.261612
5608 0.261612
1242 0.261612
25964 0.261612
9598 0.261612
29172 0.261353
29600 0.261233
5408 0.261120
12087 0.260909
27910 0.260909
28148 0.260718
6406 0.260718
2424 0.260544
14922 0.260544
29276 0.260384
15664 0.260384
24595 0.260238
11887 0.260169
9722 0.259861
8566 0.259653
1759 0.259514
19618 0.259514
21366 0.259514
5595 0.259273
12429 0.259273
29649 0.259167
20031 0.259167
29369 0.259167
25279 0.259167
6905 0.259071
564 0.258981
9803 0.258363
13993 0.258134
3180 0.258134
17938 0.258134
12038 0.257962
8734 0.257914
7210 0.257914
27559 0.256768
14324 0.256768
10090 0.256768
10067 0.256768
15255 0.256768
12328 0.256768
6809 0.256768
27768 0.256768
7901 0.255715
24547 0.255715
1672 0.255632
4672 0.255632
10447 0.255632
24338 0.255584
2678 0.255533
27991 0.255533
4469 0.255349
28114 0.255275
11005 0.254592
9632 0.254412
6384 0.254311
17342 0.254200
4021 0.253946
11954 0.253799
25247 0.253636
14673 0.253455
6849 0.253455
20368 0.253100
3002 0.252756
17491 0.252756
25543 0.252558
23356 0.252452
13422 0.252452
5551 0.252452
23462 0.251900
12493 0.251830
13058 0.251830
12000 0.251186
18372 0.250959
16154 0.250712
26356 0.250581
14178 0.250581
16686 0.250581
17348 0.250443
26353 0.250443
17916 0.250443
24769 0.250098
16727 0.249828
21804 0.249828
5500 0.249828
2409 0.249828
27850 0.249535
18200 0.249535
3054 0.249473
26404 0.249216
25963 0.249216
13185 0.249216
6524 0.249020
14763 0.248708
26451 0.248642
20100 0.248642
12586 0.248642
28930 0.248485
2122 0.248485
27461 0.248369
19130 0.248369
6317 0.248369
15820 0.248369
20271 0.248280
25142 0.247597
2884 0.247258
48 0.247214
16444 0.247156
19716 0.247078
28065 0.247078
21818 0.246670
9551 0.246670
12207 0.246670
12592 0.246670
27337 0.246497
21345 0.246497
1308 0.246132
15134 0.246069
16193 0.246069
21410 0.245841
12348 0.245604
21931 0.245534
14451 0.245292
29536 0.245239
2689 0.244935
8012 0.244865
26447 0.244865
13943 0.244423
8932 0.244242
23151 0.244009
26495 0.243767
11371 0.243254
6579 0.243254
25285 0.243254
12762 0.242698
2522 0.242698
29914 0.242646
20908 0.242646
20458 0.242582
28333 0.242503
27667 0.242503
3313 0.242503
22851 0.242503
28625 0.242273
7357 0.241664
6665 0.241664
9815 0.241664
18254 0.241664
11405 0.241300
8111 0.241300
16464 0.241249
18066 0.241015
11167 0.240948
4816 0.240720
29256 0.240720
12604 0.240441
13655 0.240095
13941 0.240095
1779 0.239811
6134 0.239811
507 0.239721
238 0.239546
21705 0.239546
25531 0.239472
11182 0.239472
4705 0.239472
970 0.239472
15588 0.239419
14048 0.239060
11230 0.239060
6777 0.238345
4767 0.238345
6576 0.238238
22414 0.238238
21350 0.238094
7173 0.237748
2719 0.237337
3417 0.237337
327 0.237337
15565 0.237016
16392 0.236774
10756 0.236727
18279 0.236659
6385 0.236343
14322 0.236226
27368 0.236061
5564 0.235807
20697 0.235807
14025 0.235578
5777 0.235578
23807 0.235578
17637 0.235370
19244 0.235370
17284 0.235370
27200 0.235181
26692 0.235008
18476 0.234440
5494 0.234016
15423 0.233898
29406 0.233842
25607 0.233842
26518 0.233687
4575 0.233687
9701 0.233211
5657 0.233211
14111 0.233118
27633 0.233033
25940 0.233033
6848 0.232955
24593 0.232458
29324 0.232314
14962 0.232252
4870 0.232146
28575 0.232100
27877 0.231091
20946 0.231091
7935 0.231091
27684 0.231091
10100 0.231091
21769 0.231091
18809 0.231091
1117 0.231091
12963 0.230132
28890 0.230091
27303 0.229996
3856 0.229996
16739 0.229941
27232 0.229881
13065 0.229814
9593 0.229656
17311 0.229561
29332 0.229099
8879 0.228803
5358 0.228684
27295 0.228552
7511 0.228552
26984 0.228238
27771 0.228238
29828 0.228238
29134 0.228116
16693 0.228116
6618 0.228050
23810 0.228050
17701 0.227982
28514 0.227836
4364 0.227676
23422 0.227676
19209 0.227303
3506 0.227141
25494 0.227141
16913 0.227084
10086 0.226964
6015 0.226964
18900 0.226964
13308 0.226838
15559 0.226772
8361 0.226772
21668 0.226375
9525 0.226375
22237 0.226326
571 0.226174
16988 0.226067
23116 0.225956
16801 0.225956
20663 0.225455
7692 0.225089
3504 0.225089
1384 0.225089
24861 0.225089
17629 0.224956
25553 0.224360
1676 0.224360
21631 0.224265
13114 0.224088
24816 0.224088
17330 0.223636
18874 0.223636
14690 0.223323
28370 0.223276
11750 0.222983
24661 0.222738
10648 0.222440
13041 0.222440
16546 0.222440
11898 0.222203
4708 0.222203
27685 0.222009
27884 0.221754
14621 0.221594
105 0.221405
23974 0.221257
14244 0.221044
22168 0.220705
24058 0.220705
10246 0.220587
24028 0.220543
19826 0.220087
25687 0.220087
7443 0.219632
21148 0.219589
4057 0.219536
9755 0.219390
17101 0.219044
4214 0.219044
1687 0.219044
5770 0.218928
18669 0.218928
27310 0.218784
11288 0.218728
5465 0.218600
24489 0.218444
10903 0.218010
17415 0.217832
5807 0.217832
9063 0.217782
3508 0.217619
9279 0.217619
23097 0.217497
8184 0.217363
26024 0.217363
15430 0.217047
16297 0.217047
13879 0.217047
26266 0.216943
10809 0.216648
28663 0.216648
7850 0.216292
17405 0.216292
4405 0.216225
24305 0.216225
15539 0.216225
4909 0.216225
21352 0.216061
22193 0.216061
17970 0.215854
24938 0.215424
14323 0.215302
16186 0.215232
29778 0.214968
10471 0.214968
10071 0.214731
2327 0.214675
23628 0.214675
11311 0.214257
17451 0.214182
28074 0.214182
7276 0.213973
10926 0.213973
29650 0.213726
16978 0.213613
10497 0.213508
19498 0.213508
19413 0.213315
10470 0.213315
7677 0.212847
22512 0.212604
8294 0.212497
14961 0.212354
28190 0.212354
20660 0.212354
28061 0.212354
13896 0.212226
6428 0.212226
14130 0.212112
8197 0.212112
20072 0.212112
1985 0.212010
29851 0.211917
6557 0.211917
18304 0.211456
17719 0.211456
9641 0.211364
13174 0.211283
19157 0.211283
29286 0.211149
13660 0.211149
1523 0.211093
15849 0.211093
11050 0.211093
17576 0.210996
23084 0.210954
24126 0.210083
12080 0.210083
7263 0.210083
9736 0.210083
10638 0.210083
13973 0.210083
12879 0.210083
3317 0.209218
14171 0.209177
4807 0.209132
10510 0.208965
29391 0.208965
24103 0.208965
397 0.208965
23802 0.208896
5790 0.208817
22744 0.208727
6662 0.208727
92 0.208190
22003 0.208190
29085 0.208091
17480 0.207982
19822 0.207982
15683 0.207722
629 0.207567
21623 0.207510
10573 0.207389
2599 0.207256
6338 0.207256
26406 0.207110
23850 0.207110
10072 0.206947
15466 0.206947
20236 0.206667
19258 0.206667
15333 0.206667
14841 0.206562
19566 0.206507
11912 0.206331
25842 0.206331
1165 0.206068
11845 0.205830
2546 0.205683
10781 0.205414
10293 0.205414
29535 0.205110
11339 0.204908
22788 0.204908
14411 0.204764
26884 0.204505
15951 0.204279
13068 0.204279
6602 0.204279
28689 0.204279
11970 0.204279
24979 0.204279
1588 0.204177
504 0.204177
11477 0.204177
22711 0.203904
6964 0.203904
16191 0.203604
23202 0.203552
6112 0.203552
13323 0.203476
2398 0.203274
26004 0.203274
10811 0.203157
16938 0.203157
20475 0.203157
1019 0.203051
22794 0.202909
16994 0.202909
29873 0.202711
12219 0.202205
23253 0.202205
6099 0.202047
1589 0.201826
18034 0.201533
7064 0.201533
5128 0.200949
3324 0.200949
25171 0.200949
20407 0.200949
13462 0.200949
23723 0.200949
27227 0.200533
15623 0.200436
1341 0.200368
1143 0.200368
4689 0.199983
2673 0.199708
28518 0.199708
13227 0.199216
22487 0.199216
12809 0.199026
25046 0.198952
18206 0.198788
24710 0.198788
20763 0.198675
5650 0.198675
18428 0.198483
14577 0.198483
21161 0.198483
19068 0.198411
620 0.198361
8599 0.198078
11103 0.198078
24298 0.198078
28593 0.197781
12716 0.197725
16488 0.197273
7560 0.197273
25188 0.197139
24918 0.196953
328 0.196673
6290 0.196673
2236 0.196673
11642 0.196673
9609 0.196209
25556 0.196209
9388 0.196209
14691 0.196077
25382 0.196077
1846 0.195840
16423 0.195840
27640 0.195840
8804 0.195840
14516 0.195633
14687 0.195633
20510 0.195450
18310 0.195013
17197 0.195013
27842 0.195013
21150 0.194896
16149 0.194896
4312 0.194482
29432 0.194482
20124 0.194376
2182 0.194376
15013 0.194280
1872 0.194116
11739 0.193818
25381 0.193729
1729 0.193652
28237 0.193652
36 0.193584
5892 0.193472
29939 0.193472
23726 0.193424
5558 0.192576
23566 0.192576
14823 0.192576
3394 0.192576
11795 0.192576
28899 0.192576
24632 0.191777
20410 0.191777
15781 0.191735
17960 0.191578
8187 0.191512
25151 0.191349
29408 0.190984
4 0.190984
6715 0.190901
8873 0.190809
18558 0.190809
27535 0.190310
7119 0.190310
26843 0.190138
23801 0.190138
4829 0.190075
3613 0.190075
18180 0.190075
24365 0.189938
3018 0.189613
8757 0.189256
17616 0.189197
21474 0.189197
4937 0.189074
18696 0.188942
1949 0.188646
22342 0.188646
25874 0.187761
25123 0.187761
3606 0.187688
10986 0.187688
13863 0.187688
7058 0.187688
22172 0.187638
6793 0.187371
5652 0.187118
20288 0.187010
24034 0.186840
4867 0.186595
23172 0.186364
8874 0.186364
27654 0.186048
8302 0.185615
21222 0.185263
10661 0.184873
5512 0.184873
16095 0.184873
5979 0.184873
14909 0.184484
8982 0.184439
7992 0.184381
17401 0.184306
9431 0.183822
6386 0.183577
3884 0.183577
19156 0.183406
25801 0.183244
11981 0.183182
18575 0.182440
21434 0.182440
9675 0.182440
10057 0.182440
2760 0.182440
21807 0.182188
7875 0.182188
22520 0.182141
29355 0.182141
17806 0.182141
15971 0.182141
4100 0.181877
5468 0.181877
21446 0.181757
11242 0.181757
16049 0.181485
10799 0.181248
27902 0.181039
8491 0.181039
853 0.180975
10519 0.180975
28682 0.180540
24863 0.180209
4407 0.180209
22642 0.180071
4805 0.180071
20030 0.180071
18267 0.180071
7703 0.180071
27553 0.179891
8480 0.179891
22157 0.179737
8257 0.179737
17283 0.179604
7045 0.179604
13356 0.179488
29367 0.179488
15362 0.179213
10289 0.178909
17272 0.178621
12149 0.178525
28432 0.178485
5607 0.177762
27820 0.177762
15384 0.177762
151 0.177762
18910 0.177762
17195 0.177762
17105 0.177762
5011 0.177045
2447 0.176912
22715 0.176855
5413 0.176791
7507 0.176791
3532 0.176717
15943 0.176717
22477 0.176717
17860 0.176717
19320 0.176630
27062 0.176630
21155 0.176630
10376 0.176334
11105 0.176334
28789 0.176334
23542 0.176256
18382 0.176256
28964 0.176168
26080 0.175830
19858 0.175683
9238 0.175629
22734 0.175512
1193 0.175235
28581 0.175235
29024 0.175069
27058 0.175069
5517 0.174880
10259 0.174880
13963 0.174775
15592 0.174662
26867 0.174602
13116 0.174408
13638 0.174189
13358 0.173829
19504 0.173589
6020 0.173318
1480 0.173318
19303 0.173318
27958 0.173318
20641 0.173318
1950 0.173318
22518 0.173318
12326 0.173064
12993 0.173009
10121 0.173009
29926 0.173009
23742 0.172654
27233 0.172654
1964 0.172599
21237 0.171975
26289 0.171886
4879 0.171668
9851 0.171178
220 0.171178
12531 0.171178
10074 0.170806
27168 0.170757
2306 0.170757
7315 0.170757
10260 0.170692
13272 0.170390
27783 0.170278
29447 0.170128
22443 0.170128
1173 0.170067
28554 0.169920
28904 0.169728
10911 0.169728
14778 0.169608
1715 0.169467
18094 0.169467
19944 0.169386
14137 0.169334
26622 0.168834
29427 0.168834
20348 0.168834
10091 0.168774
19789 0.168774
18452 0.168607
12959 0.168406
13388 0.168270
6945 0.168066
1963 0.168066
14160 0.168066
23925 0.168066
27235 0.168066
4706 0.167887
8946 0.167831
246 0.167831
6542 0.167727
29195 0.167727
13836 0.167631
27440 0.167306
6657 0.167172
16213 0.167054
15029 0.166899
5958 0.166767
8115 0.166652
10710 0.166652
15958 0.166652
16209 0.166552
13965 0.166385
17238 0.166144
17156 0.166144
14738 0.166053
26439 0.166053
27992 0.166053
3253 0.166053
15541 0.165977
21673 0.165977
23339 0.165911
18608 0.165761
10863 0.165065
23025 0.165065
16955 0.165065
791 0.164374
27848 0.164331
29822 0.164227
23439 0.164088
1283 0.163604
16566 0.163508
27188 0.163398
8732 0.162949
11558 0.162949
6376 0.162740
17231 0.162169
23479 0.162169
13690 0.162169
19151 0.161980
646 0.161764
6482 0.161764
20819 0.161669
10901 0.161515
23533 0.161515
21747 0.161461
19936 0.161226
18720 0.161006
12234 0.161006
1348 0.161006
12362 0.160886
21440 0.160759
28988 0.160651
22144 0.160651
21862 0.160651
11485 0.160480
4660 0.160349
6460 0.160063
16380 0.160063
17987 0.159874
27370 0.159874
12369 0.159874
16379 0.159797
27261 0.159797
22448 0.159797
761 0.159740
29511 0.159697
21125 0.159697
7514 0.159373
22858 0.159373
19593 0.159373
20085 0.159050
4239 0.159008
6740 0.158951
20829 0.158875
18163 0.158875
29791 0.158689
12 0.158689
14899 0.158462
18692 0.158462
22714 0.158462
5550 0.158409
25096 0.158409
7268 0.158281
684 0.158115
6878 0.158115
25478 0.158115
20685 0.158115
15236 0.157818
8944 0.157773
21986 0.157562
29505 0.157562
8969 0.157562
12252 0.157339
9810 0.157287
381 0.156914
18000 0.156849
10486 0.156672
3722 0.156672
17818 0.156293
7480 0.156143
16389 0.156011
20582 0.155951
12289 0.155951
28940 0.155792
4741 0.155657
5313 0.155542
3151 0.155442
10211 0.155000
19495 0.155000
7237 0.155000
25995 0.154921
50 0.154921
24601 0.154798
17704 0.154798
15045 0.154061
6325 0.154061
25973 0.154061
5691 0.154061
29504 0.153379
24800 0.153379
6560 0.153379
6336 0.153275
4170 0.153275
9434 0.153209
23092 0.153133
25821 0.153133
1892 0.153040
27315 0.152787
9418 0.152787
19086 0.152607
29955 0.152497
28775 0.152368
18827 0.152034
29428 0.151891
9409 0.151535
14581 0.151370
5478 0.151310
11325 0.151181
19588 0.151181
19284 0.150711
1645 0.150711
24613 0.150711
20427 0.150478
29413 0.150478
8985 0.150414
656 0.150414
14003 0.150303
25774 0.150303
16535 0.150209
931 0.150059
24885 0.150059
26260 0.149897
9982 0.149781
14757 0.149529
493 0.149462
17667 0.149462
6081 0.149462
23887 0.149091
2882 0.148771
10873 0.148771
25535 0.148655
14672 0.148135
19161 0.147989
14340 0.147898
9900 0.147791
6184 0.147791
24115 0.147264
4754 0.147264
3516 0.147264
12703 0.147192
5217 0.146880
16412 0.146880
24344 0.146724
7497 0.146392
2113 0.146092
964 0.146092
29740 0.145952
20700 0.145733
21914 0.145257
3329 0.145188
11639 0.145130
3955 0.145130
18457 0.145080
21187 0.145080
14830 0.145036
5477 0.144432
4362 0.144432
28600 0.144432
13921 0.144432
26134 0.143833
4121 0.143790
15821 0.143790
19025 0.143616
1980 0.143535
11882 0.143535
29456 0.143535
5518 0.143238
25960 0.143154
13944 0.143056
3252 0.142809
9908 0.142809
7961 0.142649
14958 0.142210
23497 0.142064
6652 0.142064
10240 0.142011
28147 0.141774
11798 0.141707
25685 0.141707
4918 0.141707
26156 0.141484
2255 0.141278
23219 0.141222
5704 0.140909
19638 0.140442
17799 0.140339
16862 0.140055
18044 0.140055
13707 0.140055
17510 0.140055
18768 0.140055
7440 0.139773
607 0.139351
15940 0.139211
3860 0.139211
15680 0.139211
2353 0.138907
15054 0.138655
11666 0.138655
9015 0.138442
23495 0.138442
14248 0.138152
4641 0.137965
7564 0.137807
28605 0.137671
18932 0.137554
12782 0.137405
27519 0.137282
23270 0.137177
23370 0.136830
3880 0.136830
15506 0.136740
15039 0.136605
28963 0.136605
13908 0.136554
9764 0.136509
4026 0.136509
26269 0.135936
9621 0.135936
14836 0.135936
14947 0.135936
12906 0.135936
29117 0.135324
13794 0.135273
3227 0.135213
23642 0.135141
27990 0.134497
13274 0.134355
9098 0.134355
13131 0.134115
23503 0.133966
6284 0.133790
25466 0.133790
21190 0.133579
24369 0.133579
20642 0.133322
16446 0.133139
17390 0.133139
19810 0.133139
25310 0.133139
473 0.132811
4934 0.132593
25818 0.132473
5519 0.132473
2898 0.132473
14963 0.132052
19287 0.132052
13282 0.131762
19514 0.131762
27487 0.131710
7669 0.131634
11151 0.131515
5819 0.131302
12777 0.131031
14553 0.130983
11971 0.130983
7637 0.130806
24408 0.130806
1641 0.130617
20929 0.130617
2012 0.130617
14970 0.130617
10415 0.130560
23210 0.130560
3177 0.130455
18983 0.130455
18271 0.130359
10619 0.130359
19737 0.130051
10669 0.129694
742 0.129694
25684 0.129694
24317 0.129694
3399 0.129584
2421 0.129491
16435 0.129181
20216 0.129181
2703 0.129101
11270 0.129101
40 0.128935
17228 0.128384
24391 0.128384
5206 0.128384
16347 0.128384
13786 0.128384
382 0.128384
5058 0.127739
3824 0.127675
11698 0.127675
3372 0.127206
26671 0.127206
14594 0.127100
7579 0.127100
13206 0.126818
2977 0.126818
2142 0.126818
1091 0.126818
14740 0.126759
820 0.126625
15079 0.126468
20143 0.126279
3051 0.126226
12285 0.126050
23858 0.125222
25537 0.124608
17047 0.124608
852 0.124540
20146 0.124242
12175 0.124242
29130 0.123799
825 0.123799
7078 0.123799
23604 0.123629
2938 0.123629
5760 0.123578
1343 0.123398
4274 0.123398
685 0.123249
7055 0.123066
15136 0.122921
8594 0.122802
19809 0.122802
12852 0.122703
26090 0.122342
25831 0.122342
15865 0.122163
7417 0.121627
19949 0.121627
3563 0.121096
29951 0.121048
19865 0.120990
15415 0.120920
17299 0.120474
5603 0.120474
26632 0.120474
21056 0.120360
21321 0.120221
1788 0.120167
14686 0.120047
18527 0.120047
27472 0.119530
3068 0.119343
2020 0.119119
6938 0.119017
1152 0.118847
281 0.118847
16481 0.118785
1649 0.118508
5539 0.118508
9493 0.118508
24649 0.118233
20423 0.118004
16889 0.117904
2250 0.117504
5472 0.117305
4056 0.117143
17781 0.116844
27780 0.116272
29492 0.116272
15648 0.116272
4544 0.116126
29005 0.116126
14440 0.116073
4330 0.116073
2044 0.116073
15017 0.116073
867 0.115545
15324 0.115545
19774 0.115545
26873 0.115545
27806 0.115545
6324 0.115545
22532 0.115545
5635 0.115545
13828 0.115545
3178 0.115023
28577 0.114971
20740 0.114591
17188 0.114591
11928 0.114505
10720 0.114505
17131 0.114505
29168 0.114401
24609 0.114276
9342 0.114276
2094 0.114276
13207 0.114119
19681 0.113991
18083 0.113838
16633 0.113838
9351 0.113838
11015 0.113838
23280 0.113651
9136 0.113651
3135 0.113651
12569 0.113419
16497 0.113419
25499 0.113419
25435 0.113187
17856 0.113187
24380 0.113034
16859 0.112727
21690 0.112478
23122 0.112180
7194 0.112180
28000 0.111982
3679 0.111818
11315 0.111638
22438 0.111638
4902 0.111369
21662 0.111220
12801 0.111004
20002 0.110924
13373 0.110924
25288 0.110702
19652 0.110702
4329 0.110702
2222 0.110702
28776 0.110043
25697 0.109522
14290 0.109005
10442 0.109005
16037 0.109005
18916 0.108891
6004 0.108749
29431 0.108749
19802 0.108749
18375 0.108493
13656 0.108324
13893 0.108324
22417 0.108324
21095 0.107484
25797 0.107484
23936 0.107207
24635 0.107207
24112 0.107207
6073 0.107128
14147 0.107128
16091 0.107128
11713 0.107128
8745 0.106987
11366 0.106863
18733 0.106807
10560 0.106807
4526 0.106657
11276 0.106494
15920 0.106494
2234 0.106423
9417 0.106360
697 0.106360
14309 0.106249
18915 0.106113
5920 0.106005
27593 0.105642
1492 0.105575
28322 0.105521
14125 0.105041
28089 0.105041
18131 0.104609
3246 0.104364
20522 0.103695
7426 0.103695
3137 0.103474
13573 0.103281
3032 0.103281
5809 0.103166
15078 0.103166
8884 0.103034
12702 0.103034
25308 0.103034
14649 0.103034
14269 0.103034
19114 0.102961
1108 0.102707
9535 0.102454
25750 0.102382
6237 0.102382
21643 0.102253
29425 0.102140
24261 0.102140
835 0.101952
19090 0.101952
22075 0.101802
17473 0.101802
4318 0.101738
20931 0.101578
16215 0.101578
15844 0.101455
7555 0.101356
27484 0.101356
12399 0.101023
6601 0.100913
16803 0.100474
3836 0.100474
3244 0.099991
17399 0.099931
17784 0.099608
2378 0.099513
21375 0.099394
24798 0.099394
15372 0.099181
2601 0.099039
5473 0.098757
17552 0.098636
23221 0.098636
18219 0.098570
10651 0.098039
25623 0.097920
27246 0.097507
15533 0.097188
3765 0.096792
16975 0.096691
18727 0.095888
23215 0.095844
10188 0.095844
26039 0.095789
1815 0.095405
4076 0.095405
7114 0.095155
6270 0.094807
20523 0.094807
19828 0.094599
8141 0.094599
18077 0.094537
12144 0.094537
17191 0.094323
29157 0.094049
18403 0.093939
12057 0.093844
11925 0.093686
1990 0.093686
26967 0.093559
28991 0.093505
22875 0.093505
19175 0.093505
16254 0.093265
26358 0.093182
27202 0.093182
1921 0.092968
10935 0.092849
12796 0.092849
5467 0.092808
7386 0.092436
13609 0.092436
11188 0.092436
2566 0.091911
26242 0.091824
2307 0.091521
6694 0.091521
4199 0.091220
15264 0.091220
10142 0.091070
6016 0.090878
28555 0.090878
228 0.090878
12190 0.090624
7107 0.090624
2862 0.090427
10126 0.090371
10791 0.090182
22121 0.090035
10261 0.090035
12752 0.090035
28499 0.090035
16104 0.089744
17430 0.089455
8793 0.089455
19223 0.089455
21609 0.089372
25756 0.089372
5327 0.089311
23639 0.089263
24873 0.088881
837 0.088881
26278 0.088881
26999 0.088503
26178 0.088503
4372 0.088456
27550 0.088456
21328 0.088456
13429 0.088456
10196 0.088395
14872 0.088128
29542 0.087915
21878 0.087915
10745 0.087756
17889 0.087617
4115 0.087440
3279 0.087387
860 0.087204
21188 0.087022
24851 0.086795
10094 0.086795
22618 0.086505
16033 0.086300
5401 0.086121
24402 0.085589
1349 0.085589
28585 0.085589
5299 0.085195
29183 0.085064
28633 0.085064
26573 0.085064
3498 0.084417
27016 0.084417
22095 0.084203
20795 0.084033
4628 0.084033
21336 0.084033
21937 0.083864
14973 0.083864
15870 0.083527
7011 0.083527
10760 0.083527
20591 0.083527
18863 0.083383
10736 0.083383
13210 0.083276
7922 0.083276
15145 0.083027
18839 0.082956
3960 0.082956
28476 0.082532
2441 0.082532
25262 0.082532
18371 0.082532
1909 0.082532
29703 0.082166
10914 0.082166
26011 0.082114
1719 0.081699
10596 0.081442
5361 0.081085
1812 0.081085
13684 0.081085
9166 0.080882
15818 0.080730
20078 0.080613
5955 0.080613
28319 0.079687
6426 0.079687
22271 0.079345
7795 0.079296
25060 0.079296
25360 0.079005
24652 0.079005
22087 0.079005
29883 0.078781
25104 0.078781
13649 0.078781
3937 0.078526
17287 0.078526
7982 0.078336
15429 0.078336
7668 0.078336
22902 0.078147
24818 0.077896
1554 0.077896
14926 0.077771
12269 0.077399
1357 0.077353
21340 0.077353
28396 0.077353
562 0.077030
22779 0.077030
16764 0.076711
15516 0.076711
2067 0.076711
1505 0.076665
11705 0.076605
26462 0.076394
81 0.076394
26914 0.076304
19551 0.076184
15724 0.076184
8636 0.075768
21785 0.075768
7435 0.075591
26847 0.075591
2534 0.075520
19088 0.075356
10187 0.075239
5279 0.075030
29653 0.075030
8677 0.074891
28857 0.074847
15789 0.074545
18614 0.074545
10144 0.074545
24759 0.074147
15857 0.074068
18202 0.074068
13849 0.073865
8196 0.073865
7899 0.073865
127 0.073752
17955 0.073752
20598 0.073596
23906 0.073529
1141 0.073529
13444 0.073362
12788 0.073196
16841 0.072976
9505 0.072976
28477 0.072670
17640 0.072670
21825 0.072670
29474 0.072594
22683 0.072594
21969 0.072216
23165 0.072216
4898 0.072216
29640 0.072216
13390 0.072216
98 0.072216
19494 0.071767
3828 0.071577
27010 0.071471
29718 0.071471
15915 0.071471
20530 0.071262
21840 0.071105
26054 0.071105
1206 0.071105
21298 0.070887
152 0.070742
9244 0.070455
21960 0.070383
28467 0.070383
24707 0.070028
17215 0.070028
19632 0.070028
29394 0.070028
887 0.070028
10734 0.069606
16320 0.069606
27063 0.069426
9089 0.069130
11550 0.068982
23101 0.068836
7418 0.068836
22557 0.068777
1828 0.068544
18542 0.068370
24093 0.068303
28967 0.068303
798 0.067968
27217 0.067968
22700 0.067968
10339 0.067968
2865 0.067684
9247 0.067684
25114 0.067636
27056 0.067570
12319 0.067570
23306 0.067402
235 0.067402
21836 0.067402
17173 0.066844
8266 0.066661
5877 0.066569
450 0.066569
20036 0.066405
16908 0.066405
9161 0.066342
15562 0.066342
11417 0.066026
18008 0.066026
15569 0.066026
22142 0.065758
14667 0.065713
17364 0.065713
24029 0.065491
25662 0.065280
5748 0.065096
9783 0.064965
14361 0.064913
26102 0.064705
22461 0.064551
20071 0.064192
16690 0.063837
2479 0.063603
24616 0.063487
12427 0.063313
27677 0.063313
2329 0.063140
16447 0.063140
12211 0.063025
4913 0.062740
17501 0.062740
10890 0.062740
767 0.062457
29934 0.062177
8194 0.062177
18647 0.061899
18764 0.061624
28992 0.061460
29038 0.061460
18385 0.061216
22681 0.061216
24608 0.060813
18920 0.060813
26714 0.060813
22724 0.060495
21119 0.060495
13661 0.060495
27020 0.060416
18344 0.060416
13809 0.060416
21999 0.060180
2061 0.060024
23753 0.060024
27444 0.059636
23111 0.059560
12650 0.059254
9613 0.059254
18042 0.059002
16711 0.058952
2416 0.058653
14276 0.058653
24386 0.058504
7534 0.058504
23744 0.058356
18973 0.058136
21406 0.058136
1405 0.058063
12409 0.058063
13009 0.058014
11978 0.057773
1328 0.057533
22893 0.057533
22032 0.057485
28685 0.057059
1197 0.056826
17068 0.056709
21076 0.056640
7146 0.056640
23021 0.056364
2819 0.056364
10078 0.056364
25408 0.056090
12686 0.056090
7159 0.055909
15422 0.055819
19080 0.055685
2680 0.055685
25050 0.055351
14140 0.055285
21564 0.055022
24855 0.055022
1797 0.054696
8598 0.054696
9079 0.054696
5983 0.054374
19550 0.054056
4843 0.053993
9441 0.053993
6743 0.053993
15624 0.053742
781 0.053742
17969 0.053742
4159 0.053493
16747 0.053431
1200 0.053124
11995 0.053003
7313 0.052521
25158 0.052224
22007 0.052224
26059 0.052224
28673 0.052048
26566 0.052048
14615 0.052048
24376 0.052048
16060 0.051931
26731 0.051931
16577 0.051931
27134 0.051931
29070 0.051814
9094 0.051640
11811 0.051354
29045 0.051126
6607 0.050901
4092 0.050901
13904 0.050789
27937 0.050678
10654 0.050678
11190 0.050457
12440 0.050020
1611 0.050020
15105 0.049697
25655 0.049590
12964 0.049431
6255 0.049378
21471 0.049378
8389 0.049168
8747 0.049168
28492 0.048960
20302 0.048960
9652 0.048960
21174 0.048960
19216 0.048960
17988 0.048908
6245 0.048753
21667 0.048753
3957 0.048651
6388 0.048396
7547 0.048345
17862 0.048345
7581 0.048144
25028 0.048144
21081 0.048144
14031 0.047648
26949 0.047550
4047 0.047550
20611 0.047355
6019 0.047161
1626 0.046970
23829 0.046922
17462 0.046922
22421 0.046685
20878 0.046685
12848 0.046591
13614 0.046450
3553 0.046404
28227 0.046404
20918 0.046218
17958 0.046218
5027 0.046218
5052 0.046218
16250 0.046218
7498 0.045988
28029 0.045610
25249 0.045610
13581 0.045312
10833 0.045312
1881 0.045312
21347 0.045312
17428 0.045091
9092 0.045091
4453 0.045091
29156 0.044872
27401 0.044872
26303 0.044727
21470 0.044655
6221 0.044441
2002 0.044441
27982 0.044158
3609 0.044158
15537 0.044158
20053 0.044158
16196 0.044017
29832 0.043878
14912 0.043878
24309 0.043809
18158 0.043602
15600 0.043397
4404 0.043330
5723 0.043330
10842 0.043330
17870 0.043060
13562 0.043060
13833 0.042795
17169 0.042597
10605 0.042597
20132 0.042532
28026 0.042402
14526 0.042402
20873 0.042273
7624 0.042273
191 0.042208
19328 0.042017
21146 0.042017
26196 0.041638
12709 0.041513
25051 0.041513
9018 0.041513
4996 0.041451
13036 0.041266
3410 0.041083
4966 0.041022
9455 0.041022
3819 0.040901
29795 0.040781
13144 0.040781
25181 0.040721
7853 0.040542
5861 0.040542
13421 0.040307
5866 0.040307
14049 0.040190
11649 0.040190
1873 0.040074
13929 0.040074
25853 0.039843
27869 0.039843
16650 0.039843
4882 0.039616
17109 0.039616
5844 0.039335
12843 0.039168
17073 0.039003
17588 0.038839
21511 0.038730
12866 0.038730
4521 0.038730
4941 0.038676
289 0.038515
22150 0.038355
15226 0.038302
2027 0.038197
14128 0.038040
20794 0.037884
4664 0.037884
988 0.037884
22591 0.037884
6476 0.037678
12562 0.037678
20626 0.037576
15712 0.037474
24355 0.037474
6327 0.037123
22529 0.037073
13569 0.036876
10672 0.036876
7622 0.036297
8647 0.035921
13357 0.035736
23821 0.035736
15249 0.035736
6532 0.035371
5783 0.035192
15892 0.035014
27600 0.034838
14806 0.034838
9779 0.034664
15686 0.034664
14317 0.034664
24266 0.034491
20301 0.034320
19126 0.033984
24857 0.033984
16197 0.033654
5432 0.033491
8931 0.033491
18926 0.033491
29262 0.033171
26296 0.033171
12293 0.033013
7537 0.033013
7376 0.032857
9009 0.032548
5540 0.032396
4620 0.032396
23779 0.032096
20970 0.031512
856 0.031229
16982 0.030812
27189 0.030676
14536 0.030608
22034 0.030608
14352 0.030608
741 0.030541
7342 0.030407
21270 0.030274
8701 0.030274
5798 0.030208
21319 0.030012
28046 0.029882
11040 0.029818
24425 0.029627
20374 0.029627
26603 0.029501
3580 0.029501
13071 0.029438
8805 0.029438
20919 0.029252
7325 0.029068
21460 0.028886
7617 0.028886
8693 0.028886
19464 0.028707
10382 0.028707
10367 0.028648
22664 0.028530
19069 0.028530
20901 0.028530
12105 0.028530
19375 0.028530
24949 0.028355
6800 0.028297
9693 0.028182
23064 0.028182
1175 0.028011
16335 0.028011
2739 0.027842
15645 0.027842
11594 0.027842
21243 0.027731
5280 0.027676
9581 0.027348
20836 0.027187
10504 0.027028
5862 0.026562
28933 0.026562
17786 0.026260
22859 0.026260
23573 0.026112
16264 0.025965
2198 0.025965
21099 0.025535
14397 0.025256
11409 0.025119
8162 0.024983
29982 0.024716
1519 0.024584
9304 0.024454
17532 0.024325
18949 0.024198
1994 0.024198
25057 0.023947
27489 0.023947
10989 0.023461
22688 0.023461
27237 0.023343
2274 0.023343
16483 0.023343
20974 0.023225
26715 0.023109
28149 0.022880
12477 0.022880
14489 0.022545
17003 0.022436
2579 0.022436
11164 0.022328
9930 0.022220
7019 0.022220
3995 0.022114
16260 0.022114
11508 0.022114
12791 0.021904
6801 0.021699
4784 0.021699
16414 0.021699
27450 0.021201
27772 0.021201
4384 0.021104
4730 0.020913
19115 0.020819
12795 0.020633
19245 0.020183
26921 0.020095
13001 0.020095
5475 0.020095
29051 0.020008
18171 0.019922
22803 0.019667
20259 0.019584
29320 0.019258
19456 0.019258
7028 0.019258
26932 0.019178
9479 0.019178
25833 0.019098
1587 0.019098
24286 0.019098
18225 0.018942
7979 0.018942
9308 0.018942
5141 0.018788
28395 0.018788
5032 0.018712
23054 0.018636
6545 0.018562
26740 0.018562
23856 0.018562
21046 0.015406
22145 0.015304
26607 0.015006
27736 0.014909
29046 0.014814
3739 0.014719
3986 0.014626
1884 0.014534
28912 0.014534
18167 0.014353
23605 0.014265
1816 0.014265
15488 0.014265
6982 0.014177
9520 0.014177
15843 0.014177
14459 0.014091
22073 0.014091
7167 0.014091
29471 0.014006
8571 0.014006
23735 0.013921
13630 0.013838
18115 0.013755
2291 0.013755
27465 0.013594
10154 0.013514
9476 0.013514
1219 0.013436
24786 0.013436
14569 0.013436
17696 0.013358
15241 0.013358
24721 0.013281
23786 0.013205
5238 0.013205
19234 0.013130
22912 0.012910
14084 0.012838
12609 0.012767
28761 0.012767
27296 0.012628
12448 0.012559
22354 0.012559
18492 0.012491
4310 0.012227
4922 0.012227
19597 0.012227
12398 0.012163
25503 0.012036
12490 0.011974
18318 0.011974
22808 0.011912
16571 0.011912
28838 0.011851
1231 0.011731
21966 0.011731
22673 0.011671
1917 0.011555
840 0.011555
11920 0.011497
22017 0.011384
27835 0.011384
23538 0.011273
15574 0.011273
86 0.011273
150 0.011218
11117 0.011218
16317 0.011110
21325 0.011004
15344 0.010799
17526 0.010748
26008 0.010748
8803 0.010699
19032 0.010552
3943 0.010552
26920 0.010552
21422 0.010457
14082 0.010363
29756 0.010363
3086 0.010225
22787 0.010136
19251 0.010091
121 0.010047
15250 0.010004
27138 0.009961
3186 0.009918
6589 0.009876
34 0.009834
927 0.009792
333 0.009792
23841 0.009792
27594 0.009792
18826 0.009751
27787 0.009751
5574 0.009669
29950 0.009629
29490 0.009589
3099 0.009589
7962 0.009432
25025 0.009432
9125 0.009394
26558 0.009281
8312 0.009281
18188 0.009281
2915 0.009244
