6046
11485 1756
7435 2370
27241 2983
23210 3180
17156 5791
12508 6528
11190 8310
473 8400
493 9509
14857 13605
22312 14568
15539 15759
14440 18803
24380 19595
2278 20364
15727 20537
25122 21216
2493 24557
15252 24888
25951 26618
7114 28903
10275 31403
8985 31470
27815 31500
10596 32547
23818 32737
24929 35605
16250 37508
20394 37670
19323 39664
15569 39711
6589 39731
25588 40245
5955 40455
15648 40517
27884 41527
10287 42863
22003 45898
23339 46280
18452 46528
19853 46564
18173 48390
9161 51688
16002 52887
17574 55919
14580 56975
12781 57822
29879 59231
17491 62382
1349 64360
25188 66567
14359 67760
13879 68051
12082 69321
8948 77731
3435 77881
159 78901
29559 80358
3317 82351
23280 82372
23133 82401
29766 83198
4833 84328
9683 85810
27891 87010
10700 88034
21174 88382
4044 90159
2182 91039
4918 94508
17131 95914
7413 96572
20423 97477
18575 98958
23906 103564
5765 103870
13649 110119
9563 110377
1215 110510
17231 116091
16531 116181
12328 121974
13863 123098
23313 123568
6490 124125
1881 124151
22170 125803
26462 126167
25649 126730
141 126754
17932 127275
22471 128075
813 129911
7637 132863
10864 133685
18170 135779
16492 136353
20534 139949
1405 139982
16429 140579
25981 142305
21056 143492
29238 146217
415 150809
11511 154061
29144 155141
15281 156693
18267 158286
27915 161513
3033 162997
25009 164165
18974 164872
27600 171613
28288 173113
21274 173343
808 175582
29387 176140
3086 176159
24858 177987
29274 179489
14643 179715
6482 180881
23270 182522
10292 186329
2266 186406
23346 186875
23869 187089
18731 187182
25697 188776
9140 189184
22941 189489
6094 189596
14778 189866
27465 191910
10337 193172
4287 194906
14998 195088
3173 195574
732 195597
2426 195836
6201 199713
5025 202622
2020 204814
22442 204963
6800 205292
18001 206251
20908 207365
92 209121
9284 209287
9304 210689
16670 210860
14596 211993
25078 212346
24261 213289
14958 213352
8186 213719
8931 218061
5704 218095
28642 220014
29042 221362
25541 222482
13904 223425
15162 225599
13065 228252
24661 228377
7945 232481
188 232718
9906 234038
8625 234134
12964 235484
21734 235624
12398 237966
3553 238905
25770 241973
7806 242574
22815 243181
15480 244210
11040 245651
18077 246909
15709 250280
11556 251057
28043 253024
10911 253211
6186 254153
2599 257436
17276 259853
5468 264586
7121 264588
17184 269675
18034 270287
17501 270387
3137 275528
26947 276860
2760 277855
5564 278138
25979 278568
29685 278615
19241 279048
29722 279291
21862 279520
11925 280346
10026 280895
9308 285001
26677 285891
15136 285980
12210 287180
27992 287801
23312 288502
10014 289264
25046 290800
4982 292403
4203 293809
15103 295702
28046 297497
14861 298419
5194 300025
17968 300099
26066 301178
27609 301497
1949 303568
3099 309330
14672 310739
25595 311700
25870 313116
18757 313565
22618 315055
28365 315575
25652 315644
14038 316787
20482 317345
28115 318395
26119 318584
17050 321361
16497 324467
2673 325577
10434 326441
11129 329430
17141 330601
16975 330705
1539 330907
3590 333321
7343 334273
17629 335814
17570 336354
18249 338156
22262 339525
25966 340130
25047 344938
29304 345837
12416 347128
8587 347495
14777 348468
26008 350296
16464 351004
12913 353042
23670 355218
1031 355436
3563 355692
23684 356098
26986 357795
10196 357949
4719 358134
10799 358144
300 364161
5424 364606
6083 367747
28752 371233
2882 373258
12429 376164
4512 376834
15429 377629
8763 377958
17101 379005
20348 380029
8932 380546
14352 384402
17116 384655
5605 386788
28554 388856
21399 389440
26603 391301
13422 393020
26269 394353
28374 394890
8111 396168
9851 400862
16722 401065
29509 401277
27505 402198
10580 403150
16905 403729
10535 403913
6665 405953
29130 406862
24495 412066
10098 412257
24203 414496
17105 415027
4535 417453
17958 418438
7851 418718
26102 422413
4039 423535
1165 424311
10755 426383
2463 429598
8973 438063
2067 438130
19809 439206
26495 440164
21892 441564
18171 442309
27958 443937
7633 444891
20962 448180
5540 448892
2196 451503
5432 453754
16169 454270
18910 456121
3178 457658
19237 459332
14654 462681
29162 464438
17580 465689
5296 469318
27472 470212
31 470770
20143 471704
26296 472437
22337 474912
280 476959
20974 477093
13252 477681
8693 480578
28689 481333
1444 484154
17512 484414
4559 486632
10175 486730
8521 488342
23957 488433
24984 489004
4019 489520
9693 490190
29496 490486
9190 492680
6777 496519
4889 496927
15906 498307
28477 501138
27458 503396
19294 505536
6693 508993
8196 509255
7564 509437
8825 509929
2267 511189
19774 511896
26980 517328
444 517732
5755 517925
16913 518924
1357 519680
887 520161
6348 521289
20946 522783
12492 524047
26114 526871
16023 528696
6579 528885
4544 528959
16149 530561
852 532880
16186 535604
451 537386
5907 538270
5960 541606
4374 543471
19285 547690
22518 549675
29821 550684
8637 551052
20829 554865
16185 555632
6557 557248
2005 558501
12376 559772
29428 560235
25946 562156
23594 563240
8279 564575
20582 564615
28230 564626
11839 565933
15526 566215
24578 571928
12763 577863
10313 579428
17696 581223
11804 583204
234 583272
26734 584522
17669 587103
5031 588605
23110 591265
24320 591927
13429 592832
298 593235
20658 593614
19651 595747
7415 596480
25265 599322
13777 602130
8143 602341
5455 604317
15270 604724
29639 605283
4274 605517
788 605582
1720 607209
22794 610771
14025 611499
5661 611520
18999 612760
8781 613062
4741 614087
18382 614308
19339 614672
1789 614714
24322 616597
14298 616756
15537 617566
1892 617844
6374 619079
15874 621818
11637 622198
29781 623735
20393 626879
4469 629916
1313 630565
19597 631402
12006 635092
18473 636428
14137 640850
23753 642359
11550 642826
29653 643722
1574 648627
7724 649124
11970 651465
16368 651938
3443 652376
20532 654612
2112 657326
17422 657352
24613 658720
6333 658720
4239 660133
4674 662034
29187 662488
5217 664226
4247 664633
19551 666595
11795 666992
25011 667457
2914 669345
28940 670662
20315 671585
26079 671699
25057 674874
578 675308
21937 675331
26967 675532
25842 677200
125 678781
127 680048
18252 681395
17954 682540
19669 684474
19175 685009
11984 686546
20876 686673
11202 691765
19240 694125
14757 695303
9441 697417
21564 697586
29662 697597
16871 697944
21760 703067
25340 703123
5286 705366
1425 707530
16565 708935
22242 713459
3227 714193
4046 716327
12411 718053
22497 720835
7418 722018
10943 722859
29447 723080
24215 724563
13794 725824
23048 726474
25393 727042
26139 728287
16885 729958
11906 733342
23659 733608
6148 735324
16982 738536
9104 738888
22880 740205
24419 740412
20100 743046
14621 743705
5293 745242
1120 746113
2868 748458
15362 749539
29157 749758
1279 750963
22316 754684
3013 755783
6063 759145
6013 762151
14212 763350
6676 763545
26761 767356
12488 768211
14343 770288
24099 772622
24487 774602
14894 774904
9962 780161
5437 780640
19692 783094
6111 783432
19080 787792
18780 788608
24051 790467
12852 792440
11649 793402
98 794746
7357 797815
13803 798327
12586 798884
7040 798928
18848 799887
9989 804150
15504 804961
12056 805653
20642 806821
15079 807420
27869 807486
19151 807614
1610 807979
13116 810699
3679 814217
19223 814421
145 815179
23638 815275
22157 816211
19299 817498
17191 818825
26542 822540
4042 822826
27393 823582
927 827327
27652 832295
922 833421
19029 833551
10987 834375
10984 836190
15409 836391
13107 837829
669 840168
15538 840618
22473 841962
27274 842034
596 842796
10509 844329
4507 844454
21260 845672
12578 845951
14498 847992
452 850777
16747 851753
2517 854087
910 855881
19618 855925
6809 857150
25423 857174
22151 857699
11832 858200
23542 859856
3492 862489
23755 865571
9449 867254
28455 867791
22839 868929
14738 869132
1343 871419
5696 871562
22520 872103
20660 873992
17215 874764
25028 874782
12316 874788
2972 877032
25098 879330
4056 880269
5898 883171
3382 884902
26406 885570
27190 885706
27832 886654
3832 887094
20606 891902
15499 898136
28577 898555
1829 898877
12427 900544
9404 901146
4159 907216
29873 907942
23309 907988
9507 908432
28810 909192
10545 910038
8162 912277
1980 913861
28082 919160
20591 922099
17559 922906
3217 925832
4883 925976
16036 934244
9194 936981
11673 937808
12096 938441
26714 939079
1802 942912
8734 943296
21745 944700
22144 945041
2635 947503
18008 948220
27783 948389
24451 949594
10456 949922
29324 950463
17782 950900
7887 952787
2546 955406
5677 957181
24338 960955
19947 962939
8358 967418
17995 968621
20918 970041
14049 970679
10640 971749
2409 972170
26853 974088
12105 978033
14178 978368
28585 979237
3697 980437
3937 981827
3884 984581
21747 985448
1100 985775
18720 992841
18659 995271
28566 995942
1558 996520
9493 997929
27808 999417
11973 1000552
17461 1001618
8021 1001666
26817 1002711
9431 1003956
24369 1006721
2755 1007625
4701 1009041
7715 1011826
19925 1011978
15637 1014231
24980 1023518
14551 1023930
22142 1024823
2783 1027396
15032 1029893
10597 1030993
11933 1032199
25596 1032485
25758 1032946
21345 1035986
1108 1036043
29515 1036495
22298 1039240
13929 1040075
19274 1042219
11751 1043033
21986 1044190
17058 1044340
18818 1046601
21463 1048587
9092 1048810
15773 1050123
25756 1050880
24785 1051169
19735 1051469
12809 1054387
20186 1056392
6607 1058495
12502 1058578
12878 1059243
7301 1060332
27658 1061506
11073 1062256
786 1067912
29413 1069706
5143 1071929
22232 1073885
13988 1074376
28030 1078367
14577 1081711
18904 1082872
1523 1083569
22475 1085757
12906 1086345
29851 1087369
24544 1087403
7015 1090128
4964 1090918
4361 1092959
18674 1093645
9417 1095837
26092 1096962
281 1100304
3282 1100808
17740 1101855
14002 1103686
7055 1110589
27331 1112676
29540 1113063
16623 1113864
15674 1113990
3471 1114616
29558 1117119
20931 1117474
27684 1118952
13199 1120634
16326 1123227
19111 1123842
15690 1127754
10547 1127955
23215 1129315
21243 1133172
27737 1137753
5068 1138019
851 1139467
5823 1139521
7654 1141014
4750 1141240
14909 1142208
14722 1142537
22910 1144129
12228 1145295
17414 1147444
16693 1147591
11841 1148500
1500 1149729
13155 1150737
6757 1150985
15377 1151249
11909 1151327
684 1151991
23534 1156608
16528 1158897
7498 1160051
29566 1160628
20458 1163340
11599 1165192
1024 1168432
24848 1169426
26638 1170445
5521 1170576
1568 1170794
22202 1176883
29038 1178551
3633 1178998
9356 1179366
23445 1183026
8248 1183474
15696 1184560
27536 1185704
23086 1186303
6202 1186492
27262 1187298
25774 1189211
20787 1192346
5512 1192498
14204 1194189
7231 1197663
15070 1198088
10154 1199964
17766 1200351
23306 1200871
8443 1203821
29848 1204488
27467 1204749
15132 1206285
24732 1206307
4857 1206485
19234 1206729
1019 1207435
12471 1207992
28364 1208957
9089 1214975
27772 1215698
26168 1216686
7817 1216796
13665 1217469
27775 1218570
23850 1218671
12866 1218990
26914 1219081
6016 1220890
21023 1223140
14671 1223341
21328 1223350
23883 1224194
8732 1224772
12879 1226143
15841 1226727
7624 1231077
7646 1232415
6542 1233646
27528 1235063
14019 1236390
27660 1236833
22512 1238716
19550 1239764
19968 1241880
21440 1242417
13905 1243671
23180 1245137
13970 1246274
16093 1246886
21190 1251859
18289 1253499
496 1254020
17960 1257367
19909 1257842
6974 1260102
8804 1262279
26903 1263320
29960 1264096
4702 1264158
21656 1266347
24425 1268301
27296 1270762
14021 1274636
26740 1274736
2132 1277831
12700 1279009
25578 1280755
19772 1281917
4227 1282130
14376 1282536
4183 1283055
20919 1283833
16591 1285790
11499 1286716
6927 1287142
9292 1289118
9063 1291799
28203 1295983
29688 1296064
1130 1296741
7019 1298485
18236 1307184
3442 1307266
5868 1307966
11153 1308318
5801 1309097
8566 1309362
18863 1310030
10850 1315998
22532 1316482
6754 1318363
13849 1320755
16094 1320944
6020 1321339
28370 1322329
5444 1322899
10843 1323889
22675 1325067
28727 1326429
1658 1329484
7838 1332604
18500 1335116
8873 1336207
20819 1336394
29715 1338800
9621 1339266
25856 1341182
17704 1341501
10142 1341747
15705 1343625
2946 1344971
8969 1345940
28465 1348773
12771 1352939
7796 1355989
11538 1356279
27425 1356495
24386 1357307
913 1361724
29045 1364283
2255 1364655
8741 1365663
20370 1367145
2739 1368029
20391 1368396
991 1372218
21125 1372699
5211 1373960
7475 1373994
18346 1376702
9214 1378281
5543 1379132
26999 1381238
22251 1383469
15105 1384095
5889 1385235
26125 1387166
28453 1387361
25713 1388409
3262 1388789
15651 1388797
27137 1388855
8266 1389482
29391 1389654
25489 1389692
29542 1390347
15209 1392080
22077 1395058
15247 1395312
3815 1397121
730 1398863
8037 1399422
20981 1399946
25288 1401349
4214 1402541
17829 1404335
27550 1405629
17613 1407224
2713 1408498
17473 1414873
28088 1416693
20124 1418086
13498 1418344
1219 1423018
29239 1423247
13684 1423404
18254 1424372
5242 1425121
315 1428628
9177 1430014
22525 1433045
19030 1433102
20498 1435952
23735 1437512
7992 1438854
3022 1438999
2545 1439706
12114 1439987
28514 1440020
23104 1441696
16253 1442119
3613 1444196
2191 1444498
20234 1444525
29814 1445422
9706 1446526
4001 1452661
29070 1454057
25277 1454333
5790 1456869
18933 1457622
24028 1457794
28029 1457891
3681 1460286
20185 1461682
6888 1464128
24165 1464454
7997 1467435
6905 1467758
28594 1468118
9810 1468839
5267 1469669
25963 1469869
25039 1470065
2229 1472355
12326 1472999
4831 1476154
26492 1476490
11209 1477525
19209 1480192
27695 1480470
9371 1481224
14944 1483661
21414 1485176
18568 1486085
5223 1486304
5377 1487539
23358 1489036
2097 1490038
4863 1490868
22073 1490958
3966 1491345
27653 1492113
27767 1493100
23934 1495031
24547 1498031
13614 1499806
27489 1503664
9468 1504672
11235 1506038
3902 1506433
11309 1506761
23543 1507926
25396 1507947
25554 1508623
27161 1509551
12036 1511803
14475 1512511
15131 1521860
26582 1522608
23565 1522809
25535 1523323
15724 1525641
24284 1527291
13866 1527746
13397 1529772
17354 1532895
10579 1533637
8415 1535979
19113 1535989
17405 1538955
22035 1540075
21785 1541430
10086 1542225
20327 1542562
24240 1552423
24901 1553739
8982 1556454
6388 1558217
16356 1559430
27646 1560112
6000 1560917
16191 1561599
22169 1563387
19158 1563481
20036 1563483
28456 1563592
22164 1563978
4223 1566279
10072 1567582
20603 1570639
1059 1572081
3532 1574076
13969 1574525
5559 1575631
1365 1575861
3019 1576714
11416 1578407
16827 1579832
23734 1581261
3702 1581442
15106 1582334
29263 1584696
10727 1585347
7371 1585560
4021 1585912
15920 1586827
9279 1588510
9509 1589004
8686 1589154
11115 1590177
41 1592107
23655 1592705
15901 1592812
22082 1594135
23122 1595107
8565 1596116
11219 1596844
11920 1599784
5361 1600941
1348 1602109
14872 1602143
18108 1605658
13833 1605674
19940 1605849
22579 1606452
18542 1607168
26090 1610387
29640 1611644
21157 1613352
8765 1615454
13375 1619134
4898 1622094
27825 1623091
23945 1624877
7497 1625807
20053 1627091
5070 1628202
10032 1629477
13792 1631305
12379 1632314
26792 1633718
4085 1635360
16195 1635678
20517 1635888
8743 1636042
5623 1637608
16011 1638281
27543 1638720
19161 1640900
2066 1641348
19723 1642758
4062 1642914
23858 1643218
20270 1644619
15588 1646578
15818 1646762
17689 1648471
9908 1649845
29257 1652838
607 1655291
8944 1657136
20002 1657418
10371 1657632
29828 1657681
15236 1659914
5861 1660718
22461 1664822
1519 1664831
4451 1667646
973 1668894
4076 1670596
2348 1671364
29283 1671705
18163 1673310
7614 1674671
7511 1674860
28633 1678758
12959 1679633
17197 1679787
2212 1680389
17619 1683531
12455 1683807
9004 1684740
24595 1685486
9597 1686480
16446 1688609
14775 1689425
7899 1691830
27071 1693069
28591 1695711
16435 1696792
10932 1696837
3851 1697516
28401 1697628
15768 1699737
8723 1700993
14323 1701863
100 1702211
10447 1705060
3609 1707878
12438 1708395
12527 1711009
17980 1712113
6059 1712665
29778 1715388
19806 1717020
2370 1718079
27601 1725491
8363 1725629
23489 1725774
27231 1728934
11887 1729208
26617 1729543
21456 1730112
24273 1731234
825 1731702
15488 1735242
16633 1735646
10573 1737893
20935 1738457
14130 1738894
2019 1738925
5238 1739574
20759 1742701
13809 1745013
20065 1745541
24421 1746949
11474 1751607
20417 1752699
7293 1753099
21690 1753315
1990 1753934
17320 1754783
21366 1755902
17102 1758960
24743 1759000
3426 1759512
25299 1759933
21560 1761125
2869 1762276
13581 1763813
14808 1764576
26586 1765939
8677 1766328
8221 1766456
23997 1768284
22519 1768456
5723 1768505
1231 1768655
11371 1772305
19364 1774600
29004 1776519
6114 1777288
2667 1778324
2579 1781557
21658 1781653
9540 1782553
3506 1782914
1061 1783365
29883 1785874
25123 1787023
14171 1790087
14164 1790995
15652 1791937
14774 1794284
24259 1796324
6982 1797363
23530 1797558
19057 1798018
16822 1798471
5645 1801344
13131 1801386
9210 1810858
117 1811598
7853 1812049
11805 1814006
24269 1815610
22095 1815788
24967 1816786
28468 1818981
1812 1820134
27820 1822802
15627 1822838
14764 1822979
8665 1824085
22489 1826013
14683 1830450
8115 1833833
4460 1836557
27337 1837033
16049 1839413
17644 1840257
11288 1841980
22932 1842275
6972 1842379
25056 1842797
6261 1843007
3440 1843275
27368 1846942
20768 1848278
856 1848868
22990 1849400
20322 1852875
6184 1853438
20612 1853595
27315 1854930
20301 1855014
18180 1856489
16592 1857451
21158 1858243
23305 1861124
741 1861186
28728 1862067
25519 1863662
13609 1866336
21161 1869367
18277 1869820
5650 1870438
13569 1872800
29406 1872942
18385 1873499
25268 1875723
29085 1876487
86 1881543
29745 1881936
15039 1883118
13950 1883860
28363 1888273
26156 1889563
25614 1889988
18275 1890450
15870 1890573
5702 1890753
10225 1890756
15363 1894101
15062 1894222
19413 1895977
11453 1896625
13282 1897134
450 1899206
9064 1900023
18661 1900439
19216 1905052
6253 1906200
21960 1906647
24593 1907310
6279 1907882
16215 1909075
20871 1911103
4829 1911856
2343 1915481
7433 1918051
13221 1919410
24231 1920011
15023 1920362
924 1921132
3068 1921848
13661 1923346
7556 1924676
14443 1925296
25181 1925363
22970 1925478
15971 1926372
8759 1926909
2723 1933977
20510 1934513
11709 1934926
22810 1935583
28654 1937113
26485 1938045
24309 1939226
1626 1940371
5384 1942836
20540 1944665
540 1945977
4706 1948738
3028 1950824
9320 1951875
25096 1955611
24489 1955747
2848 1958576
16421 1961831
14508 1961952
10652 1963924
29906 1970652
10912 1972009
23503 1974374
2785 1974727
28148 1975135
25804 1976508
20634 1977168
29286 1979488
17490 1980152
18340 1980921
27312 1981737
21807 1986425
10599 1986620
10529 1987692
24614 1987848
860 1988335
20031 1991175
16955 1991704
10875 1993742
13824 1995350
5603 1996322
27334 1998410
19789 1999677
18392 1999948
2933 2000114
9306 2000159
4405 2003290
10168 2004012
19874 2004101
17429 2004549
661 2005529
27019 2005986
21620 2006464
11873 2009510
23974 2011245
28285 2012741
17846 2013295
12322 2014053
4879 2014654
1492 2014840
26921 2019528
20655 2019758
7274 2020454
16414 2023079
12399 2026918
9889 2028771
14412 2028778
5354 2031298
4904 2032021
2953 2037984
3850 2039999
8214 2041568
20505 2041791
1969 2042905
24908 2042924
19519 2043293
2027 2048059
3416 2051668
26242 2054547
581 2055122
27530 2055906
14381 2056599
21651 2057732
18128 2057812
29442 2059618
18463 2062033
11330 2063063
501 2063326
19494 2063560
18792 2063856
28245 2064002
5466 2066805
10575 2067379
23472 2067506
2457 2068065
15664 2069819
18079 2070381
12319 2071630
1822 2071678
11411 2071911
13222 2071945
6243 2075448
14504 2075551
660 2075677
7894 2076400
2703 2077324
6234 2078530
18374 2082203
23064 2082473
13408 2082669
2259 2083051
7364 2083704
3205 2084980
4564 2085065
28034 2085068
15352 2086026
4613 2087027
12080 2090679
29389 2090756
13216 2092972
21969 2094603
16889 2095134
21131 2099777
29471 2100306
14309 2101292
11449 2101431
8464 2102507
11187 2107782
8141 2108589
3519 2110096
20366 2110188
3986 2110319
8361 2110534
11151 2110994
29705 2111690
27217 2111894
11520 2112941
19863 2116866
27685 2118554
9803 2121087
3866 2122419
27553 2128358
17526 2130735
29223 2131484
1999 2131971
9641 2134019
27729 2134213
26011 2134265
16347 2134707
16476 2135062
15592 2135336
28171 2136716
22682 2136957
13762 2137244
15161 2140511
22168 2140645
19784 2140990
3602 2143158
21581 2147459
18733 2148291
1459 2148363
25615 2148650
17161 2148676
6209 2149806
2669 2152515
15700 2152641
17086 2153692
3279 2154977
15458 2156412
20644 2163116
13655 2164159
5141 2165670
7011 2167712
13690 2170754
2628 2171112
7581 2171963
7376 2175802
7631 2175842
14260 2176900
7793 2178101
16930 2178426
22808 2178453
13995 2184132
18115 2184136
9342 2185873
28814 2186682
16566 2189735
15125 2190134
25308 2191700
9319 2191773
12780 2193397
25000 2194005
26567 2194266
4329 2195842
12716 2196530
16545 2197327
14963 2198467
22875 2199985
18608 2200994
13750 2204900
5663 2205379
4492 2206096
8367 2208236
19566 2217636
5065 2219745
29246 2226435
25406 2226645
3908 2227034
14740 2227594
8556 2227869
28912 2228911
22514 2229352
26829 2230995
28237 2232148
6912 2237846
16672 2238120
20745 2239354
9585 2240190
12534 2240272
2607 2241341
3672 2241494
13444 2242124
6105 2244173
25370 2244300
7210 2246259
24415 2248582
11642 2248631
4766 2249836
26918 2250421
23281 2251675
25320 2252040
17246 2253955
27401 2256136
6081 2257478
9311 2258635
40 2259487
9909 2260576
15525 2262506
4529 2265235
11414 2267985
19181 2269743
19681 2271130
9079 2271632
5920 2271775
27227 2275823
3277 2275826
8187 2280904
5612 2285236
24749 2289113
16362 2289505
2720 2290086
25674 2290266
16891 2291677
25503 2294176
4383 2294197
18529 2295064
28898 2295464
14128 2295556
19574 2297754
22007 2299144
18751 2299519
26080 2300429
2445 2301415
24171 2304609
11606 2306060
23054 2306259
28130 2308203
12519 2310063
29834 2313031
6121 2314164
11527 2315829
13338 2316415
27066 2316482
1438 2317153
9553 2317331
22017 2318238
1498 2320646
3865 2320740
12538 2321655
27478 2322641
16850 2324321
29536 2329599
15297 2329722
26745 2330049
13573 2333588
22172 2333738
16082 2335184
24235 2337022
20925 2338373
3423 2342066
20535 2346353
26713 2350953
1200 2351246
133 2353021
16113 2353872
18997 2356731
12759 2357164
24979 2358150
5052 2358488
13041 2359593
4812 2360739
406 2362270
13009 2362356
7279 2365888
27168 2366667
19451 2366911
8657 2371833
4938 2371892
21643 2373369
11388 2377271
20374 2378843
212 2378880
7443 2382712
13843 2384192
4059 2384404
26015 2384768
3748 2387530
7069 2388606
18669 2390028
25381 2392475
21340 2393102
12613 2395075
17451 2401006
17284 2402612
13557 2404306
20295 2408928
15250 2409018
10985 2410976
12037 2413522
22719 2414858
26337 2416650
20984 2423224
2422 2424617
29986 2424713
12172 2426718
21845 2426721
7031 2430611
13163 2431844
24937 2433457
22357 2437690
28395 2438803
20305 2439145
27181 2439530
19303 2440980
15516 2441654
20314 2444771
17987 2445271
15809 2445818
16444 2446664
4536 2446785
14806 2449024
124 2450689
14487 2451393
4957 2451925
29983 2454423
17283 2459237
18428 2460003
7440 2460366
18687 2460718
16438 2466181
16128 2466671
5624 2468472
23802 2468779
10479 2470088
2728 2471584
26007 2472858
18219 2475099
20878 2475445
29973 2476137
23860 2479484
21321 2479716
26525 2480157
22903 2480764
28333 2482063
6529 2485316
26558 2486386
29227 2487167
5711 2487241
3020 2490039
21461 2493021
12774 2496980
22530 2498651
24301 2499244
12149 2499395
1084 2500421
20836 2501843
23566 2502000
26046 2502114
15589 2502464
11999 2502629
22120 2503515
13356 2503817
8297 2505180
23363 2505260
8121 2506322
7707 2507229
14340 2508623
3765 2509081
14571 2509180
777 2510489
6461 2510669
4312 2511141
4578 2512220
24918 2512954
7028 2513279
6384 2517364
1242 2519244
24482 2520289
14290 2522129
4387 2522254
22350 2523134
10747 2526439
11801 2528694
3995 2530278
13897 2531471
23903 2532972
29718 2533352
25249 2533545
28606 2534869
26864 2540164
28775 2540980
29999 2541450
27667 2542834
12505 2543195
13215 2543643
29298 2544637
12112 2544890
16971 2545863
23172 2552129
384 2552403
16115 2552894
17433 2553955
9019 2554164
16848 2556665
8894 2557174
28452 2557791
3153 2558040
26602 2561255
4302 2561589
23901 2562212
28121 2562458
15624 2564071
15632 2566411
12234 2566667
22893 2567458
2205 2567517
2447 2568867
13799 2572008
16826 2572041
24145 2572490
25853 2573297
12999 2573751
28751 2574046
12263 2574098
29268 2576393
7316 2581025
11971 2582592
9790 2584612
24818 2588166
4092 2589806
26281 2590465
9334 2591403
26794 2592006
16551 2593653
22454 2594685
9384 2596732
27564 2598521
4372 2599981
23218 2600066
250 2601824
7706 2603275
8201 2603780
13939 2605568
10890 2608379
6600 2609481
5866 2610162
7167 2611952
29332 2611972
29365 2612084
27444 2613137
15820 2614871
13088 2615726
14665 2616376
13362 2621996
7795 2623427
672 2624171
24339 2624682
12025 2626806
6793 2627024
9264 2628163
27962 2630032
16004 2630955
18169 2632929
695 2637377
27487 2637804
13451 2638921
13188 2639259
16988 2639394
7555 2640234
27622 2640684
13388 2643071
20795 2643275
15406 2643290
27405 2645010
26976 2645984
24258 2648575
16316 2650349
15801 2652391
8618 2652831
16216 2656369
3417 2657457
25029 2659112
26298 2664200
10833 2664618
6001 2666161
26844 2666230
10141 2666750
18240 2667732
7520 2669542
9125 2670234
15702 2670826
13382 2671635
22642 2672641
236 2672812
25986 2673170
4756 2675134
4407 2676185
34 2677342
22883 2678668
14968 2680926
20970 2680930
16061 2683237
28317 2685300
21878 2689419
26236 2692741
14168 2692874
29914 2693557
15843 2694777
9388 2696849
4660 2696920
6178 2700731
14144 2702313
19126 2702681
9131 2706300
14922 2706566
11299 2714021
4364 2714810
23887 2716097
17098 2717486
6110 2718967
25360 2719230
20815 2719699
6099 2724672
28617 2726943
5824 2726970
28026 2733341
47 2735450
152 2735728
4902 2738006
27990 2739514
29379 2739567
1197 2744492
12703 2745683
6808 2746883
5690 2746945
21851 2747185
13323 2747263
5485 2747688
11005 2751820
4620 2753402
5691 2755616
4236 2756650
16412 2757123
8228 2761299
16392 2761414
16264 2763716
10718 2766215
8398 2766892
12546 2767492
1722 2769492
4690 2769664
24625 2770883
10693 2772346
13627 2776906
15344 2778189
3892 2779580
18655 2781024
14667 2782394
15764 2782695
7392 2783016
23036 2784264
29441 2785987
10809 2786583
7488 2791322
4453 2792116
9351 2793259
3803 2795965
29614 2796097
11057 2796371
23021 2803227
13896 2806705
7467 2812743
17212 2813471
3148 2816609
23380 2817790
10719 2822773
18310 2822822
10560 2824655
1117 2824751
7507 2826257
24413 2829846
4583 2833436
23925 2835589
7757 2838817
20161 2839178
20901 2843437
7229 2843960
20231 2845069
20586 2845679
16593 2846279
19414 2850088
24907 2850681
13211 2854774
23400 2854884
12562 2855126
27714 2860212
6677 2860951
8884 2861919
19580 2862479
10025 2862663
16736 2863701
25846 2864470
3522 2865272
5844 2865617
5026 2870603
8568 2871425
14516 2872574
18481 2872869
7336 2873083
4922 2875483
26083 2875552
18203 2877591
26196 2880518
21836 2881819
25957 2884121
2156 2884844
20685 2885131
1649 2885975
2416 2887575
9779 2888877
29948 2890482
3252 2891763
12565 2892207
26135 2895246
4729 2896723
29535 2896747
25641 2897110
25018 2897367
14986 2899648
15879 2900497
13007 2901432
26343 2901825
2413 2906505
9376 2908986
2566 2917698
24553 2917841
23726 2919382
1379 2922074
1450 2923364
6848 2924194
21237 2924823
5810 2925563
3246 2926159
10746 2926658
7985 2927268
10986 2927881
6284 2928548
2222 2930171
28044 2931736
15561 2934980
12793 2936477
21145 2937008
27304 2937543
14791 2938004
21520 2938415
2198 2938600
7780 2938686
10464 2939269
18225 2939364
17870 2939712
27937 2940891
1788 2940957
12855 2941865
791 2942430
23760 2945973
6135 2948482
16636 2950016
20598 2952944
2601 2953502
9957 2955544
29769 2955620
26875 2956745
28187 2956987
11337 2957540
5279 2957928
19088 2959746
22046 2964161
20216 2965108
15235 2967000
15904 2970843
15226 2972171
6334 2976874
765 2978253
2958 2978509
21204 2980210
25160 2980292
23913 2980342
15680 2980453
23807 2981774
27999 2983091
5803 2983678
921 2986631
13308 2986864
14079 2987347
12392 2987927
2819 2989630
29327 2989825
14174 2990903
6942 2994779
19822 2996553
14905 2999375
8170 2999605
21602 2999994
13697 3000008
13161 3002401
3814 3004618
23786 3005403
25687 3006300
14468 3007168
8450 3007886
11363 3008467
19249 3010368
6290 3011927
9282 3014481
25066 3017001
17637 3018316
5637 3019507
18955 3020156
7315 3025572
27594 3026181
7674 3028455
29081 3029431
6611 3029850
6740 3030737
5474 3031116
8335 3031808
17667 3032956
28020 3034271
14001 3035219
13941 3035361
25279 3036002
3180 3036089
5494 3036648
12493 3041250
19457 3042154
9277 3042287
7496 3042694
150 3045930
19405 3046141
15134 3046224
10555 3046411
13971 3047271
8487 3047910
1335 3049962
5472 3050127
19388 3052000
3541 3059301
17616 3060809
28050 3061948
24781 3069707
19826 3070107
15333 3073728
3002 3074384
9860 3076241
1193 3077148
22653 3078037
22779 3079626
18959 3083811
6789 3084586
12198 3085746
26266 3089905
16571 3089960
1766 3091376
27233 3093572
22876 3097459
27545 3098881
14045 3099430
3485 3100189
18202 3105897
1611 3106574
6032 3108421
2762 3110102
22113 3110174
8655 3110365
28339 3112198
26441 3113759
22700 3114668
17818 3114714
18839 3119764
6134 3123576
21797 3125164
11455 3126479
2388 3127600
13908 3128120
15940 3128553
3733 3129097
2094 3132537
3441 3133425
14165 3138542
9980 3138751
29175 3141743
14581 3148891
25089 3150500
27211 3151298
14397 3158323
13036 3158486
21337 3158666
15985 3159227
20397 3160855
25477 3168086
11995 3168194
26278 3169233
2307 3170687
29667 3170755
23849 3171418
5501 3171525
12917 3174834
29703 3175932
14459 3178700
21559 3181278
29005 3182331
2002 3190122
18485 3190163
10402 3191128
2398 3191482
17681 3192185
10105 3193595
26989 3194730
16862 3195989
228 3197704
21008 3197757
5443 3198054
28674 3199579
13206 3199648
9714 3200021
15264 3200036
16124 3200249
859 3201065
7784 3206861
26966 3206896
12440 3207910
11164 3208944
24861 3211544
22589 3216219
23333 3216377
23139 3219343
21441 3223409
4020 3223800
6004 3226013
10914 3226140
21099 3226949
24020 3230918
13152 3234384
935 3234737
29010 3235244
26159 3235693
12936 3237251
28575 3238490
4749 3239922
10644 3240278
12486 3241160
10478 3242356
15336 3242978
24656 3245614
29117 3246434
29529 3247160
13210 3247779
5360 3252505
19722 3256389
22595 3259135
29253 3261162
20052 3261341
27881 3261911
21863 3263055
7901 3264985
25336 3268218
15953 3271553
12200 3273156
928 3273744
24126 3273787
23200 3275287
895 3277759
5146 3278942
15145 3278996
25304 3279280
14755 3279573
25382 3279843
14314 3280798
4028 3281943
17278 3284118
22036 3284316
26937 3284719
27455 3292659
10910 3292777
29784 3297303
20991 3303794
9078 3304268
29034 3307374
4466 3308175
17140 3312913
94 3314086
9581 3320614
23767 3322969
27237 3323865
4367 3324508
4091 3326858
7642 3328674
21895 3328849
16110 3330232
18983 3330773
14450 3331397
2381 3333756
7514 3334136
12063 3335577
25821 3336163
1909 3336813
6112 3337126
7092 3339178
16466 3339617
21406 3339913
2334 3340103
14970 3340504
22703 3341026
4585 3342707
1787 3344204
1131 3344963
11313 3345761
19464 3346008
22402 3348608
17311 3350889
21732 3351007
22292 3351448
22771 3353949
3580 3354467
25811 3355068
13085 3355624
20223 3356475
9245 3356751
5327 3359041
20523 3359243
10121 3359850
11975 3366689
19769 3366847
1230 3367872
10094 3368443
17658 3370157
15800 3370781
27840 3371783
14140 3371973
11124 3377867
2178 3386017
14875 3388187
6481 3392072
25247 3392074
4628 3394237
17188 3394524
18697 3395029
867 3396479
20298 3397734
23356 3398362
9529 3399396
28525 3401543
18318 3401648
29205 3402885
26404 3403343
3324 3407324
24975 3407793
20475 3408112
9476 3408716
3054 3410707
26922 3412942
2012 3414005
25548 3414517
29373 3418579
7237 3420180
4907 3421032
18299 3423041
15847 3423206
11964 3424433
6735 3425833
1589 3427022
18519 3427169
25732 3429116
21150 3429924
9455 3430269
12145 3430289
18885 3430672
21391 3431340
7703 3432155
4610 3434155
10989 3436696
151 3436984
9301 3439333
205 3439820
11417 3441040
13606 3442888
24388 3444764
26788 3446031
10863 3446269
2311 3447142
8202 3447656
2306 3447763
3575 3449275
22715 3452170
24939 3456698
15887 3457709
11770 3458229
7550 3458796
10653 3458850
29474 3459696
11001 3460924
15683 3460939
28988 3468294
19660 3474258
17462 3475602
1401 3479464
16661 3479615
14111 3480441
11167 3480845
18969 3481074
6657 3482151
28827 3482909
29422 3483849
6985 3485814
5224 3488486
4511 3490611
24851 3492814
11748 3494633
3436 3495238
3508 3496790
25159 3500125
29276 3501279
27240 3501805
5835 3502244
22708 3508238
4457 3508769
20368 3509695
28685 3510761
3244 3511655
9056 3512769
23583 3515614
4962 3516696
20085 3517134
12162 3522595
26867 3524070
14690 3526423
295 3528382
5489 3536069
21052 3540804
16354 3540935
11534 3541381
19189 3541799
4404 3542968
23537 3545169
20990 3545235
12293 3548144
21367 3548641
3231 3549562
21827 3555627
16978 3556450
9853 3558663
6896 3559216
29355 3560554
29318 3561074
23784 3562028
9722 3562221
4767 3563850
10240 3564330
26771 3566667
14150 3569567
2327 3571526
3564 3578217
26731 3582330
23459 3583939
7850 3587491
12066 3588901
14039 3591230
6878 3591430
22417 3593259
13650 3596462
10067 3596638
3134 3598325
9247 3600754
26635 3601281
27975 3602490
10164 3604850
12813 3606165
13071 3607863
27407 3608757
16488 3610727
25146 3613012
5961 3613848
11713 3614471
23221 3615448
1067 3616963
21375 3618227
14823 3619171
29605 3619798
9323 3622127
26808 3622129
2061 3622364
29841 3624436
26931 3627644
15013 3628432
2377 3630074
9613 3630309
20663 3630333
29431 3634102
7554 3634865
13633 3637398
12108 3638823
11902 3640207
17401 3641138
13048 3641561
18083 3642207
13238 3642498
19728 3642877
7603 3644332
18274 3644768
26071 3645996
13357 3647432
15755 3647668
50 3651470
25408 3652492
20430 3652493
22636 3652814
6550 3655841
17880 3657985
2501 3662285
13207 3662898
22145 3664431
16711 3668960
9162 3669849
13808 3673073
14926 3673263
9609 3673779
23219 3675779
20242 3675966
23829 3676299
28819 3676571
25435 3677615
16483 3677830
18474 3678033
8243 3678901
158 3679466
14865 3682241
16820 3683530
28565 3683972
11861 3684104
3396 3685680
28467 3686459
26923 3692212
20831 3693282
1985 3693988
3734 3696514
13020 3697169
3657 3698197
14263 3698717
7365 3701671
13731 3701981
22064 3708560
381 3708897
21119 3709889
27911 3710260
20986 3711423
18322 3712802
24938 3714439
18764 3716345
17379 3722160
4870 3722733
10532 3725126
17348 3725835
22681 3726887
22257 3727212
29408 3727409
10828 3728746
18689 3729572
4788 3730634
15242 3730661
21207 3738933
18178 3739525
15733 3740599
24353 3741590
1703 3743763
26739 3747392
13010 3748527
4310 3749093
2940 3749483
2239 3749633
8008 3749878
17799 3754474
27450 3755079
4278 3756825
4913 3756911
781 3757502
28949 3758952
23165 3761721
5640 3762238
23965 3762276
938 3763151
27723 3763970
6576 3765876
24328 3767632
4534 3768595
487 3771180
29832 3771332
20530 3771398
17192 3771404
5658 3771862
10216 3772506
24247 3774953
16091 3779066
25624 3779183
2842 3780778
13123 3781885
18601 3782340
24029 3783360
328 3788834
656 3789879
22604 3791268
29383 3792504
2826 3792516
22134 3794292
5380 3795474
24305 3795951
11931 3796059
16961 3797268
20885 3797407
27440 3803714
6067 3804033
24033 3806557
15061 3809430
16154 3809849
19308 3811252
29347 3811990
6698 3814452
22587 3814571
1719 3814600
9900 3816002
28167 3816696
5500 3817530
1921 3818898
13755 3818918
5904 3821229
24120 3821892
28974 3822222
14592 3822579
18257 3824288
27131 3824659
9183 3825070
10273 3825411
15028 3828166
5830 3828910
14244 3829843
28499 3830319
14713 3831833
21347 3832319
5258 3832767
10345 3834009
12497 3836716
24444 3839644
11324 3842402
24816 3846867
19830 3851126
21250 3852636
2273 3853542
761 3853854
23628 3855264
20750 3857534
10655 3858507
24873 3859162
22870 3860180
28922 3860510
11954 3861096
23253 3862831
5477 3862929
18713 3863304
16634 3864605
28851 3866113
11230 3866154
10070 3866989
4206 3868710
25499 3869523
14832 3870546
12369 3870952
21346 3871125
29951 3871848
4465 3872600
25672 3873688
5385 3876204
10811 3878476
21462 3881460
17678 3883481
1958 3883935
5882 3884386
16021 3886318
22342 3887429
24863 3891687
28605 3906260
29256 3907804
29802 3908224
16095 3910277
5160 3910384
5854 3911362
14361 3911483
24067 3914271
9701 3914430
1963 3914536
29427 3918250
24344 3919222
28459 3920078
21113 3920641
25924 3921186
28776 3923263
16815 3925445
17203 3925493
8795 3925869
20522 3926113
29372 3927209
8960 3927714
23011 3928048
12563 3928695
27877 3930343
5767 3931206
21422 3931393
25252 3932270
18457 3934968
13358 3935207
22672 3936603
26004 3938286
5219 3938509
15432 3938844
14688 3941585
10504 3942337
279 3943567
10339 3943706
28258 3948271
3573 3948691
17047 3949331
5311 3950920
382 3952279
14036 3955459
21460 3955490
16938 3959417
3146 3961107
18145 3964191
2389 3964526
12270 3965256
562 3965893
9764 3966919
27251 3967733
10638 3968131
26134 3968860
12390 3969724
4909 3969982
22949 3970191
4805 3971137
15029 3971325
4070 3971416
25291 3975744
2072 3976060
21505 3976425
1944 3976534
23073 3976837
18768 3977240
11978 3979987
26160 3980507
22928 3980751
3372 3988897
22516 3990041
2862 3993642
3007 3995489
13079 3996111
13656 3996496
4069 3996904
19118 3997626
28951 3998252
16033 3999597
673 4001266
9244 4003129
23689 4005228
24766 4006850
19856 4008825
7313 4010178
4182 4012924
8735 4014080
18156 4014944
1687 4017406
24607 4021303
23614 4027615
4224 4028635
3911 4033121
15202 4033499
9397 4034780
4170 4038076
27595 4038611
12289 4038915
15102 4039381
19017 4043979
13982 4047302
5511 4048744
11899 4048881
21979 4049916
10187 4050121
17493 4053181
6072 4053988
1091 4054154
6774 4054304
11507 4056769
10375 4056851
4867 4058761
3464 4059322
22795 4064078
17806 4068481
16196 4069221
24313 4072208
29183 4073351
2206 4073563
28024 4077265
17953 4084997
23533 4090018
11568 4090747
7931 4093439
8105 4093910
15376 4095056
19473 4095564
10293 4095608
28625 4098492
984 4100900
28190 4101806
27076 4103473
28457 4105159
13039 4106465
5291 4106709
26774 4110348
2490 4110696
3822 4113469
2326 4115367
17605 4115967
7627 4117235
11705 4120744
10780 4121511
18375 4124127
2017 4124901
18159 4126478
10534 4127366
7890 4128207
24458 4129489
12753 4129537
6291 4129739
3516 4130847
28347 4132296
29156 4135035
4200 4136091
26039 4140282
19705 4140387
28924 4140813
17933 4141412
16321 4142132
6255 4143629
2802 4144579
931 4145771
10648 4147479
9 4148040
15784 4148498
25655 4149576
10593 4150268
20461 4151535
21769 4159815
8839 4161050
16739 4161155
26939 4163658
29545 4164338
23642 4164730
7070 4165555
28489 4166095
4730 4166323
15943 4166759
14686 4168533
13786 4168607
23954 4169844
10221 4170775
27850 4170892
21046 4172001
3972 4176970
20302 4178225
20558 4180128
12161 4181416
21541 4182622
1714 4182946
4571 4185940
22104 4186407
3292 4189475
584 4189673
18135 4190534
9171 4194729
12062 4195238
21775 4197251
8579 4203228
25931 4203315
3860 4206178
13885 4208033
26682 4209535
13086 4211746
9212 4212602
421 4213135
4807 4213859
14540 4220025
17944 4223513
216 4229171
3957 4239078
28965 4239263
29137 4239407
23604 4239706
8966 4243511
5652 4243899
10470 4244868
11639 4245075
21546 4245193
12383 4246617
28795 4247238
25885 4248644
4784 4250610
23823 4250990
4047 4251378
3226 4252045
23617 4256030
13912 4257463
15686 4258231
5700 4259414
22529 4259968
15117 4260176
10341 4264873
13981 4267035
27991 4267711
14704 4268072
11294 4269710
29939 4271445
29692 4273757
9505 4273786
716 4274000
12540 4274016
26879 4274547
9494 4274987
10063 4276512
26382 4277751
20271 4282205
21434 4284717
22152 4286999
11242 4289921
2274 4290002
22032 4291899
23261 4293243
2149 4295188
4973 4296008
21638 4301009
5401 4301058
18963 4302873
22193 4303388
6349 4304428
6701 4307697
27954 4307779
26779 4315351
16209 4318090
21304 4319210
14787 4320838
5042 4321615
24798 4327878
7472 4328415
5413 4328816
17630 4329754
4410 4330281
15430 4331511
155 4333148
22477 4334220
10830 4334706
20265 4336650
23550 4337113
8615 4337275
8077 4337492
19038 4340044
6245 4341029
22787 4342842
21162 4344111
14907 4344120
21420 4345237
15394 4348266
20259 4348463
22354 4348947
5358 4349888
20072 4350103
24835 4352020
12810 4352725
4605 4355980
5058 4358406
140 4362222
22199 4362627
23107 4366734
13994 4368744
29197 4369213
29803 4369320
1378 4370634
397 4374575
4708 4376480
20485 4377991
26805 4380014
8747 4382569
19025 4383511
24473 4387695
4649 4389678
23809 4394848
24034 4396120
26884 4398026
23509 4398602
26335 4398662
6712 4403503
3411 4403554
16171 4406004
10519 4406070
12592 4406488
29772 4407323
6885 4410229
9094 4410332
16572 4410906
629 4415424
3855 4421217
10376 4422025
5280 4422875
25481 4424842
4121 4428864
24735 4431464
17428 4432278
9775 4434056
23202 4437401
26056 4438254
9804 4439242
25043 4440743
24855 4441570
18735 4443039
21208 4445516
16106 4448084
6307 4448262
7477 4449543
27736 4449675
10745 4452677
27607 4453966
21674 4456518
12348 4456934
20929 4458912
17440 4460347
14763 4461628
8543 4462861
16994 4463272
1660 4464057
27751 4468571
7136 4469010
10990 4469938
17082 4470215
10338 4473774
13765 4475798
19575 4475845
13499 4476634
27026 4477442
27409 4479479
9990 4482993
28412 4484696
17470 4485777
21737 4486118
2342 4492447
18739 4493895
13694 4495486
25960 4496041
28446 4499609
1820 4499738
22692 4499779
12551 4501050
3898 4501127
3310 4501326
14947 4505454
18868 4511086
13232 4513061
9135 4513415
3228 4514298
26920 4514693
21272 4515418
2645 4515890
29970 4516445
21223 4519410
16857 4520224
16289 4522500
12090 4523667
5679 4525601
20364 4527391
17054 4527580
6510 4529822
26652 4530685
8310 4531658
19130 4532656
326 4532817
21568 4533162
6602 4533604
24271 4535330
10233 4536220
14783 4536724
5517 4541320
29706 4541650
10722 4541998
11930 4547830
5579 4548923
10133 4549411
13942 4549509
26214 4555339
11090 4555754
24857 4555803
15503 4558760
14687 4560772
12682 4561470
20697 4562581
13013 4564438
14225 4569628
21804 4571946
12975 4572159
4426 4574042
22128 4582377
950 4588938
6652 4589067
24103 4592888
2397 4592998
14371 4594701
9409 4595432
23097 4595475
24147 4596138
21931 4596747
18371 4598210
19328 4598810
14416 4599865
26439 4601420
17112 4602026
13842 4603054
4679 4603442
29511 4606141
26772 4606905
7289 4607010
5473 4607626
20 4607821
7875 4608346
24610 4608791
289 4609380
28556 4609857
4616 4611049
23838 4612254
11611 4614580
21474 4614987
12490 4616009
14489 4618227
11405 4623291
3113 4626419
453 4626999
22664 4629446
9278 4632885
15100 4635651
1734 4637679
21101 4639894
10071 4640362
2678 4641161
22714 4641747
3744 4646145
26831 4647229
26333 4650654
15241 4652175
11413 4652406
16389 4654622
19157 4655082
10754 4656371
5933 4656539
14891 4659088
25880 4661419
28469 4662155
21206 4664520
8706 4664705
21547 4665236
29021 4669475
7852 4669537
21617 4669770
7389 4670175
21496 4670624
5809 4678739
5408 4688185
6651 4689060
13760 4691581
8999 4692215
21808 4692980
5200 4694917
2876 4694969
23467 4695438
4439 4695815
20442 4697147
1341 4700491
8004 4701415
1173 4701928
16089 4704190
7961 4704589
27017 4704995
27593 4710537
18213 4710858
29854 4711363
4941 4713419
25553 4719515
6815 4719928
29209 4720872
7351 4720984
26448 4721376
9238 4721388
2775 4723872
3895 4724318
21081 4725369
364 4728992
27303 4730506
742 4730645
27415 4731769
16221 4732366
2663 4732558
14125 4733251
17430 4735864
816 4735881
1779 4736390
697 4737688
22926 4739690
4230 4739711
25451 4740240
25899 4741154
14322 4743086
6545 4744994
29740 4747137
27862 4753397
4695 4753773
12409 4753828
18840 4757752
19114 4764408
12087 4766046
4647 4767730
8374 4768829
10505 4769276
5983 4770822
3046 4774793
11133 4775841
6694 4782688
17003 4783709
10791 4784724
20839 4785216
333 4785281
14451 4790131
21673 4790349
27138 4791280
28811 4792240
14973 4794994
5206 4796665
13828 4797011
1075 4798029
1872 4798382
4878 4799927
25631 4800799
26419 4801973
2401 4806210
7501 4806475
23812 4806660
16769 4808623
18032 4809237
19632 4809286
23715 4810649
24217 4810913
18243 4811709
25366 4817503
19284 4817854
16840 4818511
10092 4821007
16911 4821750
6324 4822090
23538 4823873
16273 4824032
24632 4824081
22432 4824345
28185 4826626
11508 4826991
10400 4827150
18932 4827346
5949 4827773
9733 4829723
14018 4829939
10669 4830097
18162 4831239
11240 4831736
846 4833403
6945 4833693
29293 4835641
2108 4836520
24058 4836538
26689 4838028
27261 4840793
26873 4841956
20350 4843475
24396 4844039
5128 4844439
10654 4844634
4113 4845385
18492 4845895
2534 4846094
24426 4849217
6555 4860249
7949 4860525
17553 4867934
28964 4868182
28271 4869107
17805 4869864
28946 4872647
24673 4872675
10252 4872760
5015 4875962
27724 4876294
5777 4877660
20444 4878034
20326 4880145
20737 4880364
15751 4880992
27134 4883967
26059 4885235
17061 4888159
23956 4888871
9755 4891564
7172 4896692
17972 4896820
646 4898134
22535 4900528
27046 4902739
24266 4903577
28789 4905593
14206 4906373
13913 4906478
17862 4910180
6783 4912437
27624 4913845
1635 4914640
29791 4920955
2843 4921557
12627 4922010
23773 4922750
22724 4931821
28580 4932910
27502 4933109
10484 4933237
18365 4933301
29415 4933839
3191 4934589
7252 4934671
28933 4935763
18037 4936277
15248 4939864
13893 4942166
2308 4944082
17690 4944425
19895 4944722
13166 4945487
11050 4945693
6237 4945740
21477 4947655
22448 4947727
9527 4949707
15043 4952482
10802 4954161
18526 4956764
11727 4959301
16686 4959658
26420 4962301
11594 4963410
26573 4963687
11272 4964555
1143 4964610
24997 4965457
6668 4966110
17860 4966675
25745 4969999
20078 4971642
25736 4972678
13921 4972783
1119 4974728
20932 4975088
22056 4976941
2747 4978741
25919 4979876
22452 4981222
24786 4981440
16194 4981909
8803 4981985
5798 4984264
2479 4984340
25365 4984778
20092 4984810
7290 4985087
15787 4989183
8268 4989807
7677 4990005
6875 4991183
26762 4991583
1899 4991628
20641 4993237
21615 4994457
14952 4995581
25594 4996972
29763 4997420
19280 4997864
23833 4997959
21070 4999575
6172 5001101
8194 5002320
10851 5002456
5004 5004922
27246 5005194
272 5008930
15915 5009711
7341 5010483
20313 5011963
21310 5012947
17364 5013963
29481 5015032
21554 5017834
25372 5018713
13951 5020261
12177 5020682
139 5024826
21457 5025295
21470 5025488
7612 5026392
27461 5031287
27477 5038054
10605 5038525
17964 5038564
16764 5038783
7962 5039086
707 5039653
7816 5040741
16521 5041253
26981 5042739
11150 5043167
8224 5044128
8491 5045997
22923 5048609
14691 5048619
5979 5048776
20132 5049287
18874 5049446
15249 5049669
4152 5053413
28319 5055588
9136 5057484
10958 5057991
19471 5065057
3457 5065898
27819 5072565
21282 5074358
9218 5080095
24630 5082947
6955 5084340
3376 5085107
27058 5085929
23148 5094235
28276 5095182
16020 5106435
8294 5107354
14518 5113046
19936 5113188
26789 5113223
29015 5113392
17600 5113654
29524 5113940
5440 5113993
13058 5114149
25954 5114448
14649 5116482
6416 5120619
9330 5120952
1486 5125060
3886 5125616
14608 5126064
5392 5126305
27149 5127401
25151 5135426
10536 5135818
3387 5136329
4526 5136836
10901 5139782
24866 5141148
19649 5141278
7809 5142293
11177 5142922
15833 5152094
4293 5153894
7434 5154043
17986 5155567
7074 5155725
7113 5155810
13479 5156681
27216 5157008
12285 5158439
6767 5159597
1202 5160693
28287 5161382
15255 5164059
26843 5166934
29887 5170280
22858 5173571
13462 5175734
18612 5178467
26261 5178678
25075 5180362
16157 5182381
8516 5183024
15712 5183166
23345 5183450
21155 5183464
19245 5188029
18043 5189325
21188 5190746
15565 5191138
26356 5191569
1816 5204026
3960 5205038
19377 5205063
2421 5215006
20260 5216796
21631 5219471
4974 5226330
4860 5227315
10471 5229149
22252 5229429
23605 5235769
9009 5237295
26061 5238431
20811 6292325
22851 6293336
16040 6294921
5498 6295831
12163 6296831
12925 6300183
7785 6300757
23497 6301968
9479 6303185
23226 6306572
24159 6307935
23868 6309257
21201 6310162
5475 6310549
14233 6311748
23796 6312635
27570 6313608
5087 6313758
14564 6314957
4528 6315316
24439 6316265
6193 6316950
23799 6318077
853 6318319
3876 6318377
81 6322410
7417 6331175
3834 6344384
19725 6347999
20497 6348200
4199 6348987
1843 6350655
3112 6351810
11898 6353270
10658 6356491
23639 6359240
18464 6359287
19495 6359346
18269 6361599
12458 6362079
10411 6362328
20794 6363206
23992 6363596
8312 6364531
8598 6366354
28593 6367319
11916 6368328
26416 6369221
26073 6369906
16043 6370493
22688 6372497
25129 6374424
1 6375123
16457 6375426
4026 6379276
23477 6379410
10734 6387539
27091 6387545
1797 6387781
17633 6387880
27575 6388072
24267 6388152
2689 6388419
6700 6388464
11730 6388794
8596 6389265
10343 6389897
13283 6390276
2955 6391985
3622 6392145
22366 6393331
4672 6393532
6880 6395124
11597 6396948
29689 6399444
24634 6399521
29141 6401226
26361 6401456
12283 6402363
28189 6408535
24675 6409571
27266 6410239
11015 6416263
21997 6417348
29052 6418163
235 6420062
19327 6422541
27232 6423662
2624 6428547
24035 6431760
803 6432228
25704 6432343
10649 6435056
1283 6435374
20083 6439217
23779 6439888
12219 6440159
27158 6445232
29768 6445676
17970 6446284
25262 6446526
22606 6448541
4754 6448896
21384 6448932
1325 6449342
8356 6449415
20407 6453236
14471 6453672
21896 6454260
12175 6454617
12504 6456928
3856 6462346
17590 6463019
7064 6464942
17856 6465821
4838 6467014
13432 6467064
6304 6472472
8378 6473191
653 6473662
1441 6474044
26673 6477528
21958 6481211
15562 6481456
26164 6482740
27098 6483380
5220 6484331
21567 6485675
20723 6486736
15567 6488569
11876 6489287
4554 6491624
10710 6493837
25742 6495477
29055 6495676
9166 6495800
749 6498394
3762 6498851
26132 6498918
3410 6501658
26407 6502702
18354 6504958
10956 6505052
25994 6505956
474 6508641
8192 6513151
4682 6513423
1175 6516254
20263 6517559
12362 6517733
12190 6521344
24365 6523960
2907 6524090
13660 6525345
6532 6525476
2355 6525837
13836 6526215
3708 6528012
10736 6529292
15599 6530327
18496 6534849
12902 6536123
28963 6536496
20250 6539424
6038 6539596
15969 6541081
12131 6542201
22278 6545553
13837 6547583
21511 6548527
14067 6548842
26318 6550958
17243 6554953
11762 6555775
18114 6556476
3151 6556751
16763 6557085
15021 6558121
25820 6558682
22443 6561406
11735 6562491
5103 6562775
12136 6563999
14956 6568268
22673 6569862
19115 6571086
19374 6575044
21662 6577608
24166 6580318
13175 6583241
14912 6583592
1525 6588199
6849 6588418
26339 6591013
4285 6592188
25850 6592431
28005 6594826
13973 6595984
14135 6598349
4346 6598439
28227 6601098
3557 6601342
5665 6605725
12311 6606971
15301 6607688
11310 6611383
11447 6611451
6426 6613438
1180 6615811
13679 6616886
26712 6618998
27827 6620490
12121 6620954
15339 6621479
11803 6621562
17919 6622847
16060 6623922
10051 6625106
7922 6625357
27771 6626447
9353 6630399
18209 6635036
24286 6635460
10594 6636099
3504 6636984
10796 6638127
26671 6638773
24406 6651942
3239 6652106
21914 6653985
20924 6653988
20438 6656074
5695 6661758
19021 6662288
105 6663050
4448 6663305
28749 6663577
21300 6663599
17542 6665120
22483 6666072
21029 6669973
11928 6671116
23723 6671192
10367 6676536
342 6677339
5657 6677535
21865 6680215
21993 6685030
1815 6688243
3621 6689301
4970 6690861
18167 6690981
29950 6691618
525 6693904
5265 6698007
23613 6699212
8594 6699639
18066 6700706
14031 6704580
22788 6707216
11252 6707346
25543 6707435
16950 6708868
18003 6710085
7919 6710094
8302 6711564
14199 6714953
8241 6715547
15844 6715703
455 6716550
8257 6716602
10236 6717108
4189 6717520
16846 6719829
83 6720625
16380 6721584
25990 6721693
18902 6727079
7165 6730058
28375 6731070
1384 6733002
1867 6733446
9262 6734009
4330 6734654
16612 6735566
8270 6735905
22907 6739684
5183 6740120
27167 6740159
12782 6742364
28051 6743777
14084 6746201
25112 6747224
10680 6751484
7227 6752147
5769 6752235
16104 6755405
27153 6756211
18797 6757918
11855 6758189
6867 6761056
20490 6761820
12685 6761962
24649 6762115
19734 6762175
11319 6766325
6690 6767813
11621 6768379
20080 6768834
21147 6769269
5608 6769657
9942 6775090
12115 6775401
29386 6776204
28168 6776412
7667 6778531
29477 6783086
11772 6784740
20441 6785675
11276 6787966
9102 6792804
28124 6793086
2249 6797304
17916 6798843
22711 6799145
15865 6801043
15035 6807708
3268 6810325
7373 6817667
19638 6817944
18304 6819263
10074 6820670
27010 6820856
11103 6821173
18446 6822468
1328 6822878
2353 6828248
23336 6830587
23100 6831921
23936 6832460
12148 6833623
25114 6835990
4115 6838555
21753 6841811
14441 6842980
21800 6846317
19251 6848176
12501 6850490
13968 6851684
22859 6853141
4681 6854898
21609 6855500
29783 6857893
15642 6857916
10246 6861120
29656 6862207
20740 6863092
14222 6863445
9987 6867090
10206 6868414
26358 6869176
7276 6869290
17357 6875216
18922 6876199
21319 6876375
21713 6877100
11882 6878139
27020 6884309
13336 6884533
14324 6888738
25531 6891656
14119 6892839
20700 6893233
3323 6894369
10561 6895165
17685 6896014
1356 6897586
15902 6899898
1168 6901158
12207 6901948
1676 6903884
20362 6903897
14526 6906381
10749 6907450
5478 6910902
17480 6911156
3725 6911260
17961 6911373
20817 6911952
1964 6912741
4459 6912830
10457 6916257
25060 6922621
10379 6924029
8145 6928896
21325 6929927
10578 6933953
25831 6937573
15054 6938448
29203 6938895
29649 6939116
17304 6941175
1599 6941594
16902 6941760
17287 6942867
16878 6943103
24800 6944876
521 6948281
23808 6948305
10915 6954837
23315 6956162
16317 6956426
9756 6962343
3952 6964336
9230 6964342
27514 6964756
23436 6966568
24399 6968181
22666 6970178
27694 6970329
22597 6970576
19164 6970619
28812 6970657
687 6970973
368 6971288
20030 6973579
6005 6982662
2719 6983798
15060 6983949
24849 6984686
15506 6985080
20823 6985302
2977 6985310
12032 6986043
16939 6986217
12752 6987412
13174 6987477
29632 6989006
9525 6989936
28761 6990765
15863 6990806
17247 6991247
9149 6993546
9738 6995444
19032 7000017
17650 7000761
28194 7003325
23208 7003813
24093 7003974
24042 7004594
13909 7008576
28904 7013472
9324 7013940
11845 7015298
11816 7015298
29492 7017938
9888 7019287
14123 7019536
13348 7021801
4431 7022192
11270 7022302
27110 7022315
23242 7022856
20146 7025167
17342 7025949
24575 7026301
13157 7028403
29913 7029993
4057 7031125
10115 7034306
8481 7035544
1588 7036509
20114 7037630
8674 7038980
10260 7042223
22564 7043376
1529 7043457
17415 7045096
5467 7045307
1123 7045459
24568 7046846
29993 7048309
24721 7054353
75 7054453
2509 7054860
353 7054946
28428 7057283
27060 7057411
28387 7059394
19300 7059482
9349 7060216
15862 7060599
1896 7062387
4532 7065423
29105 7067801
9451 7069443
20611 7069615
2092 7070568
19156 7070737
8222 7071980
23698 7072615
10926 7076159
23744 7076253
24196 7076383
16370 7077476
18847 7077859
5539 7078146
19572 7080045
9272 7080493
5674 7080576
3293 7082826
10661 7082893
24272 7083795
14553 7084004
15640 7084226
25037 7085268
3720 7086176
11781 7090090
6964 7090505
7776 7091624
7438 7091859
9748 7092341
24121 7092750
15682 7094248
18614 7095924
10705 7096185
6662 7098732
26622 7098944
4987 7098947
23007 7099473
6221 7100208
2518 7100285
28294 7101931
1106 7107033
14112 7108503
7629 7108927
3696 7109859
10814 7111474
14392 7111518
23859 7112434
11667 7112493
23101 7113018
7678 7113672
12007 7116225
6890 7116798
21818 7116967
16859 7120602
267 7121353
9982 7124444
16460 7127041
21639 7127535
18271 7128723
4996 7129312
20473 7129998
22902 7130445
26641 7134904
14105 7135211
891 7135291
17399 7135460
22317 7136053
459 7138080
17510 7139049
5465 7139113
11509 7140171
7948 7141890
9791 7143171
983 7143949
20410 7145410
15384 7146161
9809 7147896
3032 7151500
11981 7152035
4705 7153867
21521 7154256
27230 7154291
12796 7157378
8012 7160231
2753 7160959
12812 7162344
5760 7162595
746 7163642
29934 7168433
17238 7168803
13114 7169340
28581 7170617
28449 7170710
28518 7170744
27787 7177007
23056 7177170
390 7178318
17938 7182328
22674 7183691
21988 7184138
17861 7184751
25427 7187477
29953 7188220
10198 7188709
24376 7189265
20452 7189806
6376 7192036
24176 7192726
28065 7193154
13272 7194189
17515 7195095
9593 7200902
4773 7203335
14513 7204404
10903 7210799
14961 7212907
476 7213945
28838 7214568
19456 7214587
26568 7216477
6560 7217780
2927 7219366
4487 7219406
14181 7219494
4958 7220314
13373 7224654
22754 7224847
9655 7225588
10090 7225726
1217 7228818
11712 7232161
9055 7232207
27910 7232239
7078 7232606
17068 7232654
7524 7233168
28505 7235913
21336 7242419
23162 7243245
13562 7244790
21076 7245972
11669 7248219
8815 7248655
6205 7248670
3135 7249796
441 7250890
14641 7254914
16669 7258646
25466 7258985
11442 7260977
4491 7262100
11159 7262730
3394 7263230
6251 7265470
12604 7265879
28182 7269825
26949 7272378
3186 7275408
17680 7279526
14673 7279813
13944 7280497
17075 7280544
28355 7283193
26607 7283301
13303 7283848
28388 7284087
6331 7287306
7146 7287958
29394 7289631
11325 7292300
26054 7309532
5892 7310055
8449 7310887
28433 7310945
10442 7312176
18334 7314479
26736 7315709
13227 7316807
17576 7319333
3145 7319573
8389 7320976
23908 7321347
1895 7321440
15825 7324986
4990 7326388
23437 7326908
10188 7335859
8935 8389066
16646 8391977
17186 8395530
13549 8396057
10091 8399784
23185 8400039
11311 8401761
18915 8407259
7789 8407384
3314 8408314
7982 8411277
701 8411633
15981 8414032
16127 8415253
26064 8415410
21064 8416461
28074 8418541
13244 8418906
64 8419514
29111 8420015
27982 8420067
9515 8423519
23492 8425145
9205 8425389
25750 8425440
12832 8425633
19918 8426227
23092 8427232
9198 8428166
8181 8430632
2037 8431276
16577 8431319
29955 8432219
4228 8434828
21840 8436057
24324 8439955
23224 8442700
24089 8444287
11513 8445310
6325 8447036
17330 8448285
17538 8448451
3498 8449972
25297 8451539
19902 8452446
847 8453601
28184 8456593
12057 8456910
22547 8458905
12512 8459219
1141 8463183
23205 8464527
8571 8465107
20626 8466049
23708 8466099
19439 8467076
29305 8471123
25494 8472131
9542 8473403
14625 8476997
15858 8477597
22127 8479712
8946 8482251
25603 8484214
21850 8484265
12465 8484300
2470 8484684
26289 8484914
25738 8486930
20722 8488464
7127 8490283
16397 8492718
20779 8493266
24347 8494756
28324 8499845
9399 8500235
19920 8502478
18279 8505184
24728 8506600
1828 8508024
3354 8513615
22174 8514077
26692 8515845
25480 8516162
7668 8520001
17571 8520763
29432 8524148
28889 8531774
6317 8532657
11610 8532802
4147 8534322
21148 8534327
12707 8534659
17109 8536370
10132 8537717
12921 8540426
15520 8541110
4118 8542555
2865 8543247
2544 8545228
12993 8546106
22274 8549979
6629 8550331
22683 8553737
26935 8554289
28930 8555582
21999 8559545
21001 8561884
823 8562138
14841 8562478
13890 8565510
29176 8566112
20032 8568486
23031 8568736
22391 8569220
18502 8569896
19828 8569925
1859 8570181
6618 8570766
2442 8571135
20287 8572481
8666 8572796
8436 8573939
24779 8574075
27535 8574078
12609 8576693
161 8578788
6568 8580223
18658 8580467
29504 8580809
12 8580957
14033 8581643
7130 8582097
2105 8582430
181 8583556
22450 8586346
5231 8586347
3840 8586680
18647 8588387
12024 8588536
21350 8589861
24616 8590066
18696 8590237
20989 8591955
20202 8594837
22594 8594866
3901 8596192
15545 8596868
22414 8597150
7235 8597222
25833 8597534
16900 8600683
15577 8601818
23025 8603282
246 8603574
9692 8605010
16479 8607578
21794 8607607
17988 8609285
4362 8613243
2618 8614113
26715 8615713
16225 8620789
28039 8620916
4563 8620991
5519 8622099
15958 8623339
4100 8624179
7391 8628052
27829 8628216
13047 8630983
9815 8631102
15078 8631687
29369 8631749
3294 8631821
3348 8633155
22271 8633277
18094 8639710
8636 8640878
15415 8643005
18613 8643608
24402 8645503
18476 8645992
11992 8646439
7178 8647116
1561 8647595
12451 8648879
25050 8649614
22261 8652610
3879 8653641
6636 8656095
12686 8656159
1873 8656443
560 8657272
7159 8658311
4934 8659962
5574 8660506
7205 8662108
18634 8664947
1729 8668480
28390 8669561
29926 8669562
28114 8670581
29701 8671460
3802 8671790
29570 8673037
21623 8673757
7101 8676235
13335 8679214
21146 8680062
11163 8681849
7250 8683984
620 8684559
4670 8686181
11518 8687665
9546 8687791
23495 8687897
7386 8689261
17889 8691882
9382 8692278
5132 8702812
27062 8703207
15045 8704945
29467 8704989
28123 8705517
5176 8708603
811 8711390
20236 8711442
17173 8712361
11789 8712728
23763 8715050
2047 8718709
8161 8719102
22946 8719498
10415 8720007
18131 8721586
3722 8724589
29320 8725251
7347 8726781
17781 8727111
17301 8727937
18000 8729123
17316 8729286
20026 8730782
16235 8730961
8623 8732935
16335 8736777
14003 8736882
8617 8738618
7537 8739040
5022 8740149
29128 8748402
3117 8748536
8480 8750322
27818 8750779
14529 8753099
7119 8753753
23151 8755822
1368 8759893
10651 8760274
11558 8765466
21176 8766297
18487 8766713
9403 8768769
5570 8769510
18195 8769589
9551 8771632
26104 8773482
15639 8775954
18700 8777000
23479 8778231
3540 8778632
18961 8779065
24635 8783779
5150 8784736
11561 8788741
26024 8791361
28947 8791370
798 8792155
28218 8792742
2676 8793573
23179 8795348
11256 8797827
10419 8798517
9058 8799138
1835 8799306
24340 8800083
27812 8802357
9535 8807147
3024 8807277
28915 8808768
6336 8808974
26487 8810086
10281 8813033
22268 8813636
26451 8818210
18540 8820327
22050 8822327
1090 8823473
17520 8828150
4420 8828423
4384 8828748
18124 8829013
26571 8830500
3917 8832861
19013 8834892
10617 8837201
19980 8838462
16956 8840459
29720 8847164
21861 8847480
18727 8847641
24817 8847875
2441 8848011
11598 8850900
27633 8851342
5451 8851710
26518 8851778
14369 8852623
14602 8853002
6826 8856499
11315 8856890
19699 8859460
3300 8864691
27370 8865893
27424 8866764
28815 8867415
20511 8868953
24012 8871566
21872 8872565
838 8873898
835 8873963
18827 8876265
18826 8879721
12788 8880411
4072 8880908
14082 8882253
1236 8882638
25397 8887657
1554 8888017
23116 8889156
26933 8889393
20667 8891352
14455 8891395
25478 8894647
5994 8896815
25809 8903301
9362 8903609
504 8907059
9157 8911507
24707 8911561
27554 8912561
837 8916102
12448 8916607
7058 8917711
5748 8918181
21698 8919539
25607 8919848
28089 8920768
6524 8921782
29195 8922051
26859 8923830
13707 8924616
6597 8925198
22744 8926538
11698 8929866
2142 8934705
8168 8936153
180 8936476
4966 8937980
7107 8940471
12385 8945199
24652 8946267
12211 8947301
29020 8947955
21667 8951331
16590 8952116
26653 8953172
21095 8953380
13798 8956222
24317 8958533
15845 8958850
7342 8958996
17714 8959082
28987 8962120
10826 8962661
9647 8963406
16727 8963931
18158 8966538
29367 8967303
7156 8967923
17169 8968829
27733 8970466
21886 8972012
16650 8972894
7560 8974439
14737 8975404
1641 8977480
19064 8977487
15574 8978712
10581 8983000
12181 8983736
18618 8984715
2395 8987224
27056 8987277
2469 8987980
700 8988733
17784 8989608
20192 8989836
19966 8990478
5441 8992334
1308 8994870
29874 8995404
29134 8996194
15559 8997366
21410 8999706
15158 8999877
12520 9001813
1742 9004348
15048 9005467
29743 9005710
4945 9006860
9318 9008479
15150 9008730
6959 9009783
25801 9010553
11856 9014189
10760 9016612
8757 9018991
11791 9021632
14325 9022616
18466 9023019
21494 9024449
13788 9024559
28196 9026949
5968 9028511
14048 9028890
19652 9032908
22866 9033883
15199 9037637
29864 9038701
15610 9039843
5963 9041012
25023 9044909
7117 9046905
9145 9047108
3751 9048459
106 9051393
8133 9054409
29168 9055022
17299 9056201
7534 9056355
18741 9062724
7338 9063916
8184 9066082
2285 9066585
19865 9068524
8916 9070012
2733 9071232
1592 9075202
340 9076928
10983 9078524
8060 9079033
327 9079842
25933 9080939
6270 9081917
8046 9095509
18786 9099252
24888 9110160
19858 9110277
15781 9110464
12943 9114718
10486 9120725
12963 9124354
7194 9125327
10846 9125342
4978 9129361
29172 9130201
22468 9131083
25995 9131582
5796 9131817
864 9132290
9871 9132779
19894 9133793
13924 9134177
17322 9134270
9632 9136802
7207 9137651
11750 9137969
6015 9139763
13054 9139783
3828 9140137
19810 9142068
7781 9146584
16456 9160353
11137 9160378
26353 9160590
4479 9162355
9098 9175153
23878 9176110
14758 9176508
23810 9178460
21 9180505
5313 9180717
10177 9181464
9936 9181719
19946 9183501
5551 9184913
7905 9185621
26260 9187165
17381 9188840
22917 9189074
18386 9190826
7188 9195343
24945 9198016
21693 9198305
3018 9205082
19238 9205293
8701 9205666
24819 9207241
22034 9208157
22912 9208953
29046 9209069
22629 9209368
5872 9211665
13993 9213178
16084 9215525
3739 9217937
22421 9218480
21203 9219749
3003 9221450
26482 9225039
29357 9225169
20288 9226170
24759 9228204
12252 9229986
15600 9230773
15017 9232314
18593 9234397
27051 9237816
11477 9238126
25072 9238186
2148 9238397
26252 9238697
26393 9238960
23661 9240939
27286 9241049
8752 9242696
6371 9244431
28967 9245599
4562 9245796
29490 9246213
2884 9246557
17969 9247087
29982 9247264
19424 9248876
12000 9249006
651 9249942
964 9251510
13888 9251725
8526 9251771
2240 9251897
20608 9254024
10927 9256826
10186 9258405
10377 9261036
29008 9262257
25142 9263393
18960 9264316
1846 9265273
25621 9265638
12269 9266201
25106 9266931
4498 9267933
19086 9268709
14160 9270263
7325 9275199
5091 9276711
28149 9277536
19650 9279258
11117 9281175
538 9282486
18042 9285596
15869 9290530
16618 9292176
22215 9295298
28899 9296520
5819 9297286
2787 9298307
7022 9302036
16803 9310025
23462 9310034
17475 9310774
15533 9312544
17865 9313308
15763 9317085
21905 9317192
28322 9319061
19510 9320216
1377 9323960
14411 9324138
3975 9328340
17786 9330234
29262 9331152
20427 9333948
11847 9336413
10382 9341256
10673 9342148
24331 9343807
4318 9344461
24956 9345333
10405 9356764
16254 9358791
16579 9361816
25158 9362495
22094 9362974
18985 9372773
27172 9375649
12725 9376105
18648 9376428
23673 9376988
14934 9379932
3253 9381895
16320 9387054
7947 9388965
19069 9390307
20857 9390317
15372 9394686
21429 9394952
21446 9397972
28209 9407939
26178 9408031
7594 9409197
13089 9409914
4324 9410586
15496 9411347
20873 9425726
4363 9426575
9777 9428096
26310 9438006
18071 9438607
375 9439118
17030 9439431
25577 9440931
10948 9444210
23111 9444694
10144 9452018
12038 9453869
29600 9453890
28538 9455476
29650 9456806
24081 9457327
8552 9459457
21783 9460498
25414 9461069
11350 9462782
20445 9463544
15466 9463772
11249 9464190
3398 9464817
1790 9468723
9434 9468814
8338 9469602
19949 9470737
15118 9471145
1135 9471358
885 9471539
26932 9472587
27634 9472696
13965 9475269
9015 9475552
13943 9478297
5877 9483250
5651 9483689
10298 9483740
1884 9484236
19839 9485905
2406 9487155
17866 9492030
10126 9495310
29343 9497020
15175 9497503
29822 9499267
2855 9500674
22557 9501356
23882 9501615
15789 9503506
27948 9503738
16535 9504416
22386 9505253
19817 9505975
18651 9507101
26757 9507148
6320 9507548
14693 9508711
6731 9509327
14064 9509822
8118 9511754
27780 9513942
17588 9516202
13421 9517366
14615 9518349
2726 9518624
3768 9518660
5958 9519260
3652 9519693
27790 9523108
29024 9523216
8793 9524329
6689 9529955
17640 9531817
1715 9534109
9072 9535080
15324 9537000
8658 9537204
16908 9537878
6116 9539732
24933 9540345
18281 9541643
23292 9541952
685 9546852
18133 9547456
3313 9547515
10715 9547666
22000 9548660
17859 9550346
4221 9552287
20460 9553790
1759 9555926
830 9558830
3031 9559110
29069 9559452
11668 9563360
28740 9565418
24112 9567936
19866 9569445
23382 9569962
11097 9570256
23801 9571252
17258 9571559
15548 9572197
10224 9572588
21306 9573054
2141 9578228
20261 9578460
28857 9582974
5287 9583429
27831 9584321
28398 9585473
10496 9586940
4919 9587174
9552 9588739
18307 9590229
16690 9591469
4027 9592743
24917 9592870
18949 9595350
26022 9597443
27486 9600528
22964 9601890
1505 9602890
12459 9606707
23439 9606995
18403 9609035
19999 9609405
1223 9610605
7941 9611951
11322 9613579
12995 9613963
27016 9616146
27583 9617996
27768 9618500
2291 9621614
8500 9621647
16025 9624660
4163 9626049
23337 9626262
9736 9629720
659 9633557
4882 9636787
16481 9638506
23441 9638571
27441 9638983
10768 9639487
16555 9641168
28975 9644986
20997 9645373
12118 9648994
17272 9652546
1074 9653561
8695 9654717
18314 9660174
3199 9660191
17567 9663957
22981 9665472
14276 9667366
28673 9667440
19176 9668878
10261 9670782
6386 9671218
18141 9675300
3480 9678741
25012 9679272
4142 9683756
5089 9684484
13419 9685664
27972 9686902
9453 9688934
8902 9689240
23856 9690665
17701 9691646
22472 9693395
20359 9694081
1152 9695621
4580 9696708
12477 9697647
2522 9697716
24434 9697875
16083 9701990
10319 9702562
9396 9702980
23478 9703200
25303 9703720
3476 9705929
4914 9706468
7381 9707682
28116 9709520
21042 9709911
29532 9713033
6801 9713550
1642 9713746
13630 9714141
22734 9714951
15951 9716219
23622 9717157
24636 9717412
8011 9717877
4816 9719883
28141 9722281
16366 9725651
1550 9726399
2960 9726825
9418 9730489
15769 9733100
29637 9734183
2110 9735236
11391 9736959
13628 9739908
316 9743457
4937 9743799
11569 9745516
5299 9745543
10765 9745960
2329 9746040
6073 9746428
25703 9749251
18558 9750417
2961 9751934
27559 9752173
26338 9752989
19263 9755142
28620 9756570
12617 9757152
6476 9757760
24188 9757832
5376 9758591
5873 9759345
14147 9761484
3172 9772904
23656 9773392
23198 9774629
7616 9775499
18912 9779324
7669 9782684
8592 9783773
17458 9784048
10497 9786293
1957 9786749
820 9787090
17552 9789569
988 9789815
18148 9789893
10510 9789940
17195 9792276
3983 9793555
21668 9795981
4 9796967
28507 9797520
1334 9798328
4868 9800612
20563 9800645
26978 9801392
23084 9801487
25104 9802132
24805 9803813
27333 9803826
4699 9806265
18060 9807157
3303 9808043
24710 9808439
18302 9811785
18856 9812577
24582 9813116
1718 9816493
8019 9817525
18900 9818496
27270 9818649
10756 9821634
15645 9822526
3777 9824050
13097 9824265
22879 9824871
8745 9827894
28539 9828220
1142 9829605
27537 9830034
2608 9831240
7935 9831579
11222 9835130
6047 9835514
3730 9836861
4516 9838936
28432 9840139
10522 9840843
3535 9841177
5845 9843203
1933 9843427
27918 9844173
25906 9845970
6338 9847661
13103 9847935
22352 9856603
2238 9859696
20016 9862104
19588 9862643
11216 9863613
1282 9864412
9652 9864695
16139 9866478
15201 9868914
1972 9869168
2423 9873097
14341 9874828
3116 9875134
19375 9877475
17532 9878641
29354 9879933
13284 9880577
22373 9882474
28292 9882650
11985 9885358
16462 9886799
6144 9889174
4567 9890262
11188 9891185
9541 9891220
29849 9891762
8158 9892157
11912 9892518
18372 9896271
25285 9897472
25383 9898987
27677 9900893
16805 9901870
24769 9902892
1940 9905618
21705 9906606
15585 9908620
11365 9911628
3893 9912883
5936 9913332
12407 9913641
8239 9917802
637 9919638
25079 9922023
28268 9927238
21940 9927334
8191 9928172
24431 9930086
25662 9931303
18501 9934020
23728 9937636
18223 9939992
18692 9940857
2695 9941640
2680 9941903
27784 9943964
2648 9944457
20379 9945139
18957 9946295
8242 9946693
28588 9949169
6601 9951167
22837 9956436
25310 9956893
27305 9957769
15857 9958219
8945 9958420
28600 9958699
8100 9961111
9783 9962964
14830 9963243
18809 9966619
5454 9966629
17228 9968017
7105 9968897
15342 9971044
20649 9973867
10259 9974585
6173 9975582
10781 9977245
18830 9979024
8159 9983309
10131 9983952
10369 9985763
11940 9987488
21307 9988520
15422 9990437
19793 9990841
27452 9991548
257 9992321
22281 9992783
21966 9992821
7072 9993080
7708 10001893
13132 10003509
27067 10004438
2822 10004852
21352 10006128
7579 10006773
22965 10007710
27469 10009408
28579 10009627
14237 10013220
5764 10013552
21248 10014014
6820 10014148
5011 10016646
10771 10017008
24641 10017817
17073 10019385
7009 10021452
28890 10021802
15434 10021812
507 10022423
29196 10025765
19499 10029817
21796 10030548
4664 10033788
23573 10037597
13144 10038139
29258 10038920
27178 10041451
10619 10042346
27310 10044383
19258 10046252
10211 10048358
24408 10050008
5247 10050149
8599 10052049
7932 10055558
13347 10056886
16213 10058285
11244 10059673
29456 10065787
19944 10066270
8583 10067710
28396 10067908
18076 10069444
26464 10070378
18 10071112
11366 10074550
679 10075138
27061 10075291
12795 10076088
4542 10078108
25973 10078780
21466 10082528
10945 10083259
11261 10083413
8333 10084730
23648 10085590
13052 10087170
19683 10088913
25321 10090777
22075 10091333
14785 10092896
230 10096235
7622 10096534
11666 10096810
24005 10097446
14007 10097611
28460 10099391
4673 10101298
2414 10103897
20358 10105736
13776 10105863
8915 10108478
6775 10111163
25964 10111696
7263 10114744
12317 10115093
2282 10117209
28644 10120194
13467 10120423
839 10121180
16447 10123004
22979 10123745
12122 10123873
25623 10124935
2161 10125766
4677 10126488
8654 10127746
767 10128161
17254 10128752
2034 10128999
16197 10131674
16991 10132587
14899 10143615
6785 10147381
3090 10148621
12709 10148962
1917 10160030
10842 10162360
9038 10162440
14248 10163432
25051 10165912
13230 10166488
28992 10167340
22832 10167620
1006 10168369
904 10169039
11446 10170304
6843 10170952
11868 10171933
12969 10173752
12848 10174273
25814 10174441
3646 10177377
26411 10178816
3836 10179449
29244 10181820
16008 10183588
5734 10183708
17977 10184990
27640 10185403
23980 10185583
25092 10191909
17172 10192022
24003 10192806
11886 10193948
28438 10197770
7297 10198840
2915 10207321
9385 10211513
25751 10214557
14707 10215200
13589 10225328
6606 10225653
11549 10226205
5034 10227537
2113 10231119
5275 10231287
27654 10231536
25818 10234124
10789 10235148
6428 10239079
29795 10239171
22862 10239431
22786 10239762
12777 10240367
22598 10243686
6064 10245905
27031 10246650
26285 10248729
26463 10251758
28016 10254158
19445 10256437
6344 10257024
5959 10257739
18188 10258208
4125 10258582
4194 10263113
8197 10264720
1014 10265741
9520 10267429
6715 10269533
25904 10274005
1696 10275902
11105 10276534
15849 10277861
25685 10279250
21523 10279619
17167 10283836
9327 10284232
21222 10287004
19504 10288767
19068 10289567
12668 10290925
23370 10292051
8492 10293507
9974 10294244
14632 10296147
11714 10300101
23237 10301402
970 10302038
25940 10307028
25171 10308876
7979 10312121
14536 10312206
22726 10317066
18973 10318906
12346 10319522
14697 10321427
1898 10322523
14741 10323519
25934 10324223
22455 10324937
12869 10329634
15861 10330318
5021 10332730
1672 10333356
12620 10335149
7818 10336313
16719 10337101
3880 10337147
2015 10339543
29756 10339547
15529 10340687
29543 10340721
12569 10342280
20480 10342785
29779 10342967
256 10343377
5862 10344402
12931 10345593
4656 10347303
17734 10348313
29035 10349299
17174 10350228
26984 10353865
22877 10354521
15892 10355383
29977 10357298
1849 10359855
15217 10361304
24609 10363495
23841 10364322
192 10366144
28492 10366771
25337 10367612
22121 10368807
3554 10370186
5807 10371622
13997 10372035
10078 10372536
23958 10374825
48 10375436
5214 10377934
9075 10378950
9669 10379092
26303 10380477
2234 10383439
16734 10384774
16260 10385618
23102 10385763
13185 10385910
13340 10386199
18206 10387340
27889 10389438
29444 10390911
20082 10392248
19090 10393006
17340 10404207
22991 10404634
26632 10405403
11798 10405633
9014 10407211
2230 10409754
24424 10422161
12956 10422423
14521 10422487
29882 10422526
28555 10423985
6385 10425565
5098 10430856
2836 10432792
8874 10433206
6743 10435385
12688 10436579
3051 10437401
8094 10440779
23516 10442048
22790 10442108
2174 10442558
11888 10444196
6930 10445884
3955 10446805
12650 10449991
4521 10459419
29051 10471744
10971 10472817
7487 10473475
11113 10475712
4352 10477001
16699 10477037
13638 12583658
25463 12586327
24213 12588576
18560 12589314
19287 12590374
9731 12592559
9168 12592743
26483 12592769
12218 12593638
28 12593919
28476 12595397
20071 12595746
13274 12599086
23746 12601016
14886 12605679
9033 12605920
19716 12608132
16037 12608168
4855 12608915
14836 12611699
428 12612355
8879 12612662
16379 12613243
7437 12619689
7918 12619762
21972 12620681
2177 12624243
3360 12624798
5550 12626993
6847 12629705
14070 12630595
3857 12632662
15197 12634927
11409 12635823
17201 12636003
20763 12642518
12437 12645821
4235 12652686
15620 12653948
29272 12654886
21298 12655512
220 12655657
4689 12656149
6019 12656187
3209 12658369
18676 12660153
18920 12660605
13001 12665801
12030 12669021
3089 12671923
20953 12672979
24876 12673158
23159 12674382
22854 12674517
13963 12677789
15471 12681781
7762 12683649
14497 12685203
5635 12688793
2674 12689098
3943 12692882
27946 12693466
16801 12696299
17760 12697449
26927 12698169
9675 12698507
15623 12699423
23046 12700669
10720 12700920
24885 12702958
19850 12705462
23736 12707796
28000 12708907
187 12709938
26447 12711180
9401 12711250
10946 12712601
18745 12715409
5595 12716387
15583 12722325
5276 12723652
15541 12726149
28991 12727835
26293 12727957
6832 12728209
18344 12729353
14796 12730046
9885 12732099
297 12732709
13068 12734491
4392 12734586
21874 12734746
24391 12738744
21289 12739038
24298 12740569
19244 12744568
20719 12745186
26449 12745560
7268 12752870
27835 12754148
27806 12756121
16541 12757914
25025 12762180
5027 12765671
14648 12765861
24115 12768329
22091 12768513
11591 12768727
4373 12769617
21273 12771788
19289 12772140
18200 12773519
22591 12776201
3177 12776332
6314 12776793
19016 12778296
29972 12780282
11193 12781647
2122 12785097
238 12786241
20373 12786825
27902 12787892
4575 12788530
24954 12790206
17894 12790625
126 12796067
2424 12800812
9721 12800855
14073 12801214
1206 12802551
10873 12807207
6406 12807317
13122 12808370
24668 12809627
191 12810359
12144 12811935
23455 12813106
385 12820078
3812 12822621
18044 12823018
11853 12823689
28682 12825293
25323 12826133
17952 12826528
5210 12833208
10695 12833526
3839 12838298
25411 12843543
2840 12843889
14839 12847528
28738 12847793
1950 12848615
18565 12848691
5278 12848735
179 12849633
12143 12849934
564 12857439
25572 12857993
2236 12858725
11840 12859080
19320 12859104
6358 12859107
18716 12860697
12698 12863125
3399 12863267
17915 12867088
6874 12867470
7984 12867876
11739 12869089
18577 12872263
18477 12874506
6790 12877540
17220 12877880
19498 12878816
1480 12880394
26847 12880725
22867 12881795
27229 12883512
1945 12883971
27209 12884846
26710 12884857
23742 12891751
16136 12893225
22080 12894047
22438 12894306
29164 12902281
10491 12907751
14317 12912036
9261 12912465
21397 12913791
11619 12913957
17514 12914122
24949 12915519
28770 12916822
4778 12918288
121 12918603
24264 12919490
7426 12925981
28663 12926416
5770 12935196
27642 12938109
8264 12945822
21471 12945998
24619 12947526
14594 12948696
3862 12949377
9828 12949577
23283 12952073
18217 12957165
17008 12961823
12751 12968949
10289 12969760
15821 12970567
17468 12971041
14427 12977876
10672 12978300
2971 12980725
3308 12982408
3824 12983463
19593 12984391
6933 12985925
16952 12987973
29106 12989599
9617 12991452
3159 12993572
13130 12994431
20004 12995994
26065 12996837
7920 12998983
25070 13000403
19488 13000892
2250 13001450
8986 13002303
534 13002651
9619 13002890
26340 13003271
17065 13003365
21710 13003794
5032 13004378
12566 13006476
1272 13015471
16753 13015792
16297 13017482
21187 13020640
29609 13022210
19292 13023143
7547 13024299
5492 13026252
5013 13028369
22937 13029269
21305 13030141
6300 13030766
27238 13033824
26277 13035862
25797 13038580
15868 13040767
17719 13041305
5079 13042342
28948 13043306
7692 13046691
27295 13051749
20283 13052230
36 13059629
1466 13067079
16694 13067854
1994 13075087
12791 13075195
24429 13077328
1316 13078157
14962 13081472
10100 13083612
5558 13084476
13596 13087567
6938 13087896
26461 13091571
10935 13092380
26566 13099190
27497 13099383
19912 13099509
424 13102212
7480 13107202
989 13109256
21316 13110001
29416 13110228
13420 13112606
8605 13113815
25923 13113875
13093 13116718
7447 13118954
29425 13119269
13646 13119331
6327 13120852
956 13125312
4186 13125981
7173 13126704
26388 13128440
10005 13129989
6824 13130920
9598 13131009
20206 13134109
3119 13137879
15921 13138340
12589 13139670
3329 13141738
22487 13143988
11339 13145164
12801 13148905
2575 13148992
25434 13150641
1115 13151023
27484 13152363
2044 13153682
12370 13155572
25643 13155765
22409 13157165
27202 13159326
22237 13160214
15947 13168125
20749 13169465
15425 13170657
5266 13174352
10981 13175177
840 13175209
29397 13175355
17497 13177562
196 13179307
11811 13180969
19737 13183104
24601 13184638
14056 13185077
2120 13187035
8904 13188033
20275 13189878
1948 13190027
15322 13195219
24860 13196159
27576 13198212
13583 13200205
27063 13201515
29501 13201953
26035 13204382
20846 13204930
25537 13209871
6941 13210846
24355 13215021
16423 13215546
5927 13217691
18916 13218254
14948 13223818
9300 13224652
10119 13224691
25201 13225254
14543 13225272
17390 13227158
7405 13230410
14269 13231684
24430 13233481
25708 13234351
1591 13234561
9648 13236615
17536 13239637
10266 13241714
11812 13243727
27842 13244277
11000 13246136
7689 13246535
1587 13248441
16841 13250683
29309 13256742
22401 13261476
24883 13261997
13390 13262702
13293 13262855
19243 13263465
2804 13264040
5697 13269129
15423 13269398
10694 13274568
27235 13277113
6803 13278710
15280 13291107
14041 13293059
9018 13294840
11208 13305321
22309 13311527
3606 13314977
26203 13315802
18784 13319886
5619 13321376
22087 13322377
5518 13323163
27038 13323946
2956 13324094
2378 13324625
7045 13329595
22284 13329851
1645 13331595
29602 13333200
5982 13338758
12531 13343980
23821 13353422
10848 13355157
7617 13355619
17959 13356086
19884 13356459
23298 13357472
29289 13357780
25857 13358185
8647 13359602
5607 13371514
12843 13372235
14716 13373649
27519 13373799
8 13373917
18946 13374412
27377 13375461
18976 13375606
10057 13377785
23847 13378343
21858 13380009
8773 13384108
7379 13384541
9466 13385247
28517 13386645
7154 13386966
12702 13390393
21270 13392684
13306 13393334
19802 13394870
9559 13395015
8805 13395324
27188 13396355
28061 13397697
19514 13399647
25556 13400181
22068 13400633
11441 13402252
4843 13404853
18854 13406322
21327 13406546
19302 13407683
28147 13409326
12876 13409883
27184 13411729
27299 13414648
1447 13417562
1353 13418247
23422 13418294
2625 13418742
7030 13421544
5209 13424905
24608 13425781
22150 13428625
10766 13429942
3594 13429968
18092 13432876
20028 13433109
19609 13433213
22803 13438074
27739 13438606
26100 13439292
21599 13440741
21825 13441535
7027 13442744
14569 13444313
3581 13445393
6055 13448759
16193 13448979
6460 13449043
11996 13451159
16526 13451359
22179 13451511
21303 13451939
7754 13452247
17955 13453060
22102 13454996
4403 13461278
5783 13461570
57 13472621
12485 13474802
2654 13476731
25684 13477292
17148 13477296
11017 13479504
22231 13482481
29131 13483774
11035 13486343
6104 13494360
16546 13500566
4191 13501181
26040 13503132
4442 13503572
20384 13503882
16024 13509291
8262 13512989
6418 13513601
26633 13514325
4641 13515517
28434 13516182
16644 13516819
1323 13517302
4481 13518007
25989 13518216
11706 13518621
16537 13518963
2938 13519101
16158 13520613
15564 13521693
17608 13522099
19278 13523786
2898 13528079
571 13532471
9521 13533331
13945 13534897
12387 13537029
24316 13538120
18926 13538181
14466 13539042
27848 13552754
24587 13555082
20619 13555813
27200 13556027
5062 13556909
5292 13566482
24446 13567443
17772 13567767
5743 13569360
18527 13571057
29505 13572409
25828 13572554
24836 13573212
7832 13575073
10136 13578417
24163 13579196
11182 13579294
20930 13581880
24690 13582725
12762 13583503
28725 13583572
5815 13584646
12237 13584797
22186 13585678
3316 13593679
24809 13594264
23163 13600691
23545 13602263
3819 13605249
9930 13606238
25874 13617257
27189 13617369
25339 13617623
29094 13618710
