6019
1865 1.384768
28376 1.356507
29208 1.348286
23587 1.346969
10103 1.332786
19211 1.324210
18445 1.318135
29679 1.315262
24821 1.314530
13031 1.311717
21198 1.309364
337 1.309247
16445 1.305919
28946 1.303519
25141 1.301731
10302 1.299333
4268 1.298972
1724 1.298744
12734 1.296349
16485 1.294114
1173 1.294114
9824 1.293676
22429 1.293173
14426 1.288873
19368 1.287426
4039 1.284758
17471 1.284758
22884 1.283062
5313 1.281236
23416 1.279528
10662 1.278984
5381 1.278547
15111 1.275959
21435 1.274552
25937 1.274552
10154 1.273874
4427 1.273278
23301 1.272751
19706 1.271726
13477 1.269969
7335 1.269917
17992 1.268726
15431 1.267797
1974 1.266696
6327 1.265710
7755 1.265311
22834 1.265229
13665 1.265036
12903 1.262835
13737 1.260920
11524 1.260744
4940 1.259438
18998 1.259438
2364 1.259438
20076 1.259147
7002 1.259147
8293 1.256404
7284 1.256404
20914 1.256257
12476 1.254769
23876 1.253841
21711 1.253485
7852 1.253270
8716 1.252242
5011 1.252126
6365 1.250642
28337 1.250460
8266 1.247813
3132 1.247813
4767 1.247014
19858 1.246770
17696 1.245752
22265 1.244968
8655 1.244512
23421 1.244512
9726 1.242951
20079 1.242834
10104 1.242646
22892 1.242109
21099 1.241904
29271 1.241054
3423 1.239791
16318 1.238381
22940 1.237910
24894 1.237790
5302 1.237685
8256 1.235929
3928 1.234580
447 1.234250
14815 1.233219
19212 1.232958
2915 1.232839
16385 1.232642
22686 1.232357
25365 1.232161
12404 1.231863
22518 1.231101
16459 1.230755
21534 1.229887
21085 1.229049
1184 1.228204
2291 1.227653
29210 1.227464
14551 1.227464
2837 1.227419
7528 1.226841
16086 1.226841
11917 1.226841
1407 1.225531
2661 1.225414
19179 1.225414
18919 1.224045
16080 1.223891
3251 1.223455
18228 1.222464
6931 1.221884
12178 1.221315
25426 1.221127
4446 1.220857
1681 1.220315
8313 1.218875
19063 1.218409
760 1.217599
25003 1.217599
23376 1.217104
1148 1.216941
13003 1.216355
21582 1.215838
19155 1.215668
25021 1.215205
17497 1.214831
22750 1.214389
9762 1.214300
9958 1.213859
7515 1.213859
28635 1.213385
16054 1.212715
201 1.212576
26923 1.212576
6651 1.212462
5023 1.212326
6135 1.212161
1536 1.211834
13863 1.211618
22440 1.211351
6385 1.211351
18317 1.211086
6644 1.210759
28508 1.210410
20752 1.209615
3145 1.209061
2215 1.208579
4525 1.208519
27715 1.207989
21639 1.207780
6714 1.207642
24557 1.206962
25815 1.206170
25545 1.205977
19056 1.205784
2176 1.205031
12667 1.205031
978 1.205031
2295 1.203995
26126 1.203439
3075 1.203248
22828 1.202684
23312 1.202684
11399 1.202684
4411 1.202316
24117 1.201954
18087 1.201247
8990 1.201074
12211 1.200817
6756 1.200708
16213 1.200564
22205 1.200564
28926 1.200438
14194 1.199578
9400 1.199339
15475 1.199036
11253 1.198985
28063 1.198638
7450 1.197866
3690 1.197866
17704 1.197491
10829 1.197306
14352 1.197050
12215 1.196987
5542 1.196882
15636 1.196673
10646 1.196060
3848 1.196060
6035 1.196060
3496 1.195761
18262 1.195663
19544 1.195273
29058 1.195120
7954 1.194519
22449 1.194414
21946 1.194153
15781 1.194102
15880 1.194102
6645 1.192964
13517 1.192620
1482 1.192107
15271 1.192107
26544 1.192107
3243 1.191789
13305 1.191415
10392 1.190284
19458 1.190284
13549 1.190284
8034 1.190284
16513 1.190284
20881 1.189999
27026 1.189336
20525 1.189336
24304 1.189015
21595 1.188701
2959 1.188649
2470 1.188017
28158 1.187650
1926 1.187650
23158 1.187650
2806 1.187506
13615 1.187222
27817 1.186944
22570 1.186603
28125 1.186603
19210 1.186492
9238 1.186492
11526 1.186140
4788 1.185883
5328 1.185320
5950 1.185320
14228 1.183872
16484 1.183601
29460 1.183601
8596 1.183601
20803 1.183601
21660 1.183548
25175 1.183336
17749 1.182574
2666 1.182091
14536 1.181704
23564 1.181182
5864 1.181110
16312 1.180009
13858 1.179011
2448 1.179011
16673 1.178834
20450 1.178776
1070 1.178661
16723 1.178661
25737 1.178490
5423 1.177995
7097 1.177835
496 1.177272
11919 1.177075
18663 1.176883
16773 1.176694
5524 1.175476
22438 1.175476
12676 1.175003
14419 1.173996
26604 1.173929
29071 1.173538
26883 1.173538
4077 1.173167
15210 1.173167
24566 1.173167
1551 1.172871
22820 1.172156
18363 1.171416
1713 1.171278
20399 1.171278
2756 1.171278
4188 1.170629
11674 1.170387
13964 1.170156
14778 1.169314
7313 1.169217
7743 1.169029
6010 1.169029
11700 1.168759
2936 1.168587
4357 1.167953
1881 1.166256
28698 1.166159
18181 1.165880
26169 1.165792
29873 1.165459
19832 1.165459
29927 1.165381
3529 1.165381
26692 1.165230
6349 1.165156
8047 1.165085
16968 1.164947
6053 1.164880
28993 1.164814
20831 1.164625
29576 1.164506
1449 1.164448
11937 1.164391
27718 1.164391
19168 1.164227
4865 1.164227
10357 1.164123
6947 1.164123
22484 1.163974
28613 1.163879
17030 1.163699
11785 1.163699
19566 1.163614
24029 1.163374
22225 1.163337
13014 1.158683
12477 1.158683
23228 1.158683
21261 1.158683
13567 1.158683
6178 1.158683
14773 1.158683
21352 1.158683
16874 1.158683
27051 1.158683
18438 1.158683
93 1.158683
12439 1.158683
8525 1.158683
4949 1.158683
7455 1.158683
25325 1.158683
25619 1.158683
8386 1.158683
1408 1.158683
5013 1.158683
15672 1.158683
10736 1.158683
28905 1.158683
15726 1.158683
4377 1.158683
3299 1.158683
11576 1.158683
1952 1.154030
11841 1.153794
16279 1.153624
11529 1.153534
6761 1.153393
6908 1.152976
23055 1.152919
539 1.152861
28909 1.152680
29421 1.152617
13052 1.152617
1759 1.152487
4007 1.152420
22049 1.152282
28553 1.152210
2083 1.152137
343 1.152137
9672 1.152062
25529 1.151827
17442 1.151827
21192 1.151396
19363 1.151208
11063 1.149263
766 1.149186
6605 1.148947
18737 1.148947
16935 1.148780
18067 1.148780
4745 1.148608
7369 1.148245
4208 1.148150
4520 1.147752
27897 1.147752
27761 1.147752
17355 1.147648
17435 1.147542
1736 1.147434
15468 1.147324
24728 1.147097
13387 1.146860
11301 1.146614
4233 1.146487
11433 1.146487
5485 1.146487
14030 1.146224
9877 1.145664
25464 1.145365
16247 1.145052
9064 1.144890
5075 1.144723
14475 1.144553
20222 1.144553
14239 1.144495
10265 1.144495
5376 1.144495
28784 1.144379
883 1.143636
18574 1.143636
18668 1.143096
20110 1.143096
29234 1.142955
25738 1.142811
329 1.142811
8802 1.142364
19569 1.142209
10708 1.142209
1663 1.141727
25896 1.141560
24518 1.141390
19192 1.141216
25949 1.141038
29682 1.141038
18325 1.140673
28913 1.140673
12446 1.140484
4475 1.140292
13402 1.140144
28847 1.139894
25525 1.139689
25267 1.139532
9744 1.139479
24352 1.139479
22300 1.139479
14121 1.139210
4333 1.139045
7663 1.138877
29941 1.138820
11483 1.138115
3189 1.138115
5610 1.137806
14660 1.137616
2538 1.137423
5920 1.137423
4638 1.137093
3371 1.136821
7749 1.136613
29260 1.136543
5118 1.136257
9114 1.136185
1740 1.136185
18136 1.135739
19975 1.135739
8110 1.135663
22907 1.135037
27769 1.134544
25463 1.134544
23546 1.134290
21504 1.134239
21652 1.134239
17936 1.134031
19482 1.133819
3415 1.132047
20078 1.131737
17858 1.131737
25194 1.131484
15595 1.131226
6588 1.131226
28464 1.130964
13957 1.130964
12897 1.130875
6527 1.130423
27372 1.130423
12254 1.130074
15628 1.129860
5745 1.129716
11534 1.129716
15019 1.129350
9011 1.129275
8278 1.128974
12391 1.128974
25645 1.128974
7886 1.128974
27513 1.128974
15807 1.128974
15549 1.128717
1488 1.128717
11331 1.128666
21886 1.128666
10828 1.128588
14970 1.128457
11894 1.128351
25395 1.128192
14109 1.127703
5774 1.127083
3343 1.127025
9875 1.126498
2362 1.126197
27830 1.126197
3614 1.126110
27436 1.125578
9029 1.124267
4329 1.123992
5786 1.123572
18268 1.123572
14753 1.123572
18573 1.123265
25476 1.123213
10606 1.122635
21386 1.122635
18405 1.122475
17586 1.122475
7637 1.122247
20234 1.122093
28402 1.121983
14 1.121783
24741 1.121307
13002 1.121307
23668 1.120485
28687 1.120061
15284 1.119627
535 1.119627
26807 1.119501
16671 1.119183
8317 1.118729
21376 1.118729
28138 1.118729
18258 1.118729
13383 1.118331
16630 1.118331
3485 1.117302
3731 1.117302
22008 1.116929
7011 1.116803
24856 1.116803
13091 1.116549
1234 1.116464
12698 1.116293
19222 1.116293
2150 1.115769
23605 1.115769
4237 1.115769
8177 1.115769
25571 1.115368
3188 1.115368
12020 1.115233
8222 1.114683
18202 1.114119
24555 1.114119
8309 1.113872
4536 1.113872
6826 1.113686
24083 1.113540
25505 1.113372
6474 1.113245
28575 1.113146
6056 1.113146
29737 1.112946
4710 1.112744
22196 1.112336
19923 1.112336
13104 1.112336
4832 1.112336
10264 1.112336
9937 1.111920
24110 1.111800
29129 1.111252
23819 1.111196
23346 1.111066
2606 1.110691
734 1.110691
14712 1.110627
28196 1.110405
18680 1.109587
25704 1.109261
21816 1.108924
26573 1.108924
21942 1.108924
16972 1.108788
9428 1.108788
27567 1.108788
6212 1.108306
9177 1.108306
16306 1.108306
13619 1.107864
22101 1.107864
16720 1.107814
21458 1.107414
11193 1.107414
22748 1.107022
26965 1.106802
9360 1.106802
11365 1.106661
20726 1.106661
8124 1.106661
15035 1.106608
5502 1.106608
12011 1.106490
3567 1.106490
19140 1.106356
5014 1.106356
2475 1.106356
27229 1.106016
28422 1.105749
2385 1.105749
4697 1.105672
850 1.105533
27662 1.104791
5816 1.104791
2763 1.104539
187 1.104157
20044 1.103508
26497 1.103508
18276 1.103026
11151 1.102162
18502 1.102162
27694 1.101885
7300 1.101464
28219 1.101228
21620 1.101069
10493 1.100749
3961 1.100485
11440 1.100485
4221 1.100426
4984 1.100164
25360 1.099264
17669 1.099264
3035 1.099264
24240 1.099094
5164 1.098957
25547 1.098751
7368 1.098335
2956 1.098230
9737 1.097700
4755 1.097202
14670 1.097160
11412 1.097160
933 1.097111
23419 1.097051
24488 1.096978
21597 1.096887
16682 1.096887
8648 1.096696
23896 1.096696
24953 1.096611
16567 1.096510
8761 1.096389
73 1.096239
24726 1.096182
28075 1.095482
16439 1.094036
28897 1.093589
3973 1.093589
24165 1.093098
2906 1.092849
17202 1.092849
1908 1.092473
308 1.092473
2670 1.092092
14892 1.091836
21233 1.091405
25897 1.091318
15705 1.091187
28369 1.091094
19303 1.091094
20062 1.090526
7913 1.090526
29588 1.090526
10649 1.090526
7381 1.090526
1989 1.089851
24612 1.089714
3878 1.089360
24241 1.089162
466 1.089036
9913 1.088883
25625 1.088763
24450 1.088032
260 1.087966
26542 1.087744
22098 1.087744
15002 1.087012
26733 1.085349
3487 1.084482
20642 1.084409
13266 1.084148
16013 1.083930
350 1.083744
243 1.083744
6871 1.083322
5158 1.083266
28752 1.082882
26748 1.082787
1115 1.082787
19461 1.082704
22739 1.082704
13486 1.082363
22234 1.082222
6755 1.082167
28919 1.082167
20375 1.081438
29326 1.081438
13277 1.080695
5134 1.080637
1887 1.080129
20793 1.080040
25741 1.079457
19037 1.079322
2662 1.079166
21067 1.078936
8152 1.078774
24419 1.078523
20077 1.078285
1174 1.078285
29730 1.078133
23595 1.078133
18346 1.078133
19963 1.078079
19190 1.077845
27275 1.077845
23929 1.077576
227 1.077502
22929 1.077372
11320 1.077086
18984 1.076894
3220 1.076313
20743 1.076313
3187 1.075920
9292 1.075920
3245 1.074864
4509 1.074864
11453 1.074276
90 1.074196
20496 1.073902
18024 1.073902
19396 1.073307
10945 1.072855
15455 1.072053
16478 1.070596
18822 1.070596
7052 1.070353
21464 1.070353
1150 1.070353
18376 1.070270
26562 1.069554
7245 1.069554
8766 1.069554
21611 1.069554
25810 1.069554
20417 1.068740
13482 1.068396
19667 1.068396
14557 1.067911
1799 1.067911
14685 1.067806
17592 1.067687
14752 1.067551
21493 1.067393
8571 1.067393
16667 1.067335
19064 1.066906
15153 1.066570
35 1.066399
18707 1.066399
13169 1.065989
21543 1.065989
26495 1.065793
16872 1.065741
10885 1.065575
4722 1.065052
20423 1.065003
488 1.064736
26452 1.063882
23521 1.063380
25423 1.063262
14783 1.063122
12741 1.062741
28883 1.062660
5643 1.062660
19244 1.062126
25030 1.062126
2297 1.062126
11294 1.062126
9358 1.062126
9739 1.062126
19659 1.062126
1131 1.061701
6189 1.061503
9463 1.061503
15719 1.061224
12253 1.061110
16739 1.060685
26059 1.060490
23263 1.060490
25623 1.060490
23578 1.060233
16971 1.060172
22514 1.060072
18717 1.059771
19762 1.059651
14674 1.059368
16170 1.059368
8482 1.059368
15045 1.059368
11813 1.059012
3273 1.058220
23369 1.057928
9260 1.057928
14559 1.057719
22162 1.056874
27330 1.056719
11445 1.056623
21691 1.056288
7890 1.056145
12593 1.056015
29713 1.056015
27904 1.055842
23539 1.055689
15240 1.055689
21932 1.055555
8936 1.055230
310 1.054699
27320 1.054699
26796 1.054610
12444 1.054402
26672 1.054347
10194 1.054297
26609 1.054253
10258 1.054212
26049 1.054212
3310 1.053349
11093 1.053349
16546 1.053349
12192 1.053349
16583 1.053349
12028 1.053349
11810 1.053349
2952 1.053349
9756 1.052056
11594 1.051656
6084 1.051578
18992 1.051046
22986 1.051046
22413 1.050732
13735 1.050540
10556 1.050235
10872 1.049857
10932 1.049857
7277 1.049374
28601 1.049374
25717 1.048913
16462 1.048104
15912 1.048104
7398 1.047981
7388 1.047577
23362 1.046932
1356 1.046881
6779 1.046553
11233 1.046553
13339 1.046553
13598 1.046237
22954 1.046126
8723 1.045334
7348 1.045334
3879 1.045280
26372 1.045087
15840 1.045087
5265 1.044715
8130 1.044715
23607 1.043773
14866 1.043493
2252 1.043422
8107 1.043364
28587 1.042815
27576 1.042815
2467 1.042815
17433 1.042815
12738 1.042350
12695 1.042129
29630 1.041752
22740 1.041645
6086 1.041348
3101 1.041284
3387 1.040851
15124 1.040240
28338 1.039304
15794 1.039304
6123 1.038443
24361 1.037627
15299 1.037426
15051 1.037209
24261 1.037054
2886 1.036995
2251 1.036717
10448 1.036717
12989 1.036221
24273 1.035419
25493 1.035169
13129 1.034799
14202 1.034539
20772 1.034305
13977 1.034094
26468 1.033727
29319 1.033285
5519 1.033221
24022 1.032883
8024 1.032190
10159 1.032026
19648 1.031356
17970 1.031356
678 1.031122
6728 1.030992
1094 1.029941
18416 1.029941
15134 1.029941
24704 1.029941
21024 1.028738
23282 1.028332
9293 1.028332
21267 1.028236
28246 1.027512
14885 1.027512
13337 1.027404
11939 1.027286
13713 1.027157
28188 1.027015
29905 1.026857
5433 1.026681
7665 1.026262
28091 1.026098
17163 1.026098
2818 1.025501
6678 1.025501
21821 1.024765
1156 1.024251
17994 1.023953
27900 1.023953
25787 1.023736
22029 1.023622
20816 1.023253
10010 1.022982
25998 1.022748
14553 1.022644
4555 1.022070
29671 1.022018
11201 1.022018
21336 1.021748
8158 1.021748
3820 1.021471
17456 1.021471
23322 1.020492
9805 1.019641
24875 1.019641
15721 1.019641
29012 1.019641
13696 1.019083
21850 1.019083
1666 1.018237
7416 1.018237
28155 1.018034
25715 1.018034
20164 1.017909
5273 1.017680
17115 1.017381
17829 1.017381
25910 1.017067
14035 1.016804
4853 1.016651
5684 1.016651
4342 1.015227
5212 1.015045
17124 1.014795
11632 1.014430
9350 1.013848
18454 1.013262
23894 1.013221
20358 1.013057
18396 1.012981
8105 1.011951
17404 1.011393
20531 1.010868
15064 1.010658
514 1.010480
13152 1.010134
8138 1.009641
22244 1.009405
29064 1.008736
20422 1.008595
14869 1.008484
14424 1.008394
21204 1.008055
10018 1.007551
25683 1.007023
18130 1.006533
1166 1.006225
15899 1.005650
13359 1.004192
24892 1.004192
10513 1.004192
17481 1.004192
28058 1.004192
26588 1.003836
25629 1.003700
16179 1.003503
3793 1.002837
19348 1.002105
12853 1.002105
13506 1.001778
25091 1.001778
28840 1.001574
26253 1.001475
3787 1.001475
25408 1.001192
29276 1.000928
9035 1.000681
19054 1.000681
13075 1.000681
6792 1.000449
13177 1.000231
24772 0.999832
26170 0.999648
17260 0.999433
18763 0.999364
23984 0.999043
25484 0.998865
11562 0.998540
28064 0.998440
1055 0.998250
23916 0.997909
17991 0.997755
19717 0.997611
4589 0.997348
17058 0.997348
17677 0.997228
4798 0.997228
4534 0.997007
596 0.994772
16754 0.994719
9055 0.994622
27603 0.993157
25377 0.993157
11425 0.993157
21171 0.993157
8540 0.993157
24792 0.991833
5319 0.991712
14916 0.991318
21036 0.990049
26746 0.989578
11242 0.989438
6297 0.989285
1485 0.988743
164 0.988743
14628 0.988450
14629 0.988116
2028 0.988116
25278 0.987730
24498 0.987400
18948 0.986602
12868 0.986602
20093 0.986366
4526 0.986366
16810 0.985897
18207 0.985667
20486 0.985228
6794 0.984881
20620 0.984881
29608 0.984881
24763 0.984087
16047 0.983910
24085 0.983125
7669 0.982681
26475 0.982362
1885 0.982362
2376 0.981334
3752 0.980896
14115 0.980794
16692 0.980424
27850 0.979169
10067 0.978444
7563 0.978444
23693 0.978185
4347 0.977792
22385 0.977203
5361 0.975733
16691 0.975733
10006 0.974482
10675 0.974347
13624 0.974114
18114 0.973966
29754 0.973294
20458 0.973038
1783 0.972857
6326 0.972722
16287 0.972466
12880 0.972116
1040 0.971799
5907 0.971799
11837 0.971799
23781 0.971799
4539 0.971351
26263 0.971087
5077 0.970789
15732 0.969768
2746 0.969356
1421 0.969283
7114 0.967841
29944 0.966485
10732 0.965569
23418 0.965569
5505 0.965569
1631 0.965569
7050 0.964741
673 0.963243
22833 0.961926
6599 0.961461
23921 0.961120
10456 0.959282
10998 0.958910
9018 0.957475
13673 0.957173
11731 0.955502
26643 0.954841
20172 0.954210
11873 0.953558
17966 0.953558
26936 0.953111
29992 0.951776
9548 0.951439
12815 0.951234
18133 0.949740
25650 0.949740
11637 0.949406
2852 0.948504
24911 0.948014
10459 0.947432
27363 0.944519
562 0.942396
4380 0.941430
29127 0.941114
3447 0.936310
18319 0.934226
18058 0.931605
20464 0.929996
29562 0.929641
29450 0.929493
20516 0.928988
9970 0.928988
25330 0.924481
26780 0.924013
9604 0.922554
10607 0.921363
2462 0.921363
3010 0.921005
4556 0.919390
22936 0.918202
22613 0.917918
18956 0.915912
3572 0.915846
4072 0.915063
23951 0.914072
19269 0.912902
19661 0.909022
24807 0.908771
235 0.907635
6940 0.902338
15804 0.898792
7094 0.898571
4067 0.890558
4171 0.889869
21707 0.880599
23827 0.878668
6096 0.876569
13328 0.873761
3800 0.873054
2289 0.869013
2501 0.867144
12736 0.867144
25341 0.863333
8607 0.860340
6229 0.848435
19696 0.847817
6936 0.845674
4565 0.837734
868 0.617964
17989 0.617964
16771 0.617964
2811 0.617964
14504 0.617964
14771 0.617964
20119 0.617964
20918 0.617964
15345 0.615230
9865 0.614812
4441 0.614242
427 0.614242
26459 0.614242
1191 0.611174
22899 0.611174
15116 0.609833
5989 0.609261
15515 0.608309
10704 0.607834
24527 0.607665
20263 0.607170
7363 0.606929
14487 0.606929
24379 0.606929
7 0.606929
17985 0.606081
29063 0.605353
11959 0.604530
649 0.604530
12578 0.604053
8704 0.603920
29915 0.603920
17196 0.603920
21533 0.603338
23474 0.602988
4438 0.602892
22844 0.602311
27325 0.601913
20572 0.601913
27043 0.601913
2061 0.601913
11356 0.601913
2654 0.601263
2884 0.600799
25417 0.600799
25862 0.600451
223 0.599927
10358 0.599927
26062 0.599669
17091 0.599518
28144 0.599319
22311 0.599319
22611 0.598653
18400 0.598653
8466 0.598441
27316 0.598381
23304 0.598030
5642 0.598030
16813 0.598030
13803 0.597366
13605 0.597051
4030 0.597051
7907 0.596898
28348 0.596898
22567 0.596687
16341 0.596687
20804 0.596687
2731 0.596687
22549 0.596687
15145 0.596687
25204 0.596550
14355 0.596550
27135 0.596550
12072 0.596169
23885 0.595171
16932 0.594197
8767 0.594197
19478 0.594197
21471 0.594197
20764 0.594197
4492 0.593898
2643 0.593898
16090 0.593706
2924 0.593706
16256 0.593611
29209 0.593611
939 0.593246
8493 0.593136
7750 0.592815
302 0.592815
17070 0.592569
8778 0.592569
7429 0.592216
25705 0.592216
21993 0.592216
20992 0.591936
23846 0.591882
1373 0.591882
13572 0.591262
23079 0.591165
18698 0.590929
16800 0.590929
20690 0.590929
16553 0.590929
5743 0.590701
3898 0.590701
2534 0.590701
20957 0.590701
8250 0.590701
20903 0.590701
18477 0.590412
4017 0.590412
2483 0.589875
12285 0.589875
26332 0.589875
12814 0.589875
11974 0.589506
4896 0.589388
8339 0.588997
12034 0.588839
14282 0.588839
4036 0.588686
16701 0.587989
24952 0.587989
26770 0.587820
20010 0.587501
11184 0.587066
29112 0.587066
25655 0.586801
5842 0.586322
19452 0.586322
10795 0.586322
26781 0.586157
6712 0.586001
14309 0.586001
24596 0.585440
5242 0.585194
11593 0.584657
15386 0.584469
2401 0.584469
17368 0.584469
9481 0.584293
27974 0.583976
25228 0.583079
19517 0.582985
13990 0.582811
25035 0.582730
4097 0.582652
24850 0.582440
13469 0.582375
29587 0.582375
10773 0.582375
3715 0.582375
24578 0.582313
13958 0.582313
8067 0.582313
28823 0.582253
5100 0.582253
13844 0.582253
29065 0.582196
19351 0.582196
20978 0.582140
8481 0.582036
20877 0.582036
7818 0.581987
8532 0.581807
13580 0.581807
472 0.581807
7867 0.581766
7583 0.579342
26657 0.579342
3229 0.579342
10827 0.579342
23398 0.579342
13597 0.579342
863 0.579342
14878 0.579342
7367 0.579342
12957 0.579342
15479 0.579342
3963 0.579342
27384 0.579342
12174 0.579342
6221 0.579342
4170 0.579342
4459 0.576977
11953 0.576977
3475 0.576938
6890 0.576897
9416 0.576897
3615 0.576897
24896 0.576855
8031 0.576812
11190 0.576812
28750 0.576812
27491 0.576767
23209 0.576672
12425 0.576672
24159 0.576622
26508 0.576459
22733 0.576459
27291 0.576459
11961 0.576401
23500 0.576340
25479 0.576276
15211 0.576276
16713 0.576210
15343 0.576210
27849 0.576069
16632 0.576069
750 0.575993
63 0.575831
15168 0.575652
7872 0.575652
20335 0.575652
16465 0.575555
9802 0.574554
16428 0.574473
17080 0.574304
5128 0.574304
18570 0.574215
8621 0.574122
9025 0.574122
26784 0.574122
24389 0.574027
22745 0.573824
8043 0.573824
484 0.573490
29057 0.573369
6535 0.573243
7158 0.573243
16331 0.573112
27381 0.573112
21292 0.572975
9215 0.572832
24818 0.572832
7539 0.572683
22807 0.572683
1506 0.572526
19804 0.572362
19083 0.572362
220 0.572189
25576 0.572189
20082 0.572189
9991 0.572189
21487 0.572008
12042 0.571818
7787 0.571818
24852 0.571685
22394 0.571685
6110 0.571617
708 0.571548
7112 0.571406
20506 0.571258
22992 0.570780
1437 0.570780
580 0.570429
23956 0.569997
18879 0.569686
26023 0.569522
23786 0.569410
22211 0.569178
17490 0.568996
20378 0.568996
8734 0.568996
28051 0.568934
13630 0.568934
1212 0.568934
522 0.568808
10202 0.568679
16497 0.568679
4535 0.568679
22952 0.568411
22502 0.568129
23076 0.567982
245 0.567755
12383 0.567755
18188 0.567708
18108 0.567518
19418 0.567322
16597 0.567322
10158 0.567272
28461 0.567015
24387 0.566747
6656 0.566747
15329 0.566747
16236 0.566692
217 0.566467
27970 0.566467
7568 0.566234
261 0.565742
2180 0.565548
11039 0.565548
9928 0.565548
18560 0.565548
25199 0.565548
12664 0.565548
2193 0.565482
16015 0.565437
159 0.565437
16887 0.565211
8440 0.565211
19746 0.565211
14610 0.564978
18384 0.564858
4761 0.564858
27219 0.564736
28054 0.564736
14909 0.564736
13610 0.564638
12275 0.564333
23289 0.564096
20799 0.564096
8000 0.564015
23958 0.564015
14158 0.563961
18237 0.563684
29163 0.563684
11928 0.563684
28793 0.563338
3161 0.562976
16346 0.562468
11149 0.562201
19333 0.562134
14935 0.562134
8879 0.562134
13707 0.561786
7007 0.561786
8402 0.561156
19707 0.561156
20357 0.561047
28232 0.561047
1776 0.560653
14952 0.560479
20148 0.560409
630 0.560347
12577 0.560243
4816 0.560030
62 0.559813
1828 0.559703
5587 0.559014
17193 0.559014
14540 0.558963
19802 0.558894
26790 0.558651
3527 0.558545
29780 0.558545
29034 0.558402
16232 0.558402
14848 0.558402
19506 0.558275
23906 0.558275
8398 0.557885
21617 0.557885
2910 0.557707
25844 0.557655
10875 0.557655
18976 0.557480
1323 0.557341
29540 0.557341
18162 0.557341
375 0.557181
10042 0.557181
9210 0.556770
19193 0.556686
4521 0.556686
24533 0.556622
29890 0.556622
5193 0.556168
13612 0.556168
27580 0.556168
22259 0.555749
7124 0.555749
5166 0.555695
27004 0.555626
16125 0.555402
9138 0.555402
11236 0.555202
10199 0.555202
23425 0.555202
12039 0.555058
11993 0.554689
3743 0.554462
11089 0.554394
11150 0.554153
24708 0.554153
27703 0.554153
10191 0.554153
24183 0.554153
523 0.553836
2347 0.553836
26262 0.553707
26214 0.553593
1920 0.553541
23143 0.553401
20441 0.553178
10291 0.552874
13304 0.552874
13917 0.552766
21505 0.552766
16854 0.552677
17953 0.552677
7012 0.552326
24904 0.552270
12032 0.551754
23567 0.551754
12967 0.551754
17223 0.551309
11825 0.551218
16104 0.551218
15712 0.551158
22073 0.551081
2895 0.550849
16904 0.550764
11556 0.550764
15972 0.550661
16454 0.550661
9818 0.550375
4313 0.550375
20947 0.550082
15336 0.550082
4029 0.549884
5662 0.549884
25591 0.549884
8147 0.549479
21331 0.549479
21587 0.549095
21479 0.548850
14180 0.548489
21132 0.548489
12356 0.548306
28332 0.548306
4075 0.548194
17789 0.548091
2480 0.547949
13114 0.547741
22184 0.547741
19642 0.547563
21166 0.547563
21959 0.547510
13458 0.547156
25318 0.547156
4760 0.547018
14974 0.546956
4027 0.546956
26903 0.546899
14219 0.546794
19343 0.546794
2807 0.546661
22679 0.546661
26914 0.546549
14221 0.546549
19691 0.546371
5200 0.546131
23045 0.546046
12870 0.545976
24248 0.545976
6836 0.545918
4702 0.545869
12467 0.545826
17265 0.545826
27666 0.545263
5003 0.545263
16180 0.545263
1918 0.545263
4478 0.545263
8638 0.544680
8136 0.544581
2620 0.544518
14959 0.544159
6951 0.543983
11604 0.543872
7933 0.543740
4672 0.543453
20294 0.543306
25315 0.543133
21912 0.543133
17963 0.542674
22026 0.542603
11422 0.542362
25127 0.542074
250 0.541872
22598 0.541722
432 0.541722
6419 0.541559
10344 0.541441
4516 0.541352
25303 0.541352
27972 0.541352
2184 0.541181
13060 0.541111
6300 0.541059
12329 0.541059
2464 0.541059
4112 0.540719
19148 0.540719
10909 0.540719
16425 0.540719
20748 0.540319
8869 0.540064
3165 0.539969
28160 0.539788
17023 0.539788
22346 0.539661
28483 0.539493
4320 0.539387
10069 0.539261
10080 0.539189
25855 0.539142
10581 0.538686
6168 0.538378
5715 0.538378
2357 0.538227
22256 0.538227
4428 0.537960
26838 0.537960
5673 0.537786
9617 0.537732
8484 0.537732
12933 0.537629
18817 0.537360
11805 0.537208
22145 0.537138
22045 0.537138
3575 0.537138
19302 0.536951
621 0.536334
21931 0.535891
22220 0.535891
23904 0.535807
29563 0.535735
19872 0.535526
21422 0.534777
7377 0.534777
3642 0.534777
16645 0.534777
18357 0.534777
7795 0.533903
23117 0.533844
7415 0.533844
22387 0.533775
2198 0.533775
20589 0.533604
2459 0.533285
3050 0.533199
10137 0.533199
29045 0.533199
3918 0.532994
19290 0.532994
19967 0.532728
26659 0.532368
29691 0.532368
17290 0.532368
7974 0.531855
20966 0.531855
13895 0.531855
24047 0.531855
20137 0.531855
15498 0.531855
12839 0.531690
1442 0.531631
27899 0.531299
21322 0.531299
12280 0.531299
289 0.531063
3732 0.531063
23728 0.530851
11217 0.530794
28681 0.530794
24037 0.530482
12331 0.530482
3553 0.530482
2393 0.530482
20264 0.530482
18613 0.530245
14465 0.529981
27323 0.529981
27204 0.529684
15292 0.529684
28703 0.529348
29155 0.529275
9679 0.529275
29075 0.529275
14299 0.528964
1328 0.528860
3790 0.528720
27852 0.528522
12386 0.528144
29895 0.527615
19733 0.527232
17515 0.527126
4838 0.526674
21670 0.526674
2786 0.526674
2203 0.526674
15095 0.526674
13355 0.526165
327 0.526105
11656 0.526105
9816 0.525588
5359 0.525449
28267 0.525395
27353 0.525270
9195 0.525270
4375 0.525118
5191 0.524687
5157 0.524687
233 0.524687
6556 0.524507
5708 0.524457
12915 0.524291
20526 0.524291
15282 0.524028
14654 0.523926
28330 0.523699
14794 0.523276
15165 0.522946
23426 0.522893
3680 0.522893
4917 0.522893
2436 0.522640
13537 0.522543
25537 0.522543
21785 0.522357
1002 0.522223
19142 0.522044
11719 0.522044
21532 0.521929
26741 0.521711
18841 0.521711
4374 0.521658
6649 0.521408
5615 0.521408
5898 0.521175
18779 0.521175
19152 0.521065
18343 0.520876
3710 0.520642
741 0.520642
13208 0.520426
10181 0.520426
10101 0.520426
21278 0.519994
22426 0.519994
9149 0.519783
19151 0.519783
12276 0.519652
29430 0.519589
16650 0.519410
14480 0.519410
17166 0.519244
27172 0.519244
19533 0.519191
24789 0.519090
11258 0.519090
826 0.518994
16788 0.518813
16492 0.518498
22742 0.518358
18826 0.518230
28309 0.518230
10204 0.518230
18825 0.518169
17170 0.518110
27889 0.518110
25226 0.518000
28985 0.517847
12238 0.517847
14692 0.517710
20755 0.517710
4884 0.517470
13442 0.517470
17949 0.517269
3435 0.517098
29093 0.516610
27181 0.516610
2279 0.516610
4205 0.516522
29570 0.516245
24724 0.516141
21784 0.516013
13112 0.514970
7414 0.514970
3260 0.514970
26538 0.514970
16949 0.513805
21100 0.513805
26749 0.513805
17759 0.513756
20823 0.513702
26754 0.513702
29748 0.513643
984 0.513579
29317 0.513579
26489 0.513429
20788 0.513341
23035 0.512860
14651 0.512779
10257 0.512779
11586 0.512495
16871 0.512260
11456 0.512125
25950 0.512125
29805 0.511976
10928 0.511626
11857 0.511491
10437 0.511491
13516 0.511491
11734 0.511184
12904 0.511184
5059 0.510767
23667 0.510606
810 0.510433
17812 0.510372
7156 0.510246
26830 0.510042
23485 0.510042
2447 0.510042
3983 0.510042
18496 0.510042
27986 0.509821
79 0.509821
14157 0.509821
9884 0.509821
13907 0.509628
2106 0.509628
17787 0.509628
28656 0.509578
899 0.509578
15098 0.509311
8674 0.509017
17571 0.508954
20568 0.508452
4148 0.508452
23872 0.508194
22144 0.508086
9588 0.507916
25438 0.507916
533 0.507352
8722 0.507284
17259 0.506924
29909 0.506924
6133 0.506924
8711 0.506924
1956 0.506924
1928 0.506528
14271 0.506528
11489 0.505975
21966 0.505821
14844 0.505607
7170 0.505607
27571 0.505067
19486 0.505067
3247 0.505067
29676 0.505067
27732 0.505067
25757 0.505067
28032 0.504901
683 0.504901
7881 0.504901
758 0.504671
28525 0.504671
16307 0.504671
29698 0.504671
12257 0.504197
13519 0.504197
14095 0.504197
27122 0.503775
12728 0.503775
10420 0.503775
26547 0.503775
19616 0.503362
27271 0.503362
27945 0.503362
5216 0.503319
11566 0.503319
6512 0.503113
379 0.503113
14200 0.502709
11213 0.502709
792 0.502561
27231 0.502561
19455 0.502438
4362 0.502096
16233 0.501850
17069 0.501698
17616 0.501419
13453 0.501419
12081 0.501052
163 0.500787
28751 0.500666
18747 0.500666
18418 0.500551
24191 0.500464
17037 0.500464
7023 0.500464
14443 0.500341
29740 0.500063
7565 0.500063
962 0.500013
27340 0.499824
12152 0.499824
14922 0.499824
12190 0.499824
21408 0.499616
22268 0.499616
17659 0.499552
17820 0.499270
21961 0.499270
13321 0.499125
19188 0.498674
20913 0.498674
27396 0.498674
28730 0.498674
20107 0.498358
1263 0.498358
9725 0.498126
4303 0.498031
7612 0.497947
9841 0.497594
1235 0.497594
22545 0.497594
21457 0.497594
23347 0.497445
13547 0.497386
3618 0.497386
24346 0.497386
15844 0.497386
25077 0.496579
13951 0.496579
28423 0.496579
25762 0.496579
29742 0.496579
6816 0.496579
18823 0.495897
13415 0.495693
25964 0.495538
19896 0.495538
18432 0.495244
19611 0.494854
23221 0.494560
24448 0.494372
15749 0.494372
26560 0.494225
27707 0.494058
20493 0.493865
4934 0.493865
25244 0.493640
9627 0.493640
27736 0.493375
26419 0.493301
27668 0.493255
9129 0.492834
12195 0.492773
6329 0.492773
10585 0.492773
2759 0.492580
8200 0.492580
18776 0.492440
25989 0.492440
18996 0.492184
19334 0.492184
19427 0.491955
21772 0.491955
29786 0.491563
10893 0.491563
4010 0.491563
23017 0.491563
25686 0.491563
17234 0.491282
19058 0.491098
10033 0.491098
5529 0.490968
2835 0.490871
6345 0.490736
6079 0.490614
26365 0.490614
9484 0.490614
22068 0.490614
8968 0.490397
7875 0.490397
28077 0.490212
11170 0.490212
194 0.490212
25333 0.489850
6981 0.489850
9202 0.489444
13562 0.489382
20777 0.489222
9042 0.488986
8051 0.488986
26097 0.488986
27649 0.488601
4158 0.488526
24824 0.488414
16162 0.488371
14181 0.487867
5503 0.487867
29477 0.487867
26798 0.487867
25324 0.487867
3437 0.487867
2378 0.487867
16177 0.487867
26742 0.487867
24585 0.487343
15514 0.487343
13128 0.487297
20398 0.487297
11640 0.487241
23713 0.486842
21255 0.486753
14318 0.486753
26750 0.486519
7530 0.486519
12681 0.486519
18019 0.486361
18528 0.486361
22747 0.486361
765 0.486233
1540 0.485899
19160 0.485899
26619 0.485899
3610 0.485899
3804 0.485676
20203 0.485676
21806 0.485030
10948 0.485030
7862 0.484755
14099 0.484678
27393 0.484678
1336 0.484678
17309 0.484678
5081 0.484421
8893 0.484421
4501 0.484421
21110 0.484421
27534 0.484072
22878 0.484007
9722 0.483948
19676 0.483722
148 0.483722
21586 0.483377
26989 0.483196
18576 0.482785
13546 0.482785
25473 0.482785
29172 0.482785
2899 0.482785
21301 0.482785
1726 0.482785
15926 0.482785
12850 0.482391
29462 0.482391
7996 0.482295
7843 0.482227
5020 0.482012
27258 0.482012
13775 0.481930
13752 0.481700
24548 0.481531
3601 0.481531
5596 0.480963
26675 0.480963
26405 0.480963
1678 0.480730
18009 0.480730
2371 0.480560
1741 0.480560
29537 0.480430
8025 0.480430
305 0.480283
389 0.480175
27397 0.479928
763 0.479928
26182 0.479859
20371 0.479807
15242 0.479455
11431 0.479455
16538 0.479118
1707 0.479118
12452 0.479071
4462 0.478922
21675 0.478485
2881 0.478485
10251 0.478424
17108 0.478187
4707 0.478187
2438 0.478187
18105 0.478187
11941 0.478022
12219 0.477957
24129 0.477957
23915 0.477957
28215 0.477957
907 0.477703
27463 0.477703
12411 0.477518
11597 0.477397
1487 0.477105
221 0.476824
24601 0.476779
23523 0.476715
16556 0.476715
27187 0.476715
21152 0.476715
1253 0.476468
11299 0.476468
22010 0.476348
1205 0.476171
1640 0.475888
4052 0.475751
20166 0.475670
13645 0.475617
27191 0.475357
28645 0.475357
21833 0.475357
7316 0.475357
22680 0.475060
8348 0.474988
17602 0.474870
19338 0.474778
29888 0.474641
8295 0.474315
3540 0.474315
13404 0.474252
19796 0.473773
2253 0.473716
22554 0.473716
10012 0.473549
3139 0.473549
21708 0.473441
689 0.473334
26822 0.473180
9392 0.473180
15563 0.472743
29242 0.472743
16676 0.472697
2800 0.472697
5197 0.472621
3171 0.472473
14860 0.472473
21601 0.472473
269 0.472330
16291 0.472056
11988 0.472056
15676 0.471799
28607 0.471676
19528 0.471329
9630 0.471329
6041 0.471329
25604 0.471113
15590 0.471113
25774 0.471010
8932 0.471010
25135 0.471010
15932 0.470715
1827 0.470715
3759 0.470715
2439 0.470531
20050 0.470357
23600 0.470357
5126 0.470357
28425 0.470190
14189 0.470032
4151 0.470032
5465 0.469737
14713 0.469340
18780 0.469160
6995 0.469103
18016 0.469103
8699 0.468991
18050 0.468831
15357 0.468831
21209 0.468831
29043 0.468831
13118 0.468831
6136 0.468681
17683 0.468681
24196 0.468404
2799 0.468404
1824 0.468276
318 0.468276
20051 0.467930
6409 0.467930
26493 0.467725
10368 0.467725
11378 0.467630
2247 0.467539
19589 0.466483
15127 0.466388
17933 0.466388
23685 0.466216
13432 0.466216
26228 0.466063
657 0.465992
26585 0.465992
17654 0.465862
14028 0.465862
8974 0.465802
6102 0.465691
3870 0.465691
3399 0.465639
3350 0.465542
18695 0.465454
23072 0.465413
27415 0.463473
1237 0.463473
1546 0.463473
29541 0.463473
21042 0.463473
2679 0.463473
7181 0.463473
6353 0.463473
4227 0.463473
19383 0.463473
23005 0.463473
21813 0.463473
24000 0.463473
8552 0.463473
9788 0.463473
10983 0.463473
16741 0.463473
254 0.461589
19417 0.461550
29612 0.461550
27253 0.461509
24887 0.461376
17256 0.461376
8088 0.461328
8165 0.461277
5988 0.461223
7681 0.461168
29611 0.461168
14255 0.461047
15935 0.460982
7196 0.460595
27454 0.460502
25612 0.460502
18833 0.460404
12620 0.459643
26166 0.459562
13586 0.459202
15428 0.458885
2515 0.458885
12969 0.458768
2416 0.458768
2839 0.458516
19551 0.458380
29111 0.458236
23131 0.457867
9952 0.457751
7880 0.457751
22379 0.457569
25818 0.457569
7059 0.457569
8265 0.457569
25743 0.457506
29245 0.457375
20028 0.457375
22588 0.457238
27755 0.457095
2081 0.456789
10816 0.456451
27496 0.456451
12197 0.456451
11929 0.456269
15859 0.455875
18297 0.455875
22959 0.455875
9417 0.455716
28234 0.455716
28200 0.455662
8284 0.455551
14146 0.455551
3585 0.455436
15979 0.455197
3626 0.454943
23171 0.454810
28430 0.454386
20964 0.454204
19710 0.454015
6280 0.453917
25779 0.453664
16988 0.453398
20434 0.453116
10338 0.453116
1543 0.452940
16743 0.452169
3321 0.452169
17974 0.452169
22558 0.452169
6315 0.452169
21807 0.451935
18753 0.451935
409 0.451887
21571 0.451435
16684 0.451435
19617 0.451169
21581 0.450947
21088 0.450890
7010 0.450599
27073 0.450599
6949 0.450599
8816 0.450599
1942 0.450294
2192 0.450231
29823 0.449974
232 0.449974
12324 0.449842
9615 0.449638
6865 0.449489
6648 0.449429
13213 0.449429
4718 0.449285
10045 0.449181
8144 0.449181
2022 0.448990
27722 0.448914
22088 0.448859
27203 0.448859
3671 0.448523
11803 0.448523
28901 0.448523
10394 0.448523
9160 0.448523
18014 0.448523
24302 0.448523
10687 0.448215
20318 0.448170
23394 0.448170
9070 0.447800
12566 0.447800
21231 0.447673
3296 0.447560
2734 0.447412
17032 0.447412
29432 0.447412
28671 0.447211
14468 0.447211
6159 0.447005
9204 0.446721
10376 0.446721
9370 0.446721
8154 0.446721
8685 0.446721
15186 0.446721
13350 0.446721
26041 0.446576
12361 0.446465
14265 0.446465
17967 0.446378
18100 0.446201
15006 0.445647
17106 0.445258
20807 0.445144
15500 0.445144
1919 0.445144
29140 0.445144
12533 0.445144
16715 0.445057
247 0.445057
10305 0.444852
22993 0.444747
2744 0.444611
14409 0.444611
21732 0.444427
14658 0.444427
9012 0.444262
26191 0.444262
11859 0.444162
3166 0.443751
12406 0.443751
14907 0.443751
19849 0.443751
7959 0.443447
12461 0.443212
17168 0.443212
21491 0.442875
25993 0.442809
668 0.442643
28787 0.442643
14240 0.442512
21599 0.442406
17556 0.442319
16405 0.441916
20352 0.441916
28378 0.441403
13369 0.441403
12920 0.441403
10766 0.440915
5261 0.440803
10628 0.440803
18391 0.440803
25899 0.440726
6575 0.440726
8588 0.440405
3473 0.440405
13710 0.440300
8509 0.440300
3709 0.440170
3445 0.440006
5079 0.440006
3210 0.439871
9527 0.439501
6487 0.439501
849 0.439501
9054 0.439311
11441 0.439080
21627 0.439080
12640 0.439080
9280 0.439080
27220 0.439080
22930 0.438973
15443 0.438791
27096 0.438421
14595 0.438109
29282 0.438109
725 0.438039
16022 0.438039
14084 0.437725
24230 0.437462
10019 0.437415
23972 0.437239
21339 0.437047
23225 0.437047
19865 0.436781
11315 0.436605
3951 0.436455
24573 0.436387
6699 0.436387
15928 0.436324
16621 0.436064
28120 0.435940
2960 0.435835
15100 0.435186
9665 0.435139
29252 0.435139
10522 0.435097
4542 0.434506
9255 0.434506
14347 0.434506
8595 0.434506
6671 0.434506
4785 0.434506
18494 0.434506
3383 0.434506
26946 0.434506
13793 0.434506
27391 0.434506
15266 0.434506
10936 0.434506
9393 0.433793
16586 0.433793
19644 0.433732
28606 0.433659
8141 0.433659
18378 0.433659
5931 0.433572
10046 0.433247
17436 0.433247
12479 0.433153
22505 0.433153
10197 0.433043
1223 0.433043
27089 0.432761
20410 0.432703
26673 0.432575
1467 0.432575
21736 0.432427
28791 0.432255
16285 0.432255
18392 0.432051
13949 0.431807
27505 0.431138
20090 0.430793
14253 0.430549
10196 0.430549
28927 0.430368
26996 0.430368
21379 0.430027
20607 0.430027
23740 0.429919
16570 0.429919
24153 0.429561
10665 0.429561
26388 0.429142
11118 0.429142
2086 0.428764
23198 0.428764
27483 0.428646
19312 0.428421
20269 0.428421
17352 0.428328
449 0.428209
4837 0.428108
26655 0.428049
17131 0.427982
7633 0.427669
3846 0.427475
4056 0.427164
27248 0.426883
16841 0.426883
6025 0.426628
26800 0.426628
6713 0.426509
1298 0.426509
26540 0.426395
10326 0.426395
6391 0.426308
24385 0.426182
28230 0.426063
3552 0.425894
11031 0.425894
29264 0.425894
5182 0.425841
22702 0.425841
21418 0.425841
3116 0.425639
664 0.425410
2339 0.425205
27162 0.425079
17002 0.424851
25731 0.424851
16598 0.424648
24817 0.424093
14483 0.423909
12811 0.423909
29304 0.423909
6230 0.423909
7082 0.423747
27977 0.423605
28284 0.423605
28990 0.423605
7019 0.423365
6421 0.423263
29173 0.423171
21238 0.423088
7966 0.422579
16721 0.422503
21970 0.422503
2249 0.422503
21315 0.422377
13146 0.422377
7125 0.422232
17841 0.422192
1465 0.421339
25643 0.421339
931 0.421339
9022 0.421339
25833 0.421339
16293 0.421339
14378 0.421339
29584 0.421339
28251 0.421339
1665 0.421339
23126 0.421339
13237 0.421339
22666 0.420490
6245 0.420451
17129 0.420407
14645 0.420407
2586 0.420360
27885 0.420360
28554 0.420307
16057 0.420248
19530 0.420248
14298 0.420182
5733 0.420023
24200 0.419606
7514 0.419523
14593 0.419333
20544 0.419098
25660 0.418959
8287 0.418801
19968 0.418801
2844 0.418621
27081 0.418621
9577 0.418413
2565 0.418256
13023 0.418256
23689 0.418256
10210 0.417886
13100 0.417723
21664 0.417723
19232 0.417665
9224 0.417414
13050 0.417414
11283 0.417346
16915 0.417126
8135 0.417126
1357 0.416932
23732 0.416881
6529 0.416605
17919 0.416605
1134 0.416485
20905 0.416485
10613 0.416485
7000 0.416293
14413 0.416226
24350 0.416180
4066 0.416180
12075 0.415938
15535 0.415938
14334 0.415938
24162 0.415671
13201 0.415377
1059 0.415251
22872 0.415195
26663 0.415195
20885 0.414900
4584 0.414687
17365 0.414575
6242 0.414364
691 0.414278
18090 0.414278
27033 0.414278
28947 0.414215
15122 0.414215
5069 0.414168
3905 0.413815
5558 0.413815
28734 0.413427
2168 0.413368
20300 0.413368
11383 0.413288
13916 0.413096
4855 0.412996
9369 0.412864
12292 0.412864
10113 0.412810
23364 0.412682
22718 0.412516
6388 0.412516
25703 0.412516
14027 0.412292
27871 0.412224
18774 0.411638
136 0.411495
4862 0.411308
24366 0.410962
10576 0.410962
21156 0.410806
7451 0.410806
2813 0.410673
13281 0.410673
23845 0.410367
18362 0.410252
29607 0.410252
26106 0.410252
770 0.410153
7560 0.409778
8728 0.409700
3638 0.409636
19751 0.409581
21749 0.409581
10307 0.409535
17444 0.409535
29444 0.408947
23696 0.408947
845 0.408947
20723 0.408947
4279 0.408947
25831 0.408947
11510 0.408947
3712 0.408388
28291 0.408173
20009 0.408090
14804 0.407777
29878 0.407685
9845 0.407295
22908 0.407295
4192 0.407295
5393 0.407236
16257 0.407105
21842 0.407105
982 0.406772
7909 0.406772
18670 0.406772
1556 0.406556
6294 0.406292
6481 0.406292
29602 0.406292
19598 0.406136
23443 0.405866
952 0.405806
19557 0.405806
21415 0.405539
9302 0.405539
24237 0.405539
24509 0.405539
5547 0.405539
18864 0.404780
25012 0.404780
9304 0.404620
7748 0.404307
5919 0.404307
9789 0.404307
28646 0.404192
23401 0.404054
1955 0.404054
13505 0.403945
9614 0.403856
18631 0.403856
10144 0.403670
22069 0.403586
19789 0.403586
10525 0.403586
19350 0.403470
8587 0.403470
27311 0.403470
28546 0.403020
16742 0.403020
20321 0.403020
9821 0.402547
20822 0.402490
23029 0.402417
23967 0.402100
12762 0.402100
9496 0.401856
4774 0.401856
25309 0.401677
4574 0.401524
27331 0.401332
7042 0.401276
29108 0.401276
22897 0.401083
19522 0.401083
26138 0.400842
3666 0.400842
15000 0.400533
1660 0.400533
352 0.400533
28925 0.400383
22707 0.400188
17011 0.400022
6367 0.399546
20790 0.399164
20848 0.399164
8017 0.399102
7258 0.399102
8543 0.399017
29695 0.398803
21387 0.398587
21688 0.398528
14241 0.398528
18220 0.398461
15232 0.398297
17755 0.397932
4064 0.397932
14364 0.397831
22559 0.397587
14971 0.397540
25624 0.397263
2711 0.397263
8837 0.397263
29493 0.396956
11907 0.396392
19882 0.396392
5422 0.396131
29898 0.396006
27917 0.396006
12273 0.395883
13601 0.395648
12246 0.395648
824 0.395127
9911 0.395127
21811 0.395127
25829 0.395127
20266 0.395006
22368 0.395006
2588 0.394888
6581 0.394888
26752 0.394445
20162 0.394445
6518 0.394241
15893 0.394046
4908 0.393952
22628 0.393727
11903 0.393515
4498 0.393515
26669 0.393315
17810 0.393250
8613 0.393250
4995 0.393125
13133 0.393125
27566 0.393004
24232 0.392774
2664 0.392559
13182 0.392457
26140 0.392358
3922 0.392358
13049 0.392170
22023 0.392170
11550 0.391992
19139 0.391668
2644 0.391519
7460 0.391519
27281 0.391519
2095 0.391378
24255 0.391244
28170 0.391117
23636 0.391056
26222 0.391056
11367 0.390996
12423 0.390881
9117 0.390881
29041 0.390719
15948 0.390567
8881 0.390169
16901 0.390052
12731 0.389942
9825 0.389837
18820 0.389739
16524 0.389739
16550 0.389557
19464 0.388627
6464 0.388541
8930 0.388460
7737 0.388385
29646 0.388385
20660 0.388316
3184 0.388188
12541 0.388188
9161 0.388076
21328 0.388076
18844 0.387885
4157 0.386228
3656 0.386228
29674 0.386228
4433 0.386228
18115 0.386228
14609 0.386228
24141 0.386228
16919 0.386228
28770 0.386228
15392 0.386228
1200 0.386228
7412 0.386228
25925 0.386228
8664 0.386228
4904 0.384625
903 0.384344
15706 0.384287
5827 0.384287
13593 0.384287
5875 0.384227
15696 0.384162
11970 0.384094
5560 0.384094
15745 0.384021
9034 0.384021
27148 0.384021
1483 0.383858
2349 0.383858
12881 0.383858
25362 0.383858
1733 0.383768
8164 0.383768
15260 0.383670
26391 0.382869
18371 0.382779
22752 0.382779
7647 0.382684
28846 0.382478
5793 0.382119
11759 0.381839
4098 0.381839
9345 0.381518
24243 0.381518
17923 0.381339
11347 0.381339
15089 0.381212
20491 0.381212
3742 0.381146
26950 0.381078
12894 0.380788
4414 0.380463
6059 0.380463
18261 0.380286
25198 0.380097
2064 0.380097
13871 0.380048
6258 0.379896
4645 0.379896
4892 0.379896
27266 0.379737
12860 0.379569
22485 0.379392
13306 0.378940
17238 0.378655
12083 0.378580
8460 0.378580
15683 0.377549
8013 0.377490
29329 0.377246
15747 0.377246
15987 0.377246
22044 0.377246
15699 0.376921
8453 0.376921
21125 0.376808
6405 0.376572
7581 0.376572
5632 0.376572
25488 0.376425
23917 0.376117
795 0.376064
3214 0.375789
13011 0.375193
334 0.375065
264 0.375010
13635 0.375010
507 0.375010
13489 0.375010
26404 0.374868
28657 0.374664
17622 0.374422
13255 0.374422
14323 0.374233
7053 0.374158
168 0.374104
4315 0.373769
19085 0.373769
18153 0.373769
21677 0.373769
27269 0.373769
28293 0.373769
3484 0.373460
12510 0.372910
17832 0.372910
14905 0.372434
21224 0.372434
11906 0.372434
6926 0.371923
28518 0.371923
9659 0.371653
5962 0.371653
2452 0.371653
26656 0.371373
2536 0.371373
19029 0.371229
4994 0.370779
22104 0.370779
19272 0.370779
21731 0.370779
29787 0.370399
22321 0.370399
820 0.370355
123 0.370355
26682 0.370301
5114 0.370301
8170 0.370230
23974 0.369793
17643 0.369435
26481 0.369435
2775 0.369251
11054 0.369251
24383 0.369251
7717 0.369007
21956 0.368887
19671 0.368887
13595 0.368672
14335 0.368672
14502 0.368452
25450 0.368452
9936 0.368452
7235 0.368402
10303 0.368402
20535 0.368402
11309 0.368323
23612 0.368323
14682 0.368323
15397 0.368052
10801 0.368052
16724 0.368052
13252 0.368052
24718 0.368052
13474 0.367994
18860 0.367659
4962 0.367659
14208 0.367387
1785 0.367233
25169 0.367233
22575 0.367233
24199 0.367108
4065 0.367108
22274 0.367004
21037 0.366672
21793 0.366672
15359 0.366589
22007 0.366589
15227 0.366589
16653 0.366467
10443 0.366421
9229 0.366421
8432 0.366421
709 0.365900
23438 0.365900
18876 0.365900
15264 0.365900
19204 0.365900
25601 0.365900
17254 0.365394
1735 0.365351
28755 0.365299
3211 0.365161
15910 0.364771
9024 0.364530
7699 0.364530
2458 0.364530
2159 0.364158
15096 0.363984
8616 0.363773
14858 0.363773
8368 0.363773
13263 0.363712
23552 0.362961
29254 0.362961
27892 0.362961
3511 0.362961
28136 0.362820
15094 0.362718
23254 0.362493
9436 0.362493
12791 0.362432
23566 0.362089
25116 0.362089
12975 0.362089
4485 0.362089
4294 0.361783
29285 0.361783
2190 0.361735
12341 0.361424
18571 0.361310
7464 0.361148
22121 0.361148
27749 0.361148
10261 0.361148
10215 0.360997
29005 0.360997
27969 0.360901
29697 0.360788
8489 0.360788
19201 0.360479
13763 0.360212
16498 0.360212
16435 0.359840
5672 0.359840
25013 0.359591
16070 0.359591
14980 0.359591
6850 0.359378
209 0.358818
6887 0.358818
4671 0.358640
29591 0.358488
6602 0.358488
27010 0.358356
22767 0.358139
22560 0.357967
29997 0.357618
10355 0.357537
25338 0.357466
602 0.357405
4287 0.357351
3965 0.357351
13554 0.357303
27890 0.357303
18911 0.356518
640 0.356518
9119 0.356518
21714 0.356518
7586 0.356518
10277 0.356518
2641 0.356518
22553 0.356518
14281 0.356518
18859 0.355778
27169 0.355736
1701 0.355575
15871 0.355330
20042 0.355330
8143 0.355001
26414 0.355001
6898 0.354912
2290 0.354912
15722 0.354570
4686 0.354570
21401 0.354421
16584 0.354308
29408 0.354308
3678 0.354247
21112 0.354183
18693 0.354042
12417 0.353497
3560 0.353497
6288 0.353497
8643 0.353320
10374 0.353320
23556 0.353257
4426 0.353257
14190 0.353123
28289 0.352850
15268 0.352850
2724 0.352643
6122 0.352643
13173 0.352411
8719 0.352411
17083 0.352348
27770 0.352149
27177 0.352005
1614 0.352005
27163 0.352005
28342 0.351852
5418 0.351511
20333 0.351116
7508 0.351116
13326 0.350794
19624 0.350737
10836 0.350526
25670 0.350431
4547 0.350300
6685 0.350180
25663 0.350019
2263 0.350019
20474 0.349970
13019 0.349970
14290 0.349791
27845 0.349603
1172 0.349603
24825 0.349547
7554 0.349547
21867 0.349547
9422 0.349352
214 0.349059
23092 0.349001
25040 0.349001
17674 0.349001
28893 0.348851
22218 0.348851
1520 0.348730
16511 0.348730
4400 0.348547
26676 0.348362
7939 0.348362
20968 0.348275
4094 0.348275
24465 0.348149
6231 0.347605
8871 0.347605
3354 0.347095
26618 0.346911
22172 0.346615
19059 0.346410
7296 0.346273
26007 0.346273
7788 0.346100
19574 0.345736
23413 0.345685
22403 0.345446
17293 0.345446
11162 0.345377
3037 0.345140
10954 0.344910
18140 0.344910
23449 0.344846
16515 0.344846
22571 0.344634
25538 0.344634
11512 0.344294
9964 0.344294
5325 0.343867
4021 0.343785
6570 0.343724
12017 0.343314
16446 0.343314
21383 0.342970
13448 0.342876
11905 0.342876
3058 0.342806
12543 0.342567
11339 0.342468
5001 0.342338
18921 0.342227
9494 0.342087
1798 0.342087
9308 0.341907
688 0.341732
24928 0.341732
1675 0.341663
9364 0.341398
12979 0.341135
29189 0.341135
20268 0.341084
20511 0.340789
8146 0.340789
10666 0.340789
14856 0.340511
24730 0.339719
7527 0.339719
5788 0.339487
4522 0.339412
694 0.338796
14621 0.338611
1778 0.338611
5074 0.338611
9004 0.338492
20982 0.338492
16705 0.338492
29248 0.338377
3677 0.338157
19415 0.337949
17627 0.337338
16668 0.337269
17761 0.337072
29364 0.337072
13823 0.337072
594 0.336827
15875 0.336827
1649 0.336711
2973 0.336711
24673 0.336547
6869 0.336392
28265 0.336392
29930 0.336198
10970 0.336018
14068 0.335850
10890 0.335546
2234 0.335408
13493 0.335408
21290 0.335279
21417 0.335217
28650 0.335217
1875 0.335041
17211 0.335041
6126 0.335041
26363 0.335041
21321 0.334880
3172 0.334880
9837 0.334880
12539 0.334731
23447 0.334236
23303 0.334132
12805 0.334132
17591 0.333944
9959 0.333858
17387 0.333858
19646 0.333777
3576 0.333701
19995 0.333121
16334 0.333121
13412 0.333035
5429 0.333035
27818 0.332955
14048 0.332955
18232 0.332881
15688 0.332813
9628 0.332750
5036 0.332750
21694 0.332691
27882 0.332636
13021 0.332636
18455 0.332537
19883 0.332537
3195 0.332492
21870 0.331052
5401 0.331052
28363 0.331052
28571 0.331052
361 0.331052
20734 0.331052
26727 0.331052
22450 0.331052
19749 0.331052
27249 0.331052
2009 0.331052
10190 0.331052
20369 0.329534
25637 0.329372
438 0.329310
13217 0.329310
15320 0.329310
14247 0.329171
26688 0.329094
3900 0.328294
25498 0.328123
2237 0.328029
14496 0.327929
16554 0.327823
15568 0.327586
3765 0.327586
27591 0.327586
8083 0.327454
10497 0.327454
21225 0.327454
9912 0.327312
20946 0.327158
6818 0.326990
25241 0.326931
19476 0.326931
22941 0.326808
5324 0.326808
7559 0.326538
19081 0.326538
9013 0.326390
19079 0.326231
17928 0.326062
2600 0.325734
26786 0.325734
3360 0.325580
5848 0.325473
29908 0.325473
9452 0.325473
23101 0.325417
13338 0.325417
2747 0.325244
21420 0.325244
786 0.325244
29547 0.325244
15439 0.325060
25784 0.324997
22677 0.324997
18427 0.324727
23344 0.324655
19615 0.324655
5969 0.324655
17695 0.324191
21017 0.324191
14310 0.324039
16165 0.323655
7480 0.323596
6045 0.323354
14591 0.323354
23278 0.323094
15053 0.323094
27665 0.322912
7696 0.322817
22619 0.322671
16078 0.322671
16995 0.322201
11055 0.321549
2063 0.321549
303 0.321549
8795 0.321316
27651 0.321219
10336 0.321081
21906 0.321021
349 0.320866
13921 0.320707
10903 0.320642
6262 0.320487
29567 0.320487
13284 0.320487
24964 0.320487
23548 0.320487
16267 0.320373
1503 0.320373
1656 0.320163
14638 0.320078
27039 0.320017
23452 0.320017
29363 0.319971
4669 0.319637
22320 0.319637
22527 0.319637
14788 0.319637
5317 0.319229
17121 0.319158
19089 0.319158
1900 0.319158
17911 0.319158
23540 0.318990
8199 0.318990
8629 0.318904
26561 0.318904
12990 0.318791
19798 0.318791
15248 0.318638
4045 0.318638
27748 0.318638
19694 0.318501
19416 0.318501
24174 0.318320
27692 0.318320
14432 0.318320
1714 0.318265
4119 0.318070
2987 0.317869
14546 0.317869
27104 0.317869
1758 0.317810
27604 0.317810
4384 0.317448
14620 0.317448
3124 0.317259
7588 0.317259
23643 0.317113
909 0.317113
29211 0.316998
11308 0.316905
1254 0.316905
13968 0.316659
17510 0.316005
25298 0.316005
13688 0.316005
2773 0.316005
15304 0.316005
6586 0.315453
21726 0.315381
14142 0.315381
23767 0.315381
25907 0.315162
20002 0.315162
26984 0.314704
3041 0.314704
8 0.314219
17975 0.313966
23730 0.313705
9294 0.313526
25193 0.313526
18374 0.313526
13613 0.313526
10413 0.313414
18690 0.313158
5383 0.312893
23714 0.312893
7120 0.312845
6021 0.312845
296 0.312773
26685 0.312773
16200 0.312773
11728 0.312773
4849 0.312773
28665 0.312773
26778 0.312575
5987 0.312575
1925 0.312575
22437 0.312575
18440 0.312341
1158 0.312184
1542 0.312184
17383 0.311953
18533 0.311753
22242 0.311753
18626 0.311693
13485 0.311288
12188 0.311128
9705 0.311128
27971 0.310866
5703 0.310866
21275 0.310708
4149 0.310708
25711 0.310708
29106 0.310575
4743 0.310461
20962 0.310362
12908 0.309880
21987 0.309808
4678 0.309747
18806 0.309648
20258 0.308982
2098 0.308982
6922 0.308982
13873 0.308982
11935 0.308982
867 0.308982
25986 0.308982
294 0.308359
3087 0.308359
1906 0.308319
15727 0.308319
17778 0.308319
14356 0.308274
17043 0.308221
24438 0.308089
17133 0.308089
22931 0.308004
13706 0.308004
24081 0.307700
5466 0.307518
6233 0.307518
28005 0.307275
27953 0.307275
14563 0.307275
17886 0.307121
20941 0.306936
14446 0.306936
2550 0.306866
18683 0.306710
10339 0.306710
22873 0.306319
25551 0.306260
23155 0.306260
4408 0.305845
2790 0.305587
29080 0.305587
25830 0.305471
12610 0.305282
20756 0.305282
3589 0.305214
21795 0.305214
10659 0.304917
19423 0.304917
14345 0.304917
6983 0.304917
8210 0.304917
24219 0.304630
25440 0.304301
15525 0.304301
26207 0.304154
2207 0.304154
19342 0.304154
23576 0.304154
434 0.304089
4819 0.303733
13452 0.303585
6080 0.303465
27879 0.303465
4175 0.303465
28582 0.303320
29385 0.303115
19262 0.302838
14125 0.302838
1405 0.302772
2160 0.302772
3141 0.302772
11925 0.302719
8396 0.302719
25119 0.302265
25836 0.302265
15780 0.302265
20742 0.301797
19946 0.301797
1281 0.301740
28460 0.301740
11741 0.301669
19701 0.301669
22306 0.301362
27070 0.301258
4419 0.301258
24124 0.301258
13271 0.300957
18492 0.300631
20676 0.300399
15488 0.300399
15751 0.300399
2073 0.300226
18306 0.300226
9878 0.300226
10177 0.300016
200 0.299895
1096 0.299895
3518 0.299759
9291 0.299759
17262 0.299759
6497 0.299659
18065 0.299373
10059 0.299373
26577 0.299015
27046 0.299015
7404 0.299015
28719 0.298683
25975 0.298556
17854 0.298556
12514 0.298556
2755 0.298373
1476 0.298373
29351 0.298275
12724 0.298141
25490 0.297416
28765 0.297416
17924 0.297098
13587 0.297098
21776 0.296806
26009 0.296806
24167 0.296806
5024 0.296736
24074 0.296736
9218 0.296623
5902 0.296535
326 0.296407
18231 0.296407
22468 0.296407
3943 0.296284
2506 0.296284
11575 0.296108
12500 0.296108
8960 0.296108
1114 0.296051
28970 0.295834
19074 0.295582
11225 0.295582
1469 0.295582
21759 0.295351
13166 0.295351
15216 0.295351
5670 0.295206
23144 0.295206
12595 0.295136
20551 0.294938
6361 0.294938
2623 0.294938
15760 0.294694
29835 0.294694
14758 0.294581
14133 0.294472
26325 0.294420
7201 0.294082
17031 0.293910
19052 0.293603
21640 0.293218
6800 0.293218
16305 0.293218
22260 0.293161
14407 0.292854
29686 0.292854
27588 0.292378
11325 0.292378
25232 0.292280
20618 0.292280
6544 0.292190
14236 0.291589
21363 0.291493
9289 0.291326
21561 0.291326
10677 0.291187
10386 0.291187
13661 0.291187
15869 0.291187
22004 0.291126
15261 0.291070
10254 0.290970
2853 0.290970
3334 0.289671
17087 0.289671
7222 0.289671
11729 0.289671
28153 0.289671
22806 0.289671
23891 0.289671
6904 0.289671
23007 0.289671
24236 0.289671
13704 0.289671
24599 0.289671
5431 0.289671
3714 0.288469
13291 0.288428
15151 0.288336
13701 0.288170
12320 0.288170
19750 0.288105
15554 0.288034
10725 0.288034
14297 0.287957
1217 0.287872
23245 0.287872
14825 0.287872
12029 0.287872
15526 0.287778
24529 0.287195
18701 0.287195
20870 0.286556
19700 0.286416
21050 0.286416
6016 0.286416
5096 0.286416
5139 0.286416
28385 0.286263
20630 0.286263
6004 0.286263
16310 0.286095
29936 0.286095
5930 0.286095
19375 0.286095
10861 0.285909
8786 0.285390
18007 0.285390
11789 0.285214
13741 0.285024
20739 0.284816
22728 0.284589
22138 0.284339
9127 0.284064
12153 0.283991
22011 0.283346
11168 0.283234
16440 0.283117
11765 0.282934
4304 0.282606
10584 0.282319
9341 0.282243
29046 0.282243
12291 0.282243
14675 0.282243
16399 0.282243
27853 0.282114
7626 0.282008
29769 0.282008
8714 0.281669
10559 0.281299
2957 0.281299
26084 0.281187
21636 0.281187
8273 0.280893
18541 0.280523
22531 0.280523
9826 0.280523
15930 0.280446
15990 0.280015
29720 0.280015
28060 0.279875
21933 0.279325
259 0.279325
23214 0.279325
3039 0.279201
23735 0.279201
2360 0.279055
16480 0.278853
24647 0.278671
15467 0.278591
21897 0.278530
253 0.278482
21309 0.278084
9412 0.278084
25873 0.278084
5929 0.278084
24714 0.278084
16910 0.278084
12249 0.278084
17795 0.277701
21594 0.277701
19978 0.277657
19329 0.277601
6722 0.277529
24735 0.277529
15319 0.277529
15543 0.277197
26582 0.276918
11370 0.276918
4872 0.276854
10927 0.276504
26762 0.276242
23309 0.276163
4508 0.276112
7889 0.275877
21264 0.275579
12739 0.275579
4439 0.275579
27011 0.275331
24923 0.275331
29255 0.274942
24303 0.274425
1067 0.274245
29098 0.274245
7453 0.274245
1692 0.273974
6889 0.273782
25410 0.273478
6101 0.273478
17273 0.273397
17449 0.273330
1972 0.273227
26708 0.273227
14969 0.273186
6319 0.272631
14779 0.272631
26069 0.272631
2428 0.272080
2624 0.272080
13709 0.272080
3769 0.271936
28902 0.271870
5574 0.271491
29509 0.271491
8109 0.271403
29038 0.271181
27236 0.271037
14001 0.270861
19911 0.270861
23727 0.270720
10752 0.270359
12468 0.270359
4481 0.270186
23137 0.270186
6269 0.270123
16536 0.269984
7280 0.269984
10709 0.269894
22685 0.269746
17537 0.269746
22955 0.269694
9905 0.269694
14472 0.269461
16489 0.269461
28609 0.269461
2751 0.269461
29975 0.269114
5824 0.269114
520 0.268866
21609 0.268866
24950 0.268680
16628 0.268680
3941 0.268475
2990 0.268475
16111 0.268327
1168 0.268214
9418 0.268125
7393 0.267785
12518 0.267388
4601 0.267022
2965 0.266978
3248 0.266978
10741 0.266922
9754 0.266848
20795 0.266848
25469 0.266600
1066 0.266364
573 0.266109
12286 0.265927
4664 0.265927
29887 0.265927
21922 0.265927
18293 0.265753
16204 0.265685
25355 0.265685
29884 0.265685
21606 0.265532
15838 0.265532
26539 0.265241
24088 0.265241
12938 0.265171
20999 0.265171
13874 0.265171
17014 0.265122
14601 0.264842
24310 0.264540
20659 0.264156
25419 0.264156
9713 0.264156
16962 0.264004
10438 0.264004
14114 0.263653
17299 0.263587
6334 0.263337
19183 0.263337
29633 0.263337
19649 0.263337
20923 0.263107
6473 0.263107
28596 0.263052
11718 0.263052
23229 0.262895
26760 0.262635
10370 0.262559
6093 0.262559
28239 0.262343
24097 0.262146
16000 0.262083
7317 0.261638
793 0.261447
18871 0.261447
29116 0.261112
21712 0.260965
17143 0.260965
13214 0.260896
27475 0.260829
27324 0.260829
13861 0.260704
1159 0.260704
12274 0.260587
4543 0.260532
19261 0.260532
20284 0.260378
22262 0.260378
9844 0.260378
28842 0.260239
23559 0.259997
29263 0.259997
3460 0.259794
18676 0.259794
12177 0.259794
29777 0.259622
7792 0.259545
17084 0.259179
24522 0.259084
13368 0.258924
26935 0.258924
23545 0.258924
11117 0.258735
19327 0.258735
6118 0.258735
27630 0.258735
25080 0.258683
27965 0.258635
28867 0.258635
24944 0.258590
2625 0.258590
18170 0.257485
9861 0.257485
25336 0.257485
25952 0.257485
6723 0.257485
19810 0.257485
23965 0.257485
450 0.257485
17513 0.257485
9956 0.257485
27696 0.257485
45 0.257485
22965 0.256430
11289 0.256430
17013 0.256390
27533 0.256346
26394 0.256299
20637 0.256299
27003 0.256191
27107 0.256191
13024 0.256063
17445 0.256063
2814 0.255906
27618 0.255813
11581 0.255813
14149 0.255383
9933 0.255383
9254 0.255303
28674 0.255217
29028 0.254910
18109 0.254910
24820 0.254789
13981 0.254508
24157 0.254226
25140 0.254226
21093 0.254163
4363 0.254163
2149 0.254163
13872 0.254163
19514 0.254097
25542 0.253958
18119 0.253807
22662 0.253807
160 0.253642
19852 0.253264
13416 0.253264
23496 0.253264
15669 0.253264
22301 0.253264
13742 0.253158
26267 0.253046
24805 0.253046
25853 0.253046
4824 0.253046
5644 0.252988
18768 0.252804
2632 0.252804
10250 0.252804
20068 0.252804
17838 0.252604
21803 0.252604
27438 0.252534
4281 0.252294
10837 0.252294
13739 0.252149
7088 0.252149
4835 0.252098
1790 0.251888
12074 0.251888
4105 0.251660
12093 0.251660
16688 0.251412
10039 0.251281
27462 0.250849
12129 0.250526
2738 0.250526
29437 0.250526
14659 0.250232
17786 0.250170
5589 0.249912
16625 0.249912
403 0.249912
5746 0.249716
25794 0.249403
20125 0.249337
17893 0.249179
24343 0.249063
29811 0.249063
16842 0.248973
15862 0.247949
2219 0.247904
5446 0.247847
11840 0.247769
8947 0.247769
26118 0.247769
20621 0.247582
8993 0.247359
28555 0.247359
17541 0.247186
29314 0.247186
17046 0.247186
8608 0.246820
10997 0.246820
8572 0.246820
458 0.246757
11653 0.246528
11304 0.246290
3909 0.246290
18858 0.246220
4053 0.246220
1426 0.246220
19409 0.246220
1288 0.246220
27540 0.246220
7986 0.246092
22842 0.245781
20058 0.245620
10361 0.245106
25666 0.244925
14837 0.244925
19010 0.244691
1685 0.243933
27622 0.243933
1423 0.243933
14877 0.243933
2386 0.243933
2118 0.243933
1042 0.243933
5250 0.243421
25691 0.243376
14089 0.243324
23768 0.243324
25756 0.243259
14630 0.243180
27434 0.242950
12863 0.242656
8183 0.242656
14861 0.242656
9290 0.242402
2071 0.242339
18359 0.241812
26595 0.241812
17363 0.241621
9932 0.241392
27746 0.241174
8208 0.241006
836 0.240765
8627 0.240765
667 0.240765
2185 0.240481
6082 0.240142
16466 0.239728
7655 0.239728
3226 0.239728
28537 0.239728
15062 0.239397
27308 0.239352
12413 0.239293
18288 0.239293
20012 0.239212
10499 0.239011
25238 0.239011
8624 0.238904
11956 0.238904
1605 0.238699
9464 0.238358
17295 0.238234
9427 0.238000
16717 0.237944
7252 0.237679
18790 0.237679
27839 0.237679
12353 0.237389
15680 0.237321
19824 0.237126
2136 0.237003
9262 0.236720
25265 0.236667
29959 0.236667
24176 0.236466
24137 0.236236
14269 0.236165
6369 0.235900
9041 0.235838
6558 0.235838
15330 0.235664
615 0.235664
13396 0.235664
23493 0.235505
28394 0.235454
23549 0.235266
8258 0.235266
3009 0.234940
19535 0.234940
7172 0.234799
12774 0.234670
18740 0.234670
9607 0.234495
17077 0.234495
14205 0.233965
4572 0.233863
24150 0.233863
15401 0.233863
6639 0.233769
8838 0.233684
18904 0.233684
16496 0.233606
24348 0.233194
12687 0.233194
666 0.233108
13883 0.233031
21788 0.233031
28866 0.233031
14440 0.232795
27059 0.232795
23853 0.232749
26751 0.232667
22797 0.231737
1936 0.231737
25102 0.231737
28039 0.231737
7060 0.231737
10349 0.231737
12747 0.231737
29392 0.231737
16543 0.231737
26324 0.231737
22294 0.231737
22963 0.231737
24356 0.231737
10105 0.231737
10857 0.231737
20602 0.231737
20956 0.231737
11791 0.230688
13148 0.230688
28916 0.230638
27302 0.230584
2179 0.230523
1812 0.230381
29514 0.230202
20505 0.230202
22974 0.229649
25633 0.229550
12647 0.229442
13720 0.229323
23307 0.229323
24502 0.229190
24873 0.229190
22117 0.229190
22223 0.229190
19564 0.228876
16122 0.228753
2014 0.228753
24922 0.228688
9439 0.228473
29025 0.228312
24299 0.227938
25500 0.227718
26890 0.227472
11962 0.227405
2450 0.227193
2715 0.227193
14657 0.227007
26238 0.227007
4834 0.226959
19790 0.226806
3817 0.226699
16744 0.226587
16908 0.226409
5083 0.226409
29826 0.226347
5363 0.226347
29091 0.226085
19472 0.226085
9488 0.226085
28336 0.226085
333 0.225845
29619 0.225845
6960 0.225718
14447 0.225718
11434 0.225718
2233 0.225584
28212 0.225474
17137 0.225474
7745 0.225300
7675 0.225116
2908 0.224987
21138 0.224892
2107 0.224892
6634 0.224261
10746 0.224261
3074 0.224261
24142 0.224261
12202 0.223947
14642 0.223900
1029 0.223900
13149 0.223837
29349 0.223606
14123 0.223502
19606 0.223361
29328 0.223361
18285 0.223361
29251 0.223010
21576 0.222824
6177 0.222824
15770 0.222824
18307 0.222824
14079 0.222824
1207 0.222572
20292 0.222572
24460 0.222374
11784 0.222213
22843 0.222023
2795 0.221758
3972 0.221758
28513 0.221404
28009 0.220702
18529 0.220702
153 0.220202
2005 0.220150
11743 0.220085
4083 0.220003
4180 0.219750
4104 0.219750
16020 0.219055
9940 0.219055
27621 0.218620
16558 0.218620
18225 0.218440
14179 0.218440
28339 0.218105
21194 0.217970
29706 0.217872
19301 0.217653
8379 0.217593
7095 0.217593
13829 0.217253
7924 0.217253
27864 0.217253
7690 0.217253
26231 0.217253
19687 0.217253
3750 0.217253
3888 0.216945
88 0.216945
5054 0.216896
24052 0.216896
16785 0.216896
3962 0.216664
20336 0.216026
17870 0.215904
7734 0.215904
24049 0.215787
15230 0.215569
3738 0.215331
47 0.215331
7646 0.215275
20143 0.215275
8425 0.215114
24123 0.214917
19124 0.214780
7963 0.214780
1395 0.214571
24264 0.214571
11207 0.214382
29414 0.214323
8590 0.214323
8367 0.214210
6065 0.213738
23400 0.213738
26248 0.213442
16282 0.213442
28399 0.213442
24226 0.213442
20073 0.213314
9315 0.213255
24290 0.213255
28636 0.212947
12972 0.212602
27772 0.212602
4059 0.212510
13922 0.212047
11357 0.211954
7814 0.211874
29876 0.211874
29381 0.211874
20648 0.211739
17819 0.211632
2312 0.211586
26323 0.211586
14764 0.211544
10852 0.210670
20533 0.210670
2949 0.210670
9301 0.210670
25275 0.210670
13827 0.210670
15587 0.210670
21877 0.210670
12999 0.210670
29764 0.210670
29051 0.210670
7599 0.209803
7812 0.209803
28644 0.209803
24538 0.209716
16432 0.209716
20616 0.209716
19316 0.209479
15418 0.209401
4328 0.209311
29126 0.208943
11775 0.208772
8531 0.208772
26232 0.208772
13210 0.208772
28286 0.208440
24245 0.208440
753 0.208090
17191 0.208090
5539 0.207969
16613 0.207836
950 0.207525
838 0.207343
28362 0.207343
23350 0.207139
18675 0.207139
4231 0.207084
18192 0.206644
29678 0.206644
21753 0.206644
16890 0.206644
7093 0.206258
4635 0.206258
7449 0.205988
26809 0.205683
2996 0.205336
11844 0.205184
18600 0.205184
9002 0.205077
3568 0.205077
16281 0.205077
13813 0.204850
3428 0.204850
17660 0.204791
19990 0.204747
17926 0.204474
21076 0.204474
29300 0.204173
17883 0.204120
15641 0.204045
2407 0.203928
16796 0.203725
1743 0.203725
20315 0.203725
9335 0.203618
6223 0.203278
24152 0.203278
20677 0.203068
27851 0.202903
28409 0.202903
14365 0.202903
13955 0.202903
11978 0.202770
15218 0.202770
11323 0.202770
21642 0.202611
29719 0.202488
12794 0.202488
275 0.202390
19321 0.202096
28731 0.202027
5810 0.201510
2862 0.201510
2139 0.201510
12337 0.201510
18227 0.201094
5946 0.201050
19812 0.201050
19612 0.200928
21129 0.200928
1818 0.200266
11466 0.200136
29226 0.199976
12871 0.199976
2888 0.199773
3807 0.199508
16836 0.199231
11897 0.199038
15279 0.199038
24164 0.198966
17049 0.198966
6895 0.198966
14206 0.198631
22837 0.198631
25598 0.198631
14947 0.198277
14138 0.198196
3167 0.198196
2977 0.197824
18656 0.197824
18043 0.197690
2892 0.197503
17381 0.197223
27671 0.197223
4133 0.197223
13184 0.197223
26836 0.197023
23217 0.196900
1910 0.196758
1335 0.196625
23553 0.196625
18313 0.196387
28192 0.196387
28880 0.196179
13107 0.196179
23271 0.196179
18716 0.196179
21777 0.196179
1015 0.195996
7163 0.195996
12960 0.195834
26133 0.195689
28861 0.195689
28156 0.195558
23750 0.195558
14704 0.195441
11865 0.195284
13999 0.195284
21486 0.195147
23239 0.195147
25164 0.195026
23899 0.194919
9383 0.194360
8586 0.194360
19265 0.194193
20534 0.194125
27 0.194125
13204 0.194065
17788 0.194065
6054 0.194065
29174 0.194012
14590 0.193922
17200 0.193114
12302 0.193114
21196 0.193114
2311 0.193114
3887 0.193114
21645 0.193114
19271 0.193114
12900 0.193114
5255 0.193114
18138 0.193114
11074 0.192313
1840 0.191971
11544 0.191971
24869 0.191884
15040 0.191342
23068 0.191239
8388 0.191123
8581 0.191123
3223 0.191123
27398 0.190992
12054 0.190730
3649 0.190606
24480 0.190606
6024 0.190606
21902 0.190469
7487 0.190469
5908 0.190315
22580 0.189726
2175 0.189603
28715 0.189400
5195 0.188970
8397 0.188916
3836 0.188916
28980 0.188916
5187 0.188623
790 0.188623
19186 0.188494
18334 0.188404
28349 0.188404
20069 0.188286
25037 0.188286
10183 0.188213
27467 0.188162
19625 0.187641
6526 0.187362
26729 0.187117
9365 0.187052
29070 0.187052
1304 0.186884
8468 0.186884
9853 0.186884
15131 0.186884
1505 0.186707
20041 0.186707
21025 0.186707
18332 0.186707
13253 0.186321
12505 0.186217
14631 0.186134
26740 0.186134
20171 0.185885
24636 0.185885
25143 0.185827
27114 0.185389
2024 0.185389
16942 0.185389
5234 0.185389
22700 0.185000
18733 0.185000
25770 0.185000
9331 0.185000
8539 0.184954
18579 0.184954
1803 0.184467
12451 0.184467
20830 0.184467
20502 0.184336
2712 0.184226
17568 0.183918
21392 0.183918
25302 0.183918
617 0.183918
21257 0.183694
25769 0.183295
12988 0.183295
4378 0.183295
18772 0.183234
22027 0.183234
19107 0.182950
894 0.182950
13692 0.182950
17768 0.182950
15802 0.182950
6067 0.182950
7608 0.182580
14261 0.182265
12921 0.182265
19111 0.181942
16114 0.181754
13625 0.181545
10445 0.181481
4480 0.181481
4370 0.181247
23986 0.181193
28035 0.181044
177 0.181044
22253 0.180868
14452 0.180712
17504 0.180574
5459 0.180394
16159 0.180394
16118 0.180394
10779 0.180394
22332 0.180394
24512 0.179990
12298 0.179796
17142 0.179714
16944 0.179409
20038 0.179320
23164 0.179244
2002 0.178259
17269 0.178259
19379 0.178259
2278 0.178259
18549 0.178259
17903 0.178259
1914 0.178259
4235 0.178259
24652 0.178259
14455 0.177540
25664 0.177456
11306 0.177406
20334 0.177406
1145 0.177406
28497 0.177349
14781 0.177285
22625 0.177210
21934 0.177210
24925 0.177124
12506 0.177124
12744 0.176827
12497 0.176827
9537 0.176748
5047 0.176748
1585 0.176174
2227 0.176174
20874 0.176120
27988 0.176120
7887 0.176003
27747 0.175872
29815 0.175263
11776 0.175150
4445 0.174896
26259 0.174896
9538 0.174530
21102 0.174137
12171 0.174137
18513 0.174137
17457 0.173803
29081 0.173547
15729 0.173547
4620 0.173261
19255 0.172938
25152 0.172938
14544 0.172723
25348 0.172723
18782 0.172366
4368 0.172147
20585 0.172082
14576 0.172082
1870 0.172082
1176 0.171657
14055 0.171657
14252 0.171657
13001 0.171284
1053 0.171234
9651 0.171169
16332 0.170953
9175 0.170866
11276 0.170866
19131 0.170542
22962 0.170395
26900 0.169940
3128 0.169859
8663 0.169807
16537 0.169807
11744 0.169563
22107 0.169563
7205 0.169563
6731 0.169563
3182 0.169305
20991 0.169246
18215 0.168877
6955 0.168536
21172 0.168300
10856 0.168196
23370 0.167704
8160 0.167520
10216 0.167520
7767 0.167365
26799 0.167365
20553 0.167365
21001 0.167233
21665 0.167118
20243 0.167118
6650 0.167017
4950 0.166929
14051 0.166850
1902 0.166850
16194 0.166850
13276 0.166517
2530 0.166441
27270 0.166441
29790 0.166441
311 0.166318
23039 0.166268
7538 0.166268
3592 0.166225
15078 0.165526
1943 0.165526
16027 0.165526
15193 0.165526
1581 0.165526
21834 0.164834
3725 0.164791
5731 0.164791
12454 0.164791
3331 0.164686
21344 0.164622
8403 0.164458
7003 0.164458
21081 0.164147
16486 0.163727
20442 0.163579
27916 0.163466
16868 0.163466
26299 0.163404
1415 0.163031
18365 0.163031
1060 0.163031
10995 0.163031
5614 0.162790
5640 0.162622
27090 0.162622
5051 0.162363
10865 0.162363
774 0.162363
730 0.162363
26073 0.162216
16120 0.161966
17503 0.161677
12581 0.161677
7688 0.161409
24633 0.161409
1657 0.161100
28782 0.161100
24147 0.160928
21920 0.160797
13090 0.160797
7949 0.160742
22860 0.160510
7627 0.160321
1723 0.160321
12751 0.160321
11730 0.160321
15136 0.160243
21992 0.160187
5136 0.160187
19252 0.159818
8498 0.159818
9597 0.159818
8267 0.159495
4147 0.159452
15890 0.159452
7297 0.159319
24114 0.159035
19991 0.158905
1933 0.158557
28323 0.158452
12049 0.158329
7151 0.158329
2135 0.158329
8849 0.158002
6966 0.158002
6729 0.157727
1023 0.157727
7298 0.157727
11393 0.157491
21929 0.157491
24256 0.157352
16755 0.157110
15822 0.157110
17029 0.157110
13156 0.157110
22593 0.156730
545 0.156447
11547 0.156387
3275 0.155789
28450 0.155789
548 0.155287
6346 0.155181
17086 0.154491
8541 0.154491
21078 0.154491
24575 0.153850
574 0.153850
8694 0.153703
6595 0.153638
2834 0.153638
29378 0.153560
584 0.153468
10262 0.153130
1825 0.153034
26710 0.153034
3612 0.152923
6846 0.152793
5291 0.152641
26423 0.152641
3451 0.152458
22072 0.152458
7797 0.152458
6546 0.152150
14164 0.151603
2187 0.151462
8286 0.151462
4992 0.151386
13110 0.151386
5194 0.151338
5699 0.151133
15128 0.151133
1507 0.150835
24962 0.150723
17221 0.150478
24370 0.150316
21868 0.150316
29221 0.150200
25133 0.150113
27568 0.149947
5483 0.149879
3598 0.149830
6957 0.149830
15237 0.149508
20265 0.149508
13695 0.149187
29087 0.149187
15353 0.149187
16693 0.149187
18978 0.149137
11145 0.148907
1888 0.148907
6488 0.148822
25044 0.148549
14707 0.148549
26765 0.148549
8754 0.148403
7318 0.148204
19729 0.148204
28206 0.147917
142 0.147917
21918 0.147469
7720 0.147290
25688 0.147134
6498 0.146955
27820 0.146802
25274 0.146802
25742 0.146669
18897 0.146669
23979 0.146669
7481 0.146500
13988 0.146360
10792 0.146360
219 0.146242
13119 0.146242
3839 0.146140
25940 0.146053
1584 0.146053
16087 0.145746
21859 0.145594
12987 0.145485
17362 0.145441
16043 0.145441
13566 0.144835
19951 0.144835
27536 0.144234
21605 0.144234
769 0.144142
19012 0.143936
14915 0.143638
27834 0.143554
19870 0.143456
29817 0.143342
239 0.143047
18519 0.143047
10011 0.142921
10055 0.142921
4291 0.142921
27573 0.142776
21990 0.142776
14277 0.142294
22176 0.142170
16853 0.141880
1934 0.141880
5131 0.141617
22347 0.141617
17722 0.141436
27336 0.141303
26212 0.141159
24767 0.141057
12097 0.140834
17885 0.140775
2994 0.140731
61 0.140446
24732 0.140446
14886 0.140446
20805 0.140163
5295 0.139295
11262 0.139241
20902 0.138828
3253 0.138764
8057 0.138764
14972 0.138764
10614 0.138764
18537 0.138350
9274 0.138350
6008 0.138192
8401 0.138056
25029 0.137938
11997 0.137938
3070 0.137665
566 0.137213
15835 0.137213
10484 0.137122
19047 0.137049
1511 0.136935
2776 0.136891
80 0.136891
6071 0.136891
16321 0.136316
1435 0.136316
6430 0.136316
23990 0.136316
17376 0.136316
24177 0.136316
13524 0.136316
4552 0.136316
27868 0.136316
10182 0.136316
7390 0.136316
18169 0.136316
9115 0.135745
19242 0.135651
4912 0.135651
1246 0.135651
23562 0.135591
5221 0.135519
12538 0.135431
2558 0.135431
28495 0.135431
18959 0.135431
10552 0.135180
25074 0.135093
1937 0.135093
15483 0.134731
7700 0.134731
9862 0.134619
5992 0.134557
21547 0.134490
23110 0.134163
10682 0.133952
22547 0.133952
9267 0.133952
470 0.133952
27754 0.133952
1837 0.133952
3472 0.133892
10281 0.133892
13064 0.133694
10943 0.133461
15442 0.133300
11411 0.133055
15080 0.132964
13294 0.132766
14895 0.132421
24640 0.132078
19891 0.131883
16761 0.131793
12491 0.131669
4448 0.131554
23428 0.131397
28303 0.131397
20725 0.131172
25556 0.131172
23676 0.131172
9846 0.130982
22564 0.130982
22753 0.130925
1754 0.130819
9120 0.130723
12638 0.130723
20696 0.130723
11861 0.130556
10017 0.130415
18592 0.130415
8934 0.130352
11455 0.130352
9666 0.130294
27125 0.130056
9986 0.129946
14534 0.129946
9460 0.129852
13814 0.129773
6738 0.129542
20130 0.129462
22240 0.128743
11703 0.128743
11157 0.128195
20122 0.128149
7286 0.128031
15393 0.127953
20856 0.127953
2781 0.127953
24938 0.127652
3298 0.127652
104 0.127561
6534 0.127561
3036 0.127455
3122 0.127455
23311 0.127173
20011 0.126632
15607 0.126632
18103 0.126193
16238 0.125944
28150 0.125944
7482 0.125830
11047 0.125640
19853 0.125640
853 0.125640
6271 0.125640
967 0.125524
4254 0.125263
12986 0.124956
3110 0.124145
2741 0.123923
26913 0.123743
4382 0.123593
14498 0.123593
10375 0.123593
9532 0.123593
5362 0.123410
14223 0.123264
16607 0.123264
5622 0.123145
2218 0.123145
28702 0.122612
27957 0.122612
20021 0.122553
29961 0.122553
19019 0.122553
29188 0.122504
22926 0.121967
19567 0.121967
20943 0.121967
6451 0.121967
8086 0.121967
3380 0.121967
6749 0.121967
9372 0.121434
23943 0.121434
3835 0.121328
29 0.121328
28222 0.121258
17182 0.121170
9804 0.120987
13618 0.120987
1404 0.120906
20163 0.120906
19331 0.120811
18328 0.120503
4831 0.120383
203 0.120383
24135 0.120383
11104 0.120383
22178 0.120383
23434 0.120241
5954 0.120071
6160 0.120071
20879 0.119864
28314 0.119864
563 0.119676
3588 0.119676
12892 0.119606
4350 0.119349
10309 0.119179
19662 0.119179
4331 0.118839
13407 0.118839
10125 0.118563
4266 0.118233
5339 0.118233
11101 0.118082
26650 0.118082
7383 0.117832
1012 0.117832
20711 0.117832
12412 0.117832
15050 0.117335
14349 0.117335
28940 0.117170
14467 0.117039
50 0.116516
29545 0.116451
12679 0.116397
10821 0.116353
17426 0.115868
18572 0.115868
3658 0.115868
11904 0.115868
173 0.115868
13414 0.115344
18846 0.114721
8764 0.114595
11176 0.114595
18986 0.114438
6598 0.113969
22671 0.113969
15630 0.113736
24963 0.113736
24746 0.113504
23486 0.113349
28132 0.113349
6776 0.113042
15693 0.113042
285 0.113042
6418 0.113042
24837 0.112792
15484 0.112737
9395 0.112131
25651 0.112131
17818 0.111950
8517 0.111803
13140 0.111803
9880 0.111680
23004 0.111680
27841 0.111680
6805 0.111531
8115 0.111412
9213 0.111315
14731 0.111315
9010 0.111012
10881 0.110879
13899 0.110879
13902 0.110831
20489 0.110831
21120 0.110351
23343 0.110351
24973 0.110351
565 0.110351
19836 0.110351
19023 0.110351
23464 0.110351
15305 0.109828
25800 0.109770
11570 0.109698
27310 0.109698
1720 0.109404
20847 0.109310
9258 0.109195
2116 0.109053
6515 0.108936
12858 0.108627
15580 0.108627
7635 0.108627
3148 0.108472
9890 0.108288
18930 0.108144
26312 0.108144
13952 0.108013
4213 0.107785
12321 0.107785
22269 0.107557
18686 0.107507
3391 0.107507
25644 0.107428
7302 0.107285
10280 0.106721
15701 0.106721
8512 0.106546
7312 0.106410
23985 0.106213
4563 0.106023
20864 0.105816
9197 0.105816
28057 0.105816
17314 0.105335
16528 0.105335
8458 0.105335
29875 0.105335
5460 0.105335
19871 0.105335
1683 0.105335
20161 0.104901
12040 0.104858
15534 0.104858
12352 0.104858
27471 0.104858
21739 0.104806
5999 0.104740
14903 0.104471
27002 0.104282
18116 0.104282
8566 0.104151
9097 0.104151
26045 0.104151
13297 0.104045
26044 0.103984
19842 0.103984
5851 0.103984
24959 0.103622
19728 0.103569
9782 0.103569
4452 0.103322
14266 0.103249
19672 0.103203
4890 0.102994
19260 0.102994
27575 0.102786
13236 0.102740
25582 0.102740
26409 0.102538
5869 0.102374
23909 0.102237
2280 0.102087
17518 0.102087
1756 0.102022
3603 0.101964
7511 0.101862
25843 0.101862
21427 0.101862
5916 0.101385
4127 0.101195
1731 0.101195
16928 0.100755
10558 0.100755
11985 0.100755
29814 0.100755
12849 0.100755
8718 0.100319
13243 0.100319
11035 0.100271
380 0.100271
7921 0.100210
28351 0.100210
12159 0.100210
12826 0.100133
13470 0.099886
25032 0.099791
10061 0.099672
17410 0.099316
8431 0.099316
28668 0.099316
28686 0.099316
28988 0.099139
21815 0.099139
17097 0.099033
25849 0.099033
23078 0.098845
19794 0.098845
19270 0.098611
17663 0.098611
9852 0.098194
3256 0.098194
15790 0.097135
2931 0.097062
15846 0.097006
19795 0.096961
21268 0.096557
21589 0.096557
11438 0.096557
17064 0.096557
22002 0.096557
24426 0.096156
10690 0.096156
6513 0.096156
23678 0.096057
27676 0.095986
29190 0.095562
7289 0.095562
5089 0.095421
26792 0.095421
11561 0.095421
1835 0.095421
23814 0.095365
2303 0.095234
23772 0.095071
9785 0.094863
1468 0.094586
17839 0.094311
20939 0.094311
13526 0.094311
12025 0.094202
25926 0.093947
25020 0.093821
26188 0.093821
15093 0.093526
23075 0.093526
1057 0.093526
23505 0.093442
21980 0.093227
25783 0.093108
17664 0.093108
24171 0.093108
13295 0.093067
23878 0.092695
17209 0.092695
18842 0.092695
23227 0.092695
13311 0.092285
17181 0.092168
4701 0.092168
24743 0.092168
5240 0.092081
12109 0.092081
22585 0.091878
29503 0.091777
19521 0.091647
19066 0.091647
7070 0.091647
28073 0.091475
10029 0.091475
21613 0.091475
26311 0.091132
5484 0.091076
9031 0.090877
2978 0.090877
26679 0.090877
20935 0.090877
4951 0.090623
7137 0.090434
22615 0.090120
11697 0.090120
10400 0.089995
17500 0.089995
27938 0.089705
16856 0.089622
27695 0.089622
286 0.089512
13934 0.089129
27156 0.089129
26123 0.089129
19769 0.089129
19143 0.088642
29142 0.088161
12260 0.088001
9466 0.088001
10627 0.087862
24295 0.087862
15471 0.087448
9181 0.087448
5563 0.087448
18072 0.087213
3458 0.087213
1530 0.086901
21983 0.086631
1293 0.086541
10898 0.086285
27656 0.085828
24033 0.085828
413 0.085828
28301 0.085828
11173 0.085477
24691 0.085477
16130 0.085041
10296 0.084782
16076 0.084782
16976 0.084268
5818 0.084268
15626 0.083887
20 0.083760
17705 0.083760
14580 0.083616
3859 0.083509
2607 0.083259
17553 0.083188
1518 0.083134
3482 0.083134
22415 0.083134
858 0.083134
4985 0.082395
9793 0.082343
29765 0.082343
1072 0.082273
23637 0.081789
12126 0.081515
22037 0.081311
20686 0.081108
11871 0.080956
5310 0.080838
8576 0.080604
6339 0.080604
1327 0.080604
26092 0.080604
11280 0.080371
15425 0.080371
9332 0.080305
1491 0.080255
14543 0.079909
12817 0.079909
6480 0.079909
25693 0.079909
2926 0.079517
17162 0.079517
19529 0.079130
2778 0.079001
624 0.078889
12389 0.078745
9192 0.078745
25702 0.078745
27859 0.078555
14747 0.078223
23118 0.077895
8369 0.077677
1448 0.077615
6600 0.077569
7888 0.077246
15451 0.077246
18260 0.076879
28203 0.076607
21291 0.076517
24514 0.076397
25814 0.076292
12614 0.076292
11854 0.076229
10139 0.075731
10408 0.075731
26464 0.075731
4684 0.075669
25927 0.075669
20841 0.075449
13761 0.075158
17930 0.075158
3525 0.075100
3692 0.074754
20563 0.074754
10289 0.074754
6674 0.074354
6213 0.074275
5224 0.074275
27280 0.074275
11647 0.074275
26876 0.074156
3799 0.074156
24739 0.074156
27854 0.073801
23995 0.073734
23387 0.073567
526 0.073401
16659 0.073334
19366 0.073334
11272 0.073180
4677 0.073070
21641 0.072873
24443 0.072873
1856 0.072797
19317 0.072418
10684 0.072418
10879 0.072096
8155 0.072096
26295 0.072042
1251 0.072042
20500 0.071671
21755 0.071671
6582 0.071524
21580 0.071524
24223 0.071304
12973 0.071085
24006 0.070940
3999 0.070651
7080 0.070651
1829 0.070580
7192 0.070529
23308 0.070223
27416 0.069921
10424 0.069870
27838 0.069870
21306 0.069800
16007 0.069620
8538 0.069382
25587 0.069382
13854 0.069175
29837 0.069028
13332 0.069028
28424 0.069028
17805 0.068969
17218 0.068969
16674 0.068833
25746 0.068735
16873 0.068735
21251 0.068735
9599 0.068561
22384 0.068494
2700 0.068445
9608 0.068445
11735 0.068158
29274 0.068158
25497 0.067759
17334 0.067759
12086 0.067590
28141 0.067590
4278 0.067496
5636 0.067365
6754 0.067170
7389 0.066847
22042 0.066755
29920 0.066482
10425 0.066210
12340 0.066210
26485 0.065674
27584 0.065674
22551 0.065586
28664 0.065410
19475 0.065278
15863 0.065278
23018 0.065278
23508 0.065278
5998 0.065147
27669 0.064671
1238 0.064075
28944 0.064075
18175 0.063781
29725 0.063664
26615 0.063664
27478 0.063201
28941 0.062632
16555 0.062632
9344 0.062295
15884 0.062072
6470 0.061796
17910 0.061632
14391 0.061523
6613 0.061387
2577 0.061387
14941 0.061252
3470 0.060983
26227 0.060983
12328 0.060585
10835 0.060453
4061 0.060348
14029 0.060348
20356 0.060191
9300 0.060191
4005 0.059932
29613 0.059803
9955 0.059803
24738 0.059803
29850 0.059675
22535 0.059675
27731 0.059420
9895 0.059420
2079 0.059420
29454 0.059420
3929 0.059420
25111 0.059420
3204 0.059167
10169 0.059167
11000 0.059167
22597 0.059116
16354 0.059041
22712 0.058916
3237 0.058816
27791 0.058668
21197 0.058299
23911 0.058299
17443 0.058177
1319 0.057934
27504 0.057934
22590 0.057934
18480 0.057934
23512 0.057646
4470 0.057574
6799 0.057455
14324 0.057219
20063 0.057078
9591 0.057078
8437 0.056984
25652 0.056984
12869 0.056868
25963 0.056798
19097 0.056798
6156 0.056752
17485 0.056521
14470 0.056521
12672 0.056521
28074 0.056521
7353 0.056521
2683 0.056179
20070 0.055975
17505 0.055840
1318 0.055706
1623 0.055175
9916 0.055175
13233 0.054914
15411 0.054849
8955 0.054655
26805 0.054526
22477 0.054526
1762 0.054207
19888 0.054207
19835 0.054207
19604 0.054144
12251 0.053892
17579 0.053643
3763 0.053581
27943 0.053273
22979 0.053273
24863 0.053151
13301 0.052968
24111 0.052076
20579 0.052076
27592 0.052076
23368 0.051785
5428 0.051497
5006 0.051269
24685 0.051269
22854 0.051213
15175 0.051213
29042 0.051043
9946 0.051043
22555 0.050653
2659 0.050653
176 0.050598
12085 0.050598
4964 0.050378
26347 0.050378
16023 0.050378
9791 0.049836
28117 0.049836
11389 0.049836
26213 0.049836
25214 0.049516
28134 0.049516
21998 0.049306
7711 0.049306
13147 0.049306
8836 0.049097
1967 0.049045
17315 0.049045
17533 0.048890
10331 0.048890
16008 0.048890
2991 0.048787
18918 0.048684
13659 0.048531
27756 0.048278
9786 0.048078
23983 0.048028
6423 0.047536
27757 0.047487
26572 0.047293
9650 0.047293
24771 0.046815
17477 0.046533
27551 0.046347
17563 0.046347
11688 0.046347
18961 0.046347
23662 0.046347
21559 0.046117
2824 0.046040
24285 0.046040
727 0.045738
11038 0.045738
13888 0.045662
989 0.045439
2004 0.045144
12033 0.044852
19519 0.044852
28318 0.044565
10710 0.044565
13703 0.044352
25893 0.044281
11536 0.044281
2757 0.044140
20514 0.043931
19173 0.043724
5480 0.043181
2075 0.043114
18901 0.043114
28397 0.042914
9206 0.042914
20921 0.042914
20247 0.042914
9405 0.042914
7234 0.042651
29553 0.042651
12355 0.042391
13820 0.042391
21313 0.042326
15601 0.042134
4807 0.041943
9373 0.041880
14488 0.041754
25942 0.041629
7958 0.041629
11057 0.041629
28068 0.041629
3871 0.041629
8456 0.041015
2481 0.041015
11394 0.041015
2788 0.040895
4000 0.040835
20702 0.040656
9550 0.040656
19441 0.040478
10514 0.040478
16882 0.040302
19374 0.040186
1018 0.040128
10007 0.039955
28437 0.039955
11087 0.039783
9211 0.039783
1574 0.039613
6967 0.039501
3510 0.039445
6252 0.039445
22777 0.039277
19752 0.038947
16736 0.038784
6907 0.038463
13057 0.038409
8503 0.038304
19608 0.038198
7873 0.038146
2001 0.038146
24076 0.037990
28418 0.037579
14648 0.037528
2324 0.037528
17791 0.037377
7742 0.037377
8467 0.037377
16271 0.037227
20106 0.037177
3779 0.037078
13073 0.036979
11613 0.036590
5934 0.036398
18106 0.036398
7193 0.036209
11091 0.036021
22246 0.035470
22526 0.035290
25291 0.035290
1220 0.034761
5219 0.034761
29914 0.034761
2216 0.034588
16941 0.034416
21068 0.034079
9639 0.034079
22861 0.033585
26500 0.033424
7242 0.033424
23138 0.033264
6134 0.032793
21924 0.032335
6676 0.032335
16997 0.032037
8873 0.031890
17147 0.031890
25136 0.031745
13529 0.031600
15561 0.031457
29533 0.031457
8213 0.031175
6856 0.031175
28517 0.031175
12336 0.030898
4545 0.030762
4131 0.030762
27563 0.030626
11634 0.030492
5372 0.030492
11701 0.030492
6311 0.030359
18655 0.030292
2369 0.030292
8492 0.030096
27777 0.029902
6244 0.029837
28690 0.029837
18524 0.029710
14371 0.029710
137 0.029710
23928 0.029710
29102 0.029710
13181 0.029710
13975 0.029710
919 0.029521
28692 0.029334
1008 0.029334
16042 0.029334
11676 0.029334
21362 0.029334
22923 0.029149
5678 0.029149
17214 0.029088
23871 0.028967
8438 0.028967
4434 0.028967
20270 0.028967
14518 0.028967
23536 0.028787
8275 0.028787
15077 0.028609
17520 0.028376
3670 0.028376
10533 0.028261
8245 0.028261
12508 0.028146
12902 0.027920
8126 0.027920
18554 0.027920
21506 0.027920
13366 0.027808
18429 0.027808
1195 0.027808
24882 0.027808
105 0.027753
20926 0.026946
22480 0.026790
6087 0.026484
6089 0.026334
13973 0.026334
25443 0.025892
12111 0.025749
27349 0.025749
17000 0.025749
3801 0.025466
7067 0.024918
9682 0.024918
15914 0.024785
7625 0.024393
21826 0.024393
17413 0.024393
12306 0.024266
3268 0.024014
27978 0.024014
6554 0.023890
3958 0.023890
15640 0.023768
25872 0.023647
24433 0.023174
5169 0.022944
7338 0.022944
19998 0.022608
991 0.022499
9328 0.022390
20709 0.022390
7825 0.022282
29338 0.021966
8843 0.021966
28594 0.021862
12065 0.021759
14113 0.021658
13743 0.021658
10316 0.020784
24374 0.020691
6235 0.020599
21456 0.020508
1832 0.020508
25516 0.020417
22516 0.020328
22221 0.020328
2034 0.020239
5879 0.020239
16056 0.020239
18085 0.019892
16419 0.019892
15164 0.019807
26155 0.019556
15212 0.019556
11673 0.019474
2068 0.019311
9974 0.018917
19258 0.018840
4519 0.018840
29393 0.018840
26972 0.018764
15295 0.018688
21550 0.018613
14800 0.018539
14799 0.018539
22716 0.015347
16891 0.015246
8853 0.015146
19138 0.015146
8545 0.015146
22876 0.015146
10380 0.015048
11960 0.014951
24761 0.014855
29996 0.014855
21455 0.014760
14198 0.014575
18493 0.014575
21286 0.014575
22761 0.014575
2869 0.014484
14122 0.014394
23060 0.014217
8633 0.014130
28101 0.013960
3033 0.013876
9555 0.013876
14650 0.013712
6366 0.013712
5215 0.013712
26179 0.013632
4272 0.013632
24808 0.013552
3455 0.013473
1292 0.013473
12258 0.013395
23530 0.013395
15313 0.013242
454 0.013167
22108 0.013092
15845 0.012946
5853 0.012874
10293 0.012874
5674 0.012874
26 0.012874
20547 0.012803
22216 0.012803
23825 0.012733
12568 0.012663
26450 0.012663
4176 0.012594
8978 0.012459
7190 0.012326
3652 0.012261
18518 0.012261
10221 0.012197
2164 0.012133
4443 0.012133
16241 0.011823
24005 0.011529
8508 0.011472
14390 0.011416
16336 0.011304
10748 0.011249
14507 0.011195
27697 0.011088
2469 0.011035
19926 0.010983
18801 0.010931
10535 0.010880
21444 0.010729
22657 0.010729
19938 0.010679
14292 0.010630
10050 0.010582
15860 0.010533
28593 0.010439
13682 0.010439
9153 0.010439
8900 0.010439
11806 0.010299
25221 0.010299
17604 0.010299
20958 0.010299
12824 0.010254
4899 0.010209
20894 0.010164
21038 0.010164
13015 0.010076
17454 0.010032
2791 0.009946
20560 0.009946
19224 0.009903
21101 0.009861
17869 0.009861
2998 0.009819
10335 0.009737
5773 0.009737
10027 0.009737
15714 0.009696
8215 0.009656
23803 0.009576
12422 0.009459
13327 0.009459
4764 0.009382
29907 0.009382
5287 0.009382
4874 0.009344
