6019
7 0.606929
8 0.314219
14 1.121783
20 0.083760
26 0.012874
27 0.194125
29 0.121328
35 1.066399
45 0.257485
47 0.215331
50 0.116516
61 0.140446
62 0.559813
63 0.575831
73 1.096239
79 0.509821
80 0.136891
88 0.216945
90 1.074196
93 1.158683
104 0.127561
105 0.027753
123 0.370355
136 0.411495
137 0.029710
142 0.147917
148 0.483722
153 0.220202
159 0.565437
160 0.253642
163 0.500787
164 0.988743
168 0.374104
173 0.115868
176 0.050598
177 0.181044
187 1.104157
194 0.490212
200 0.299895
201 1.212576
203 0.120383
209 0.358818
214 0.349059
217 0.566467
219 0.146242
220 0.572189
221 0.476824
223 0.599927
227 1.077502
232 0.449974
233 0.524687
235 0.907635
239 0.143047
243 1.083744
245 0.567755
247 0.445057
250 0.541872
253 0.278482
254 0.461589
259 0.279325
260 1.087966
261 0.565742
264 0.375010
269 0.472330
275 0.202390
285 0.113042
286 0.089512
289 0.531063
294 0.308359
296 0.312773
302 0.592815
303 0.321549
305 0.480283
308 1.092473
310 1.054699
311 0.166318
318 0.468276
326 0.296407
327 0.526105
329 1.142811
333 0.225845
334 0.375065
337 1.309247
343 1.152137
349 0.320866
350 1.083744
352 0.400533
361 0.331052
375 0.557181
379 0.503113
380 0.100271
389 0.480175
403 0.249912
409 0.451887
413 0.085828
427 0.614242
432 0.541722
434 0.304089
438 0.329310
447 1.234250
449 0.428209
450 0.257485
454 0.013167
458 0.246757
466 1.089036
470 0.133952
472 0.581807
484 0.573490
488 1.064736
496 1.177272
507 0.375010
514 1.010480
520 0.268866
522 0.568808
523 0.553836
526 0.073401
533 0.507352
535 1.119627
539 1.152861
545 0.156447
548 0.155287
562 0.942396
563 0.119676
565 0.110351
566 0.137213
573 0.266109
574 0.153850
580 0.570429
584 0.153468
594 0.336827
596 0.994772
602 0.357405
615 0.235664
617 0.183918
621 0.536334
624 0.078889
630 0.560347
640 0.356518
649 0.604530
657 0.465992
664 0.425410
666 0.233108
667 0.240765
668 0.442643
673 0.963243
678 1.031122
683 0.504901
688 0.341732
689 0.473334
691 0.414278
694 0.338796
708 0.571548
709 0.365900
725 0.438039
727 0.045738
730 0.162363
734 1.110691
741 0.520642
750 0.575993
753 0.208090
758 0.504671
760 1.217599
763 0.479928
765 0.486233
766 1.149186
769 0.144142
770 0.410153
774 0.162363
786 0.325244
790 0.188623
792 0.502561
793 0.261447
795 0.376064
810 0.510433
820 0.370355
824 0.395127
826 0.518994
836 0.240765
838 0.207343
845 0.408947
849 0.439501
850 1.105533
853 0.125640
858 0.083134
863 0.579342
867 0.308982
868 0.617964
883 1.143636
894 0.182950
899 0.509578
903 0.384344
907 0.477703
909 0.317113
919 0.029521
931 0.421339
933 1.097111
939 0.593246
950 0.207525
952 0.405806
962 0.500013
967 0.125524
978 1.205031
982 0.406772
984 0.513579
989 0.045439
991 0.022499
1002 0.522223
1008 0.029334
1012 0.117832
1015 0.195996
1018 0.040128
1023 0.157727
1029 0.223900
1040 0.971799
1042 0.243933
1053 0.171234
1055 0.998250
1057 0.093526
1059 0.415251
1060 0.163031
1066 0.266364
1067 0.274245
1070 1.178661
1072 0.082273
1094 1.029941
1096 0.299895
1114 0.296051
1115 1.082787
1131 1.061701
1134 0.416485
1145 0.177406
1148 1.216941
1150 1.070353
1156 1.024251
1158 0.312184
1159 0.260704
1166 1.006225
1168 0.268214
1172 0.349603
1173 1.294114
1174 1.078285
1176 0.171657
1184 1.228204
1191 0.611174
1195 0.027808
1200 0.386228
1205 0.476171
1207 0.222572
1212 0.568934
1217 0.287872
1220 0.034761
1223 0.433043
1234 1.116464
1235 0.497594
1237 0.463473
1238 0.064075
1246 0.135651
1251 0.072042
1253 0.476468
1254 0.316905
1263 0.498358
1281 0.301740
1288 0.246220
1292 0.013473
1293 0.086541
1298 0.426509
1304 0.186884
1318 0.055706
1319 0.057934
1323 0.557341
1327 0.080604
1328 0.528860
1335 0.196625
1336 0.484678
1356 1.046881
1357 0.416932
1373 0.591882
1395 0.214571
1404 0.120906
1405 0.302772
1407 1.225531
1408 1.158683
1415 0.163031
1421 0.969283
1423 0.243933
1426 0.246220
1435 0.136316
1437 0.570780
1442 0.531631
1448 0.077615
1449 1.164448
1465 0.421339
1467 0.432575
1468 0.094586
1469 0.295582
1476 0.298373
1482 1.192107
1483 0.383858
1485 0.988743
1487 0.477105
1488 1.128717
1491 0.080255
1503 0.320373
1505 0.186707
1506 0.572526
1507 0.150835
1511 0.136935
1518 0.083134
1520 0.348730
1530 0.086901
1536 1.211834
1540 0.485899
1542 0.312184
1543 0.452940
1546 0.463473
1551 1.172871
1556 0.406556
1574 0.039613
1581 0.165526
1584 0.146053
1585 0.176174
1605 0.238699
1614 0.352005
1623 0.055175
1631 0.965569
1640 0.475888
1649 0.336711
1656 0.320163
1657 0.161100
1660 0.400533
1663 1.141727
1665 0.421339
1666 1.018237
1675 0.341663
1678 0.480730
1681 1.220315
1683 0.105335
1685 0.243933
1692 0.273974
1701 0.355575
1707 0.479118
1713 1.171278
1714 0.318265
1720 0.109404
1723 0.160321
1724 1.298744
1726 0.482785
1731 0.101195
1733 0.383768
1735 0.365351
1736 1.147434
1740 1.136185
1741 0.480560
1743 0.203725
1754 0.130819
1756 0.102022
1758 0.317810
1759 1.152487
1762 0.054207
1776 0.560653
1778 0.338611
1783 0.972857
1785 0.367233
1790 0.251888
1798 0.342087
1799 1.067911
1803 0.184467
1812 0.230381
1818 0.200266
1824 0.468276
1825 0.153034
1827 0.470715
1828 0.559703
1829 0.070580
1832 0.020508
1835 0.095421
1837 0.133952
1840 0.191971
1856 0.072797
1865 1.384768
1870 0.172082
1875 0.335041
1881 1.166256
1885 0.982362
1887 1.080129
1888 0.148907
1900 0.319158
1902 0.166850
1906 0.308319
1908 1.092473
1910 0.196758
1914 0.178259
1918 0.545263
1919 0.445144
1920 0.553541
1925 0.312575
1926 1.187650
1928 0.506528
1933 0.158557
1934 0.141880
1936 0.231737
1937 0.135093
1942 0.450294
1943 0.165526
1952 1.154030
1955 0.404054
1956 0.506924
1967 0.049045
1972 0.273227
1974 1.266696
1989 1.089851
2001 0.038146
2002 0.178259
2004 0.045144
2005 0.220150
2009 0.331052
2014 0.228753
2022 0.448990
2024 0.185389
2028 0.988116
2034 0.020239
2061 0.601913
2063 0.321549
2064 0.380097
2068 0.019311
2071 0.242339
2073 0.300226
2075 0.043114
2079 0.059420
2081 0.456789
2083 1.152137
2086 0.428764
2095 0.391378
2098 0.308982
2106 0.509628
2107 0.224892
2116 0.109053
2118 0.243933
2135 0.158329
2136 0.237003
2139 0.201510
2149 0.254163
2150 1.115769
2159 0.364158
2160 0.302772
2164 0.012133
2168 0.413368
2175 0.189603
2176 1.205031
2179 0.230523
2180 0.565548
2184 0.541181
2185 0.240481
2187 0.151462
2190 0.361735
2192 0.450231
2193 0.565482
2198 0.533775
2203 0.526674
2207 0.304154
2215 1.208579
2216 0.034588
2218 0.123145
2219 0.247904
2227 0.176174
2233 0.225584
2234 0.335408
2237 0.328029
2247 0.467539
2249 0.422503
2251 1.036717
2252 1.043422
2253 0.473716
2263 0.350019
2278 0.178259
2279 0.516610
2280 0.102087
2289 0.869013
2290 0.354912
2291 1.227653
2295 1.203995
2297 1.062126
2303 0.095234
2311 0.193114
2312 0.211586
2324 0.037528
2339 0.425205
2347 0.553836
2349 0.383858
2357 0.538227
2360 0.279055
2362 1.126197
2364 1.259438
2369 0.030292
2371 0.480560
2376 0.981334
2378 0.487867
2385 1.105749
2386 0.243933
2393 0.530482
2401 0.584469
2407 0.203928
2416 0.458768
2428 0.272080
2436 0.522640
2438 0.478187
2439 0.470531
2447 0.510042
2448 1.179011
2450 0.227193
2452 0.371653
2458 0.364530
2459 0.533285
2462 0.921363
2464 0.541059
2467 1.042815
2469 0.011035
2470 1.188017
2475 1.106356
2480 0.547949
2481 0.041015
2483 0.589875
2501 0.867144
2506 0.296284
2515 0.458885
2530 0.166441
2534 0.590701
2536 0.371373
2538 1.137423
2550 0.306866
2558 0.135431
2565 0.418256
2577 0.061387
2586 0.420360
2588 0.394888
2600 0.325734
2606 1.110691
2607 0.083259
2620 0.544518
2623 0.294938
2624 0.272080
2625 0.258590
2632 0.252804
2641 0.356518
2643 0.593898
2644 0.391519
2654 0.601263
2659 0.050653
2661 1.225414
2662 1.079166
2664 0.392559
2666 1.182091
2670 1.092092
2679 0.463473
2683 0.056179
2700 0.068445
2711 0.397263
2712 0.184226
2715 0.227193
2724 0.352643
2731 0.596687
2734 0.447412
2738 0.250526
2741 0.123923
2744 0.444611
2746 0.969356
2747 0.325244
2751 0.269461
2755 0.298373
2756 1.171278
2757 0.044140
2759 0.492580
2763 1.104539
2773 0.316005
2775 0.369251
2776 0.136891
2778 0.079001
2781 0.127953
2786 0.526674
2788 0.040895
2790 0.305587
2791 0.009946
2795 0.221758
2799 0.468404
2800 0.472697
2806 1.187506
2807 0.546661
2811 0.617964
2813 0.410673
2814 0.255906
2818 1.025501
2824 0.046040
2834 0.153638
2835 0.490871
2837 1.227419
2839 0.458516
2844 0.418621
2852 0.948504
2853 0.290970
2862 0.201510
2869 0.014484
2881 0.478485
2884 0.600799
2886 1.036995
2888 0.199773
2892 0.197503
2895 0.550849
2899 0.482785
2906 1.092849
2908 0.224987
2910 0.557707
2915 1.232839
2924 0.593706
2926 0.079517
2931 0.097062
2936 1.168587
2949 0.210670
2952 1.053349
2956 1.098230
2957 0.281299
2959 1.188649
2960 0.435835
2965 0.266978
2973 0.336711
2977 0.197824
2978 0.090877
2987 0.317869
2990 0.268475
2991 0.048787
2994 0.140731
2996 0.205336
2998 0.009819
3009 0.234940
3010 0.921005
3033 0.013876
3035 1.099264
3036 0.127455
3037 0.345140
3039 0.279201
3041 0.314704
3050 0.533199
3058 0.342806
3070 0.137665
3074 0.224261
3075 1.203248
3087 0.308359
3101 1.041284
3110 0.124145
3116 0.425639
3122 0.127455
3124 0.317259
3128 0.169859
3132 1.247813
3139 0.473549
3141 0.302772
3145 1.209061
3148 0.108472
3161 0.562976
3165 0.539969
3166 0.443751
3167 0.198196
3171 0.472473
3172 0.334880
3182 0.169305
3184 0.388188
3187 1.075920
3188 1.115368
3189 1.138115
3195 0.332492
3204 0.059167
3210 0.439871
3211 0.365161
3214 0.375789
3220 1.076313
3223 0.191123
3226 0.239728
3229 0.579342
3237 0.058816
3243 1.191789
3245 1.074864
3247 0.505067
3248 0.266978
3251 1.223455
3253 0.138764
3256 0.098194
3260 0.514970
3268 0.024014
3273 1.058220
3275 0.155789
3296 0.447560
3298 0.127652
3299 1.158683
3310 1.053349
3321 0.452169
3331 0.164686
3334 0.289671
3343 1.127025
3350 0.465542
3354 0.347095
3360 0.325580
3371 1.136821
3380 0.121967
3383 0.434506
3387 1.040851
3391 0.107507
3399 0.465639
3415 1.132047
3423 1.239791
3428 0.204850
3435 0.517098
3437 0.487867
3445 0.440006
3447 0.936310
3451 0.152458
3455 0.013473
3458 0.087213
3460 0.259794
3470 0.060983
3472 0.133892
3473 0.440405
3475 0.576938
3482 0.083134
3484 0.373460
3485 1.117302
3487 1.084482
3496 1.195761
3510 0.039445
3511 0.362961
3518 0.299759
3525 0.075100
3527 0.558545
3529 1.165381
3540 0.474315
3552 0.425894
3553 0.530482
3560 0.353497
3567 1.106490
3568 0.205077
3572 0.915846
3575 0.537138
3576 0.333701
3585 0.455436
3588 0.119676
3589 0.305214
3592 0.166225
3598 0.149830
3601 0.481531
3603 0.101964
3610 0.485899
3612 0.152923
3614 1.126110
3615 0.576897
3618 0.497386
3626 0.454943
3638 0.409636
3642 0.534777
3649 0.190606
3652 0.012261
3656 0.386228
3658 0.115868
3666 0.400842
3670 0.028376
3671 0.448523
3677 0.338157
3678 0.354247
3680 0.522893
3690 1.197866
3692 0.074754
3709 0.440170
3710 0.520642
3712 0.408388
3714 0.288469
3715 0.582375
3725 0.164791
3731 1.117302
3732 0.531063
3738 0.215331
3742 0.381146
3743 0.554462
3750 0.217253
3752 0.980896
3759 0.470715
3763 0.053581
3765 0.327586
3769 0.271936
3779 0.037078
3787 1.001475
3790 0.528720
3793 1.002837
3799 0.074156
3800 0.873054
3801 0.025466
3804 0.485676
3807 0.199508
3817 0.226699
3820 1.021471
3835 0.121328
3836 0.188916
3839 0.146140
3846 0.427475
3848 1.196060
3859 0.083509
3870 0.465691
3871 0.041629
3878 1.089360
3879 1.045280
3887 0.193114
3888 0.216945
3898 0.590701
3900 0.328294
3905 0.413815
3909 0.246290
3918 0.532994
3922 0.392358
3928 1.234580
3929 0.059420
3941 0.268475
3943 0.296284
3951 0.436455
3958 0.023890
3961 1.100485
3962 0.216664
3963 0.579342
3965 0.357351
3972 0.221758
3973 1.093589
3983 0.510042
3999 0.070651
4000 0.040835
4005 0.059932
4007 1.152420
4010 0.491563
4017 0.590412
4021 0.343785
4027 0.546956
4029 0.549884
4030 0.597051
4036 0.588686
4039 1.284758
4045 0.318638
4052 0.475751
4053 0.246220
4056 0.427164
4059 0.212510
4061 0.060348
4064 0.397932
4065 0.367108
4066 0.416180
4067 0.890558
4072 0.915063
4075 0.548194
4077 1.173167
4083 0.220003
4094 0.348275
4097 0.582652
4098 0.381839
4104 0.219750
4105 0.251660
4112 0.540719
4119 0.318070
4127 0.101195
4131 0.030762
4133 0.197223
4147 0.159452
4148 0.508452
4149 0.310708
4151 0.470032
4157 0.386228
4158 0.488526
4170 0.579342
4171 0.889869
4175 0.303465
4176 0.012594
4180 0.219750
4188 1.170629
4192 0.407295
4205 0.516522
4208 1.148150
4213 0.107785
4221 1.100426
4227 0.463473
4231 0.207084
4233 1.146487
4235 0.178259
4237 1.115769
4254 0.125263
4266 0.118233
4268 1.298972
4272 0.013632
4278 0.067496
4279 0.408947
4281 0.252294
4287 0.357351
4291 0.142921
4294 0.361783
4303 0.498031
4304 0.282606
4313 0.550375
4315 0.373769
4320 0.539387
4328 0.209311
4329 1.123992
4331 0.118839
4333 1.139045
4342 1.015227
4347 0.977792
4350 0.119349
4357 1.167953
4362 0.502096
4363 0.254163
4368 0.172147
4370 0.181247
4374 0.521658
4375 0.525118
4377 1.158683
4378 0.183295
4380 0.941430
4382 0.123593
4384 0.317448
4400 0.348547
4408 0.305845
4411 1.202316
4414 0.380463
4419 0.301258
4426 0.353257
4427 1.273278
4428 0.537960
4433 0.386228
4434 0.028967
4438 0.602892
4439 0.275579
4441 0.614242
4443 0.012133
4445 0.174896
4446 1.220857
4448 0.131554
4452 0.103322
4459 0.576977
4462 0.478922
4470 0.057574
4475 1.140292
4478 0.545263
4480 0.181481
4481 0.270186
4485 0.362089
4492 0.593898
4498 0.393515
4501 0.484421
4508 0.276112
4509 1.074864
4516 0.541352
4519 0.018840
4520 1.147752
4521 0.556686
4522 0.339412
4525 1.208519
4526 0.986366
4534 0.997007
4535 0.568679
4536 1.113872
4539 0.971351
4542 0.434506
4543 0.260532
4545 0.030762
4547 0.350300
4552 0.136316
4555 1.022070
4556 0.919390
4563 0.106023
4565 0.837734
4572 0.233863
4574 0.401524
4584 0.414687
4589 0.997348
4601 0.267022
4620 0.173261
4635 0.206258
4638 1.137093
4645 0.379896
4664 0.265927
4669 0.319637
4671 0.358640
4672 0.543453
4677 0.073070
4678 0.309747
4684 0.075669
4686 0.354570
4697 1.105672
4701 0.092168
4702 0.545869
4707 0.478187
4710 1.112744
4718 0.449285
4722 1.065052
4743 0.310461
4745 1.148608
4755 1.097202
4760 0.547018
4761 0.564858
4764 0.009382
4767 1.247014
4774 0.401856
4785 0.434506
4788 1.185883
4798 0.997228
4807 0.041943
4816 0.560030
4819 0.303733
4824 0.253046
4831 0.120383
4832 1.112336
4834 0.226959
4835 0.252098
4837 0.428108
4838 0.526674
4849 0.312773
4853 1.016651
4855 0.412996
4862 0.411308
4865 1.164227
4872 0.276854
4874 0.009344
4884 0.517470
4890 0.102994
4892 0.379896
4896 0.589388
4899 0.010209
4904 0.384625
4908 0.393952
4912 0.135651
4917 0.522893
4934 0.493865
4940 1.259438
4949 1.158683
4950 0.166929
4951 0.090623
4962 0.367659
4964 0.050378
4984 1.100164
4985 0.082395
4992 0.151386
4994 0.370779
4995 0.393125
5001 0.342338
5003 0.545263
5006 0.051269
5011 1.252126
5013 1.158683
5014 1.106356
5020 0.482012
5023 1.212326
5024 0.296736
5036 0.332750
5047 0.176748
5051 0.162363
5054 0.216896
5059 0.510767
5069 0.414168
5074 0.338611
5075 1.144723
5077 0.970789
5079 0.440006
5081 0.484421
5083 0.226409
5089 0.095421
5096 0.286416
5100 0.582253
5114 0.370301
5118 1.136257
5126 0.470357
5128 0.574304
5131 0.141617
5134 1.080637
5136 0.160187
5139 0.286416
5157 0.524687
5158 1.083266
5164 1.098957
5166 0.555695
5169 0.022944
5182 0.425841
5187 0.188623
5191 0.524687
5193 0.556168
5194 0.151338
5195 0.188970
5197 0.472621
5200 0.546131
5212 1.015045
5215 0.013712
5216 0.503319
5219 0.034761
5221 0.135519
5224 0.074275
5234 0.185389
5240 0.092081
5242 0.585194
5250 0.243421
5255 0.193114
5261 0.440803
5265 1.044715
5273 1.017680
5287 0.009382
5291 0.152641
5295 0.139295
5302 1.237685
5310 0.080838
5313 1.281236
5317 0.319229
5319 0.991712
5324 0.326808
5325 0.343867
5328 1.185320
5339 0.118233
5359 0.525449
5361 0.975733
5362 0.123410
5363 0.226347
5372 0.030492
5376 1.144495
5381 1.278547
5383 0.312893
5393 0.407236
5401 0.331052
5418 0.351511
5422 0.396131
5423 1.177995
5428 0.051497
5429 0.333035
5431 0.289671
5433 1.026681
5446 0.247847
5459 0.180394
5460 0.105335
5465 0.469737
5466 0.307518
5480 0.043181
5483 0.149879
5484 0.091076
5485 1.146487
5502 1.106608
5503 0.487867
5505 0.965569
5519 1.033221
5524 1.175476
5529 0.490968
5539 0.207969
5542 1.196882
5547 0.405539
5558 0.413815
5560 0.384094
5563 0.087448
5574 0.271491
5587 0.559014
5589 0.249912
5596 0.480963
5610 1.137806
5614 0.162790
5615 0.521408
5622 0.123145
5632 0.376572
5636 0.067365
5640 0.162622
5642 0.598030
5643 1.062660
5644 0.252988
5662 0.549884
5670 0.295206
5672 0.359840
5673 0.537786
5674 0.012874
5678 0.029149
5684 1.016651
5699 0.151133
5703 0.310866
5708 0.524457
5715 0.538378
5731 0.164791
5733 0.420023
5743 0.590701
5745 1.129716
5746 0.249716
5773 0.009737
5774 1.127083
5786 1.123572
5788 0.339487
5793 0.382119
5810 0.201510
5816 1.104791
5818 0.084268
5824 0.269114
5827 0.384287
5842 0.586322
5848 0.325473
5851 0.103984
5853 0.012874
5864 1.181110
5869 0.102374
5875 0.384227
5879 0.020239
5898 0.521175
5902 0.296535
5907 0.971799
5908 0.190315
5916 0.101385
5919 0.404307
5920 1.137423
5929 0.278084
5930 0.286095
5931 0.433572
5934 0.036398
5946 0.201050
5950 1.185320
5954 0.120071
5962 0.371653
5969 0.324655
5987 0.312575
5988 0.461223
5989 0.609261
5992 0.134557
5998 0.065147
5999 0.104740
6004 0.286263
6008 0.138192
6010 1.169029
6016 0.286416
6021 0.312845
6024 0.190606
6025 0.426628
6035 1.196060
6041 0.471329
6045 0.323354
6053 1.164880
6054 0.194065
6056 1.113146
6059 0.380463
6065 0.213738
6067 0.182950
6071 0.136891
6079 0.490614
6080 0.303465
6082 0.240142
6084 1.051578
6086 1.041348
6087 0.026484
6089 0.026334
6093 0.262559
6096 0.876569
6101 0.273478
6102 0.465691
6110 0.571617
6118 0.258735
6122 0.352643
6123 1.038443
6126 0.335041
6133 0.506924
6134 0.032793
6135 1.212161
6136 0.468681
6156 0.056752
6159 0.447005
6160 0.120071
6168 0.538378
6177 0.222824
6178 1.158683
6189 1.061503
6212 1.108306
6213 0.074275
6221 0.579342
6223 0.203278
6229 0.848435
6230 0.423909
6231 0.347605
6233 0.307518
6235 0.020599
6242 0.414364
6244 0.029837
6245 0.420451
6252 0.039445
6258 0.379896
6262 0.320487
6269 0.270123
6271 0.125640
6280 0.453917
6288 0.353497
6294 0.406292
6297 0.989285
6300 0.541059
6311 0.030359
6315 0.452169
6319 0.272631
6326 0.972722
6327 1.265710
6329 0.492773
6334 0.263337
6339 0.080604
6345 0.490736
6346 0.155181
6349 1.165156
6353 0.463473
6361 0.294938
6365 1.250642
6366 0.013712
6367 0.399546
6369 0.235900
6385 1.211351
6388 0.412516
6391 0.426308
6405 0.376572
6409 0.467930
6418 0.113042
6419 0.541559
6421 0.423263
6423 0.047536
6430 0.136316
6451 0.121967
6464 0.388541
6470 0.061796
6473 0.263107
6474 1.113245
6480 0.079909
6481 0.406292
6487 0.439501
6488 0.148822
6497 0.299659
6498 0.146955
6512 0.503113
6513 0.096156
6515 0.108936
6518 0.394241
6526 0.187362
6527 1.130423
6529 0.416605
6534 0.127561
6535 0.573243
6544 0.292190
6546 0.152150
6554 0.023890
6556 0.524507
6558 0.235838
6570 0.343724
6575 0.440726
6581 0.394888
6582 0.071524
6586 0.315453
6588 1.131226
6595 0.153638
6598 0.113969
6599 0.961461
6600 0.077569
6602 0.358488
6605 1.148947
6613 0.061387
6634 0.224261
6639 0.233769
6644 1.210759
6645 1.192964
6648 0.449429
6649 0.521408
6650 0.167017
6651 1.212462
6656 0.566747
6671 0.434506
6674 0.074354
6676 0.032335
6678 1.025501
6685 0.350180
6699 0.436387
6712 0.586001
6713 0.426509
6714 1.207642
6722 0.277529
6723 0.257485
6728 1.030992
6729 0.157727
6731 0.169563
6738 0.129542
6749 0.121967
6754 0.067170
6755 1.082167
6756 1.200708
6761 1.153393
6776 0.113042
6779 1.046553
6792 1.000449
6794 0.984881
6799 0.057455
6800 0.293218
6805 0.111531
6816 0.496579
6818 0.326990
6826 1.113686
6836 0.545918
6846 0.152793
6850 0.359378
6856 0.031175
6865 0.449489
6869 0.336392
6871 1.083322
6887 0.358818
6889 0.273782
6890 0.576897
6895 0.198966
6898 0.354912
6904 0.289671
6907 0.038463
6908 1.152976
6922 0.308982
6926 0.371923
6931 1.221884
6936 0.845674
6940 0.902338
6947 1.164123
6949 0.450599
6951 0.543983
6955 0.168536
6957 0.149830
6960 0.225718
6966 0.158002
6967 0.039501
6981 0.489850
6983 0.304917
6995 0.469103
7000 0.416293
7002 1.259147
7003 0.164458
7007 0.561786
7010 0.450599
7011 1.116803
7012 0.552326
7019 0.423365
7023 0.500464
7042 0.401276
7050 0.964741
7052 1.070353
7053 0.374158
7059 0.457569
7060 0.231737
7067 0.024918
7070 0.091647
7080 0.070651
7082 0.423747
7088 0.252149
7093 0.206258
7094 0.898571
7095 0.217593
7097 1.177835
7112 0.571406
7114 0.967841
7120 0.312845
7124 0.555749
7125 0.422232
7137 0.090434
7151 0.158329
7156 0.510246
7158 0.573243
7163 0.195996
7170 0.505607
7172 0.234799
7181 0.463473
7190 0.012326
7192 0.070529
7193 0.036209
7196 0.460595
7201 0.294082
7205 0.169563
7222 0.289671
7234 0.042651
7235 0.368402
7242 0.033424
7245 1.069554
7252 0.237679
7258 0.399102
7277 1.049374
7280 0.269984
7284 1.256404
7286 0.128031
7289 0.095562
7296 0.346273
7297 0.159319
7298 0.157727
7300 1.101464
7302 0.107285
7312 0.106410
7313 1.169217
7316 0.475357
7317 0.261638
7318 0.148204
7335 1.269917
7338 0.022944
7348 1.045334
7353 0.056521
7363 0.606929
7367 0.579342
7368 1.098335
7369 1.148245
7377 0.534777
7381 1.090526
7383 0.117832
7388 1.047577
7389 0.066847
7390 0.136316
7393 0.267785
7398 1.047981
7404 0.299015
7412 0.386228
7414 0.514970
7415 0.533844
7416 1.018237
7429 0.592216
7449 0.205988
7450 1.197866
7451 0.410806
7453 0.274245
7455 1.158683
7460 0.391519
7464 0.361148
7480 0.323596
7481 0.146500
7482 0.125830
7487 0.190469
7508 0.351116
7511 0.101862
7514 0.419523
7515 1.213859
7527 0.339719
7528 1.226841
7530 0.486519
7538 0.166268
7539 0.572683
7554 0.349547
7559 0.326538
7560 0.409778
7563 0.978444
7565 0.500063
7568 0.566234
7581 0.376572
7583 0.579342
7586 0.356518
7588 0.317259
7599 0.209803
7608 0.182580
7612 0.497947
7625 0.024393
7626 0.282008
7627 0.160321
7633 0.427669
7635 0.108627
7637 1.122247
7646 0.215275
7647 0.382684
7655 0.239728
7663 1.138877
7665 1.026262
7669 0.982681
7675 0.225116
7681 0.461168
7688 0.161409
7690 0.217253
7696 0.322817
7699 0.364530
7700 0.134731
7711 0.049306
7717 0.369007
7720 0.147290
7734 0.215904
7737 0.388385
7742 0.037377
7743 1.169029
7745 0.225300
7748 0.404307
7749 1.136613
7750 0.592815
7755 1.265311
7767 0.167365
7787 0.571818
7788 0.346100
7792 0.259545
7795 0.533903
7797 0.152458
7812 0.209803
7814 0.211874
7818 0.581987
7825 0.022282
7843 0.482227
7852 1.253270
7862 0.484755
7867 0.581766
7872 0.575652
7873 0.038146
7875 0.490397
7880 0.457751
7881 0.504901
7886 1.128974
7887 0.176003
7888 0.077246
7889 0.275877
7890 1.056145
7907 0.596898
7909 0.406772
7913 1.090526
7921 0.100210
7924 0.217253
7933 0.543740
7939 0.348362
7949 0.160742
7954 1.194519
7958 0.041629
7959 0.443447
7963 0.214780
7966 0.422579
7974 0.531855
7986 0.246092
7996 0.482295
8000 0.564015
8013 0.377490
8017 0.399102
8024 1.032190
8025 0.480430
8031 0.576812
8034 1.190284
8043 0.573824
8047 1.165085
8051 0.488986
8057 0.138764
8067 0.582313
8083 0.327454
8086 0.121967
8088 0.461328
8105 1.011951
8107 1.043364
8109 0.271403
8110 1.135663
8115 0.111412
8124 1.106661
8126 0.027920
8130 1.044715
8135 0.417126
8136 0.544581
8138 1.009641
8141 0.433659
8143 0.355001
8144 0.449181
8146 0.340789
8147 0.549479
8152 1.078774
8154 0.446721
8155 0.072096
8158 1.021748
8160 0.167520
8164 0.383768
8165 0.461277
8170 0.370230
8177 1.115769
8183 0.242656
8199 0.318990
8200 0.492580
8208 0.241006
8210 0.304917
8213 0.031175
8215 0.009656
8222 1.114683
8245 0.028261
8250 0.590701
8256 1.235929
8258 0.235266
8265 0.457569
8266 1.247813
8267 0.159495
8273 0.280893
8275 0.028787
8278 1.128974
8284 0.455551
8286 0.151462
8287 0.418801
8293 1.256404
8295 0.474315
8309 1.113872
8313 1.218875
8317 1.118729
8339 0.588997
8348 0.474988
8367 0.214210
8368 0.363773
8369 0.077677
8379 0.217593
8386 1.158683
8388 0.191123
8396 0.302719
8397 0.188916
8398 0.557885
8401 0.138056
8402 0.561156
8403 0.164458
8425 0.215114
8431 0.099316
8432 0.366421
8437 0.056984
8438 0.028967
8440 0.565211
8453 0.376921
8456 0.041015
8458 0.105335
8460 0.378580
8466 0.598441
8467 0.037377
8468 0.186884
8481 0.582036
8482 1.059368
8484 0.537732
8489 0.360788
8492 0.030096
8493 0.593136
8498 0.159818
8503 0.038304
8508 0.011472
8509 0.440300
8512 0.106546
8517 0.111803
8525 1.158683
8531 0.208772
8532 0.581807
8538 0.069382
8539 0.184954
8540 0.993157
8541 0.154491
8543 0.399017
8545 0.015146
8552 0.463473
8566 0.104151
8571 1.067393
8572 0.246820
8576 0.080604
8581 0.191123
8586 0.194360
8587 0.403470
8588 0.440405
8590 0.214323
8595 0.434506
8596 1.183601
8607 0.860340
8608 0.246820
8613 0.393250
8616 0.363773
8621 0.574122
8624 0.238904
8627 0.240765
8629 0.318904
8633 0.014130
8638 0.544680
8643 0.353320
8648 1.096696
8655 1.244512
8663 0.169807
8664 0.386228
8674 0.509017
8685 0.446721
8694 0.153703
8699 0.468991
8704 0.603920
8711 0.506924
8714 0.281669
8716 1.252242
8718 0.100319
8719 0.352411
8722 0.507284
8723 1.045334
8728 0.409700
8734 0.568996
8754 0.148403
8761 1.096389
8764 0.114595
8766 1.069554
8767 0.594197
8778 0.592569
8786 0.285390
8795 0.321316
8802 1.142364
8816 0.450599
8836 0.049097
8837 0.397263
8838 0.233684
8843 0.021966
8849 0.158002
8853 0.015146
8869 0.540064
8871 0.347605
8873 0.031890
8879 0.562134
8881 0.390169
8893 0.484421
8900 0.010439
8930 0.388460
8932 0.471010
8934 0.130352
8936 1.055230
8947 0.247769
8955 0.054655
8960 0.296108
8968 0.490397
8974 0.465802
8978 0.012459
8990 1.201074
8993 0.247359
9002 0.205077
9004 0.338492
9010 0.111012
9011 1.129275
9012 0.444262
9013 0.326390
9018 0.957475
9022 0.421339
9024 0.364530
9025 0.574122
9029 1.124267
9031 0.090877
9034 0.384021
9035 1.000681
9041 0.235838
9042 0.488986
9054 0.439311
9055 0.994622
9064 1.144890
9070 0.447800
9097 0.104151
9114 1.136185
9115 0.135745
9117 0.390881
9119 0.356518
9120 0.130723
9127 0.284064
9129 0.492834
9138 0.555402
9149 0.519783
9153 0.010439
9160 0.448523
9161 0.388076
9175 0.170866
9177 1.108306
9181 0.087448
9192 0.078745
9195 0.525270
9197 0.105816
9202 0.489444
9204 0.446721
9206 0.042914
9210 0.556770
9211 0.039783
9213 0.111315
9215 0.572832
9218 0.296623
9224 0.417414
9229 0.366421
9238 1.186492
9254 0.255303
9255 0.434506
9258 0.109195
9260 1.057928
9262 0.236720
9267 0.133952
9274 0.138350
9280 0.439080
9289 0.291326
9290 0.242402
9291 0.299759
9292 1.075920
9293 1.028332
9294 0.313526
9300 0.060191
9301 0.210670
9302 0.405539
9304 0.404620
9308 0.341907
9315 0.213255
9328 0.022390
9331 0.185000
9332 0.080305
9335 0.203618
9341 0.282243
9344 0.062295
9345 0.381518
9350 1.013848
9358 1.062126
9360 1.106802
9364 0.341398
9365 0.187052
9369 0.412864
9370 0.446721
9372 0.121434
9373 0.041880
9383 0.194360
9392 0.473180
9393 0.433793
9395 0.112131
9400 1.199339
9405 0.042914
9412 0.278084
9416 0.576897
9417 0.455716
9418 0.268125
9422 0.349352
9427 0.238000
9428 1.108788
9436 0.362493
9439 0.228473
9452 0.325473
9460 0.129852
9463 1.061503
9464 0.238358
9466 0.088001
9481 0.584293
9484 0.490614
9488 0.226085
9494 0.342087
9496 0.401856
9527 0.439501
9532 0.123593
9537 0.176748
9538 0.174530
9548 0.951439
9550 0.040656
9555 0.013876
9577 0.418413
9588 0.507916
9591 0.057078
9597 0.159818
9599 0.068561
9604 0.922554
9607 0.234495
9608 0.068445
9614 0.403856
9615 0.449638
9617 0.537732
9627 0.493640
9628 0.332750
9630 0.471329
9639 0.034079
9650 0.047293
9651 0.171169
9659 0.371653
9665 0.435139
9666 0.130294
9672 1.152062
9679 0.529275
9682 0.024918
9705 0.311128
9713 0.264156
9722 0.483948
9725 0.498126
9726 1.242951
9737 1.097700
9739 1.062126
9744 1.139479
9754 0.266848
9756 1.052056
9762 1.214300
9782 0.103569
9785 0.094863
9786 0.048078
9788 0.463473
9789 0.404307
9791 0.049836
9793 0.082343
9802 0.574554
9804 0.120987
9805 1.019641
9816 0.525588
9818 0.550375
9821 0.402547
9824 1.293676
9825 0.389837
9826 0.280523
9837 0.334880
9841 0.497594
9844 0.260378
9845 0.407295
9846 0.130982
9852 0.098194
9853 0.186884
9861 0.257485
9862 0.134619
9865 0.614812
9875 1.126498
9877 1.145664
9878 0.300226
9880 0.111680
9884 0.509821
9890 0.108288
9895 0.059420
9905 0.269694
9911 0.395127
9912 0.327312
9913 1.088883
9916 0.055175
9928 0.565548
9932 0.241392
9933 0.255383
9936 0.368452
9937 1.111920
9940 0.219055
9946 0.051043
9952 0.457751
9955 0.059803
9956 0.257485
9958 1.213859
9959 0.333858
9964 0.344294
9970 0.928988
9974 0.018917
9986 0.129946
9991 0.572189
10006 0.974482
10007 0.039955
10010 1.022982
10011 0.142921
10012 0.473549
10017 0.130415
10018 1.007551
10019 0.437415
10027 0.009737
10029 0.091475
10033 0.491098
10039 0.251281
10042 0.557181
10045 0.449181
10046 0.433247
10050 0.010582
10055 0.142921
10059 0.299373
10061 0.099672
10067 0.978444
10069 0.539261
10080 0.539189
10101 0.520426
10103 1.332786
10104 1.242646
10105 0.231737
10113 0.412810
10125 0.118563
10137 0.533199
10139 0.075731
10144 0.403670
10154 1.273874
10158 0.567272
10159 1.032026
10169 0.059167
10177 0.300016
10181 0.520426
10182 0.136316
10183 0.188213
10190 0.331052
10191 0.554153
10194 1.054297
10196 0.430549
10197 0.433043
10199 0.555202
10202 0.568679
10204 0.518230
10210 0.417886
10215 0.360997
10216 0.167520
10221 0.012197
10250 0.252804
10251 0.478424
10254 0.290970
10257 0.512779
10258 1.054212
10261 0.361148
10262 0.153130
10264 1.112336
10265 1.144495
10277 0.356518
10280 0.106721
10281 0.133892
10289 0.074754
10291 0.552874
10293 0.012874
10296 0.084782
10302 1.299333
10303 0.368402
10305 0.444852
10307 0.409535
10309 0.119179
10316 0.020784
10326 0.426395
10331 0.048890
10335 0.009737
10336 0.321081
10338 0.453116
10339 0.306710
10344 0.541441
10349 0.231737
10355 0.357537
10357 1.164123
10358 0.599927
10361 0.245106
10368 0.467725
10370 0.262559
10374 0.353320
10375 0.123593
10376 0.446721
10380 0.015048
10386 0.291187
10392 1.190284
10394 0.448523
10400 0.089995
10408 0.075731
10413 0.313414
10420 0.503775
10424 0.069870
10425 0.066210
10437 0.511491
10438 0.264004
10443 0.366421
10445 0.181481
10448 1.036717
10456 0.959282
10459 0.947432
10484 0.137122
10493 1.100749
10497 0.327454
10499 0.239011
10513 1.004192
10514 0.040478
10522 0.435097
10525 0.403586
10533 0.028261
10535 0.010880
10552 0.135180
10556 1.050235
10558 0.100755
10559 0.281299
10576 0.410962
10581 0.538686
10584 0.282319
10585 0.492773
10606 1.122635
10607 0.921363
10613 0.416485
10614 0.138764
10627 0.087862
10628 0.440803
10646 1.196060
10649 1.090526
10659 0.304917
10662 1.278984
10665 0.429561
10666 0.340789
10675 0.974347
10677 0.291187
10682 0.133952
10684 0.072418
10687 0.448215
10690 0.096156
10704 0.607834
10708 1.142209
10709 0.269894
10710 0.044565
10725 0.288034
10732 0.965569
10736 1.158683
10741 0.266922
10746 0.224261
10748 0.011249
10752 0.270359
10766 0.440915
10773 0.582375
10779 0.180394
10792 0.146360
10795 0.586322
10801 0.368052
10816 0.456451
10821 0.116353
10827 0.579342
10828 1.128588
10829 1.197306
10835 0.060453
10836 0.350526
10837 0.252294
10852 0.210670
10856 0.168196
10857 0.231737
10861 0.285909
10865 0.162363
10872 1.049857
10875 0.557655
10879 0.072096
10881 0.110879
10885 1.065575
10890 0.335546
10893 0.491563
10898 0.086285
10903 0.320642
10909 0.540719
10927 0.276504
10928 0.511626
10932 1.049857
10936 0.434506
10943 0.133461
10945 1.072855
10948 0.485030
10954 0.344910
10970 0.336018
10983 0.463473
10995 0.163031
10997 0.246820
10998 0.958910
11000 0.059167
11031 0.425894
11035 0.100271
11038 0.045738
11039 0.565548
11047 0.125640
11054 0.369251
11055 0.321549
11057 0.041629
11063 1.149263
11074 0.192313
11087 0.039783
11089 0.554394
11091 0.036021
11093 1.053349
11101 0.118082
11104 0.120383
11117 0.258735
11118 0.429142
11145 0.148907
11149 0.562201
11150 0.554153
11151 1.102162
11157 0.128195
11162 0.345377
11168 0.283234
11170 0.490212
11173 0.085477
11176 0.114595
11184 0.587066
11190 0.576812
11193 1.107414
11201 1.022018
11207 0.214382
11213 0.502709
11217 0.530794
11225 0.295582
11233 1.046553
11236 0.555202
11242 0.989438
11253 1.198985
11258 0.519090
11262 0.139241
11272 0.073180
11276 0.170866
11280 0.080371
11283 0.417346
11289 0.256430
11294 1.062126
11299 0.476468
11301 1.146614
11304 0.246290
11306 0.177406
11308 0.316905
11309 0.368323
11315 0.436605
11320 1.077086
11323 0.202770
11325 0.292378
11331 1.128666
11339 0.342468
11347 0.381339
11356 0.601913
11357 0.211954
11365 1.106661
11367 0.390996
11370 0.276918
11378 0.467630
11383 0.413288
11389 0.049836
11393 0.157491
11394 0.041015
11399 1.202684
11411 0.133055
11412 1.097160
11422 0.542362
11425 0.993157
11431 0.479455
11433 1.146487
11434 0.225718
11438 0.096557
11440 1.100485
11441 0.439080
11445 1.056623
11453 1.074276
11455 0.130352
11456 0.512125
11466 0.200136
11483 1.138115
11489 0.505975
11510 0.408947
11512 0.344294
11524 1.260744
11526 1.186140
11529 1.153534
11534 1.129716
11536 0.044281
11544 0.191971
11547 0.156387
11550 0.391992
11556 0.550764
11561 0.095421
11562 0.998540
11566 0.503319
11570 0.109698
11575 0.296108
11576 1.158683
11581 0.255813
11586 0.512495
11593 0.584657
11594 1.051656
11597 0.477397
11604 0.543872
11613 0.036590
11632 1.014430
11634 0.030492
11637 0.949406
11640 0.487241
11647 0.074275
11653 0.246528
11656 0.526105
11673 0.019474
11674 1.170387
11676 0.029334
11688 0.046347
11697 0.090120
11700 1.168759
11701 0.030492
11703 0.128743
11718 0.263052
11719 0.522044
11728 0.312773
11729 0.289671
11730 0.160321
11731 0.955502
11734 0.511184
11735 0.068158
11741 0.301669
11743 0.220085
11744 0.169563
11759 0.381839
11765 0.282934
11775 0.208772
11776 0.175150
11784 0.222213
11785 1.163699
11789 0.285214
11791 0.230688
11803 0.448523
11805 0.537208
11806 0.010299
11810 1.053349
11813 1.059012
11825 0.551218
11837 0.971799
11840 0.247769
11841 1.153794
11844 0.205184
11854 0.076229
11857 0.511491
11859 0.444162
11861 0.130556
11865 0.195284
11871 0.080956
11873 0.953558
11894 1.128351
11897 0.199038
11903 0.393515
11904 0.115868
11905 0.342876
11906 0.372434
11907 0.396392
11917 1.226841
11919 1.177075
11925 0.302719
11928 0.563684
11929 0.456269
11935 0.308982
11937 1.164391
11939 1.027286
11941 0.478022
11953 0.576977
11956 0.238904
11959 0.604530
11960 0.014951
11961 0.576401
11962 0.227405
11970 0.384094
11974 0.589506
11978 0.202770
11985 0.100755
11988 0.472056
11993 0.554689
11997 0.137938
12011 1.106490
12017 0.343314
12020 1.115233
12025 0.094202
12028 1.053349
12029 0.287872
12032 0.551754
12033 0.044852
12034 0.588839
12039 0.555058
12040 0.104858
12042 0.571818
12049 0.158329
12054 0.190730
12065 0.021759
12072 0.596169
12074 0.251888
12075 0.415938
12081 0.501052
12083 0.378580
12085 0.050598
12086 0.067590
12093 0.251660
12097 0.140834
12109 0.092081
12111 0.025749
12126 0.081515
12129 0.250526
12152 0.499824
12153 0.283991
12159 0.100210
12171 0.174137
12174 0.579342
12177 0.259794
12178 1.221315
12188 0.311128
12190 0.499824
12192 1.053349
12195 0.492773
12197 0.456451
12202 0.223947
12211 1.200817
12215 1.196987
12219 0.477957
12238 0.517847
12246 0.395648
12249 0.278084
12251 0.053892
12253 1.061110
12254 1.130074
12257 0.504197
12258 0.013395
12260 0.088001
12273 0.395883
12274 0.260587
12275 0.564333
12276 0.519652
12280 0.531299
12285 0.589875
12286 0.265927
12291 0.282243
12292 0.412864
12298 0.179796
12302 0.193114
12306 0.024266
12320 0.288170
12321 0.107785
12324 0.449842
12328 0.060585
12329 0.541059
12331 0.530482
12336 0.030898
12337 0.201510
12340 0.066210
12341 0.361424
12352 0.104858
12353 0.237389
12355 0.042391
12356 0.548306
12361 0.446465
12383 0.567755
12386 0.528144
12389 0.078745
12391 1.128974
12404 1.231863
12406 0.443751
12411 0.477518
12412 0.117832
12413 0.239293
12417 0.353497
12422 0.009459
12423 0.390881
12425 0.576672
12439 1.158683
12444 1.054402
12446 1.140484
12451 0.184467
12452 0.479071
12454 0.164791
12461 0.443212
12467 0.545826
12468 0.270359
12476 1.254769
12477 1.158683
12479 0.433153
12491 0.131669
12497 0.176827
12500 0.296108
12505 0.186217
12506 0.177124
12508 0.028146
12510 0.372910
12514 0.298556
12518 0.267388
12533 0.445144
12538 0.135431
12539 0.334731
12541 0.388188
12543 0.342567
12566 0.447800
12568 0.012663
12577 0.560243
12578 0.604053
12581 0.161677
12593 1.056015
12595 0.295136
12610 0.305282
12614 0.076292
12620 0.459643
12638 0.130723
12640 0.439080
12647 0.229442
12664 0.565548
12667 1.205031
12672 0.056521
12676 1.175003
12679 0.116397
12681 0.486519
12687 0.233194
12695 1.042129
12698 1.116293
12724 0.298141
12728 0.503775
12731 0.389942
12734 1.296349
12736 0.867144
12738 1.042350
12739 0.275579
12741 1.062741
12744 0.176827
12747 0.231737
12751 0.160321
12762 0.402100
12774 0.234670
12791 0.362432
12794 0.202488
12805 0.334132
12811 0.423909
12814 0.589875
12815 0.951234
12817 0.079909
12824 0.010254
12826 0.100133
12839 0.531690
12849 0.100755
12850 0.482391
12853 1.002105
12858 0.108627
12860 0.379569
12863 0.242656
12868 0.986602
12869 0.056868
12870 0.545976
12871 0.199976
12880 0.972116
12881 0.383858
12892 0.119606
12894 0.380788
12897 1.130875
12900 0.193114
12902 0.027920
12903 1.262835
12904 0.511184
12908 0.309880
12915 0.524291
12920 0.441403
12921 0.182265
12933 0.537629
12938 0.265171
12957 0.579342
12960 0.195834
12967 0.551754
12969 0.458768
12972 0.212602
12973 0.071085
12975 0.362089
12979 0.341135
12986 0.124956
12987 0.145485
12988 0.183295
12989 1.036221
12990 0.318791
12999 0.210670
13001 0.171284
13002 1.121307
13003 1.216355
13011 0.375193
13014 1.158683
13015 0.010076
13019 0.349970
13021 0.332636
13023 0.418256
13024 0.256063
13031 1.311717
13049 0.392170
13050 0.417414
13052 1.152617
13057 0.038409
13060 0.541111
13064 0.133694
13073 0.036979
13075 1.000681
13090 0.160797
13091 1.116549
13100 0.417723
13104 1.112336
13107 0.196179
13110 0.151386
13112 0.514970
13114 0.547741
13118 0.468831
13119 0.146242
13128 0.487297
13129 1.034799
13133 0.393125
13140 0.111803
13146 0.422377
13147 0.049306
13148 0.230688
13149 0.223837
13152 1.010134
13156 0.157110
13166 0.295351
13169 1.065989
13173 0.352411
13177 1.000231
13181 0.029710
13182 0.392457
13184 0.197223
13201 0.415377
13204 0.194065
13208 0.520426
13210 0.208772
13213 0.449429
13214 0.260896
13217 0.329310
13233 0.054914
13236 0.102740
13237 0.421339
13243 0.100319
13252 0.368052
13253 0.186321
13255 0.374422
13263 0.363712
13266 1.084148
13271 0.300957
13276 0.166517
13277 1.080695
13281 0.410673
13284 0.320487
13291 0.288428
13294 0.132766
13295 0.093067
13297 0.104045
13301 0.052968
13304 0.552874
13305 1.191415
13306 0.378940
13311 0.092285
13321 0.499125
13326 0.350794
13327 0.009459
13328 0.873761
13332 0.069028
13337 1.027404
13338 0.325417
13339 1.046553
13350 0.446721
13355 0.526165
13359 1.004192
13366 0.027808
13368 0.258924
13369 0.441403
13383 1.118331
13387 1.146860
13396 0.235664
13402 1.140144
13404 0.474252
13407 0.118839
13412 0.333035
13414 0.115344
13415 0.495693
13416 0.253264
13432 0.466216
13442 0.517470
13448 0.342876
13452 0.303585
13453 0.501419
13458 0.547156
13469 0.582375
13470 0.099886
13474 0.367994
13477 1.269969
13482 1.068396
13485 0.311288
13486 1.082363
13489 0.375010
13493 0.335408
13505 0.403945
13506 1.001778
13516 0.511491
13517 1.192620
13519 0.504197
13524 0.136316
13526 0.094311
13529 0.031600
13537 0.522543
13546 0.482785
13547 0.497386
13549 1.190284
13554 0.357303
13562 0.489382
13566 0.144835
13567 1.158683
13572 0.591262
13580 0.581807
13586 0.459202
13587 0.297098
13593 0.384287
13595 0.368672
13597 0.579342
13598 1.046237
13601 0.395648
13605 0.597051
13610 0.564638
13612 0.556168
13613 0.313526
13615 1.187222
13618 0.120987
13619 1.107864
13624 0.974114
13625 0.181545
13630 0.568934
13635 0.375010
13645 0.475617
13659 0.048531
13661 0.291187
13665 1.265036
13673 0.957173
13682 0.010439
13688 0.316005
13692 0.182950
13695 0.149187
13696 1.019083
13701 0.288170
13703 0.044352
13704 0.289671
13706 0.308004
13707 0.561786
13709 0.272080
13710 0.440300
13713 1.027157
13720 0.229323
13735 1.050540
13737 1.260920
13739 0.252149
13741 0.285024
13742 0.253158
13743 0.021658
13752 0.481700
13761 0.075158
13763 0.360212
13775 0.481930
13793 0.434506
13803 0.597366
13813 0.204850
13814 0.129773
13820 0.042391
13823 0.337072
13827 0.210670
13829 0.217253
13844 0.582253
13854 0.069175
13858 1.179011
13861 0.260704
13863 1.211618
13871 0.380048
13872 0.254163
13873 0.308982
13874 0.265171
13883 0.233031
13888 0.045662
13895 0.531855
13899 0.110879
13902 0.110831
13907 0.509628
13916 0.413096
13917 0.552766
13921 0.320707
13922 0.212047
13934 0.089129
13949 0.431807
13951 0.496579
13952 0.108013
13955 0.202903
13957 1.130964
13958 0.582313
13964 1.170156
13968 0.316659
13973 0.026334
13975 0.029710
13977 1.034094
13981 0.254508
13988 0.146360
13990 0.582811
13999 0.195284
14001 0.270861
14027 0.412292
14028 0.465862
14029 0.060348
14030 1.146224
14035 1.016804
14048 0.332955
14051 0.166850
14055 0.171657
14068 0.335850
14079 0.222824
14084 0.437725
14089 0.243324
14095 0.504197
14099 0.484678
14109 1.127703
14113 0.021658
14114 0.263653
14115 0.980794
14121 1.139210
14122 0.014394
14123 0.223502
14125 0.302838
14133 0.294472
14138 0.198196
14142 0.315381
14146 0.455551
14149 0.255383
14157 0.509821
14158 0.563961
14164 0.151603
14179 0.218440
14180 0.548489
14181 0.487867
14189 0.470032
14190 0.353123
14194 1.199578
14198 0.014575
14200 0.502709
14202 1.034539
14205 0.233965
14206 0.198631
14208 0.367387
14219 0.546794
14221 0.546549
14223 0.123264
14228 1.183872
14236 0.291589
14239 1.144495
14240 0.442512
14241 0.398528
14247 0.329171
14252 0.171657
14253 0.430549
14255 0.461047
14261 0.182265
14265 0.446465
14266 0.103249
14269 0.236165
14271 0.506528
14277 0.142294
14281 0.356518
14282 0.588839
14290 0.349791
14292 0.010630
14297 0.287957
14298 0.420182
14299 0.528964
14309 0.586001
14310 0.324039
14318 0.486753
14323 0.374233
14324 0.057219
14334 0.415938
14335 0.368672
14345 0.304917
14347 0.434506
14349 0.117335
14352 1.197050
14355 0.596550
14356 0.308274
14364 0.397831
14365 0.202903
14371 0.029710
14378 0.421339
14390 0.011416
14391 0.061523
14407 0.292854
14409 0.444611
14413 0.416226
14419 1.173996
14424 1.008394
14426 1.288873
14432 0.318320
14440 0.232795
14443 0.500341
14446 0.306936
14447 0.225718
14452 0.180712
14455 0.177540
14465 0.529981
14467 0.117039
14468 0.447211
14470 0.056521
14472 0.269461
14475 1.144553
14480 0.519410
14483 0.423909
14487 0.606929
14488 0.041754
14496 0.327929
14498 0.123593
14502 0.368452
14504 0.617964
14507 0.011195
14518 0.028967
14534 0.129946
14536 1.181704
14540 0.558963
14543 0.079909
14544 0.172723
14546 0.317869
14551 1.227464
14553 1.022644
14557 1.067911
14559 1.057719
14563 0.307275
14576 0.172082
14580 0.083616
14590 0.193922
14591 0.323354
14593 0.419333
14595 0.438109
14601 0.264842
14609 0.386228
14610 0.564978
14620 0.317448
14621 0.338611
14628 0.988450
14629 0.988116
14630 0.243180
14631 0.186134
14638 0.320078
14642 0.223900
14645 0.420407
14648 0.037528
14650 0.013712
14651 0.512779
14654 0.523926
14657 0.227007
14658 0.444427
14659 0.250232
14660 1.137616
14670 1.097160
14674 1.059368
14675 0.282243
14682 0.368323
14685 1.067806
14692 0.517710
14704 0.195441
14707 0.148549
14712 1.110627
14713 0.469340
14731 0.111315
14747 0.078223
14752 1.067551
14753 1.123572
14758 0.294581
14764 0.211544
14771 0.617964
14773 1.158683
14778 1.169314
14779 0.272631
14781 0.177285
14783 1.063122
14788 0.319637
14794 0.523276
14799 0.018539
14800 0.018539
14804 0.407777
14815 1.233219
14825 0.287872
14837 0.244925
14844 0.505607
14848 0.558402
14856 0.340511
14858 0.363773
14860 0.472473
14861 0.242656
14866 1.043493
14869 1.008484
14877 0.243933
14878 0.579342
14885 1.027512
14886 0.140446
14892 1.091836
14895 0.132421
14903 0.104471
14905 0.372434
14907 0.443751
14909 0.564736
14915 0.143638
14916 0.991318
14922 0.499824
14935 0.562134
14941 0.061252
14947 0.198277
14952 0.560479
14959 0.544159
14969 0.273186
14970 1.128457
14971 0.397540
14972 0.138764
14974 0.546956
14980 0.359591
15000 0.400533
15002 1.087012
15006 0.445647
15019 1.129350
15035 1.106608
15040 0.191342
15045 1.059368
15050 0.117335
15051 1.037209
15053 0.323094
15062 0.239397
15064 1.010658
15077 0.028609
15078 0.165526
15080 0.132964
15089 0.381212
15093 0.093526
15094 0.362718
15095 0.526674
15096 0.363984
15098 0.509311
15100 0.435186
15111 1.275959
15116 0.609833
15122 0.414215
15124 1.040240
15127 0.466388
15128 0.151133
15131 0.186884
15134 1.029941
15136 0.160243
15145 0.596687
15151 0.288336
15153 1.066570
15164 0.019807
15165 0.522946
15168 0.575652
15175 0.051213
15186 0.446721
15193 0.165526
15210 1.173167
15211 0.576276
15212 0.019556
15216 0.295351
15218 0.202770
15227 0.366589
15230 0.215569
15232 0.398297
15237 0.149508
15240 1.055689
15242 0.479455
15248 0.318638
15260 0.383670
15261 0.291070
15264 0.365900
15266 0.434506
15268 0.352850
15271 1.192107
15279 0.199038
15282 0.524028
15284 1.119627
15292 0.529684
15295 0.018688
15299 1.037426
15304 0.316005
15305 0.109828
15313 0.013242
15319 0.277529
15320 0.329310
15329 0.566747
15330 0.235664
15336 0.550082
15343 0.576210
15345 0.615230
15353 0.149187
15357 0.468831
15359 0.366589
15386 0.584469
15392 0.386228
15393 0.127953
15397 0.368052
15401 0.233863
15411 0.054849
15418 0.209401
15425 0.080371
15428 0.458885
15431 1.267797
15439 0.325060
15442 0.133300
15443 0.438791
15451 0.077246
15455 1.072053
15467 0.278591
15468 1.147324
15471 0.087448
15475 1.199036
15479 0.579342
15483 0.134731
15484 0.112737
15488 0.300399
15498 0.531855
15500 0.445144
15514 0.487343
15515 0.608309
15525 0.304301
15526 0.287778
15534 0.104858
15535 0.415938
15543 0.277197
15549 1.128717
15554 0.288034
15561 0.031457
15563 0.472743
15568 0.327586
15580 0.108627
15587 0.210670
15590 0.471113
15595 1.131226
15601 0.042134
15607 0.126632
15626 0.083887
15628 1.129860
15630 0.113736
15636 1.196673
15640 0.023768
15641 0.204045
15669 0.253264
15672 1.158683
15676 0.471799
15680 0.237321
15683 0.377549
15688 0.332813
15693 0.113042
15696 0.384162
15699 0.376921
15701 0.106721
15705 1.091187
15706 0.384287
15712 0.551158
15714 0.009696
15719 1.061224
15721 1.019641
15722 0.354570
15726 1.158683
15727 0.308319
15729 0.173547
15732 0.969768
15745 0.384021
15747 0.377246
15749 0.494372
15751 0.300399
15760 0.294694
15770 0.222824
15780 0.302265
15781 1.194102
15790 0.097135
15794 1.039304
15802 0.182950
15804 0.898792
15807 1.128974
15822 0.157110
15835 0.137213
15838 0.265532
15840 1.045087
15844 0.497386
15845 0.012946
15846 0.097006
15859 0.455875
15860 0.010533
15862 0.247949
15863 0.065278
15869 0.291187
15871 0.355330
15875 0.336827
15880 1.194102
15884 0.062072
15890 0.159452
15893 0.394046
15899 1.005650
15910 0.364771
15912 1.048104
15914 0.024785
15926 0.482785
15928 0.436324
15930 0.280446
15932 0.470715
15935 0.460982
15948 0.390567
15972 0.550661
15979 0.455197
15987 0.377246
15990 0.280015
16000 0.262083
16007 0.069620
16008 0.048890
16013 1.083930
16015 0.565437
16020 0.219055
16022 0.438039
16023 0.050378
16027 0.165526
16042 0.029334
16043 0.145441
16047 0.983910
16054 1.212715
16056 0.020239
16057 0.420248
16070 0.359591
16076 0.084782
16078 0.322671
16080 1.223891
16086 1.226841
16087 0.145746
16090 0.593706
16104 0.551218
16111 0.268327
16114 0.181754
16118 0.180394
16120 0.161966
16122 0.228753
16125 0.555402
16130 0.085041
16159 0.180394
16162 0.488371
16165 0.323655
16170 1.059368
16177 0.487867
16179 1.003503
16180 0.545263
16194 0.166850
16200 0.312773
16204 0.265685
16213 1.200564
16232 0.558402
16233 0.501850
16236 0.566692
16238 0.125944
16241 0.011823
16247 1.145052
16256 0.593611
16257 0.407105
16267 0.320373
16271 0.037227
16279 1.153624
16281 0.205077
16282 0.213442
16285 0.432255
16287 0.972466
16291 0.472056
16293 0.421339
16305 0.293218
16306 1.108306
16307 0.504671
16310 0.286095
16312 1.180009
16318 1.238381
16321 0.136316
16331 0.573112
16332 0.170953
16334 0.333121
16336 0.011304
16341 0.596687
16346 0.562468
16354 0.059041
16385 1.232642
16399 0.282243
16405 0.441916
16419 0.019892
16425 0.540719
16428 0.574473
16432 0.209716
16435 0.359840
16439 1.094036
16440 0.283117
16445 1.305919
16446 0.343314
16454 0.550661
16459 1.230755
16462 1.048104
16465 0.575555
16466 0.239728
16478 1.070596
16480 0.278853
16484 1.183601
16485 1.294114
16486 0.163727
16489 0.269461
16492 0.518498
16496 0.233606
16497 0.568679
16498 0.360212
16511 0.348730
16513 1.190284
16515 0.344846
16524 0.389739
16528 0.105335
16536 0.269984
16537 0.169807
16538 0.479118
16543 0.231737
16546 1.053349
16550 0.389557
16553 0.590929
16554 0.327823
16555 0.062632
16556 0.476715
16558 0.218620
16567 1.096510
16570 0.429919
16583 1.053349
16584 0.354308
16586 0.433793
16597 0.567322
16598 0.424648
16607 0.123264
16613 0.207836
16621 0.436064
16625 0.249912
16628 0.268680
16630 1.118331
16632 0.576069
16645 0.534777
16650 0.519410
16653 0.366467
16659 0.073334
16667 1.067335
16668 0.337269
16671 1.119183
16673 1.178834
16674 0.068833
16676 0.472697
16682 1.096887
16684 0.451435
16688 0.251412
16691 0.975733
16692 0.980424
16693 0.149187
16701 0.587989
16705 0.338492
16713 0.576210
16715 0.445057
16717 0.237944
16720 1.107814
16721 0.422503
16723 1.178661
16724 0.368052
16736 0.038784
16739 1.060685
16741 0.463473
16742 0.403020
16743 0.452169
16744 0.226587
16754 0.994719
16755 0.157110
16761 0.131793
16771 0.617964
16773 1.176694
16785 0.216896
16788 0.518813
16796 0.203725
16800 0.590929
16810 0.985897
16813 0.598030
16836 0.199231
16841 0.426883
16842 0.248973
16853 0.141880
16854 0.552677
16856 0.089622
16868 0.163466
16871 0.512260
16872 1.065741
16873 0.068735
16874 1.158683
16882 0.040302
16887 0.565211
16890 0.206644
16891 0.015246
16901 0.390052
16904 0.550764
16908 0.226409
16910 0.278084
16915 0.417126
16919 0.386228
16928 0.100755
16932 0.594197
16935 1.148780
16941 0.034416
16942 0.185389
16944 0.179409
16949 0.513805
16962 0.264004
16968 1.164947
16971 1.060172
16972 1.108788
16976 0.084268
16988 0.453398
16995 0.322201
16997 0.032037
17000 0.025749
17002 0.424851
17011 0.400022
17013 0.256390
17014 0.265122
17023 0.539788
17029 0.157110
17030 1.163699
17031 0.293910
17032 0.447412
17037 0.500464
17043 0.308221
17046 0.247186
17049 0.198966
17058 0.997348
17064 0.096557
17069 0.501698
17070 0.592569
17077 0.234495
17080 0.574304
17083 0.352348
17084 0.259179
17086 0.154491
17087 0.289671
17091 0.599518
17097 0.099033
17106 0.445258
17108 0.478187
17115 1.017381
17121 0.319158
17124 1.014795
17129 0.420407
17131 0.427982
17133 0.308089
17137 0.225474
17142 0.179714
17143 0.260965
17147 0.031890
17162 0.079517
17163 1.026098
17166 0.519244
17168 0.443212
17170 0.518110
17181 0.092168
17182 0.121170
17191 0.208090
17193 0.559014
17196 0.603920
17200 0.193114
17202 1.092849
17209 0.092695
17211 0.335041
17214 0.029088
17218 0.068969
17221 0.150478
17223 0.551309
17234 0.491282
17238 0.378655
17254 0.365394
17256 0.461376
17259 0.506924
17260 0.999433
17262 0.299759
17265 0.545826
17269 0.178259
17273 0.273397
17290 0.532368
17293 0.345446
17295 0.238234
17299 0.263587
17309 0.484678
17314 0.105335
17315 0.049045
17334 0.067759
17352 0.428328
17355 1.147648
17362 0.145441
17363 0.241621
17365 0.414575
17368 0.584469
17376 0.136316
17381 0.197223
17383 0.311953
17387 0.333858
17404 1.011393
17410 0.099316
17413 0.024393
17426 0.115868
17433 1.042815
17435 1.147542
17436 0.433247
17442 1.151827
17443 0.058177
17444 0.409535
17445 0.256063
17449 0.273330
17454 0.010032
17456 1.021471
17457 0.173803
17471 1.284758
17477 0.046533
17481 1.004192
17485 0.056521
17490 0.568996
17497 1.214831
17500 0.089995
17503 0.161677
17504 0.180574
17505 0.055840
17510 0.316005
17513 0.257485
17515 0.527126
17518 0.102087
17520 0.028376
17533 0.048890
17537 0.269746
17541 0.247186
17553 0.083188
17556 0.442319
17563 0.046347
17568 0.183918
17571 0.508954
17579 0.053643
17586 1.122475
17591 0.333944
17592 1.067687
17602 0.474870
17604 0.010299
17616 0.501419
17622 0.374422
17627 0.337338
17643 0.369435
17654 0.465862
17659 0.499552
17660 0.204791
17663 0.098611
17664 0.093108
17669 1.099264
17674 0.349001
17677 0.997228
17683 0.468681
17695 0.324191
17696 1.245752
17704 1.197491
17705 0.083760
17722 0.141436
17749 1.182574
17755 0.397932
17759 0.513756
17761 0.337072
17768 0.182950
17778 0.308319
17786 0.250170
17787 0.509628
17788 0.194065
17789 0.548091
17791 0.037377
17795 0.277701
17805 0.068969
17810 0.393250
17812 0.510372
17818 0.111950
17819 0.211632
17820 0.499270
17829 1.017381
17832 0.372910
17838 0.252604
17839 0.094311
17841 0.422192
17854 0.298556
17858 1.131737
17869 0.009861
17870 0.215904
17883 0.204120
17885 0.140775
17886 0.307121
17893 0.249179
17903 0.178259
17910 0.061632
17911 0.319158
17919 0.416605
17923 0.381339
17924 0.297098
17926 0.204474
17928 0.326062
17930 0.075158
17933 0.466388
17936 1.134031
17949 0.517269
17953 0.552677
17963 0.542674
17966 0.953558
17967 0.446378
17970 1.031356
17974 0.452169
17975 0.313966
17985 0.606081
17989 0.617964
17991 0.997755
17992 1.268726
17994 1.023953
18007 0.285390
18009 0.480730
18014 0.448523
18016 0.469103
18019 0.486361
18024 1.073902
18043 0.197690
18050 0.468831
18058 0.931605
18065 0.299373
18067 1.148780
18072 0.087213
18085 0.019892
18087 1.201247
18090 0.414278
18100 0.446201
18103 0.126193
18105 0.478187
18106 0.036398
18108 0.567518
18109 0.254910
18114 0.973966
18115 0.386228
18116 0.104282
18119 0.253807
18130 1.006533
18133 0.949740
18136 1.135739
18138 0.193114
18140 0.344910
18153 0.373769
18162 0.557341
18169 0.136316
18170 0.257485
18175 0.063781
18181 1.165880
18188 0.567708
18192 0.206644
18202 1.114119
18207 0.985667
18215 0.168877
18220 0.398461
18225 0.218440
18227 0.201094
18228 1.222464
18231 0.296407
18232 0.332881
18237 0.563684
18258 1.118729
18260 0.076879
18261 0.380286
18262 1.195663
18268 1.123572
18276 1.103026
18285 0.223361
18288 0.239293
18293 0.265753
18297 0.455875
18306 0.300226
18307 0.222824
18313 0.196387
18317 1.211086
18319 0.934226
18325 1.140673
18328 0.120503
18332 0.186707
18334 0.188404
18343 0.520876
18346 1.078133
18357 0.534777
18359 0.241812
18362 0.410252
18363 1.171416
18365 0.163031
18371 0.382779
18374 0.313526
18376 1.070270
18378 0.433659
18384 0.564858
18391 0.440803
18392 0.432051
18396 1.012981
18400 0.598653
18405 1.122475
18416 1.029941
18418 0.500551
18427 0.324727
18429 0.027808
18432 0.495244
18438 1.158683
18440 0.312341
18445 1.318135
18454 1.013262
18455 0.332537
18477 0.590412
18480 0.057934
18492 0.300631
18493 0.014575
18494 0.434506
18496 0.510042
18502 1.102162
18513 0.174137
18518 0.012261
18519 0.143047
18524 0.029710
18528 0.486361
18529 0.220702
18533 0.311753
18537 0.138350
18541 0.280523
18549 0.178259
18554 0.027920
18560 0.565548
18570 0.574215
18571 0.361310
18572 0.115868
18573 1.123265
18574 1.143636
18576 0.482785
18579 0.184954
18592 0.130415
18600 0.205184
18613 0.530245
18626 0.311693
18631 0.403856
18655 0.030292
18656 0.197824
18663 1.176883
18668 1.143096
18670 0.406772
18675 0.207139
18676 0.259794
18680 1.109587
18683 0.306710
18686 0.107507
18690 0.313158
18693 0.354042
18695 0.465454
18698 0.590929
18701 0.287195
18707 1.066399
18716 0.196179
18717 1.059771
18733 0.185000
18737 1.148947
18740 0.234670
18747 0.500666
18753 0.451935
18763 0.999364
18768 0.252804
18772 0.183234
18774 0.411638
18776 0.492440
18779 0.521175
18780 0.469160
18782 0.172366
18790 0.237679
18801 0.010931
18806 0.309648
18817 0.537360
18820 0.389739
18822 1.070596
18823 0.495897
18825 0.518169
18826 0.518230
18833 0.460404
18841 0.521711
18842 0.092695
18844 0.387885
18846 0.114721
18858 0.246220
18859 0.355778
18860 0.367659
18864 0.404780
18871 0.261447
18876 0.365900
18879 0.569686
18897 0.146669
18901 0.043114
18904 0.233684
18911 0.356518
18918 0.048684
18919 1.224045
18921 0.342227
18930 0.108144
18948 0.986602
18956 0.915912
18959 0.135431
18961 0.046347
18976 0.557480
18978 0.149137
18984 1.076894
18986 0.114438
18992 1.051046
18996 0.492184
18998 1.259438
19010 0.244691
19012 0.143936
19019 0.122553
19023 0.110351
19029 0.371229
19037 1.079322
19047 0.137049
19052 0.293603
19054 1.000681
19056 1.205784
19058 0.491098
19059 0.346410
19063 1.218409
19064 1.066906
19066 0.091647
19074 0.295582
19079 0.326231
19081 0.326538
19083 0.572362
19085 0.373769
19089 0.319158
19097 0.056798
19107 0.182950
19111 0.181942
19124 0.214780
19131 0.170542
19138 0.015146
19139 0.391668
19140 1.106356
19142 0.522044
19143 0.088642
19148 0.540719
19151 0.519783
19152 0.521065
19155 1.215668
19160 0.485899
19168 1.164227
19173 0.043724
19179 1.225414
19183 0.263337
19186 0.188494
19188 0.498674
19190 1.077845
19192 1.141216
19193 0.556686
19201 0.360479
19204 0.365900
19210 1.186492
19211 1.324210
19212 1.232958
19222 1.116293
19224 0.009903
19232 0.417665
19242 0.135651
19244 1.062126
19252 0.159818
19255 0.172938
19258 0.018840
19260 0.102994
19261 0.260532
19262 0.302838
19265 0.194193
19269 0.912902
19270 0.098611
19271 0.193114
19272 0.370779
19290 0.532994
19301 0.217653
19302 0.536951
19303 1.091094
19312 0.428421
19316 0.209479
19317 0.072418
19321 0.202096
19327 0.258735
19329 0.277601
19331 0.120811
19333 0.562134
19334 0.492184
19338 0.474778
19342 0.304154
19343 0.546794
19348 1.002105
19350 0.403470
19351 0.582196
19363 1.151208
19366 0.073334
19368 1.287426
19374 0.040186
19375 0.286095
19379 0.178259
19383 0.463473
19396 1.073307
19409 0.246220
19415 0.337949
19416 0.318501
19417 0.461550
19418 0.567322
19423 0.304917
19427 0.491955
19441 0.040478
19452 0.586322
19455 0.502438
19458 1.190284
19461 1.082704
19464 0.388627
19472 0.226085
19475 0.065278
19476 0.326931
19478 0.594197
19482 1.133819
19486 0.505067
19506 0.558275
19514 0.254097
19517 0.582985
19519 0.044852
19521 0.091647
19522 0.401083
19528 0.471329
19529 0.079130
19530 0.420248
19533 0.519191
19535 0.234940
19544 1.195273
19551 0.458380
19557 0.405806
19564 0.228876
19566 1.163614
19567 0.121967
19569 1.142209
19574 0.345736
19589 0.466483
19598 0.406136
19604 0.054144
19606 0.223361
19608 0.038198
19611 0.494854
19612 0.200928
19615 0.324655
19616 0.503362
19617 0.451169
19624 0.350737
19625 0.187641
19642 0.547563
19644 0.433732
19646 0.333777
19648 1.031356
19649 0.263337
19659 1.062126
19661 0.909022
19662 0.119179
19667 1.068396
19671 0.368887
19672 0.103203
19676 0.483722
19687 0.217253
19691 0.546371
19694 0.318501
19696 0.847817
19700 0.286416
19701 0.301669
19706 1.271726
19707 0.561156
19710 0.454015
19717 0.997611
19728 0.103569
19729 0.148204
19733 0.527232
19746 0.565211
19749 0.331052
19750 0.288105
19751 0.409581
19752 0.038947
19762 1.059651
19769 0.089129
19789 0.403586
19790 0.226806
19794 0.098845
19795 0.096961
19796 0.473773
19798 0.318791
19802 0.558894
19804 0.572362
19810 0.257485
19812 0.201050
19824 0.237126
19832 1.165459
19835 0.054207
19836 0.110351
19842 0.103984
19849 0.443751
19852 0.253264
19853 0.125640
19858 1.246770
19865 0.436781
19870 0.143456
19871 0.105335
19872 0.535526
19882 0.396392
19883 0.332537
19888 0.054207
19891 0.131883
19896 0.495538
19911 0.270861
19923 1.112336
19926 0.010983
19938 0.010679
19946 0.301797
19951 0.144835
19963 1.078079
19967 0.532728
19968 0.418801
19975 1.135739
19978 0.277657
19990 0.204747
19991 0.158905
19995 0.333121
19998 0.022608
20002 0.315162
20009 0.408090
20010 0.587501
20011 0.126632
20012 0.239212
20021 0.122553
20028 0.457375
20038 0.179320
20041 0.186707
20042 0.355330
20044 1.103508
20050 0.470357
20051 0.467930
20058 0.245620
20062 1.090526
20063 0.057078
20068 0.252804
20069 0.188286
20070 0.055975
20073 0.213314
20076 1.259147
20077 1.078285
20078 1.131737
20079 1.242834
20082 0.572189
20090 0.430793
20093 0.986366
20106 0.037177
20107 0.498358
20110 1.143096
20119 0.617964
20122 0.128149
20125 0.249337
20130 0.129462
20137 0.531855
20143 0.215275
20148 0.560409
20161 0.104901
20162 0.394445
20163 0.120906
20164 1.017909
20166 0.475670
20171 0.185885
20172 0.954210
20203 0.485676
20222 1.144553
20234 1.122093
20243 0.167118
20247 0.042914
20258 0.308982
20263 0.607170
20264 0.530482
20265 0.149508
20266 0.395006
20268 0.341084
20269 0.428421
20270 0.028967
20284 0.260378
20292 0.222572
20294 0.543306
20300 0.413368
20315 0.203725
20318 0.448170
20321 0.403020
20333 0.351116
20334 0.177406
20335 0.575652
20336 0.216026
20352 0.441916
20356 0.060191
20357 0.561047
20358 1.013057
20369 0.329534
20371 0.479807
20375 1.081438
20378 0.568996
20398 0.487297
20399 1.171278
20410 0.432703
20417 1.068740
20422 1.008595
20423 1.065003
20434 0.453116
20441 0.553178
20442 0.163579
20450 1.178776
20458 0.973038
20464 0.929996
20474 0.349970
20486 0.985228
20489 0.110831
20491 0.381212
20493 0.493865
20496 1.073902
20500 0.071671
20502 0.184336
20505 0.230202
20506 0.571258
20511 0.340789
20514 0.043931
20516 0.928988
20525 1.189336
20526 0.524291
20531 1.010868
20533 0.210670
20534 0.194125
20535 0.368402
20544 0.419098
20547 0.012803
20551 0.294938
20553 0.167365
20560 0.009946
20563 0.074754
20568 0.508452
20572 0.601913
20579 0.052076
20585 0.172082
20589 0.533604
20602 0.231737
20607 0.430027
20616 0.209716
20618 0.292280
20620 0.984881
20621 0.247582
20630 0.286263
20637 0.256299
20642 1.084409
20648 0.211739
20659 0.264156
20660 0.388316
20676 0.300399
20677 0.203068
20686 0.081108
20690 0.590929
20696 0.130723
20702 0.040656
20709 0.022390
20711 0.117832
20723 0.408947
20725 0.131172
20726 1.106661
20734 0.331052
20739 0.284816
20742 0.301797
20743 1.076313
20748 0.540319
20752 1.209615
20755 0.517710
20756 0.305282
20764 0.594197
20772 1.034305
20777 0.489222
20788 0.513341
20790 0.399164
20793 1.080040
20795 0.266848
20799 0.564096
20803 1.183601
20804 0.596687
20805 0.140163
20807 0.445144
20816 1.023253
20822 0.402490
20823 0.513702
20830 0.184467
20831 1.164625
20841 0.075449
20847 0.109310
20848 0.399164
20856 0.127953
20864 0.105816
20870 0.286556
20874 0.176120
20877 0.582036
20879 0.119864
20881 1.189999
20885 0.414900
20894 0.010164
20902 0.138828
20903 0.590701
20905 0.416485
20913 0.498674
20914 1.256257
20918 0.617964
20921 0.042914
20923 0.263107
20926 0.026946
20935 0.090877
20939 0.094311
20941 0.306936
20943 0.121967
20946 0.327158
20947 0.550082
20956 0.231737
20957 0.590701
20958 0.010299
20962 0.310362
20964 0.454204
20966 0.531855
20968 0.348275
20978 0.582140
20982 0.338492
20991 0.169246
20992 0.591936
20999 0.265171
21001 0.167233
21017 0.324191
21024 1.028738
21025 0.186707
21036 0.990049
21037 0.366672
21038 0.010164
21042 0.463473
21050 0.286416
21067 1.078936
21068 0.034079
21076 0.204474
21078 0.154491
21081 0.164147
21085 1.229049
21088 0.450890
21093 0.254163
21099 1.241904
21100 0.513805
21101 0.009861
21102 0.174137
21110 0.484421
21112 0.354183
21120 0.110351
21125 0.376808
21129 0.200928
21132 0.548489
21138 0.224892
21152 0.476715
21156 0.410806
21166 0.547563
21171 0.993157
21172 0.168300
21192 1.151396
21194 0.217970
21196 0.193114
21197 0.058299
21198 1.309364
21204 1.008055
21209 0.468831
21224 0.372434
21225 0.327454
21231 0.447673
21233 1.091405
21238 0.423088
21251 0.068735
21255 0.486753
21257 0.183694
21261 1.158683
21264 0.275579
21267 1.028236
21268 0.096557
21275 0.310708
21278 0.519994
21286 0.014575
21290 0.335279
21291 0.076517
21292 0.572975
21301 0.482785
21306 0.069800
21309 0.278084
21313 0.042326
21315 0.422377
21321 0.334880
21322 0.531299
21328 0.388076
21331 0.549479
21336 1.021748
21339 0.437047
21344 0.164622
21352 1.158683
21362 0.029334
21363 0.291493
21376 1.118729
21379 0.430027
21383 0.342970
21386 1.122635
21387 0.398587
21392 0.183918
21401 0.354421
21408 0.499616
21415 0.405539
21417 0.335217
21418 0.425841
21420 0.325244
21422 0.534777
21427 0.101862
21435 1.274552
21444 0.010729
21455 0.014760
21456 0.020508
21457 0.497594
21458 1.107414
21464 1.070353
21471 0.594197
21479 0.548850
21486 0.195147
21487 0.572008
21491 0.442875
21493 1.067393
21504 1.134239
21505 0.552766
21506 0.027920
21532 0.521929
21533 0.603338
21534 1.229887
21543 1.065989
21547 0.134490
21550 0.018613
21559 0.046117
21561 0.291326
21571 0.451435
21576 0.222824
21580 0.071524
21581 0.450947
21582 1.215838
21586 0.483377
21587 0.549095
21589 0.096557
21594 0.277701
21595 1.188701
21597 1.096887
21599 0.442406
21601 0.472473
21605 0.144234
21606 0.265532
21609 0.268866
21611 1.069554
21613 0.091475
21617 0.557885
21620 1.101069
21627 0.439080
21636 0.281187
21639 1.207780
21640 0.293218
21641 0.072873
21642 0.202611
21645 0.193114
21652 1.134239
21660 1.183548
21664 0.417723
21665 0.167118
21670 0.526674
21675 0.478485
21677 0.373769
21688 0.398528
21691 1.056288
21694 0.332691
21707 0.880599
21708 0.473441
21711 1.253485
21712 0.260965
21714 0.356518
21726 0.315381
21731 0.370779
21732 0.444427
21736 0.432427
21739 0.104806
21749 0.409581
21753 0.206644
21755 0.071671
21759 0.295351
21772 0.491955
21776 0.296806
21777 0.196179
21784 0.516013
21785 0.522357
21788 0.233031
21793 0.366672
21795 0.305214
21803 0.252604
21806 0.485030
21807 0.451935
21811 0.395127
21813 0.463473
21815 0.099139
21816 1.108924
21821 1.024765
21826 0.024393
21833 0.475357
21834 0.164834
21842 0.407105
21850 1.019083
21859 0.145594
21867 0.349547
21868 0.150316
21870 0.331052
21877 0.210670
21886 1.128666
21897 0.278530
21902 0.190469
21906 0.321021
21912 0.543133
21918 0.147469
21920 0.160797
21922 0.265927
21924 0.032335
21929 0.157491
21931 0.535891
21932 1.055555
21933 0.279325
21934 0.177210
21942 1.108924
21946 1.194153
21956 0.368887
21959 0.547510
21961 0.499270
21966 0.505821
21970 0.422503
21980 0.093227
21983 0.086631
21987 0.309808
21990 0.142776
21992 0.160187
21993 0.592216
21998 0.049306
22002 0.096557
22004 0.291126
22007 0.366589
22008 1.116929
22010 0.476348
22011 0.283346
22023 0.392170
22026 0.542603
22027 0.183234
22029 1.023622
22037 0.081311
22042 0.066755
22044 0.377246
22045 0.537138
22049 1.152282
22068 0.490614
22069 0.403586
22072 0.152458
22073 0.551081
22088 0.448859
22098 1.087744
22101 1.107864
22104 0.370779
22107 0.169563
22108 0.013092
22117 0.229190
22121 0.361148
22138 0.284339
22144 0.508086
22145 0.537138
22162 1.056874
22172 0.346615
22176 0.142170
22178 0.120383
22184 0.547741
22196 1.112336
22205 1.200564
22211 0.569178
22216 0.012803
22218 0.348851
22220 0.535891
22221 0.020328
22223 0.229190
22225 1.163337
22234 1.082222
22240 0.128743
22242 0.311753
22244 1.009405
22246 0.035470
22253 0.180868
22256 0.538227
22259 0.555749
22260 0.293161
22262 0.260378
22265 1.244968
22268 0.499616
22269 0.107557
22274 0.367004
22294 0.231737
22300 1.139479
22301 0.253264
22306 0.301362
22311 0.599319
22320 0.319637
22321 0.370399
22332 0.180394
22346 0.539661
22347 0.141617
22368 0.395006
22379 0.457569
22384 0.068494
22385 0.977203
22387 0.533775
22394 0.571685
22403 0.345446
22413 1.050732
22415 0.083134
22426 0.519994
22429 1.293173
22437 0.312575
22438 1.175476
22440 1.211351
22449 1.194414
22450 0.331052
22468 0.296407
22477 0.054526
22480 0.026790
22484 1.163974
22485 0.379392
22502 0.568129
22505 0.433153
22514 1.060072
22516 0.020328
22518 1.231101
22526 0.035290
22527 0.319637
22531 0.280523
22535 0.059675
22545 0.497594
22547 0.133952
22549 0.596687
22551 0.065586
22553 0.356518
22554 0.473716
22555 0.050653
22558 0.452169
22559 0.397587
22560 0.357967
22564 0.130982
22567 0.596687
22570 1.186603
22571 0.344634
22575 0.367233
22580 0.189726
22585 0.091878
22588 0.457238
22590 0.057934
22593 0.156730
22597 0.059116
22598 0.541722
22611 0.598653
22613 0.917918
22615 0.090120
22619 0.322671
22625 0.177210
22628 0.393727
22657 0.010729
22662 0.253807
22666 0.420490
22671 0.113969
22677 0.324997
22679 0.546661
22680 0.475060
22685 0.269746
22686 1.232357
22700 0.185000
22702 0.425841
22707 0.400188
22712 0.058916
22716 0.015347
22718 0.412516
22728 0.284589
22733 0.576459
22739 1.082704
22740 1.041645
22742 0.518358
22745 0.573824
22747 0.486361
22748 1.107022
22750 1.214389
22752 0.382779
22753 0.130925
22761 0.014575
22767 0.358139
22777 0.039277
22797 0.231737
22806 0.289671
22807 0.572683
22820 1.172156
22828 1.202684
22833 0.961926
22834 1.265229
22837 0.198631
22842 0.245781
22843 0.222023
22844 0.602311
22854 0.051213
22860 0.160510
22861 0.033585
22872 0.415195
22873 0.306319
22876 0.015146
22878 0.484007
22884 1.283062
22892 1.242109
22897 0.401083
22899 0.611174
22907 1.135037
22908 0.407295
22923 0.029149
22926 0.121967
22929 1.077372
22930 0.438973
22931 0.308004
22936 0.918202
22940 1.237910
22941 0.326808
22952 0.568411
22954 1.046126
22955 0.269694
22959 0.455875
22962 0.170395
22963 0.231737
22965 0.256430
22974 0.229649
22979 0.053273
22986 1.051046
22992 0.570780
22993 0.444747
23004 0.111680
23005 0.463473
23007 0.289671
23017 0.491563
23018 0.065278
23029 0.402417
23035 0.512860
23039 0.166268
23045 0.546046
23055 1.152919
23060 0.014217
23068 0.191239
23072 0.465413
23075 0.093526
23076 0.567982
23078 0.098845
23079 0.591165
23092 0.349001
23101 0.325417
23110 0.134163
23117 0.533844
23118 0.077895
23126 0.421339
23131 0.457867
23137 0.270186
23138 0.033264
23143 0.553401
23144 0.295206
23155 0.306260
23158 1.187650
23164 0.179244
23171 0.454810
23198 0.428764
23209 0.576672
23214 0.279325
23217 0.196900
23221 0.494560
23225 0.437047
23227 0.092695
23228 1.158683
23229 0.262895
23239 0.195147
23245 0.287872
23254 0.362493
23263 1.060490
23271 0.196179
23278 0.323094
23282 1.028332
23289 0.564096
23301 1.272751
23303 0.334132
23304 0.598030
23307 0.229323
23308 0.070223
23309 0.276163
23311 0.127173
23312 1.202684
23322 1.020492
23343 0.110351
23344 0.324655
23346 1.111066
23347 0.497445
23350 0.207139
23362 1.046932
23364 0.412682
23368 0.051785
23369 1.057928
23370 0.167704
23376 1.217104
23387 0.073567
23394 0.448170
23398 0.579342
23400 0.213738
23401 0.404054
23413 0.345685
23416 1.279528
23418 0.965569
23419 1.097051
23421 1.244512
23425 0.555202
23426 0.522893
23428 0.131397
23434 0.120241
23438 0.365900
23443 0.405866
23447 0.334236
23449 0.344846
23452 0.320017
23464 0.110351
23474 0.602988
23485 0.510042
23486 0.113349
23493 0.235505
23496 0.253264
23500 0.576340
23505 0.093442
23508 0.065278
23512 0.057646
23521 1.063380
23523 0.476715
23530 0.013395
23536 0.028787
23539 1.055689
23540 0.318990
23545 0.258924
23546 1.134290
23548 0.320487
23549 0.235266
23552 0.362961
23553 0.196625
23556 0.353257
23559 0.259997
23562 0.135591
23564 1.181182
23566 0.362089
23567 0.551754
23576 0.304154
23578 1.060233
23587 1.346969
23595 1.078133
23600 0.470357
23605 1.115769
23607 1.043773
23612 0.368323
23636 0.391056
23637 0.081789
23643 0.317113
23662 0.046347
23667 0.510606
23668 1.120485
23676 0.131172
23678 0.096057
23685 0.466216
23689 0.418256
23693 0.978185
23696 0.408947
23713 0.486842
23714 0.312893
23727 0.270720
23728 0.530851
23730 0.313705
23732 0.416881
23735 0.279201
23740 0.429919
23750 0.195558
23767 0.315381
23768 0.243324
23772 0.095071
23781 0.971799
23786 0.569410
23803 0.009576
23814 0.095365
23819 1.111196
23825 0.012733
23827 0.878668
23845 0.410367
23846 0.591882
23853 0.232749
23871 0.028967
23872 0.508194
23876 1.253841
23878 0.092695
23885 0.595171
23891 0.289671
23894 1.013221
23896 1.096696
23899 0.194919
23904 0.535807
23906 0.558275
23909 0.102237
23911 0.058299
23915 0.477957
23916 0.997909
23917 0.376117
23921 0.961120
23928 0.029710
23929 1.077576
23943 0.121434
23951 0.914072
23956 0.569997
23958 0.564015
23965 0.257485
23967 0.402100
23972 0.437239
23974 0.369793
23979 0.146669
23983 0.048028
23984 0.999043
23985 0.106213
23986 0.181193
23990 0.136316
23995 0.073734
24000 0.463473
24005 0.011529
24006 0.070940
24022 1.032883
24029 1.163374
24033 0.085828
24037 0.530482
24047 0.531855
24049 0.215787
24052 0.216896
24074 0.296736
24076 0.037990
24081 0.307700
24083 1.113540
24085 0.983125
24088 0.265241
24097 0.262146
24110 1.111800
24111 0.052076
24114 0.159035
24117 1.201954
24123 0.214917
24124 0.301258
24129 0.477957
24135 0.120383
24137 0.236236
24141 0.386228
24142 0.224261
24147 0.160928
24150 0.233863
24152 0.203278
24153 0.429561
24157 0.254226
24159 0.576622
24162 0.415671
24164 0.198966
24165 1.093098
24167 0.296806
24171 0.093108
24174 0.318320
24176 0.236466
24177 0.136316
24183 0.554153
24191 0.500464
24196 0.468404
24199 0.367108
24200 0.419606
24219 0.304630
24223 0.071304
24226 0.213442
24230 0.437462
24232 0.392774
24236 0.289671
24237 0.405539
24240 1.099094
24241 1.089162
24243 0.381518
24245 0.208440
24248 0.545976
24255 0.391244
24256 0.157352
24261 1.037054
24264 0.214571
24273 1.035419
24285 0.046040
24290 0.213255
24295 0.087862
24299 0.227938
24302 0.448523
24303 0.274425
24304 1.189015
24310 0.264540
24343 0.249063
24346 0.497386
24348 0.233194
24350 0.416180
24352 1.139479
24356 0.231737
24361 1.037627
24366 0.410962
24370 0.150316
24374 0.020691
24379 0.606929
24383 0.369251
24385 0.426182
24387 0.566747
24389 0.574027
24419 1.078523
24426 0.096156
24433 0.023174
24438 0.308089
24443 0.072873
24448 0.494372
24450 1.088032
24460 0.222374
24465 0.348149
24480 0.190606
24488 1.096978
24498 0.987400
24502 0.229190
24509 0.405539
24512 0.179990
24514 0.076397
24518 1.141390
24522 0.259084
24527 0.607665
24529 0.287195
24533 0.556622
24538 0.209716
24548 0.481531
24555 1.114119
24557 1.206962
24566 1.173167
24573 0.436387
24575 0.153850
24578 0.582313
24585 0.487343
24596 0.585440
24599 0.289671
24601 0.476779
24612 1.089714
24633 0.161409
24636 0.185885
24640 0.132078
24647 0.278671
24652 0.178259
24673 0.336547
24685 0.051269
24691 0.085477
24704 1.029941
24708 0.554153
24714 0.278084
24718 0.368052
24724 0.516141
24726 1.096182
24728 1.147097
24730 0.339719
24732 0.140446
24735 0.277529
24738 0.059803
24739 0.074156
24741 1.121307
24743 0.092168
24746 0.113504
24761 0.014855
24763 0.984087
24767 0.141057
24771 0.046815
24772 0.999832
24789 0.519090
24792 0.991833
24805 0.253046
24807 0.908771
24808 0.013552
24817 0.424093
24818 0.572832
24820 0.254789
24821 1.314530
24824 0.488414
24825 0.349547
24837 0.112792
24850 0.582440
24852 0.571685
24856 1.116803
24863 0.053151
24869 0.191884
24873 0.229190
24875 1.019641
24882 0.027808
24887 0.461376
24892 1.004192
24894 1.237790
24896 0.576855
24904 0.552270
24911 0.948014
24922 0.228688
24923 0.275331
24925 0.177124
24928 0.341732
24938 0.127652
24944 0.258590
24950 0.268680
24952 0.587989
24953 1.096611
24959 0.103622
24962 0.150723
24963 0.113736
24964 0.320487
24973 0.110351
25003 1.217599
25012 0.404780
25013 0.359591
25020 0.093821
25021 1.215205
25029 0.137938
25030 1.062126
25032 0.099791
25035 0.582730
25037 0.188286
25040 0.349001
25044 0.148549
25074 0.135093
25077 0.496579
25080 0.258683
25091 1.001778
25102 0.231737
25111 0.059420
25116 0.362089
25119 0.302265
25127 0.542074
25133 0.150113
25135 0.471010
25136 0.031745
25140 0.254226
25141 1.301731
25143 0.185827
25152 0.172938
25164 0.195026
25169 0.367233
25175 1.183336
25193 0.313526
25194 1.131484
25198 0.380097
25199 0.565548
25204 0.596550
25214 0.049516
25221 0.010299
25226 0.518000
25228 0.583079
25232 0.292280
25238 0.239011
25241 0.326931
25244 0.493640
25265 0.236667
25267 1.139532
25274 0.146802
25275 0.210670
25278 0.987730
25291 0.035290
25298 0.316005
25302 0.183918
25303 0.541352
25309 0.401677
25315 0.543133
25318 0.547156
25324 0.487867
25325 1.158683
25330 0.924481
25333 0.489850
25336 0.257485
25338 0.357466
25341 0.863333
25348 0.172723
25355 0.265685
25360 1.099264
25362 0.383858
25365 1.232161
25377 0.993157
25395 1.128192
25408 1.001192
25410 0.273478
25417 0.600799
25419 0.264156
25423 1.063262
25426 1.221127
25438 0.507916
25440 0.304301
25443 0.025892
25450 0.368452
25463 1.134544
25464 1.145365
25469 0.266600
25473 0.482785
25476 1.123213
25479 0.576276
25484 0.998865
25488 0.376425
25490 0.297416
25493 1.035169
25497 0.067759
25498 0.328123
25500 0.227718
25505 1.113372
25516 0.020417
25525 1.139689
25529 1.151827
25537 0.522543
25538 0.344634
25542 0.253958
25545 1.205977
25547 1.098751
25551 0.306260
25556 0.131172
25571 1.115368
25576 0.572189
25582 0.102740
25587 0.069382
25591 0.549884
25598 0.198631
25601 0.365900
25604 0.471113
25612 0.460502
25619 1.158683
25623 1.060490
25624 0.397263
25625 1.088763
25629 1.003700
25633 0.229550
25637 0.329372
25643 0.421339
25644 0.107428
25645 1.128974
25650 0.949740
25651 0.112131
25652 0.056984
25655 0.586801
25660 0.418959
25663 0.350019
25664 0.177456
25666 0.244925
25670 0.350431
25683 1.007023
25686 0.491563
25688 0.147134
25691 0.243376
25693 0.079909
25702 0.078745
25703 0.412516
25704 1.109261
25705 0.592216
25711 0.310708
25715 1.018034
25717 1.048913
25731 0.424851
25737 1.178490
25738 1.142811
25741 1.079457
25742 0.146669
25743 0.457506
25746 0.068735
25756 0.243259
25757 0.505067
25762 0.496579
25769 0.183295
25770 0.185000
25774 0.471010
25779 0.453664
25783 0.093108
25784 0.324997
25787 1.023736
25794 0.249403
25800 0.109770
25810 1.069554
25814 0.076292
25815 1.206170
25818 0.457569
25829 0.395127
25830 0.305471
25831 0.408947
25833 0.421339
25836 0.302265
25843 0.101862
25844 0.557655
25849 0.099033
25853 0.253046
25855 0.539142
25862 0.600451
25872 0.023647
25873 0.278084
25893 0.044281
25896 1.141560
25897 1.091318
25899 0.440726
25907 0.315162
25910 1.017067
25925 0.386228
25926 0.093947
25927 0.075669
25937 1.274552
25940 0.146053
25942 0.041629
25949 1.141038
25950 0.512125
25952 0.257485
25963 0.056798
25964 0.495538
25975 0.298556
25986 0.308982
25989 0.492440
25993 0.442809
25998 1.022748
26007 0.346273
26009 0.296806
26023 0.569522
26041 0.446576
26044 0.103984
26045 0.104151
26049 1.054212
26059 1.060490
26062 0.599669
26069 0.272631
26073 0.162216
26084 0.281187
26092 0.080604
26097 0.488986
26106 0.410252
26118 0.247769
26123 0.089129
26126 1.203439
26133 0.195689
26138 0.400842
26140 0.392358
26155 0.019556
26166 0.459562
26169 1.165792
26170 0.999648
26179 0.013632
26182 0.479859
26188 0.093821
26191 0.444262
26207 0.304154
26212 0.141159
26213 0.049836
26214 0.553593
26222 0.391056
26227 0.060983
26228 0.466063
26231 0.217253
26232 0.208772
26238 0.227007
26248 0.213442
26253 1.001475
26259 0.174896
26262 0.553707
26263 0.971087
26267 0.253046
26295 0.072042
26299 0.163404
26311 0.091132
26312 0.108144
26323 0.211586
26324 0.231737
26325 0.294420
26332 0.589875
26347 0.050378
26363 0.335041
26365 0.490614
26372 1.045087
26388 0.429142
26391 0.382869
26394 0.256299
26404 0.374868
26405 0.480963
26409 0.102538
26414 0.355001
26419 0.493301
26423 0.152641
26450 0.012663
26452 1.063882
26459 0.614242
26464 0.075731
26468 1.033727
26475 0.982362
26481 0.369435
26485 0.065674
26489 0.513429
26493 0.467725
26495 1.065793
26497 1.103508
26500 0.033424
26508 0.576459
26538 0.514970
26539 0.265241
26540 0.426395
26542 1.087744
26544 1.192107
26547 0.503775
26560 0.494225
26561 0.318904
26562 1.069554
26572 0.047293
26573 1.108924
26577 0.299015
26582 0.276918
26585 0.465992
26588 1.003836
26595 0.241812
26604 1.173929
26609 1.054253
26615 0.063664
26618 0.346911
26619 0.485899
26643 0.954841
26650 0.118082
26655 0.428049
26656 0.371373
26657 0.579342
26659 0.532368
26663 0.415195
26669 0.393315
26672 1.054347
26673 0.432575
26675 0.480963
26676 0.348362
26679 0.090877
26682 0.370301
26685 0.312773
26688 0.329094
26692 1.165230
26708 0.273227
26710 0.153034
26727 0.331052
26729 0.187117
26733 1.085349
26740 0.186134
26741 0.521711
26742 0.487867
26746 0.989578
26748 1.082787
26749 0.513805
26750 0.486519
26751 0.232667
26752 0.394445
26754 0.513702
26760 0.262635
26762 0.276242
26765 0.148549
26770 0.587820
26778 0.312575
26780 0.924013
26781 0.586157
26784 0.574122
26786 0.325734
26790 0.558651
26792 0.095421
26796 1.054610
26798 0.487867
26799 0.167365
26800 0.426628
26805 0.054526
26807 1.119501
26809 0.205683
26822 0.473180
26830 0.510042
26836 0.197023
26838 0.537960
26876 0.074156
26883 1.173538
26890 0.227472
26900 0.169940
26903 0.546899
26913 0.123743
26914 0.546549
26923 1.212576
26935 0.258924
26936 0.953111
26946 0.434506
26950 0.381078
26965 1.106802
26972 0.018764
26984 0.314704
26989 0.483196
26996 0.430368
27002 0.104282
27003 0.256191
27004 0.555626
27010 0.358356
27011 0.275331
27026 1.189336
27033 0.414278
27039 0.320017
27043 0.601913
27046 0.299015
27051 1.158683
27059 0.232795
27070 0.301258
27073 0.450599
27081 0.418621
27089 0.432761
27090 0.162622
27096 0.438421
27104 0.317869
27107 0.256191
27114 0.185389
27122 0.503775
27125 0.130056
27135 0.596550
27148 0.384021
27156 0.089129
27162 0.425079
27163 0.352005
27169 0.355736
27172 0.519244
27177 0.352005
27181 0.516610
27187 0.476715
27191 0.475357
27203 0.448859
27204 0.529684
27219 0.564736
27220 0.439080
27229 1.106016
27231 0.502561
27236 0.271037
27248 0.426883
27249 0.331052
27253 0.461509
27258 0.482012
27266 0.379737
27269 0.373769
27270 0.166441
27271 0.503362
27275 1.077845
27280 0.074275
27281 0.391519
27291 0.576459
27302 0.230584
27308 0.239352
27310 0.109698
27311 0.403470
27316 0.598381
27320 1.054699
27323 0.529981
27324 0.260829
27325 0.601913
27330 1.056719
27331 0.401332
27336 0.141303
27340 0.499824
27349 0.025749
27353 0.525270
27363 0.944519
27372 1.130423
27381 0.573112
27384 0.579342
27391 0.434506
27393 0.484678
27396 0.498674
27397 0.479928
27398 0.190992
27415 0.463473
27416 0.069921
27434 0.242950
27436 1.125578
27438 0.252534
27454 0.460502
27462 0.250849
27463 0.477703
27467 0.188162
27471 0.104858
27475 0.260829
27478 0.063201
27483 0.428646
27491 0.576767
27496 0.456451
27504 0.057934
27505 0.431138
27513 1.128974
27533 0.256346
27534 0.484072
27536 0.144234
27540 0.246220
27551 0.046347
27563 0.030626
27566 0.393004
27567 1.108788
27568 0.149947
27571 0.505067
27573 0.142776
27575 0.102786
27576 1.042815
27580 0.556168
27584 0.065674
27588 0.292378
27591 0.327586
27592 0.052076
27603 0.993157
27604 0.317810
27618 0.255813
27621 0.218620
27622 0.243933
27630 0.258735
27649 0.488601
27651 0.321219
27656 0.085828
27662 1.104791
27665 0.322912
27666 0.545263
27668 0.493255
27669 0.064671
27671 0.197223
27676 0.095986
27692 0.318320
27694 1.101885
27695 0.089622
27696 0.257485
27697 0.011088
27703 0.554153
27707 0.494058
27715 1.207989
27718 1.164391
27722 0.448914
27731 0.059420
27732 0.505067
27736 0.493375
27746 0.241174
27747 0.175872
27748 0.318638
27749 0.361148
27754 0.133952
27755 0.457095
27756 0.048278
27757 0.047487
27761 1.147752
27769 1.134544
27770 0.352149
27772 0.212602
27777 0.029902
27791 0.058668
27817 1.186944
27818 0.332955
27820 0.146802
27830 1.126197
27834 0.143554
27838 0.069870
27839 0.237679
27841 0.111680
27845 0.349603
27849 0.576069
27850 0.979169
27851 0.202903
27852 0.528522
27853 0.282114
27854 0.073801
27859 0.078555
27864 0.217253
27868 0.136316
27871 0.412224
27879 0.303465
27882 0.332636
27885 0.420360
27889 0.518110
27890 0.357303
27892 0.362961
27897 1.147752
27899 0.531299
27900 1.023953
27904 1.055842
27916 0.163466
27917 0.396006
27938 0.089705
27943 0.053273
27945 0.503362
27953 0.307275
27957 0.122612
27965 0.258635
27969 0.360901
27970 0.566467
27971 0.310866
27972 0.541352
27974 0.583976
27977 0.423605
27978 0.024014
27986 0.509821
27988 0.176120
28005 0.307275
28009 0.220702
28032 0.504901
28035 0.181044
28039 0.231737
28051 0.568934
28054 0.564736
28057 0.105816
28058 1.004192
28060 0.279875
28063 1.198638
28064 0.998440
28068 0.041629
28073 0.091475
28074 0.056521
28075 1.095482
28077 0.490212
28091 1.026098
28101 0.013960
28117 0.049836
28120 0.435940
28125 1.186603
28132 0.113349
28134 0.049516
28136 0.362820
28138 1.118729
28141 0.067590
28144 0.599319
28150 0.125944
28153 0.289671
28155 1.018034
28156 0.195558
28158 1.187650
28160 0.539788
28170 0.391117
28188 1.027015
28192 0.196387
28196 1.110405
28200 0.455662
28203 0.076607
28206 0.147917
28212 0.225474
28215 0.477957
28219 1.101228
28222 0.121258
28230 0.426063
28232 0.561047
28234 0.455716
28239 0.262343
28246 1.027512
28251 0.421339
28265 0.336392
28267 0.525395
28284 0.423605
28286 0.208440
28289 0.352850
28291 0.408173
28293 0.373769
28301 0.085828
28303 0.131397
28309 0.518230
28314 0.119864
28318 0.044565
28323 0.158452
28330 0.523699
28332 0.548306
28336 0.226085
28337 1.250460
28338 1.039304
28339 0.218105
28342 0.351852
28348 0.596898
28349 0.188404
28351 0.100210
28362 0.207343
28363 0.331052
28369 1.091094
28376 1.356507
28378 0.441403
28385 0.286263
28394 0.235454
28397 0.042914
28399 0.213442
28402 1.121983
28409 0.202903
28418 0.037579
28422 1.105749
28423 0.496579
28424 0.069028
28425 0.470190
28430 0.454386
28437 0.039955
28450 0.155789
28460 0.301740
28461 0.567015
28464 1.130964
28483 0.539493
28495 0.135431
28497 0.177349
28508 1.210410
28513 0.221404
28517 0.031175
28518 0.371923
28525 0.504671
28537 0.239728
28546 0.403020
28553 1.152210
28554 0.420307
28555 0.247359
28571 0.331052
28575 1.113146
28582 0.303320
28587 1.042815
28593 0.010439
28594 0.021862
28596 0.263052
28601 1.049374
28606 0.433659
28607 0.471676
28609 0.269461
28613 1.163879
28635 1.213385
28636 0.212947
28644 0.209803
28645 0.475357
28646 0.404192
28650 0.335217
28656 0.509578
28657 0.374664
28664 0.065410
28665 0.312773
28668 0.099316
28671 0.447211
28674 0.255217
28681 0.530794
28686 0.099316
28687 1.120061
28690 0.029837
28692 0.029334
28698 1.166159
28702 0.122612
28703 0.529348
28715 0.189400
28719 0.298683
28730 0.498674
28731 0.202027
28734 0.413427
28750 0.576812
28751 0.500666
28752 1.082882
28755 0.365299
28765 0.297416
28770 0.386228
28782 0.161100
28784 1.144379
28787 0.442643
28791 0.432255
28793 0.563338
28823 0.582253
28840 1.001574
28842 0.260239
28846 0.382478
28847 1.139894
28861 0.195689
28866 0.233031
28867 0.258635
28880 0.196179
28883 1.062660
28893 0.348851
28897 1.093589
28901 0.448523
28902 0.271870
28905 1.158683
28909 1.152680
28913 1.140673
28916 0.230638
28919 1.082167
28925 0.400383
28926 1.200438
28927 0.430368
28940 0.117170
28941 0.062632
28944 0.064075
28946 1.303519
28947 0.414215
28970 0.295834
28980 0.188916
28985 0.517847
28988 0.099139
28990 0.423605
28993 1.164814
29005 0.360997
29012 1.019641
29025 0.228312
29028 0.254910
29034 0.558402
29038 0.271181
29041 0.390719
29042 0.051043
29043 0.468831
29045 0.533199
29046 0.282243
29051 0.210670
29057 0.573369
29058 1.195120
29063 0.605353
29064 1.008736
29065 0.582196
29070 0.187052
29071 1.173538
29075 0.529275
29080 0.305587
29081 0.173547
29087 0.149187
29091 0.226085
29093 0.516610
29098 0.274245
29102 0.029710
29106 0.310575
29108 0.401276
29111 0.458236
29112 0.587066
29116 0.261112
29126 0.208943
29127 0.941114
29129 1.111252
29140 0.445144
29142 0.088161
29155 0.529275
29163 0.563684
29172 0.482785
29173 0.423171
29174 0.194012
29188 0.122504
29189 0.341135
29190 0.095562
29208 1.348286
29209 0.593611
29210 1.227464
29211 0.316998
29221 0.150200
29226 0.199976
29234 1.142955
29242 0.472743
29245 0.457375
29248 0.338377
29251 0.223010
29252 0.435139
29254 0.362961
29255 0.274942
29260 1.136543
29263 0.259997
29264 0.425894
29271 1.241054
29274 0.068158
29276 1.000928
29282 0.438109
29285 0.361783
29300 0.204173
29304 0.423909
29314 0.247186
29317 0.513579
29319 1.033285
29326 1.081438
29328 0.223361
29329 0.377246
29338 0.021966
29349 0.223606
29351 0.298275
29363 0.319971
29364 0.337072
29378 0.153560
29381 0.211874
29385 0.303115
29392 0.231737
29393 0.018840
29408 0.354308
29414 0.214323
29421 1.152617
29430 0.519589
29432 0.447412
29437 0.250526
29444 0.408947
29450 0.929493
29454 0.059420
29460 1.183601
29462 0.482391
29477 0.487867
29493 0.396956
29503 0.091777
29509 0.271491
29514 0.230202
29533 0.031457
29537 0.480430
29540 0.557341
29541 0.463473
29545 0.116451
29547 0.325244
29553 0.042651
29562 0.929641
29563 0.535735
29567 0.320487
29570 0.516245
29576 1.164506
29584 0.421339
29587 0.582375
29588 1.090526
29591 0.358488
29602 0.406292
29607 0.410252
29608 0.984881
29611 0.461168
29612 0.461550
29613 0.059803
29619 0.225845
29630 1.041752
29633 0.263337
29646 0.388385
29671 1.022018
29674 0.386228
29676 0.505067
29678 0.206644
29679 1.315262
29682 1.141038
29686 0.292854
29691 0.532368
29695 0.398803
29697 0.360788
29698 0.504671
29706 0.217872
29713 1.056015
29719 0.202488
29720 0.280015
29725 0.063664
29730 1.078133
29737 1.112946
29740 0.500063
29742 0.496579
29748 0.513643
29754 0.973294
29764 0.210670
29765 0.082343
29769 0.282008
29777 0.259622
29780 0.558545
29786 0.491563
29787 0.370399
29790 0.166441
29805 0.511976
29811 0.249063
29814 0.100755
29815 0.175263
29817 0.143342
29823 0.449974
29826 0.226347
29835 0.294694
29837 0.069028
29850 0.059675
29873 1.165459
29875 0.105335
29876 0.211874
29878 0.407685
29884 0.265685
29887 0.265927
29888 0.474641
29890 0.556622
29895 0.527615
29898 0.396006
29905 1.026857
29907 0.009382
29908 0.325473
29909 0.506924
29914 0.034761
29915 0.603920
29920 0.066482
29927 1.165381
29930 0.336198
29936 0.286095
29941 1.138820
29944 0.966485
29959 0.236667
29961 0.122553
29975 0.269114
29992 0.951776
29996 0.014855
29997 0.357618
