6019
23171 81
18576 2158
1743 4483
16538 6191
12508 6528
17991 7144
9841 8191
11190 8310
16267 9148
21587 9330
24135 11241
227 11462
5273 12906
10050 14503
28222 16344
14440 18803
2278 20364
28409 20368
15727 20537
18260 22810
7933 25179
23118 26157
2364 28604
17234 28652
7114 28903
16027 29590
24928 32642
5215 35149
19363 35791
1943 45737
21992 46472
19853 46564
26238 47727
1288 47783
13615 49514
9161 51688
2159 56857
14580 56975
26609 60699
3743 62146
13019 67129
2998 67700
5643 68036
6761 71522
22553 72291
13827 72340
21605 73011
22828 74048
18776 75786
14629 77837
3435 77881
159 78901
10928 79442
26191 85829
29646 87410
27747 87841
2781 87961
18106 88556
10558 90060
19193 91232
18772 92672
5001 92847
1556 95387
17131 95914
19079 96380
9229 96414
2339 97149
20423 97477
563 99785
14837 99819
23906 103564
8287 104641
2899 109560
20533 110804
11280 119855
7464 121060
12328 121974
13863 123098
1881 124151
11236 124332
28267 125051
1057 125825
11917 127311
23209 129552
6054 131285
4645 131287
7637 132863
18170 135779
7787 135788
16492 136353
11306 136983
28901 137621
3245 139445
20534 139949
1405 139982
1507 140327
18864 146076
23732 147777
13182 147903
25440 147917
12361 150227
9302 151174
14219 151405
2906 151646
10380 153654
19478 159353
2064 159887
24739 160398
25693 162407
19661 162833
3033 162997
26900 163957
27649 164255
14223 164602
73 169625
29713 171213
657 172567
17513 176252
23350 176831
2558 176855
8109 177084
29274 179489
21788 183746
23346 186875
201 187076
19832 187862
22941 189489
14778 189866
24389 194432
4287 194906
17485 195900
9928 197102
6053 198248
2886 198726
1888 198979
20222 202467
6800 205292
24302 206645
20062 206881
19140 208472
4584 209791
27566 210284
9304 210689
15305 210940
17541 211102
24261 213289
6575 218000
22551 221055
29042 221362
4000 222663
12814 222777
4005 223628
19023 225457
1015 225748
28284 228532
27308 229652
4064 235443
4331 237569
27320 238099
3553 238905
29587 239698
25770 241973
29698 250871
11556 251057
4764 251346
8431 254938
12988 255213
21261 256636
10885 257268
14465 259603
21755 259898
26231 260124
23896 260899
6102 261703
4419 265448
23600 267273
27852 267545
18820 268460
26228 268603
12640 271581
6297 272262
19351 272545
6311 272686
12292 279854
11925 280346
5083 280804
17994 281732
8766 283130
15859 283503
27651 283894
9308 285001
24685 285103
15151 285410
15136 285980
21932 286177
29126 288325
23312 288502
15268 288735
22615 289208
6339 289326
13396 291509
12340 293278
27236 293438
14365 298094
14861 298419
23911 298836
5194 300025
18763 301916
3715 304354
29385 304420
24199 310117
20748 312971
13214 313039
22593 313388
1234 315590
12744 315625
25652 315644
4052 316198
573 316958
13297 318946
24882 320662
21586 321230
21983 324304
5708 324309
16497 324467
13506 329153
23521 331786
28690 333353
25077 334729
9877 335399
22262 339525
29304 345837
3036 346286
8587 347495
12695 348498
23909 349472
22531 352174
22748 354386
4443 354638
2168 355878
10196 357949
25787 361035
25660 362330
11394 363084
6595 364272
25686 365250
5234 366901
6799 367867
22677 370079
28752 371233
10687 371566
3472 376315
12967 377831
10137 378345
5614 379542
8932 380546
24152 380716
1237 381361
9789 382900
2185 382968
14352 384402
5827 385067
18493 387393
9905 388564
28554 388856
10936 389081
5216 389629
14631 392334
9204 392763
27491 393428
7814 394734
18215 395072
19271 399262
12664 400655
29509 401277
20356 401407
27505 402198
16281 402318
28926 403314
10535 403913
15932 405296
15320 406272
29437 408219
10336 411800
16515 412444
11674 413914
12687 414310
8993 415615
4535 417453
7788 418229
21290 418682
5745 419051
5988 419648
2910 419936
4039 423535
16485 423613
1663 424915
2280 425962
10533 429070
27436 429634
24124 431291
29898 432700
16671 434708
16868 436993
19452 437648
10069 437982
26495 440164
4342 442814
12920 443543
24518 444523
7633 444891
27970 446029
7745 447935
20962 448180
18332 448885
21736 453430
23505 455853
28385 457762
5131 458727
6871 459020
7460 462132
9341 462177
14654 462681
20143 471704
14682 472554
1176 473508
13252 477681
10349 478514
25333 479782
29837 481595
21918 483193
13350 483746
19706 487741
20090 487885
21408 488187
5731 488662
25450 493319
28750 493739
14310 494261
21739 494677
21112 496115
22716 497113
8590 497434
16078 500398
14029 504565
6451 506044
27462 506996
18574 509025
20164 511448
16428 512438
8503 513473
9933 513964
19252 515184
1357 519680
11289 521041
18285 521158
1919 522681
20946 522783
20905 524747
14650 526729
22728 526754
27938 526996
7094 527963
16023 528696
27839 532196
28423 535483
4268 536226
11063 536551
5907 538270
6904 539204
23827 541130
4374 543471
26883 546463
10525 547357
27849 548383
19604 549614
22518 549675
29811 554203
13133 554473
14356 556330
18737 556841
19131 557365
23304 557378
24085 557491
2005 558501
24374 558961
6421 560262
18405 561922
28230 564626
15526 566215
1870 569822
24578 571928
18600 575359
17696 581223
2807 583481
20009 585936
19521 586617
17669 587103
4375 589993
23110 591265
7415 596480
14146 596723
7193 597766
25265 599322
8143 602341
23678 602939
27748 603113
10665 604530
9958 605963
1720 607209
17858 612184
28422 612729
1008 614720
13339 615096
19255 615585
14298 616756
9913 620608
6613 621665
11637 622198
7196 627212
26822 627682
15726 627972
12593 628960
26749 629949
7093 630523
13213 632533
8396 639576
18822 640140
25443 641261
3572 641936
1926 642229
13415 642523
11550 642826
25198 644635
6713 647600
1574 648627
27163 650151
22559 650256
11970 651465
26729 651734
217 651753
23576 655986
9114 659084
18220 659800
1778 660896
29012 661893
25116 663523
7565 663828
11813 665811
19551 666595
17456 667087
24191 667344
28582 669787
28940 670662
20315 671585
4892 671898
22718 672459
20352 673787
3560 676049
12638 676260
21078 677116
4094 681249
28424 685876
13112 687797
23289 687799
17142 688777
12275 688885
21580 691512
12355 691971
1336 694635
9029 697790
16871 697944
8621 699334
13485 700581
15928 702150
27904 705428
1191 705831
17454 708912
2438 710439
16720 712293
22242 713459
5542 713632
23685 715354
12411 718053
20079 720286
6419 720823
11412 722392
10943 722859
28136 724021
25500 724548
18833 725263
13128 725586
11176 728224
22253 732123
11906 733342
18513 735722
10307 736312
10835 736314
15630 737279
24162 737803
14892 738590
28286 738629
24419 740412
5423 742512
14621 743705
14844 747254
29754 748176
4547 751035
26807 753537
20119 754583
19891 755061
19190 755149
9538 755156
17924 759506
6676 763545
17077 763840
8437 763889
12794 768419
11201 768550
1832 768559
27316 768566
1404 771429
27249 771913
22777 772092
24223 773285
27777 777617
10424 778513
919 784672
4837 785422
15439 788005
18780 788608
15590 790148
29242 796538
13803 798327
4350 798745
19701 800443
1887 802909
9845 805112
16498 805581
26500 805692
20642 806821
14858 807172
19151 807614
18668 808893
8043 809502
7398 810683
232 811144
20464 811219
978 813831
15411 816749
12853 816775
17191 818825
26542 822540
24738 823546
27393 823582
20739 824131
18378 826381
4231 826470
11854 830702
22004 831499
5187 832602
22753 833366
19029 833551
18268 834591
13107 837829
4522 838024
28495 838769
4061 839040
20258 839176
11939 839878
6242 840153
13448 842350
596 842796
9555 842848
11031 842973
1246 845807
12578 845951
17926 846697
760 847756
14498 847992
12957 848288
3132 849026
15319 850438
5054 851567
3058 852315
27220 852418
2160 853971
25582 856769
25423 857174
23536 859006
18396 862101
4157 863328
17677 867624
23144 871171
361 873650
25547 873803
20660 873992
12647 874402
28985 875416
19265 876563
4056 880269
14502 880394
413 880584
27090 882116
10709 882319
5898 883171
9816 885526
9369 888911
12033 889034
9024 889261
28032 889380
18670 893834
22107 894653
22440 894759
6244 896824
29612 897104
1829 898877
1254 899885
24856 902671
11233 902791
1172 903442
17974 903510
5774 905186
29873 907942
23309 907988
11510 909964
22750 910486
28537 914899
21636 918974
17124 920095
19589 924155
19409 924836
18592 926177
5212 926355
28784 927141
10408 928918
24000 930248
5670 930989
22244 931240
18579 932825
27770 937752
11673 937808
8126 938015
11974 939881
22558 940933
21959 941410
25591 941911
8734 943296
5100 943334
22144 945041
16724 946947
12868 948355
17023 948778
10456 949922
2644 950210
13110 950891
7887 952787
23376 954153
25238 954962
12159 957359
14292 958559
28782 958937
3010 958954
3484 962765
19691 963408
2931 963510
11810 965206
194 965325
4446 966891
15212 967477
24741 969998
20918 970041
28823 970341
1967 974902
8146 981590
14099 982310
10262 982427
6080 982942
20496 983447
29064 989157
24599 990982
10017 991688
23072 992881
2744 993669
1488 995724
10183 995974
5197 997298
19535 998228
14753 1000775
8057 1000971
3110 1004123
2755 1007625
3799 1008298
14149 1008751
4701 1009041
13975 1010638
10708 1010855
4638 1012380
7053 1014434
13204 1016554
10879 1017238
29533 1017996
2448 1023035
14551 1023930
9837 1024201
3929 1024799
259 1027505
17883 1027704
25488 1030489
5081 1035182
16445 1035801
269 1037898
6133 1041828
25214 1042836
17839 1043394
17058 1044340
5006 1044762
12054 1050417
25756 1050880
4574 1053028
21731 1054434
19290 1056147
2376 1058235
11632 1059846
14179 1062964
16484 1066872
12595 1067866
786 1067912
18572 1069708
16180 1069741
13277 1071059
25702 1071220
14815 1074134
13988 1074376
14068 1078297
200 1079651
18904 1082872
725 1084565
9782 1085696
253 1087559
28073 1090165
4964 1090918
8509 1092835
80 1093060
18297 1093110
22026 1093117
14391 1093312
3529 1094519
9417 1095837
26092 1096962
21990 1099383
22686 1100355
13752 1100805
29633 1103138
19911 1104752
28601 1106554
6931 1109984
22088 1111496
3656 1112143
27331 1112676
29540 1113063
2957 1113254
26253 1113820
1740 1114889
16625 1117340
17477 1117905
22294 1119255
19111 1123842
15232 1134505
1235 1136554
11576 1139178
25650 1139526
14909 1142208
16741 1143294
3759 1144008
4119 1144425
16693 1147591
17722 1147807
23401 1148168
11841 1148500
3709 1151234
12341 1151384
6922 1156026
21444 1156427
16528 1158897
13902 1159789
29028 1162307
20458 1163340
14349 1164596
9754 1164660
16480 1170439
29038 1178551
29328 1179565
12476 1179694
9452 1182867
15696 1184560
27536 1185704
22320 1186983
8767 1188772
25774 1189211
22952 1189299
10344 1193666
22044 1193844
14035 1195713
21712 1196228
11703 1199120
10154 1199964
3458 1200900
26657 1202421
27467 1204749
17504 1205471
6570 1205709
24732 1206307
29155 1209534
17426 1209870
22733 1213245
23447 1215195
27772 1215698
13665 1217469
26914 1219081
6016 1220890
5169 1220944
2661 1222659
21328 1223350
9153 1224998
12850 1227726
2483 1230695
7646 1232415
9370 1232630
21455 1239709
18842 1240026
20371 1240741
19968 1241880
13147 1242534
9802 1243589
18897 1245978
245 1246926
233 1251332
496 1254020
26838 1254507
21198 1258332
12904 1259635
9364 1260378
10045 1261512
26903 1263320
4702 1264158
25545 1267140
11434 1267479
13263 1268162
13304 1274069
29915 1274135
26740 1274736
13619 1276131
1920 1276801
13031 1277090
9878 1277159
11489 1280049
2251 1280086
4227 1282130
6756 1283930
9488 1286041
16558 1287725
9292 1289118
447 1290537
19804 1291927
28203 1295983
1701 1297407
7019 1298485
11389 1298928
18288 1300854
16478 1304146
29098 1304423
8313 1304955
9395 1305622
20589 1309092
8566 1309362
14674 1310257
4105 1314266
18753 1314768
8532 1315776
1824 1317589
6754 1318363
3470 1318728
16543 1319298
14496 1319662
14208 1321868
25664 1322477
18440 1323837
9255 1325423
4545 1328446
11744 1329517
21313 1334149
20756 1335924
8873 1336207
27592 1338023
11575 1338280
6118 1339855
10893 1340085
20568 1340931
13645 1341367
17704 1341501
13369 1341810
8403 1343252
21464 1343438
15705 1343625
9427 1345176
4697 1345846
13673 1346963
10291 1348997
62 1349686
24767 1351035
11903 1352979
6554 1355352
4519 1357882
24076 1361889
27219 1363630
16567 1363887
29045 1364283
18418 1365075
7000 1366940
19707 1367654
26188 1368606
8627 1369059
2664 1370312
15077 1370400
14903 1370425
991 1372218
5126 1372236
21125 1372699
17362 1373282
6231 1375302
18346 1376702
2362 1377094
20939 1377412
7052 1378936
3638 1380057
14885 1382843
3807 1383369
12352 1384749
275 1384788
16800 1386480
6515 1388292
8266 1389482
933 1389736
12446 1390867
8930 1391670
12337 1394101
28156 1396092
10795 1398270
730 1398863
20903 1402071
17829 1404335
2075 1404584
15050 1405004
691 1407844
13470 1411454
14432 1411792
21934 1411927
15514 1415595
19366 1416132
25298 1420184
16015 1420416
19624 1424196
5242 1425121
4427 1425224
9177 1430014
6779 1430300
2107 1432710
12423 1434601
6535 1435772
3167 1436591
23735 1437512
14158 1443241
20234 1444525
6084 1445352
29814 1445422
15747 1446019
4254 1450090
27104 1450126
12011 1450329
22240 1452636
285 1452772
16584 1453785
29070 1454057
9291 1457975
18524 1458659
13917 1460200
27033 1460380
16305 1461642
24165 1464454
3878 1467716
28594 1468118
25963 1469869
6792 1472072
19717 1472782
4831 1476154
27695 1480470
25587 1481037
22611 1481592
22073 1490958
27953 1491770
28330 1492578
2987 1493765
22986 1494481
13383 1495326
19160 1495901
2237 1497289
28332 1501660
3601 1502132
8512 1503219
24529 1505066
29850 1505632
11309 1506761
2791 1506807
8616 1509371
10445 1512421
14475 1512511
25143 1512701
25644 1513309
18801 1515323
28702 1516419
15722 1518584
27864 1518586
14419 1520295
28064 1521016
4180 1521293
15131 1521860
26582 1522608
29248 1525224
6967 1525441
24177 1526620
1096 1527842
23344 1528056
23928 1529792
2643 1532333
9358 1532413
16459 1532828
454 1533825
7734 1534988
14271 1537147
15080 1537462
26765 1540038
9328 1540879
21785 1541430
21093 1541891
24465 1545734
2776 1548570
3074 1550667
2926 1552411
24240 1552423
10202 1552539
14670 1556638
9215 1556950
6388 1558217
19342 1560699
19557 1561013
2834 1567268
14935 1568274
3009 1571547
1059 1572081
12386 1574416
15790 1575111
27879 1576173
9274 1577003
19037 1578309
826 1578507
26166 1578748
13524 1579091
16810 1579426
29576 1582482
28425 1582634
20553 1583024
4133 1583561
23322 1584318
29263 1584696
4021 1585912
27248 1587901
13148 1589423
24718 1595081
668 1595179
16667 1595660
5363 1598366
19729 1598481
7913 1600725
5361 1600941
1758 1601555
8936 1601827
6262 1602695
20369 1604408
18108 1605658
14488 1606451
1467 1607374
25942 1608743
12938 1612163
137 1612408
21582 1614751
16336 1616805
22321 1617513
27971 1618600
26655 1621811
2462 1624671
6079 1625906
4213 1626254
5302 1628144
13871 1628284
2428 1629182
28348 1632440
26792 1633718
2620 1634657
13682 1634789
27330 1640129
2139 1642591
20270 1644619
17383 1644902
17355 1647829
10191 1647921
10816 1648626
3887 1649544
1298 1649876
28787 1650300
24142 1650899
19201 1655004
28155 1656287
13695 1657032
20002 1657418
4899 1657537
310 1657768
26544 1659444
22588 1659837
29190 1660320
29211 1662744
28314 1662970
8764 1665327
23005 1665487
26133 1670742
3210 1671285
6464 1672673
29065 1672831
1736 1674107
7511 1674860
24450 1676490
9412 1676945
26213 1683329
20122 1684021
9004 1684740
22834 1684864
21493 1685189
25469 1686223
9597 1686480
16446 1688609
17481 1691905
20982 1692014
16435 1696792
10932 1696837
17579 1698120
26760 1698138
5672 1700735
8723 1700993
14323 1701863
9880 1704134
26685 1705259
1002 1706275
25542 1706873
20321 1707319
21970 1708876
6059 1712665
25091 1714321
26041 1717574
9393 1719072
15193 1722480
20992 1723240
8258 1724580
3817 1724590
26604 1724862
26 1726316
15282 1726668
6409 1727192
27791 1728566
27231 1728934
21456 1730112
27671 1730298
8719 1730674
24273 1731234
23750 1731576
15488 1735242
20264 1735711
20935 1738457
9392 1741673
9002 1741779
3139 1743402
15483 1749671
20417 1752699
2600 1756839
24743 1759000
17886 1760169
2869 1762276
26062 1763009
23474 1763339
10392 1768247
7481 1768989
5221 1769999
13217 1770313
23872 1773171
28668 1773692
2207 1775840
22449 1778128
27916 1779803
25102 1780248
10335 1784900
2349 1787377
17869 1789037
1934 1789414
19567 1789638
1148 1789746
6728 1789916
4485 1790513
14164 1790995
16553 1792247
12238 1793937
2481 1795070
6512 1797175
23530 1797558
29588 1801751
17196 1803265
1825 1804437
10881 1808833
29591 1809466
9210 1810858
15498 1812140
11805 1814006
6926 1815822
27718 1817792
21834 1817828
13743 1819340
2312 1819990
1812 1820134
27820 1822802
61 1822911
14764 1822979
18100 1824265
26679 1825255
27707 1826607
4745 1827223
23364 1829039
8115 1833833
14856 1835123
26227 1839482
23398 1851248
545 1853165
27471 1858279
20607 1859205
741 1861186
29163 1868424
21309 1870770
19616 1871180
2949 1872912
26497 1873580
24232 1874180
16630 1874709
3371 1879030
11719 1884285
5118 1886759
27323 1887517
28363 1888273
9577 1889791
17787 1889954
3510 1891969
8164 1893673
13742 1894093
15062 1894222
15699 1895409
7655 1895631
11453 1896625
2014 1896928
450 1899206
9064 1900023
29392 1900580
1150 1910326
23428 1913329
15443 1913957
1373 1917818
12811 1923307
13661 1923346
14443 1925296
23819 1927539
26750 1927899
22959 1928638
18879 1928944
17503 1932558
20544 1934958
11526 1935130
26485 1938045
5560 1938277
6212 1938600
23985 1939839
26650 1942318
15479 1942945
16307 1944745
28009 1946007
1134 1946470
20790 1948245
11456 1948753
20041 1950702
1421 1951347
21920 1951845
29314 1952358
2530 1952895
19331 1954683
4158 1957369
13366 1958365
389 1959466
24290 1962850
7608 1965903
13567 1967150
2731 1967756
12404 1968942
29815 1970986
26267 1975066
3475 1976983
18067 1978025
17490 1980152
21807 1986425
21867 1989001
21233 1990962
10875 1993742
7348 1994796
17295 1996604
19188 1997830
19789 1999677
18392 1999948
21620 2006464
13201 2006714
28897 2008342
11873 2009510
23974 2011245
21278 2013120
22679 2013241
4112 2013588
22613 2014045
21192 2014939
6749 2018332
29140 2019446
5077 2024426
20130 2024589
6949 2029892
21859 2030855
4904 2032021
3690 2033061
21255 2036618
27732 2037310
9737 2038718
19316 2038905
14645 2040370
1476 2041380
20505 2041791
3473 2041856
19519 2043293
12987 2044090
164 2050694
27004 2052128
11728 2054332
17832 2054699
24141 2055056
2813 2057084
13060 2057606
9416 2061168
4149 2061843
4671 2062809
63 2063437
13442 2063736
8843 2064725
19204 2066418
5466 2066805
21132 2067352
3626 2070267
11411 2071911
14504 2075551
18016 2075601
6041 2075760
16287 2076155
19142 2076155
18374 2082203
18416 2082764
27271 2086076
14467 2089683
28657 2092014
29748 2094617
25949 2094980
522 2095389
29075 2097515
6856 2099002
8466 2100387
14309 2101292
13146 2104667
8141 2108589
15475 2108743
19646 2109721
11151 2110994
6096 2113090
8968 2114260
13916 2114434
24953 2114830
22259 2114835
3732 2116246
17985 2117029
20921 2122098
9650 2123134
14236 2128416
8309 2129797
8275 2129797
1551 2132886
3482 2136034
6983 2140157
26409 2140365
9739 2141052
19835 2142328
12422 2142527
25119 2143893
9956 2144248
26972 2147019
21581 2147459
18733 2148291
22820 2148315
11262 2148318
9011 2150558
1906 2151151
25998 2152052
17086 2153692
27834 2156802
13701 2157001
9031 2157143
29920 2157851
24633 2158675
4994 2158993
26489 2160324
21793 2163261
3380 2164012
10033 2164868
5848 2165183
21315 2166440
29678 2166743
7011 2167712
20677 2167749
15535 2168176
19967 2169811
7581 2171963
13453 2173953
22833 2174791
18228 2181032
22685 2181290
19975 2181308
580 2182431
18115 2184136
3343 2185903
2150 2186740
15914 2187021
19990 2191091
1012 2191265
19334 2191902
7393 2193679
19598 2193794
3793 2194942
4329 2195842
25473 2197611
22072 2198239
6008 2199702
5324 2201220
24959 2202146
25715 2202764
4492 2206096
8367 2208236
21665 2209064
13704 2209179
5339 2210874
14593 2213800
19566 2217636
1114 2219097
6558 2219905
29878 2222020
28913 2228673
22514 2229352
10012 2229714
2095 2230080
28342 2233218
8024 2233935
22963 2239807
19423 2241171
2536 2241230
2607 2241341
27817 2241466
16080 2246832
24049 2248150
22023 2252497
27859 2252529
26405 2255543
19081 2255647
1707 2256345
24387 2257591
17443 2259268
13458 2260082
15525 2262506
18701 2262719
2959 2264879
28376 2267406
17013 2270624
22992 2270925
5920 2271775
6634 2276190
19751 2280051
3251 2280437
20964 2282881
12202 2287486
9786 2288795
29091 2290382
26659 2290923
16891 2291677
4007 2291789
2892 2292955
18844 2294327
18529 2295064
15676 2296749
19574 2297754
29188 2298455
223 2298596
22007 2299144
24123 2299676
24585 2299690
708 2300559
4315 2303891
24171 2304609
8460 2305555
7862 2305886
11074 2308336
28402 2309996
28117 2310565
1754 2311101
2515 2313148
1585 2313925
19696 2315477
13338 2316415
23676 2316566
3714 2317981
29676 2321063
12538 2321655
27478 2322641
27988 2323544
9826 2325121
2219 2328192
18707 2328619
13368 2330533
17622 2331861
22172 2333738
14685 2334924
24850 2335469
11676 2338049
26809 2339571
20334 2339771
470 2341859
3423 2342066
21415 2342578
12724 2344154
20535 2346353
11656 2347361
15721 2348918
20659 2350789
13023 2351025
1200 2351246
18362 2352472
1094 2355231
25810 2359007
29562 2361538
12417 2362601
5934 2363151
6168 2366022
16632 2366733
7539 2367055
19951 2368151
15393 2371432
16489 2372764
24557 2374756
26049 2375162
7367 2376479
18921 2377071
23369 2381310
27438 2382161
9970 2383001
26508 2383150
689 2383202
17193 2383355
4059 2384404
17500 2386507
952 2386581
8256 2390817
16200 2395879
13305 2397015
26312 2399335
28060 2401194
11104 2401415
3649 2401969
26786 2403162
17457 2405045
8871 2407286
16668 2407544
17000 2407548
5622 2409138
29351 2411406
1546 2412426
6671 2415263
7563 2415389
15935 2421181
15218 2423298
19611 2423401
939 2426703
15641 2427287
27854 2428390
29697 2435242
8608 2436943
18494 2437223
15165 2437664
2632 2438282
27181 2439530
14378 2439750
22806 2440152
6648 2440923
19303 2440980
12353 2445975
4536 2446785
29786 2449696
12286 2450652
594 2450741
23229 2451248
14487 2451393
2467 2451896
25232 2456198
23485 2459936
1158 2460761
8648 2461914
28399 2462637
9604 2463063
28054 2465220
10584 2466393
9895 2470009
10280 2471249
26007 2472858
4408 2473540
17011 2474719
123 2476828
21321 2479716
16788 2481130
21363 2483161
7335 2483917
13469 2484437
6529 2485316
21037 2487854
12739 2489165
5864 2489278
1723 2489866
19047 2491439
26222 2492121
9160 2492518
19676 2493859
29462 2494221
28323 2494308
9138 2494516
25013 2495238
22008 2496799
12774 2496980
25348 2497310
27540 2497918
22745 2498207
23637 2500834
23566 2502000
21595 2503594
7720 2504371
8215 2505517
10829 2507595
17695 2508958
3765 2509081
26800 2509420
6235 2509727
28397 2511265
29959 2511450
9818 2512163
1536 2513178
27841 2519871
14470 2520843
2480 2521503
23413 2521896
14290 2522129
28418 2522737
26468 2524935
5483 2525291
23983 2527026
22220 2531288
29737 2532762
28606 2534869
523 2536445
12505 2543195
13761 2544606
16971 2545863
6556 2547504
6518 2548921
9254 2549873
17433 2553955
13237 2558830
26784 2559546
4205 2560724
6473 2566555
10302 2567340
2447 2568867
25497 2568949
25309 2570518
25853 2573297
12999 2573751
28751 2574046
12391 2579256
21344 2580422
7316 2581025
23493 2582878
6470 2583474
24818 2588166
350 2589530
1520 2589726
27722 2591040
5166 2597912
9862 2598893
20978 2598953
22554 2599335
250 2601824
19938 2601969
438 2602305
311 2603012
6101 2604344
1631 2606944
10890 2608379
6600 2609481
11433 2610562
12979 2612653
14483 2614678
2279 2614775
24443 2616392
23552 2617605
13002 2618827
9959 2619528
8607 2620046
22930 2620480
7795 2623427
3321 2623787
12025 2626806
19222 2627695
29414 2631442
18169 2632929
17031 2636672
28650 2636818
5158 2637246
16988 2639394
13057 2640124
27622 2640684
14180 2642310
4834 2643045
20795 2643275
14752 2648427
5020 2654188
8508 2656220
25029 2659112
8154 2660508
26754 2662640
1437 2662944
19750 2663391
19528 2667027
15168 2669432
14692 2669731
25986 2673170
13858 2674286
19612 2676739
3801 2676792
27381 2680221
2577 2683753
3141 2684956
11162 2689078
29914 2693557
6581 2697167
19836 2697728
17260 2697837
22974 2700068
16653 2700152
6178 2700731
15706 2702162
14922 2706566
29127 2707661
17221 2711339
334 2711434
11299 2714021
6110 2718967
25360 2719230
13957 2719445
16513 2722277
23876 2723616
8849 2723852
5824 2726970
19272 2728617
23464 2731203
6252 2732110
28234 2732902
13713 2735412
47 2735450
15729 2739261
27324 2740530
28665 2741856
14138 2747248
5485 2747688
1762 2748754
26830 2750437
16972 2752577
4620 2753402
4760 2756346
22069 2757295
26876 2759150
21152 2759699
1327 2759750
1195 2764696
18058 2765936
8398 2766892
21025 2767670
318 2768278
14878 2769859
17911 2769922
8978 2770259
3900 2771267
219 2772431
2180 2774332
29888 2774787
2506 2776601
24379 2778926
10628 2779860
18655 2781024
11562 2781886
8295 2783945
10264 2787369
20830 2792495
3592 2793214
11057 2796371
18105 2798095
1666 2799118
27551 2799240
26913 2802199
4555 2802519
16432 2804689
10169 2805061
261 2806337
2790 2808028
2990 2809995
28301 2812351
2908 2812896
25843 2814728
9852 2816156
20585 2816372
3148 2816609
8468 2823377
2550 2824399
26965 2828448
4127 2830828
10355 2833688
22761 2838481
1902 2838513
15386 2838823
20161 2839178
11775 2841906
28188 2847269
13820 2849324
23400 2854884
1053 2855392
8160 2857085
15210 2857779
20300 2858822
22742 2860735
1238 2862033
16736 2863701
7190 2867084
29282 2867381
6889 2867483
26106 2867857
7690 2870501
10011 2872285
4272 2873301
22628 2873316
19533 2874170
14113 2879344
1205 2879860
12444 2881864
13359 2883923
1649 2885975
9192 2887353
2416 2887575
28698 2890124
19522 2891907
20491 2893584
19486 2895098
3963 2900275
7124 2901759
26618 2902804
10190 2902974
3618 2905345
26325 2905939
13489 2908556
4478 2909910
9436 2913037
12152 2914147
16312 2914261
13140 2916517
25952 2917772
3350 2917864
29338 2920142
25598 2924849
5810 2925563
4036 2926131
10746 2926658
28656 2929207
18782 2929658
3769 2931163
29936 2932295
15561 2934980
20696 2937373
11905 2937483
379 2938102
2198 2938600
18225 2939364
17870 2939712
104 2942603
27463 2945010
26423 2946344
11301 2948383
6135 2948482
2407 2949324
20870 2949339
9463 2953262
29769 2955620
296 2960142
27372 2965080
1623 2965411
5193 2967500
2741 2967947
5362 2968860
12153 2972227
14974 2973036
28239 2974106
6334 2976874
16057 2976923
765 2978253
7242 2978336
28664 2979533
21204 2980210
15680 2980453
23387 2981695
29730 2982765
10204 2985969
7748 2986343
14079 2987347
29826 2988060
5261 2996594
14905 2999375
8170 2999605
4774 2999919
29541 3001077
23786 3005403
4382 3005704
10006 3006440
14468 3007168
26140 3008178
24555 3010497
29493 3013130
8107 3013811
29080 3018073
24852 3021107
10296 3024337
769 3028910
29081 3029431
10865 3031402
14001 3035219
22560 3035294
19963 3040497
3166 3040617
24183 3045566
15134 3046224
25737 3047049
17002 3049020
1335 3049962
6160 3052840
27696 3052895
24922 3055272
22029 3055523
11089 3056897
14318 3059351
25221 3060585
17755 3060602
17616 3060809
13688 3061607
3041 3063040
19812 3063891
27890 3064971
17069 3065749
3256 3065912
3598 3066371
13516 3068120
6177 3071909
12860 3072212
16901 3075576
20816 3075879
21392 3076513
22702 3077738
12439 3078835
12741 3082535
18959 3083811
12253 3085891
17759 3087485
20399 3091099
3451 3092823
4067 3093198
1293 3094706
4208 3095969
22876 3097459
5673 3097774
4475 3098491
3485 3100189
28902 3100871
20856 3104303
21708 3105318
26009 3105887
18202 3105897
23343 3106718
20489 3107453
17209 3108293
20807 3108773
8655 3110365
25241 3111551
28339 3112198
10251 3113205
21102 3113601
22700 3114668
17818 3114714
5929 3115034
3299 3117654
12215 3118882
2837 3119137
14658 3119740
17182 3120184
9607 3122927
6134 3123576
7867 3124474
11455 3126479
14659 3127606
16042 3129309
11149 3130493
12049 3132346
6233 3133744
23727 3134226
6010 3139314
18276 3139650
21386 3142067
23995 3142893
28645 3143889
24114 3143984
12849 3144203
20021 3146120
15313 3147357
22899 3149988
15122 3152183
7586 3157355
19143 3158908
7368 3160222
21784 3160341
254 3161862
2098 3166458
17591 3170246
16486 3170645
29043 3171094
1840 3172626
4075 3173111
3518 3173768
24256 3178074
24219 3180155
305 3180827
21559 3181278
29005 3182331
16022 3185868
28351 3188120
9345 3189221
2002 3190122
4480 3190359
28437 3190508
12900 3192323
12039 3193594
10105 3193595
26989 3194730
28674 3199579
27715 3199912
15264 3200036
27059 3200119
16405 3202224
15329 3203533
35 3207824
13050 3210030
26778 3210461
21196 3212337
19733 3213373
8525 3217579
21379 3218109
7082 3219074
26311 3220337
13605 3221265
13266 3221280
13301 3225637
6004 3226013
21099 3226949
13236 3228117
427 3231595
13152 3234384
28450 3235475
28575 3238490
27957 3238605
20726 3238745
7880 3242641
15336 3242978
23018 3246399
14390 3246669
13210 3247779
13775 3250791
13233 3251380
29057 3254729
19192 3258018
3237 3260305
16000 3260343
24052 3260522
12676 3260818
12280 3261806
20676 3262078
6269 3262633
14980 3263504
9464 3266152
14472 3267231
13177 3267805
25336 3268218
26123 3271871
21292 3273411
10182 3278567
15145 3278996
24117 3280302
10909 3282052
21688 3282103
12324 3282726
23311 3282763
4171 3284225
4710 3285763
909 3286005
10010 3288751
907 3289021
21652 3293354
20335 3293505
19427 3293655
25021 3293784
1885 3295846
3712 3301000
12468 3303193
20991 3303794
2641 3307338
29034 3307374
10677 3310323
10125 3312899
29063 3314406
29460 3316646
14190 3316953
22216 3317778
20058 3318197
23767 3322969
1212 3323215
22872 3323967
9846 3324127
26676 3324855
13949 3328177
22657 3329190
12111 3329667
18317 3331110
26170 3331140
10448 3332851
21088 3334018
7514 3334136
7302 3336766
25074 3337768
10277 3338380
24285 3338899
16466 3339617
14970 3340504
6755 3341880
18384 3344593
1131 3344963
19464 3346008
9952 3346535
22413 3347672
27269 3348832
4896 3349189
1735 3350812
21732 3351007
28755 3351606
11331 3355472
18140 3355850
10514 3358719
28058 3359726
8613 3359916
25711 3363375
6599 3364449
6836 3366803
19769 3366847
12514 3368077
20073 3369399
664 3373309
14299 3373836
16676 3375604
15846 3376755
20822 3381298
9439 3382139
7700 3385885
12029 3386611
6481 3392072
25476 3393273
13416 3395794
867 3396479
7886 3399034
4053 3400658
28525 3401543
26404 3403343
29909 3403601
20284 3404539
10305 3406249
24825 3406701
7909 3407591
14869 3408977
9875 3409485
8728 3410922
28613 3413818
25040 3415607
15468 3416653
17789 3416825
758 3416828
17471 3418251
3070 3418451
18103 3418661
308 3419088
27191 3421240
26332 3422003
2746 3424410
28246 3426173
10331 3426421
18519 3427169
20709 3432608
3247 3434316
7665 3435790
12973 3437477
6071 3437864
11961 3437924
20847 3438393
27669 3439003
9301 3439333
25338 3439572
12302 3444788
2303 3445760
5950 3446808
16177 3446863
16882 3446901
2311 3447142
3575 3449275
7003 3449585
20106 3452988
17368 3458370
8837 3458497
15683 3460939
24973 3461348
13625 3462563
25993 3462768
28988 3468294
20620 3475704
29210 3477981
3567 3478372
1776 3478697
6947 3486680
20621 3486711
25318 3486905
8273 3487879
5224 3488486
3800 3490448
8761 3490903
9383 3492753
6229 3494500
17445 3498156
1914 3500501
4908 3500710
29276 3501279
5134 3502422
20486 3503472
7538 3503923
22993 3504944
14609 3506336
15124 3509063
28636 3510201
18774 3510815
5003 3512812
221 3513142
27275 3516280
4962 3516696
10682 3518334
11959 3519338
13814 3521101
5136 3522082
27943 3525033
22908 3525175
23714 3527439
18293 3528058
22346 3530049
23916 3531654
14610 3532178
22680 3535924
19644 3537548
22940 3538052
16354 3540935
11534 3541381
28944 3541462
14916 3542597
177 3544758
27397 3546606
27977 3547643
22575 3549140
15732 3550324
27885 3550476
17674 3554228
6391 3555367
4552 3555488
15051 3556290
9853 3558663
12195 3561069
28671 3561099
20068 3561750
9722 3562221
4767 3563850
7388 3571427
9294 3571588
18090 3572012
7120 3574321
4862 3576729
8339 3578533
18747 3580498
770 3583093
7455 3584088
27731 3587255
9532 3587904
17936 3588731
26394 3589465
24509 3590680
12075 3590744
21806 3594534
10067 3596638
15835 3597073
4835 3597677
9496 3600482
303 3603795
20690 3608383
18262 3608559
16130 3613924
23221 3615448
26890 3616055
1067 3616963
28686 3617515
20474 3618715
17903 3618754
16346 3621329
21942 3621427
2061 3622364
6319 3624412
9175 3624971
894 3625599
23917 3626982
14255 3627352
11367 3627845
8047 3628572
19662 3633055
16997 3633134
7554 3634865
10559 3638875
23017 3641929
19728 3642877
13529 3643537
27513 3646621
14559 3647277
7599 3649982
24385 3650880
13737 3651021
50 3651470
25408 3652492
1581 3657044
23394 3658422
28091 3658879
13517 3659734
29260 3660494
21641 3660516
9280 3660887
11055 3661537
2501 3662285
20434 3663791
22145 3664431
16118 3666628
18438 3666715
25164 3666926
11093 3667858
28925 3671449
329 3674078
11993 3675300
21924 3676816
14 3677834
8754 3677930
79 3677968
4131 3681634
10210 3681904
10370 3682833
11861 3684104
17168 3684514
17820 3686298
11700 3687252
8456 3689896
29317 3691898
26923 3692212
20831 3693282
26950 3697101
15240 3704818
1483 3704897
17788 3704924
15040 3705186
25717 3707922
11512 3711921
14277 3712479
24938 3714439
24887 3715394
25490 3718499
148 3719179
7050 3720672
21257 3721281
18376 3721591
23075 3723468
11383 3725724
20874 3726909
28170 3727005
29408 3727409
19659 3728360
10828 3728746
6474 3729239
5946 3729272
4788 3730634
15242 3730661
20500 3733297
5902 3734875
26588 3736012
13624 3737616
16120 3742901
3035 3745829
29686 3747894
20793 3748991
28394 3752898
12042 3753357
9331 3755016
20958 3755610
4278 3756825
5640 3762238
23965 3762276
1918 3765587
9224 3765794
4669 3767241
4534 3768595
10216 3772506
27504 3774507
810 3776546
19097 3776886
5610 3777731
25624 3779183
25741 3779350
24875 3783106
24029 3783360
19762 3783401
18998 3784742
21194 3787019
21912 3789802
23438 3790397
13100 3791432
10104 3794117
15484 3794410
18992 3797065
20943 3797144
20885 3797407
18454 3799344
4400 3800772
26741 3801334
20743 3802618
19019 3803480
6067 3804033
28927 3804161
1511 3806169
24033 3806557
21803 3806763
28607 3807321
20269 3807379
7450 3807489
15587 3807692
11323 3808217
9260 3809629
12679 3810439
9651 3812369
1166 3812614
6957 3812861
16723 3813020
12897 3814432
21100 3818327
24763 3818963
4176 3821319
27580 3823419
28035 3824511
8086 3824580
20107 3827791
14713 3831833
13601 3831863
15595 3832858
1875 3833938
24691 3834415
7907 3834791
21627 3835046
12497 3836716
18698 3838020
27280 3838594
8540 3839442
25769 3840452
26365 3840847
13618 3844249
29930 3844948
9615 3850604
3391 3852243
25133 3853508
13404 3857493
24873 3859162
26796 3861124
18227 3862492
19482 3863294
19270 3864331
20375 3869668
27853 3869995
17080 3873392
17133 3874119
29975 3881983
16674 3882214
17854 3882963
10690 3883464
10748 3886575
7755 3887774
7872 3891161
24863 3891687
3922 3892180
23368 3892358
27882 3895659
12541 3899219
4884 3901598
7647 3901956
21777 3905900
8245 3905920
6213 3906118
10425 3911835
24771 3913171
20725 3913498
19888 3914635
18537 3916063
17910 3916404
15230 3919017
12467 3922657
22265 3922735
8402 3925157
8795 3925869
9428 3926882
23803 3927374
8960 3927714
7353 3929709
21422 3931393
6582 3933606
3220 3934335
1937 3938280
10752 3938474
5219 3938509
2734 3940217
10339 3943706
8453 3945004
4950 3945040
25844 3951663
24383 3954383
19608 3955475
14142 3957843
11101 3958619
14601 3958683
29319 3958841
7095 3959462
5433 3961991
13156 3962782
13710 3962880
1837 3963412
23814 3963814
562 3965893
1955 3966191
29285 3967523
15860 3967611
12331 3970462
6940 3972128
26688 3975344
25291 3975744
21505 3976425
18768 3977240
11978 3979987
2839 3985697
15534 3985751
27974 3986151
28120 3986941
25140 3988546
22516 3990041
18675 3990832
6346 3991090
27483 3992071
21868 3992959
11784 3993068
2862 3993642
10576 3994300
24512 3995285
7012 3996013
28362 3996269
22505 3996935
23245 3997223
11718 3999434
3710 4000232
673 4001266
7277 4002866
23689 4005228
8440 4005440
14122 4007662
7313 4010178
9197 4010337
27749 4014721
8317 4019335
28793 4020700
25862 4021382
12093 4021745
1724 4022725
22306 4028809
9713 4030716
17795 4034711
23984 4035997
21024 4036535
4170 4038076
9726 4039079
19923 4039453
19687 4041629
15279 4042149
7088 4045765
1018 4046061
17885 4047104
16705 4049819
13332 4050602
8401 4052568
13546 4052885
10375 4056851
21772 4057319
5295 4059239
13208 4059627
9916 4060388
13075 4060458
24366 4061700
16813 4062140
21611 4062223
17930 4065463
16995 4065716
7568 4066194
8110 4068845
4030 4071862
6649 4072126
1542 4075477
25651 4078076
17953 4084997
15912 4085644
11904 4086440
7873 4090726
22403 4091306
18948 4092489
2606 4092603
8105 4093910
683 4094008
27668 4094962
10293 4095608
2659 4097883
18911 4100769
984 4100900
21506 4101201
21172 4101912
7743 4103714
12960 4103985
5291 4106709
21571 4106970
26372 4115099
7627 4117235
29777 4118691
15780 4121491
5529 4122584
2623 4122816
4872 4124731
25705 4124904
7890 4128207
4543 4129035
22045 4131789
10316 4134478
3275 4135609
19168 4136395
23781 4136961
19138 4137632
10181 4137759
27703 4139544
21120 4139907
17933 4141412
4718 4141842
16321 4142132
18901 4143644
14788 4144023
23449 4145379
15345 4145441
931 4145771
29251 4146767
3680 4148094
11929 4148857
19173 4149060
12894 4149271
25655 4149576
12329 4149753
16874 4150546
22117 4154167
24241 4158465
14771 4159764
5139 4160809
16739 4161155
9344 4161228
29545 4164338
5851 4164414
7996 4164812
7070 4165555
13253 4166019
16645 4167976
3195 4169084
28075 4169354
10221 4170775
27850 4170892
12461 4170938
18391 4172293
20957 4174448
18663 4175432
3972 4176970
26836 4178722
18429 4179262
11038 4179645
22311 4182555
1714 4182946
29905 4183444
9360 4183945
17436 4185165
22104 4186407
9181 4189625
584 4189673
8711 4190424
1395 4192516
27011 4193269
23078 4195084
3248 4198968
19333 4199888
6995 4201346
18740 4205133
25925 4206680
26682 4209535
1910 4210157
27618 4210692
4807 4213859
21387 4215993
10194 4217710
21486 4218646
14540 4220025
21383 4220670
17273 4221320
18019 4223544
1207 4224585
12747 4231412
18231 4232620
23607 4234215
9373 4235314
21906 4235600
13477 4235609
27177 4238682
22387 4240868
3568 4241514
3958 4242480
10027 4245396
25762 4246227
12383 4246617
17293 4249003
12581 4251370
22671 4251389
3226 4252045
25950 4259783
24299 4260132
17087 4261260
1449 4262864
6024 4262924
9422 4264689
18918 4265072
13981 4267035
14704 4268072
28731 4268105
29805 4269504
11294 4269710
25830 4270340
4428 4271578
9494 4274987
22502 4275242
13958 4277241
24772 4277857
10357 4281397
2786 4282081
9991 4282364
24304 4284293
24963 4286902
20125 4288520
22712 4288684
11242 4289921
20923 4291611
6588 4292994
20516 4293671
17518 4294014
2149 4295188
16162 4295792
19472 4297764
16742 4300841
5401 4301058
6349 4304428
14202 4305661
21589 4305872
26363 4306119
3670 4308288
7317 4309522
26493 4312873
19312 4317096
25746 4319204
7792 4321066
21534 4324105
26595 4328802
24448 4329613
10158 4331198
26262 4331840
8155 4332005
22477 4334220
20265 4336650
22300 4339203
29553 4339217
6245 4341029
21811 4343260
3037 4343689
14907 4344120
7742 4345222
21420 4345237
2763 4346568
21339 4347847
9825 4347919
2759 4348526
16688 4349537
1726 4351455
11118 4354015
22897 4354495
26232 4357717
23164 4358032
27253 4358357
23696 4358838
15840 4366407
5505 4367350
8208 4368534
6722 4369434
8718 4371222
21376 4371979
10215 4372807
21561 4377887
26805 4380014
25204 4384473
11347 4386431
12881 4391842
19926 4392366
23894 4396427
14731 4399675
8489 4401383
20172 4401728
337 4403380
6712 4403503
23137 4406439
21726 4409571
1543 4413273
6089 4413327
27563 4414013
7986 4417241
23500 4417456
2106 4419937
10376 4422025
13104 4424068
22049 4426502
6598 4427538
27135 4428034
3588 4428704
11640 4429319
21224 4429868
24735 4431464
16454 4433790
1856 4434266
27363 4435260
5632 4435522
11431 4437629
23214 4438241
1491 4438790
9804 4439242
28941 4442426
14848 4442582
6605 4444760
23004 4446518
432 4447389
25244 4449192
27736 4449675
18050 4451205
12274 4452019
2203 4454091
2881 4454149
2135 4454557
28880 4458308
13612 4459977
9070 4460192
14051 4460741
27156 4461830
2773 4462256
8543 4462861
1660 4464057
21286 4465474
23730 4468479
9946 4468548
4722 4468793
28318 4470005
12880 4470070
15353 4472646
18085 4473518
1678 4473706
10338 4473774
7007 4475231
27026 4477442
15431 4478657
3965 4479693
18232 4479780
12257 4481352
23271 4482372
16743 4483690
17435 4488681
15261 4491562
6656 4498440
3898 4501127
21933 4501163
3310 4501326
22549 4502499
14947 4505454
17106 4507683
19348 4508163
19700 4510201
8135 4513953
26155 4514668
25419 4516357
16856 4519489
15237 4521037
20966 4521100
11697 4525669
23452 4527216
16306 4527338
11356 4527392
27666 4531455
1292 4532227
23951 4532740
326 4532817
6602 4533604
3331 4536214
27978 4536647
14783 4536724
21691 4537003
24350 4541264
29706 4541650
10061 4546699
26299 4546935
22415 4547065
26214 4555339
27475 4556134
13547 4556770
1220 4557021
1023 4559775
19317 4559779
18528 4562053
16279 4563616
29226 4564351
7449 4567917
26798 4570493
12975 4572159
12990 4572314
20357 4573459
4426 4574042
7963 4580029
27757 4587714
9041 4587892
13793 4587909
950 4588938
29087 4589564
28980 4592186
23035 4592558
1956 4594188
14371 4594701
24147 4596138
13895 4596238
21931 4596747
28337 4596997
18371 4598210
23740 4598920
17410 4599138
24708 4600161
8704 4601122
7737 4601611
24083 4602763
28719 4606414
7289 4607010
27568 4607338
20 4607821
26179 4608187
7875 4608346
289 4609380
13519 4613425
11445 4613964
7626 4614743
7080 4618523
8588 4619102
16721 4620409
29790 4624730
24640 4626538
14747 4626992
12129 4628706
16232 4632740
10821 4634928
9117 4635318
15100 4635651
10386 4635697
11320 4638270
21101 4639894
7284 4641253
17838 4641271
20947 4642887
14424 4643992
2164 4647548
766 4649849
10861 4650982
28970 4653628
19107 4655990
13118 4656688
11593 4657082
15626 4658528
19186 4659784
14239 4660494
17084 4662339
20514 4662904
18357 4662920
23595 4663697
24837 4664608
21547 4665236
9639 4666410
28596 4668749
21251 4668867
7852 4669537
21617 4669770
18686 4669809
16247 4670046
7389 4670175
15838 4670516
9608 4670853
1435 4678026
3214 4678349
13091 4686594
22301 4687715
849 4688840
6651 4689060
1072 4689387
3298 4689475
22426 4690198
18996 4693276
18119 4693818
15807 4694194
5200 4694917
22619 4695672
4439 4695815
6639 4696386
20442 4697147
11743 4699492
709 4700946
1173 4701928
12249 4703525
2991 4704786
20752 4720796
29209 4720872
9238 4721388
9744 4723206
2775 4723872
24111 4724468
11184 4724986
21081 4725369
12826 4725845
8031 4726171
11857 4731542
27415 4731769
10258 4732093
10303 4732348
14125 4733251
22860 4736750
24157 4739128
22926 4739690
25899 4741154
5191 4745789
11393 4747113
29740 4747137
6353 4748403
19824 4750779
15284 4751840
845 4753130
27162 4753238
7042 4753981
16607 4756946
22332 4758879
26169 4765286
6513 4765395
9372 4767940
29691 4768444
18258 4769404
26459 4773762
18680 4774437
11213 4778739
4684 4780258
1936 4783765
4151 4784415
17309 4784690
28846 4785246
333 4785281
2347 4793486
1681 4794070
2184 4795138
26770 4796142
18007 4798035
23891 4798049
16047 4798732
2888 4798860
9034 4801668
26419 4801973
20788 4801983
18841 4802791
20171 4803766
12273 4804544
6136 4804608
21487 4805870
2401 4806210
14590 4806384
15451 4808947
23496 4811482
19455 4812654
22011 4814446
27754 4815542
21902 4817503
24074 4819277
6960 4819689
1731 4821927
23418 4822717
20686 4825848
6230 4827041
10400 4827150
1900 4828534
11865 4829991
19882 4831141
18162 4831239
15164 4832279
13021 4833568
27588 4834112
23562 4834224
4434 4836717
5503 4837775
2216 4838075
239 4838708
12320 4839945
6223 4841972
18978 4842142
5128 4844439
10585 4844873
18492 4845895
2534 4846094
16341 4848197
24426 4849217
17269 4850797
5733 4853075
667 4853598
11047 4854291
7949 4860525
20877 4860723
5429 4861819
14773 4861826
18846 4862619
17553 4867934
6156 4867980
23915 4868921
17805 4869864
6488 4870428
7383 4870888
28946 4872647
24673 4872675
1713 4872956
7939 4874042
12871 4875270
25927 4875797
24612 4876435
8541 4877416
16613 4877521
20914 4878699
2952 4878930
15751 4880992
27969 4883124
7675 4883796
26059 4885235
2290 4887111
23956 4888871
11776 4889842
3576 4890331
19529 4890858
29941 4890900
12413 4893604
12040 4894452
7172 4896692
22535 4900528
24807 4900619
21714 4901007
27046 4902739
10684 4903877
23486 4905988
18455 4906065
14206 4906373
24502 4910171
4819 4911428
16691 4912712
9665 4912943
16744 4913319
16241 4914129
17963 4916776
2233 4918325
3188 4919307
9682 4921883
15153 4924324
3128 4927184
7158 4928728
25666 4928872
2450 4930013
14115 4932011
10779 4932175
23668 4932884
10484 4933237
18365 4933301
7252 4934671
29363 4936108
19790 4936599
21401 4938502
15248 4939864
20902 4940660
13482 4941627
29780 4943706
2852 4943987
13166 4945487
2835 4947541
4565 4948173
9527 4949707
4678 4951304
20764 4951424
11871 4959522
22379 4960503
11594 4963410
26573 4963687
12425 4963805
13554 4964227
11272 4964555
7711 4965999
27081 4967193
16842 4967341
1584 4968296
6699 4969351
10827 4970545
3692 4971299
20078 4971642
13921 4972783
13129 4977924
2118 4978140
2218 4978390
2747 4978741
7889 4980606
3614 4980865
16194 4981909
25365 4984778
2193 4986865
17315 4989320
27398 4990542
26762 4991583
21998 4992415
3445 4992784
8183 4993388
13955 4994765
13823 4995252
14952 4995581
4097 4997540
16684 4998154
18860 4998187
10374 4998694
15701 5000771
28219 5003794
11701 5008202
23303 5009489
25278 5011028
13813 5011175
1827 5012768
7416 5018319
1465 5018406
13951 5020261
12177 5020682
3087 5024783
21457 5025295
23921 5025930
7612 5026392
727 5027090
24230 5029753
5372 5030145
25030 5031443
16915 5033908
27838 5036221
18024 5036248
13014 5041567
26585 5042351
11150 5043167
1408 5046454
24153 5047308
10101 5048315
22923 5048609
16233 5050315
7298 5052082
19083 5052677
4470 5054870
28587 5055757
16942 5056053
8869 5059357
26212 5061870
824 5062424
17363 5066554
9013 5072091
15628 5073140
5615 5073756
19871 5074732
9218 5080095
13873 5080580
19606 5080638
19796 5080927
20336 5083740
6955 5084340
8638 5084774
5319 5086006
29547 5088544
16785 5088888
23227 5090058
1304 5091051
2459 5093654
24137 5093704
16020 5106435
2263 5112847
14518 5113046
5875 5120088
7508 5124726
9202 5127948
260 5127964
863 5133448
3387 5136329
4526 5136836
20148 5140228
19649 5141278
18817 5143598
10614 5145681
22484 5148706
774 5150119
352 5150381
8147 5150582
3182 5150919
23899 5157754
12285 5158439
24925 5160011
14133 5161348
2393 5162110
434 5165491
6644 5166953
17768 5169883
29887 5170280
12815 5171253
13243 5173365
25683 5174096
9206 5174762
6816 5177705
12178 5178399
22843 5178656
15693 5179458
15712 5183166
1442 5184583
16968 5185581
45 5186874
19012 5187022
12126 5187128
18043 5189325
12034 5190768
25395 5191069
23443 5192228
23825 5193597
14221 5194073
20551 5194204
14121 5194261
2458 5202974
10309 5204054
7958 5212224
20378 5213206
4462 5213998
11425 5218050
302 5219897
16836 5222906
11145 5224089
5587 5225087
22205 5225362
11941 5228125
28150 5229031
27900 5229628
23605 5235769
11960 5235785
17129 5236954
19396 6291516
17810 6291933
25975 6292202
22962 6296849
13613 6297792
20881 6300347
16873 6303205
10998 6306868
24159 6307935
28734 6308655
28338 6311042
25663 6312039
5459 6314236
25872 6317465
853 6318319
23239 6319435
4832 6319519
25910 6319604
22662 6320507
27281 6320964
14297 6324252
18554 6327042
13692 6327579
3888 6334259
566 6337000
12734 6341312
7750 6342739
29189 6345028
13610 6345113
458 6346486
22184 6347391
16496 6349768
29254 6354956
26023 6357628
21694 6358353
17334 6361264
28593 6367319
27391 6368920
17083 6369703
26073 6369906
16043 6370493
7170 6375322
214 6378009
17893 6379283
14781 6380098
24236 6382829
20926 6383821
5773 6383937
16659 6384683
12109 6386397
11586 6386891
27746 6387242
27575 6388072
11730 6388794
2179 6389020
8596 6389265
23612 6391364
2978 6391622
6714 6392928
26560 6393130
4672 6393532
23772 6393584
3999 6396511
11597 6396948
12915 6398964
9293 6400076
25315 6401023
9012 6402267
21821 6402440
1640 6406324
21171 6407897
6678 6408857
10872 6410171
27266 6410239
21813 6412551
13952 6413443
11039 6413592
235 6420062
19327 6422541
21418 6423125
18014 6423174
9865 6424551
5853 6424666
1253 6428022
2624 6428547
21435 6431224
25704 6432343
17046 6432842
8900 6433602
10649 6435056
7888 6435210
15006 6435699
19544 6437184
9591 6438045
20333 6438288
12219 6440159
19746 6441739
24150 6442340
17970 6446284
9213 6449012
18790 6451938
7192 6452225
5325 6452225
20247 6452864
23060 6455135
27756 6455282
11173 6456666
17218 6456701
16282 6458885
17663 6463429
16715 6465296
4838 6467014
13432 6467064
6846 6467703
28730 6467784
10197 6468965
7296 6469416
19059 6469547
21877 6470271
19089 6472686
27897 6475289
2289 6477181
26673 6477528
20572 6477856
21675 6482721
6035 6483665
574 6484117
18695 6485684
20723 6486736
18319 6487518
21291 6489528
23636 6491249
19329 6492406
10710 6493837
26675 6494906
25742 6495477
13387 6495942
6126 6497727
16334 6498598
21613 6499423
26572 6499818
17749 6500587
12731 6501720
10059 6504161
12174 6504619
26259 6504896
1756 6505244
10361 6507299
14866 6507950
3415 6510683
12086 6510712
4077 6512018
20162 6512718
29607 6512752
7699 6514111
5428 6515188
18207 6515349
15672 6516081
15216 6516732
20263 6517559
10666 6517987
13741 6518833
29895 6519286
12190 6521344
13011 6522836
5250 6527211
11962 6527946
16597 6528814
10736 6529292
1029 6531003
10606 6531212
7482 6531218
20163 6531665
22567 6531749
18631 6533195
16425 6534759
18496 6534849
12902 6536123
21550 6538747
21826 6539912
5359 6542201
6159 6542605
19260 6544585
27676 6545863
9805 6547092
1060 6547224
19343 6549519
17049 6553288
10018 6553351
24808 6555184
548 6556090
18114 6556476
26781 6561015
11735 6562491
3677 6562628
20913 6563574
23853 6565456
21129 6565477
4917 6566901
4266 6567384
2724 6568546
2385 6569191
2369 6572057
19374 6575044
1469 6576827
21664 6578157
20630 6582557
11524 6587995
15359 6588129
28158 6589369
17097 6590265
8802 6594740
28005 6594826
2711 6595856
13973 6595984
13003 6596865
3951 6599373
13537 6600239
12870 6600968
2996 6602068
18343 6603475
22385 6606153
617 6615059
11894 6615332
12188 6617438
23225 6617673
2436 6619177
11988 6620252
11803 6621562
17919 6622847
25228 6624053
21707 6627010
13899 6631338
8990 6633434
5059 6634385
8576 6638293
21458 6644649
17262 6646182
10627 6646297
21231 6652585
2844 6654597
29025 6654750
1783 6655903
14638 6659017
8838 6661217
3905 6662439
105 6663050
4448 6663305
28497 6664494
11170 6666461
25784 6667069
11928 6671116
22027 6671146
694 6677810
23904 6678668
29630 6679215
15211 6680270
21993 6685030
25194 6685463
24761 6685865
21677 6687953
20042 6689281
8368 6691402
5931 6691947
2683 6693406
20648 6694428
19842 6695776
23419 6696164
5265 6698007
27830 6698628
9785 6700555
28303 6701591
18153 6702622
22246 6707091
25937 6710311
1785 6712273
10995 6712280
168 6713461
19461 6713772
28893 6713991
15844 6715703
24346 6718563
8000 6721531
8581 6723964
12817 6726044
10039 6728624
20637 6732176
484 6733743
9262 6734009
25516 6735575
15343 6737060
14265 6738014
1145 6738229
9679 6739117
22907 6739684
12908 6739923
23885 6740214
17654 6741576
7527 6742773
18363 6743503
28051 6743777
10857 6744695
14084 6746201
14447 6748011
21815 6748882
19210 6748907
8947 6750198
26746 6752068
5879 6753100
4912 6753633
23643 6754630
16104 6755405
20398 6756330
24226 6757715
23587 6757987
10613 6763928
29477 6783086
25907 6784374
20441 6785675
9332 6786315
2252 6787180
11276 6787966
2538 6789477
2371 6792080
16536 6792507
21670 6796667
2249 6797304
28842 6799178
2811 6801946
28293 6802543
15035 6807708
14334 6808109
29908 6808348
3268 6810325
5992 6810899
7137 6816004
8664 6816487
7181 6817129
25325 6817395
15019 6818844
27010 6820856
1328 6822878
792 6823908
12533 6825476
26751 6825767
16944 6827929
17556 6830648
850 6833519
3243 6833766
18313 6833816
26790 6835028
14253 6835603
26547 6835877
29 6838527
18570 6840268
21753 6841811
28919 6843544
17505 6846441
24533 6847979
11357 6850194
13968 6851684
13861 6852021
21609 6855500
14794 6857877
90 6858466
24356 6858777
24892 6859051
6869 6859917
16872 6860462
13659 6861061
18984 6861382
21491 6861760
7023 6864280
27073 6866432
8136 6866533
17966 6867344
10080 6869451
14347 6869546
10358 6874863
9955 6875918
24824 6877499
22527 6877630
19321 6879929
173 6880048
2973 6880988
8250 6881844
5636 6882516
7588 6882828
15401 6886211
21017 6888142
14324 6888738
25141 6891658
14413 6895391
1356 6897586
15418 6897715
8438 6898169
1168 6901158
286 6905715
22807 6908515
24566 6908863
25111 6909266
27845 6910577
3725 6911260
16159 6912702
4459 6912830
5310 6914308
4785 6916116
23416 6920394
7749 6921091
3525 6922800
22873 6922881
19350 6927061
2853 6928118
9548 6935814
5916 6937070
11536 6937196
25831 6937573
28138 6937973
20051 6938158
29173 6939916
25464 6942773
9267 6943668
21842 6944282
24596 6945356
2800 6947960
28867 6950314
25505 6952824
17627 6954807
27070 6954858
10413 6955018
14189 6955287
25576 6955773
25136 6955880
16271 6958043
8013 6959081
11688 6959841
16054 6961858
24488 6962210
9756 6962343
28916 6963831
793 6965039
21640 6968120
22666 6970178
10646 6970237
27694 6970329
22597 6970576
8586 6971174
15688 6971451
294 6974042
8539 6976205
28309 6979203
25479 6979711
25743 6982610
28609 6983280
20823 6985302
2977 6985310
19417 6985507
12032 6986043
7681 6987724
29378 6989545
19066 6990479
15863 6990806
9010 6991209
23967 6991855
20050 6992241
27945 6993028
9149 6993546
9762 6994289
10046 6995885
24352 6997415
15515 7000616
5502 7000646
29537 7000865
12539 7002311
19475 7003272
14028 7003418
3511 7003665
20848 7004738
962 7005191
12251 7010497
22955 7011310
4940 7012074
28883 7018990
14123 7019536
10773 7020289
29255 7022371
24575 7026301
23990 7026984
7404 7028345
8152 7031402
11225 7035319
8481 7035544
8674 7038980
24248 7039866
28265 7040862
9824 7040975
6480 7042402
22564 7043376
25362 7045330
26946 7045358
16583 7045938
5987 7046251
4291 7046350
836 7046919
28646 7047814
8624 7048174
1803 7048331
12020 7050403
25355 7051429
16086 7051707
14089 7052185
29619 7053749
19010 7057502
15862 7060599
17091 7061163
9550 7061236
24573 7061579
7258 7062014
12933 7062436
23548 7062543
13505 7062984
10113 7064006
6966 7064177
9890 7067213
23943 7071445
8222 7071980
10443 7074319
24196 7076383
25629 7076700
26118 7077162
5539 7078146
7414 7078467
7067 7078700
5674 7080576
26044 7081475
18626 7081947
23508 7083888
14553 7084004
15640 7084226
26656 7084344
1518 7085208
25037 7085268
4377 7088332
27311 7091138
13874 7097234
29787 7098382
23007 7099473
6221 7100208
2073 7101920
9484 7104939
9127 7105147
9912 7106577
13402 7108288
24527 7109990
8482 7110353
23101 7113018
1042 7113101
19517 7113856
6890 7116798
22480 7122688
8067 7124154
26561 7124558
14915 7126139
13294 7126508
21639 7127535
27291 7129741
22211 7132336
16293 7132648
14281 7133115
21642 7133211
7412 7137274
24174 7137891
23217 7138021
29142 7138914
17510 7139049
5465 7139113
9791 7143171
23421 7143683
4798 7144192
21759 7145268
20410 7145410
24460 7148900
409 7150644
17256 7151147
1156 7151680
23055 7153373
25199 7154568
25538 7156058
4520 7156455
23713 7160003
29329 7160142
27604 7160966
2001 7162195
18690 7163036
17238 7168803
13114 7169340
28518 7170744
16771 7177321
17683 7178721
4572 7181531
6650 7182318
3383 7184279
13173 7187766
11734 7191310
12260 7191579
24176 7192726
19569 7193846
13119 7194352
17515 7195095
22797 7195302
10139 7204768
10903 7210799
8722 7213164
25302 7214320
6729 7215962
23972 7216015
29992 7216342
13580 7216481
14181 7219494
18876 7220847
17660 7222055
1487 7222413
20266 7222416
2190 7223158
18427 7226658
1217 7228818
9055 7232207
28349 7232537
23254 7236089
13414 7236596
12072 7237634
2586 7238525
21336 7242419
24255 7243025
13562 7244790
163 7245682
21076 7245972
24295 7246128
5954 7250291
18136 7263495
14266 7263599
13024 7263744
17563 7264170
7369 7265562
14114 7266074
29835 7266096
5114 7267186
10659 7268672
17449 7269149
23929 7270099
5096 7270357
9705 7271293
10732 7275993
21362 7276920
15804 7277769
22037 7277836
1818 7279209
15972 7281349
21776 7281998
24820 7282313
16125 7282914
23079 7285608
11907 7288997
6981 7291117
11325 7292300
5383 7294372
17121 7299867
20318 7301537
4433 7302824
4281 7307384
3171 7307672
20422 7311033
29608 7311069
27039 7311260
14335 7311666
18334 7314479
9725 7318401
3145 7319573
7060 7320582
6887 7321796
24730 7322305
11168 7323371
21427 7323741
24724 7324435
11604 7326863
6526 7332648
17365 7332717
21980 7333506
14194 7333555
2022 7335006
264 8391861
15299 8393286
13549 8396057
11956 8396150
1318 8396204
11054 8398108
23278 8398434
16331 8401543
25779 8405394
5563 8414376
11217 8418102
28074 8418541
27892 8419117
29111 8420015
14877 8420714
13735 8421203
2360 8427175
23092 8427232
14959 8428627
19995 8431147
3642 8431837
27325 8435236
349 8436406
16692 8437792
5422 8443892
18919 8444252
15096 8448587
4539 8449805
20137 8451604
11919 8452456
640 8454886
15802 8456940
22547 8458905
2086 8459157
21110 8460040
25020 8460215
27761 8460972
14240 8461124
1159 8461409
27917 8462086
15397 8462845
25417 8464041
2009 8464841
8571 8465107
19368 8465881
13587 8466084
28336 8466170
10042 8467041
12510 8469699
18858 8475917
5989 8476375
4333 8477038
26263 8478373
6685 8479048
25426 8480307
25926 8481504
21850 8484265
2470 8484684
17032 8484772
25738 8486930
15500 8487336
24243 8487968
1798 8488858
8934 8488895
6082 8490220
18261 8494920
16179 8497424
15002 8501420
25498 8503391
20799 8503798
8467 8505640
24728 8506600
1828 8508024
29326 8509981
4985 8510941
5024 8510968
1448 8511493
3354 8513615
26347 8514789
26692 8515845
6366 8516699
4294 8518193
17571 8520763
12614 8521272
14800 8523161
29432 8524148
22878 8524874
29071 8527272
28687 8529255
8685 8532869
26084 8532907
9588 8533332
4147 8534322
25691 8537594
29221 8538019
12921 8540426
20579 8540566
4045 8540950
24904 8542898
88 8548214
11544 8548498
29944 8549841
22274 8549979
29102 8551569
13999 8552192
10007 8553873
26935 8554289
3752 8554859
4824 8555007
7530 8556947
24129 8559129
10898 8560098
21001 8561884
8714 8562892
19211 8566923
14507 8568822
1070 8568919
18502 8569896
5793 8570690
3671 8572631
25226 8572686
10437 8573011
29364 8574370
24962 8574603
20879 8575181
19124 8576426
9129 8578619
16682 8580573
14860 8581794
18823 8581891
11466 8582509
15304 8584842
10836 8585478
649 8586179
22450 8586346
11953 8590856
26481 8592829
14591 8592935
18192 8595212
15111 8595813
17949 8596065
5157 8596173
1974 8596792
8836 8597116
7235 8597222
29679 8597436
25833 8597534
26414 8601602
28369 8602702
5589 8604104
6723 8604645
11283 8606478
4362 8613243
22752 8614116
4328 8614437
8694 8615524
2227 8615890
8458 8617661
17265 8618167
25341 8620375
18432 8620703
28251 8620850
28039 8620916
4563 8620991
5519 8622099
621 8623041
3204 8623925
16257 8624276
22585 8626628
1942 8627538
2679 8630854
15078 8631687
22931 8631846
29112 8632233
14241 8633513
28553 8638200
2795 8638334
18613 8643608
6776 8644266
21897 8645042
12451 8648879
7280 8649052
18956 8649504
19883 8653587
3879 8653641
14651 8653811
21645 8654427
28847 8654649
7059 8654947
2439 8655381
868 8655767
16399 8657464
4934 8659962
5574 8660506
17664 8660881
7205 8662108
22196 8665708
13720 8666572
9672 8667250
14969 8669180
12728 8671089
29454 8672871
29570 8673037
1657 8673092
25670 8673655
1865 8674734
10552 8680031
24438 8680143
10997 8681440
13311 8685918
1485 8688029
22570 8688388
17592 8688442
16511 8690004
12336 8697340
982 8698826
3763 8699867
21050 8701041
15045 8704945
11634 8710472
23117 8711318
5255 8711762
11789 8712728
27258 8714022
6326 8714484
24498 8714749
17137 8718344
14895 8720557
17533 8731330
466 8731428
14825 8732167
3918 8734641
2662 8736925
15554 8740792
5703 8741837
23549 8743828
20203 8746510
23556 8746686
5644 8747386
2936 8747433
19978 8750088
22256 8750218
27818 8750779
17992 8752568
29093 8753184
17290 8756173
5786 8757504
27697 8760131
10513 8760943
6288 8761557
2215 8762428
28513 8764505
22098 8766135
5036 8773192
1925 8773585
18359 8775439
3540 8778632
18961 8779065
22485 8779696
28160 8780541
4452 8782100
5842 8784002
4890 8785907
8210 8788027
11561 8788741
14971 8789640
11207 8789965
514 8790038
20294 8790421
28947 8791370
12197 8795430
4148 8796246
1835 8799306
29503 8802455
13977 8802718
24869 8803076
8278 8804568
3859 8804986
3296 8805092
21956 8811624
28132 8812202
10281 8813033
22268 8813636
3460 8815168
13598 8815325
9022 8815982
6345 8817733
20526 8818812
16628 8821501
8816 8822289
13586 8823659
24821 8824015
21543 8825001
7974 8825083
18683 8827473
17520 8828150
4384 8828748
14247 8829878
4686 8831000
5431 8832614
29129 8833268
12986 8833490
9861 8834579
20110 8838278
6189 8838966
17819 8840648
24792 8840934
29720 8847164
24817 8847875
2136 8850479
967 8852407
24894 8852790
25873 8855457
6826 8856499
11315 8856890
20011 8861647
17659 8864455
20511 8868953
14557 8870564
838 8873898
8199 8875727
5547 8878509
18826 8879721
22429 8879980
4072 8880908
15455 8883884
3870 8884990
565 8885053
17602 8887370
24726 8890765
14455 8891395
9290 8896272
14544 8896702
7002 8897351
29234 8898324
19710 8899615
6527 8900833
4445 8901404
23512 8904530
28057 8908482
9405 8909166
23426 8909691
28134 8911035
5684 8913731
10420 8915538
27656 8916577
26577 8916664
26936 8918659
21067 8918998
9025 8919284
15770 8920031
3039 8922065
20077 8923098
16076 8923172
13707 8924616
21816 8925002
7429 8927114
15064 8931222
3961 8931426
4175 8931540
17181 8934015
4320 8934721
28635 8936866
3161 8937146
25267 8937519
13696 8939201
13883 8944218
24652 8946267
26562 8946672
12211 8947301
6805 8949009
19506 8951393
27302 8952563
12989 8954244
1506 8955457
5484 8956051
3846 8957415
25080 8957607
2806 8958713
4010 8958830
15845 8958850
22162 8959111
22844 8960571
4865 8961374
25175 8963005
6065 8964308
5816 8965063
13493 8965312
1055 8965560
10055 8965988
9937 8966402
13328 8967261
176 8967845
7156 8967923
6546 8969114
5393 8969419
21886 8972012
7151 8972247
16650 8972894
25330 8972960
27533 8973833
7560 8974439
14364 8976902
19064 8977487
2756 8978890
9788 8980845
7954 8981280
4635 8982785
6498 8982869
10581 8983000
8853 8984992
8213 8987239
2469 8987980
6021 8988549
11258 8990111
10029 8996917
29671 9001501
12171 9003276
10394 9006014
11304 9008373
24433 9008946
1066 9010691
20968 9011402
27 9011633
16204 9015949
11825 9019166
17259 9020364
11791 9021632
21594 9023014
13872 9023572
4303 9024996
24088 9026223
24200 9026274
27755 9026813
28196 9026949
14157 9027378
12672 9028646
14048 9028890
16285 9030310
19155 9030711
4414 9034800
18325 9036291
15910 9039589
15260 9040439
20502 9041573
4098 9047508
20711 9050591
26452 9050897
5969 9050898
10792 9052722
27871 9052937
17299 9056201
18181 9056809
18445 9056882
14630 9059433
23131 9060225
17214 9061017
23076 9061885
17115 9063841
7338 9063916
6315 9067181
19865 9068524
16941 9068553
25855 9070044
8955 9070797
3666 9070856
15128 9074489
21929 9075440
9097 9075547
14941 9076109
10741 9078082
10983 9078524
22892 9078993
24164 9079409
327 9079842
13271 9095961
1656 9097466
17841 9097497
20044 9097974
20805 9098598
11785 9100037
11653 9109840
19858 9110277
22936 9110414
15781 9110464
24911 9113334
21267 9119327
22929 9120179
19798 9120467
630 9123180
25484 9124704
29613 9127406
15089 9127636
13595 9129357
29172 9130201
22884 9130273
12389 9130889
22468 9131083
29725 9132092
1685 9132528
13073 9135173
21275 9137554
7222 9138768
3273 9141938
19810 9142068
2004 9150299
8432 9159732
27089 9164196
23878 9176110
1614 9176212
14758 9176508
5313 9180717
10177 9181464
9936 9181719
19946 9183501
12083 9188508
17381 9188840
11547 9189170
2295 9189649
22101 9195414
21036 9195448
21711 9198627
8538 9200962
12543 9201307
23263 9207758
11440 9209031
29046 9209069
28063 9210175
10852 9211457
8034 9211699
25815 9212642
18306 9216490
20525 9220813
27336 9221143
19085 9224649
16887 9225159
8595 9226535
21606 9228561
8369 9229409
23029 9229508
24245 9231030
1251 9231261
22176 9233583
20777 9236705
29421 9236823
27051 9237816
20755 9238935
19183 9242485
2176 9244124
28068 9244808
20070 9245539
23155 9246246
2884 9246557
2452 9246849
2778 9248078
29567 9250893
13888 9251725
24310 9251945
16165 9252153
5182 9252991
10493 9253708
10927 9256826
6365 9259814
12192 9262706
5164 9263498
11370 9263576
24480 9264175
17037 9265179
13829 9265874
4498 9267933
23307 9268207
19795 9268345
3678 9271257
11844 9271584
15227 9272649
3124 9272849
15053 9273697
5069 9276999
25688 9280204
27096 9280574
11117 9281175
27396 9282290
14282 9283520
10199 9284152
17202 9285427
25044 9285638
19476 9289029
15869 9290530
15330 9292807
2357 9295212
25135 9296114
16318 9297528
4347 9298771
8386 9299049
16853 9300973
13337 9302483
14546 9303761
13572 9304470
25604 9306033
8088 9308274
5014 9308668
27591 9309054
2297 9309202
24789 9315292
26391 9319072
25438 9319152
13281 9321409
29450 9322682
4017 9323233
17387 9325849
17786 9330234
26727 9330428
8778 9331303
15871 9333470
3603 9334382
13706 9335046
16310 9336510
3738 9337813
6487 9339371
29300 9340583
15893 9344703
25169 9355995
6122 9356223
5195 9357343
25274 9358657
14972 9362025
10499 9362900
17643 9373424
9627 9374556
23434 9375138
18541 9375414
27172 9375649
3779 9376374
21238 9376914
29997 9379002
19642 9380834
3253 9381895
666 9389203
4065 9389300
19415 9391524
1692 9391864
28125 9392578
5328 9394295
6497 9394346
29252 9394483
28571 9397960
3211 9403355
17352 9403369
9211 9403412
17791 9406620
13321 9406649
20742 9407853
26045 9411687
20493 9420952
19063 9421969
19148 9425331
4363 9426575
23564 9427096
1415 9427248
9315 9427814
15948 9437850
375 9439118
17030 9439431
27496 9442541
8265 9443626
10948 9444210
24237 9446396
25152 9447037
6369 9447700
12258 9447919
17211 9449440
12065 9450073
23567 9451577
10144 9452018
22590 9452461
15292 9453948
19794 9454580
27851 9457241
24081 9457327
18518 9458562
8552 9459457
16773 9460072
4237 9460176
19338 9461938
6907 9462972
16524 9467415
1790 9468723
24538 9471180
28840 9472503
23282 9473017
3527 9480097
15563 9480963
688 9487991
11483 9489172
17029 9493080
23846 9493291
9120 9495254
15175 9497503
26126 9498084
15580 9498423
12074 9500339
10250 9500441
22234 9503118
10265 9503409
25032 9505650
380 9508093
6731 9509327
2081 9511155
858 9512189
25612 9512287
13709 9517266
4743 9518124
16291 9519589
3652 9519693
3928 9522726
23979 9523104
3428 9525497
4313 9527173
2187 9534687
17170 9535727
16586 9535848
21870 9536022
16908 9537878
29823 9538158
29116 9538389
2253 9539178
8498 9541366
28692 9541691
15987 9542380
29884 9543406
4380 9546618
18133 9547456
11529 9549992
23143 9550871
4221 9552287
12452 9555500
8974 9555810
1759 9555926
9054 9556552
22861 9558966
28681 9563661
20864 9565079
4441 9567035
22571 9568076
7515 9568588
5075 9568857
23986 9568896
678 9569758
12081 9570191
21306 9573054
16114 9573882
27692 9574532
15000 9574970
23871 9579949
17778 9581291
24097 9581734
6895 9581867
15880 9582601
5287 9583429
14252 9587509
10607 9587563
28508 9590109
18307 9590229
4027 9592743
5678 9595283
1319 9598642
25493 9599936
21331 9602037
1505 9602890
13763 9604474
10675 9605780
5480 9607672
26475 9609885
1223 9610605
14642 9614160
2799 9616119
14620 9616127
8138 9617556
13964 9617853
28212 9618341
8144 9619581
9666 9620030
4501 9620109
2291 9621614
23559 9621762
20010 9624745
27349 9626429
11759 9628608
15794 9628819
20560 9629819
8893 9631875
6738 9631904
142 9636902
28289 9638609
4951 9639350
1263 9639525
27043 9639634
16555 9641168
24167 9646683
14228 9649595
3610 9649730
22042 9649875
3731 9651478
8284 9653760
10103 9655283
21504 9657419
27534 9657467
19224 9657945
23138 9660624
5999 9660985
24647 9662682
8663 9664541
2028 9666314
28464 9667721
10261 9670782
25324 9671224
26538 9672091
4104 9673266
14198 9674411
21946 9674640
533 9676421
8267 9676716
9614 9678047
15098 9678755
25012 9679272
8124 9679870
12479 9681183
5089 9684484
14480 9684767
6258 9686181
27972 9686902
24714 9687301
23126 9689923
29764 9690243
28378 9692902
1540 9694616
6674 9695812
3165 9696289
23068 9696813
12477 9697647
12681 9698996
19052 9701317
27353 9701596
1184 9702280
25303 9703720
4509 9705220
5998 9705703
9195 9706088
7381 9707682
3050 9709888
21042 9709911
19530 9710118
16556 9711362
16673 9712656
27662 9713263
15127 9713512
13630 9714141
18009 9715034
17989 9716112
24636 9717412
3437 9718206
22002 9718385
136 9719466
4816 9719883
21749 9720075
20803 9720146
28141 9722281
7966 9724172
2960 9726825
27665 9726834
6329 9727179
9418 9730489
4370 9731519
526 9732489
12085 9733218
18930 9736573
2994 9738149
12246 9741877
12518 9744247
1503 9744294
14027 9744668
9537 9747630
19054 9748044
17967 9748539
25703 9749251
27002 9753591
26643 9756392
18116 9757171
5376 9758591
13739 9759264
5930 9760376
7377 9762562
13486 9762691
16717 9763308
24896 9764762
23693 9766221
29563 9770388
6818 9771189
17223 9771261
14355 9771672
3172 9772904
23198 9774629
19998 9775670
6951 9776697
7812 9776731
12972 9777689
10459 9781694
5869 9781709
247 9782338
7669 9782684
27384 9782975
15749 9783189
10497 9786293
820 9787090
8629 9787754
3983 9793555
23768 9793759
27571 9795416
25645 9796988
763 9797760
29682 9799641
20563 9800645
14628 9801712
11997 9801910
22108 9802132
24805 9803813
3122 9804778
6430 9804853
16087 9807105
7286 9807252
23553 9810651
29719 9811091
16919 9812469
21268 9813346
4083 9813376
11937 9815346
18717 9816677
26669 9817109
11091 9818293
27270 9818649
16701 9819402
24348 9819720
26097 9824788
19058 9826652
7696 9828441
4525 9832105
5446 9832335
1989 9835198
4516 9838936
7959 9838948
10522 9840843
1933 9843427
22437 9846305
19671 9846498
19056 9846613
17568 9847736
19896 9849315
14200 9850018
11253 9850169
795 9854447
20841 9854519
11647 9855480
3658 9856122
27630 9860417
28101 9862748
7924 9862950
6645 9864439
25275 9869005
1972 9869168
8881 9870587
3116 9875134
19441 9876950
19375 9877475
23546 9880078
23347 9880229
13284 9880577
29208 9882700
17761 9884203
11985 9885358
16462 9886799
1407 9888998
29264 9889716
28144 9890461
12028 9890638
16170 9891089
12017 9891811
8158 9892157
24548 9892224
4755 9897899
26615 9898474
25193 9899914
15926 9901921
26324 9902103
9035 9902952
21479 9905574
16090 9905948
15822 9906077
29674 9908965
8348 9910305
11365 9911628
17014 9913250
6025 9913511
243 9914791
19458 9917255
17143 9917821
19615 9918223
15549 9918752
22739 9919633
21987 9923871
12412 9931060
20547 9931360
28206 9931578
20506 9936702
23728 9937636
14409 9938959
11308 9944000
20804 9944737
24704 9946956
20772 9947046
22837 9956436
7300 9957514
15295 9958491
20999 9959640
19152 9961773
28861 9964047
26752 9964774
25800 9966654
13407 9968117
29611 9969353
4949 9970840
17537 9971404
26996 9971778
23039 9971817
3229 9975999
17200 9976458
20618 9981516
29349 9985479
9964 9987443
25625 9987926
15357 9989881
21966 9992821
23308 9992851
19849 9997523
7 9998924
1423 9999410
20038 9999837
20076 10000333
5962 10001400
22842 10003323
3909 10006096
21352 10006128
22965 10007710
26248 10008246
15186 10012245
21601 10013783
17163 10014521
16111 10015380
15875 10016112
5011 10016646
21138 10019992
507 10022423
23158 10022782
18138 10024263
1799 10025496
4368 10025901
2565 10032599
4664 10033788
17705 10034188
9335 10037091
12306 10043312
27310 10044383
8493 10044577
28192 10044721
26540 10044871
29108 10046042
19258 10046252
29742 10047084
25551 10048180
21576 10052050
899 10052077
9365 10053484
11438 10055001
7921 10056513
16213 10058285
5460 10060475
4849 10060666
2924 10063715
20243 10064423
16439 10064779
19625 10066514
10257 10067370
26464 10070378
2068 10072481
17975 10073493
4542 10078108
28765 10080381
20702 10081118
10945 10083259
15266 10084825
13052 10087170
5074 10087653
24923 10089024
28153 10089770
16932 10090400
3973 10092213
1952 10094081
2700 10094779
24005 10097446
8177 10098810
28460 10099391
13635 10100070
10438 10101305
16419 10102633
26619 10103413
20358 10105736
29875 10106530
27868 10107243
4304 10107270
20268 10107747
602 10107877
9793 10110867
25964 10111696
5699 10114664
19418 10117294
488 10117579
1675 10117757
9932 10118158
29058 10119430
28644 10120194
15890 10122588
16910 10122988
22979 10123745
535 10123973
25623 10124935
4677 10126488
17254 10128752
2034 10128999
18072 10129747
25783 10130946
12824 10132664
29393 10144992
5908 10146908
4192 10162739
28909 10165771
18871 10167894
6294 10169490
1468 10170339
8017 10170649
2024 10170827
20166 10173084
25731 10173251
12969 10173752
25814 10174441
15760 10176288
27187 10177022
22580 10178071
19870 10178505
11806 10178525
9258 10178971
3836 10179449
9844 10181446
5746 10182858
16008 10183588
11087 10183768
2116 10183981
29381 10185127
16754 10185719
15428 10186713
15990 10189772
10368 10192134
25619 10192249
4984 10192889
2324 10193987
17444 10195823
23662 10196630
24514 10198535
7297 10198840
2915 10207321
7312 10209065
22368 10209116
11566 10209176
19074 10212372
22394 10212890
10662 10213228
14707 10215200
12298 10224807
21085 10225405
22269 10229066
24361 10232918
25818 10234124
16935 10235508
615 10237738
8397 10240215
22598 10243686
27169 10246116
18109 10251220
16238 10252552
4188 10253852
8200 10255759
16554 10256775
9400 10258172
18188 10258208
20734 10258524
18237 10259367
24746 10263223
403 10263501
20292 10265487
12863 10265717
3334 10270309
21322 10270880
5642 10270968
9821 10270981
7453 10272389
24343 10273135
3790 10274206
11581 10275702
7163 10276650
2965 10277377
11837 10280841
27416 10281284
3260 10286511
15714 10289007
7843 10290798
2738 10291231
23370 10292051
8492 10293507
9974 10294244
19872 10294541
14799 10297140
4853 10301412
4357 10302658
7112 10304114
12805 10305083
16056 10306378
25940 10307028
24047 10308790
25571 10309442
5381 10310218
4508 10310486
14536 10312206
3612 10312294
29271 10313941
29890 10316226
8786 10316964
21532 10320031
10970 10323440
13255 10328279
19242 10329494
12869 10329634
5662 10332176
12620 10335149
7818 10336313
4874 10340609
12356 10340646
22526 10340784
29765 10341330
4601 10343249
9628 10343617
28990 10344198
5317 10345853
624 10346342
539 10350607
26984 10353865
7825 10354839
22767 10354971
17928 10355751
27003 10360370
6865 10360715
903 10361449
22555 10362264
19749 10364680
13295 10367945
12097 10368006
22121 10368807
22545 10369151
2083 10370665
23540 10371109
13169 10371236
23578 10373255
23958 10374825
6056 10377416
153 10378184
7688 10378665
22225 10380059
12291 10381652
21533 10382800
2234 10383439
8643 10385902
23425 10386232
6367 10389355
27889 10389438
29444 10390911
20082 10392248
13327 10392996
14426 10403920
5051 10404000
1741 10404276
24006 10406160
160 10408305
29961 10420470
28555 10423985
9115 10424656
14345 10425162
6385 10425565
20069 10429591
10725 10429631
18779 10431579
29041 10433112
18065 10436033
25893 10441056
7767 10442946
6271 10443060
29996 10446393
29430 10448152
25377 10449020
7010 10451709
3750 10455535
12406 10455920
6045 10456457
18573 10458305
15568 10458404
4521 10459419
19617 10470836
29051 10471744
25829 10472237
7487 10473475
25463 12586327
26780 12588011
7797 12588704
18560 12589314
23845 12592125
10954 12595744
17162 12598160
3871 12598616
7881 12605543
14886 12605679
19379 12607379
16976 12608266
4855 12608915
3075 12609435
24522 12609557
13854 12609792
27899 12611589
8879 12612662
8425 12620157
17070 12621774
16962 12624414
3360 12624798
5788 12627832
13907 12630336
19991 12631127
4995 12631291
26748 12634224
22260 12635159
4438 12639987
23228 12641620
8025 12643579
25601 12644147
11378 12644317
11570 12645416
16465 12646847
2670 12647757
8165 12647942
28232 12649917
3962 12651421
19232 12651757
13015 12652264
4235 12652686
220 12655657
14109 12659511
18676 12660153
9481 12661237
29817 12661508
21156 12662688
13001 12665801
2464 12667140
28291 12668335
25849 12668644
20941 12669734
18693 12670930
3447 12672119
16761 12673523
22854 12674517
23539 12674726
14205 12674793
19667 12676683
15930 12681003
15471 12681781
8286 12687276
16928 12689809
21197 12692512
3943 12692882
4233 12695717
2712 12698627
26742 12699434
21597 12700663
5418 12702018
520 12702358
1683 12706152
7201 12708395
187 12709938
24952 12710787
24303 12713935
16570 12716786
27122 12717950
29876 12718248
449 12718894
4589 12720782
7363 12724218
3487 12725159
6936 12726618
24944 12728867
13355 12729721
21833 12729841
16007 12732975
16122 12734614
4992 12734831
11422 12735515
7717 12736332
13412 12736763
6586 12743720
19244 12744568
24022 12746534
10019 12752301
7234 12753674
26295 12756863
2715 12757335
25896 12757544
16904 12757673
6086 12758175
19672 12762059
13922 12763799
28703 12765175
14648 12765861
18328 12768437
25633 12768779
5596 12772630
10159 12774864
7097 12775473
13990 12779529
22347 12779972
19383 12780084
11193 12781647
26450 12781876
26207 12783970
18400 12786938
4279 12787250
4378 12788293
3496 12793846
6423 12794137
20063 12800758
12610 12800956
19212 12803255
18859 12806798
16890 12816599
29695 12818650
23362 12818739
6087 12819605
19262 12820247
11399 12821569
2247 12822620
2818 12825550
11765 12825731
1665 12826476
6534 12827718
24964 12834149
21209 12834551
25127 12834983
27965 12836000
3839 12838298
27434 12838346
11897 12842624
1426 12843326
9042 12844848
17064 12845734
14657 12848041
14407 12848800
12500 12848931
3804 12848974
13452 12850268
7318 12855747
18806 12857985
11840 12859080
18716 12860697
19416 12861572
12698 12863125
3399 12863267
14030 12863925
23301 12866545
13049 12867998
2588 12869206
25836 12871625
13844 12872092
18477 12874506
25757 12880352
27107 12880483
27229 12883512
13181 12883598
883 12884795
27114 12884835
26710 12884857
6850 12886049
4556 12886870
26663 12889437
17404 12890550
21795 12891401
19301 12892846
3223 12893226
22438 12894306
14595 12895271
5715 12895793
5240 12896770
15116 12897758
14055 12898306
24110 12898978
17108 12901505
12491 12902365
7559 12904347
17586 12904440
13291 12905766
17376 12906377
15392 12910204
18549 12912751
2757 12915320
28770 12916822
11613 12917493
9986 12918943
22178 12919294
3787 12919398
24264 12919490
8051 12920509
7451 12921516
20012 12921849
3101 12923471
14804 12927179
15271 12935328
6361 12937238
7663 12938050
21471 12945998
19648 12947178
7583 12954343
26733 12956757
19752 12960572
27340 12963400
16385 12968208
11859 12968892
12751 12968949
10289 12969760
3187 12970304
6898 12970591
6123 12970774
26182 12980244
12454 12982199
203 12982544
9659 12983495
27986 12984827
15745 12986219
12321 12987064
29106 12989599
9630 12989980
9617 12991452
24370 12992281
12903 12994391
28077 12995695
17413 12998475
16332 12999527
23667 12999758
13064 13000281
14563 13003098
27203 13005110
12566 13006476
26708 13006514
12506 13009626
5047 13010347
22747 13011148
8572 13011869
12667 13011949
13149 13021433
13566 13027506
9289 13028239
5013 13028369
4066 13028540
3184 13030622
6300 13030766
14712 13033881
21166 13035208
17166 13036621
26069 13038331
11731 13038665
5079 13042342
13934 13045957
2824 13046760
6908 13046762
1733 13047787
27584 13051320
20956 13052614
1482 13052782
27148 13055851
12568 13062064
11935 13066413
8545 13066672
12791 13075195
14095 13076273
10556 13077719
9599 13082828
22740 13084115
5558 13084476
2895 13084480
23045 13085519
14261 13086003
21660 13086484
6405 13088310
27567 13088858
25794 13089656
3585 13091941
19261 13094091
753 13094277
15093 13099545
19269 13102669
7480 13107202
14675 13107698
2788 13108243
989 13109256
1908 13109891
18087 13111664
25525 13112270
3848 13117458
2079 13119509
2175 13119653
6327 13120852
3820 13125706
17812 13126139
5919 13126288
20450 13126959
25410 13127031
28430 13127301
17314 13127791
28215 13127900
26388 13128440
10254 13131296
24037 13131316
4707 13131948
18175 13132344
17604 13132575
15095 13133233
26539 13133928
22218 13135033
8484 13139691
12254 13140242
22707 13140973
29927 13142650
27204 13143151
26799 13143751
27125 13144309
11339 13145164
12839 13145913
14779 13146686
1115 13151023
29245 13151197
15601 13153200
15636 13153992
6794 13154095
7528 13154132
22954 13154216
25643 13155765
16621 13155804
16256 13156565
16013 13157813
2475 13158360
1281 13158949
734 13159338
2192 13160298
13184 13160616
28993 13162692
10856 13167502
21961 13168252
7390 13168452
8130 13169236
15425 13170657
21922 13174223
16949 13176629
5524 13177432
17497 13177562
27621 13181054
15669 13181858
24601 13184638
9119 13185226
28483 13186587
27769 13186917
8517 13194589
23523 13197294
22221 13197519
27576 13198212
1928 13198284
28461 13200171
28905 13200700
18656 13200936
9884 13204905
16755 13205978
8716 13207875
16598 13207952
25529 13208768
25537 13209871
3589 13210185
27454 13211208
14660 13212355
12577 13220277
17442 13223276
28200 13223874
9300 13224652
14543 13225272
10704 13229020
1530 13230003
9460 13230998
14269 13231684
4029 13235311
26323 13235434
25035 13236047
25003 13238461
11000 13246136
11741 13246256
9940 13246994
26138 13247253
3941 13249503
6544 13250007
22010 13250194
16841 13250683
28546 13255547
14452 13257500
12858 13259501
10837 13260324
4411 13270625
2751 13272715
21264 13277474
12738 13277679
22138 13287843
8531 13290669
20531 13291749
9018 13294840
8388 13306676
24950 13306865
3189 13312011
29907 13312046
10801 13312823
8633 13313449
4761 13313545
8083 13315216
20616 13320735
19179 13322480
2956 13324094
2378 13324625
25897 13324993
6280 13325618
11157 13327937
343 13328545
15719 13331555
13593 13332329
14576 13332836
29602 13333200
20894 13333555
14446 13336232
5818 13336422
15442 13336487
29174 13354197
19694 13355228
28791 13355313
7245 13358070
17043 13359209
93 13371333
8 13373917
18976 13375606
18533 13381093
9466 13385247
29584 13386584
28517 13386645
28715 13387041
20602 13387401
12736 13389076
8699 13389413
17923 13389912
12276 13389916
18825 13390467
19564 13391656
13306 13393334
21225 13394459
22384 13394632
19802 13394870
19514 13399647
25556 13400181
22068 13400633
16236 13401198
11441 13402252
27573 13405631
16550 13407021
1605 13407465
19302 13407683
3742 13407965
9911 13411360
472 13412267
16796 13412436
18130 13415574
13703 13418604
2625 13418742
15979 13419824
21038 13422993
19852 13424392
16854 13427483
1040 13427489
22625 13428888
10766 13429942
21301 13432007
20028 13433109
2814 13436134
25637 13440454
209 13440709
21599 13440741
13526 13441411
15607 13442266
13090 13444165
16440 13452806
2063 13453011
21068 13461056
12892 13463246
18571 13468011
790 13474401
1174 13475491
2654 13476731
15467 13476929
9350 13479628
2666 13480925
16713 13482918
11035 13486343
17147 13486934
15884 13494469
18986 13495961
16546 13500566
3835 13501535
20093 13501893
6418 13513601
15094 13514403
750 13516712
1323 13517302
4481 13518007
25989 13518216
16537 13518963
3552 13520088
2386 13521792
26672 13524402
8379 13524786
8293 13525273
18480 13525777
7125 13525784
10326 13526629
15543 13526636
13597 13529620
7625 13529730
3615 13531430
22223 13532501
28866 13533988
3455 13536400
16070 13539185
2071 13551487
29514 13566753
27603 13568844
5743 13569360
7635 13570597
21417 13572362
13474 13576368
14534 13577364
13326 13581377
15899 13581723
13276 13582361
12762 13583503
5023 13592970
6093 13601911
23545 13602263
19139 13602571
11729 13616032
