6069
23171 81
2706 509
11485 1756
18688 1820
23722 2567
26315 3936
27009 4093
25295 4114
2379 5076
24545 5711
17156 5791
19048 6145
16538 6191
18954 8781
8705 9081
227 11462
13240 12797
18031 12846
5273 12906
25248 12926
14857 13605
20987 14508
22312 14568
15539 15759
3926 16824
17395 17189
11406 19008
24380 19595
20246 28217
21495 29647
23527 29944
5445 29989
20286 31020
24929 35605
21412 35992
8620 36743
16250 37508
6589 39731
9208 42327
28911 42863
890 43554
19853 46564
23481 48492
13615 49514
16002 52887
5976 53458
2213 66572
9357 66643
20213 67366
3838 68984
10455 70853
14302 72353
6150 73919
22828 74048
15398 74800
3435 77881
10928 79442
26824 80636
6539 80643
27821 81423
16657 83083
29766 83198
9624 83317
4833 84328
26191 85829
339 86476
27891 87010
29646 87410
872 87789
2781 87961
10700 88034
18106 88556
2287 88823
8375 88854
16112 90711
26223 91473
9287 91671
28764 95271
17131 95914
17688 96106
9229 96414
18104 102172
28741 103213
11951 103228
3283 105496
29774 107653
18892 107914
7535 108311
20533 110804
21402 111317
6732 112609
794 115819
15263 115943
15206 119721
10807 119909
13863 123098
1881 124151
11236 124332
14717 125314
3240 125379
25649 126730
2508 127229
22471 128075
24982 128488
11793 128621
14541 130015
20274 136289
5957 136676
497 141655
24537 141817
18864 146076
26877 147167
415 150809
5531 151657
16034 151917
8123 153201
11029 153429
11511 154061
21600 154165
18563 154244
29144 155141
24368 158502
4885 158579
27915 161513
16643 163079
27649 164255
14223 164602
16184 165713
6932 166332
25293 166612
3481 168107
73 169625
4803 170529
20762 171020
16697 171794
28288 173113
22823 176223
6109 176420
10387 177525
22453 178120
11228 178122
12948 180915
6573 182888
21788 183746
2266 186406
3264 186896
27465 191910
10337 193172
4287 194906
14998 195088
3111 197782
21792 200908
27127 202195
20222 202467
12016 203700
2871 205286
18001 206251
1562 206463
92 209121
23601 210464
15305 210940
13105 211169
16594 211272
14596 211993
25078 212346
10239 214177
24686 216063
18029 216806
13081 217272
17056 217453
21848 219157
53 220550
2797 221190
29350 221376
13904 223425
4005 223628
10527 223990
881 225979
15746 226660
26205 229341
7945 232481
29816 232525
8625 234134
26220 234475
29966 239042
29587 239698
2261 241730
27392 246250
24476 249973
12552 251371
149 252773
7729 253857
3285 257052
10885 257268
6102 261703
8542 263364
6311 272686
24170 273695
3137 275528
2760 277855
5264 277906
25979 278568
11156 278682
24697 282147
6520 282202
16001 285336
12247 285386
26677 285891
21932 286177
14094 286755
27992 287801
13727 287932
15268 288735
22615 289208
1121 293543
4203 293809
20424 295823
12828 297043
29380 298497
13135 298896
27713 299512
25045 301207
20304 302665
22603 302855
12761 303296
2461 306386
16980 308984
3099 309330
18002 309501
23586 309558
4936 312581
25870 313116
18757 313565
10712 314288
28365 315575
1234 315590
4052 316198
14038 316787
8634 317829
28115 318395
13250 319111
24882 320662
5284 320917
21586 321230
16497 324467
11129 329430
17317 331184
1380 333850
17629 335814
21720 335840
10844 336098
17570 336354
24783 340417
26030 347691
14703 349195
12718 349404
3944 349409
12570 350956
16464 351004
13360 351556
11487 352543
4144 352824
12913 353042
3563 355692
23684 356098
4719 358134
12678 363155
6595 364272
5234 366901
1402 367303
15792 371277
2882 373258
21253 373339
568 375525
12429 376164
25229 376176
3472 376315
4471 376545
12830 376973
15429 377629
674 380035
29370 381692
22070 385732
10936 389081
5216 389629
9204 392763
29683 392897
2051 394270
28405 394399
18215 395072
23898 396436
5659 396526
19271 399262
7912 400046
11968 401236
29509 401277
18143 401883
5180 402383
22607 402868
1771 404005
25956 406184
29665 406797
3559 407037
28659 409410
1698 412115
9562 413940
15566 415013
26102 422413
12601 423109
1663 424915
10533 429070
11848 429316
13832 432588
29898 432700
15066 432707
23875 435281
14053 435311
13346 439646
27958 443937
7633 444891
23415 445922
1755 446172
7578 446221
9179 448775
13475 449386
19921 450397
17731 452821
12549 452941
21519 455090
1363 457186
17825 461740
16601 462422
22470 462468
17580 465689
15795 468335
5296 469318
17307 470168
23998 470343
2693 473996
6903 475084
11915 476446
26691 476802
10349 478514
24318 479078
25333 479782
29521 482598
1444 484154
386 485136
4559 486632
19706 487741
21408 488187
23957 488433
5731 488662
9693 490190
9709 490619
12008 490706
27047 492046
52 492161
9190 492680
6777 496519
4889 496927
26234 498167
19116 500297
6451 506044
22338 508558
6693 508993
8196 509255
711 509764
9240 509804
11292 511105
8503 513473
28541 514474
26980 517328
1351 520284
19715 520692
11289 521041
4106 521557
17635 526956
27794 527189
19803 528826
27839 532196
852 532880
14484 537881
22905 539033
3230 541333
631 543855
24392 544432
19285 547690
4668 548095
10279 553768
29811 554203
16188 555451
24085 557491
21671 558285
29428 560235
28618 561387
18405 561922
25946 562156
1983 562808
24479 564054
8870 565933
19391 566494
14312 569605
18600 575359
11174 577262
19953 577833
21976 578267
11464 582826
11804 583204
2807 583481
11532 584033
24833 585176
511 585599
19521 586617
12683 588937
13558 590506
29486 590638
14539 591642
11588 592152
5270 592860
298 593235
16148 597337
19818 599777
6580 600352
11927 600944
22783 602988
27748 603113
13608 605446
9958 605963
23465 608852
21817 610940
14025 611499
17858 612184
28422 612729
8285 612832
1008 614720
13339 615096
29303 615960
24322 616597
3781 617339
1187 617650
27347 618384
25131 621541
18098 625229
25646 625784
11495 627098
26822 627682
13454 629096
7093 630523
1313 630565
21185 633567
18473 636428
4289 636430
13864 637806
2046 638815
14137 640850
25328 643241
4162 643475
3430 644951
10325 646923
21380 648953
27163 650151
3443 652376
10868 653742
28807 654257
18380 654916
2809 657443
4851 658414
18509 658557
26244 658962
1778 660896
25116 663523
14893 664663
4566 666234
17151 666992
26194 667030
3976 667428
24032 667863
2914 669345
8653 670859
20352 673787
1962 673837
26967 675532
2752 676399
1190 678089
15350 679073
127 680048
17954 682540
27123 683010
8400 684191
19669 684474
22021 684791
24687 685474
11984 686546
20876 686673
5507 687685
2365 692627
19240 694125
975 694459
29022 695351
24995 695528
1397 696290
22213 697142
16135 699538
14876 700164
15761 700402
17817 701488
12942 704110
25138 711983
11696 712993
3227 714193
2633 714433
2887 719423
20079 720286
8353 720644
15275 722447
15033 723487
24215 724563
8058 728001
11176 728224
18513 735722
10835 736314
10982 737023
22323 739379
6509 744848
5293 745242
18300 746594
13509 747832
2868 748458
314 748995
15362 749539
9333 752429
22539 752885
22617 752998
9538 755156
6725 757192
17924 759506
24872 761211
8953 761670
21365 763365
17077 763840
14817 765312
3665 767985
12488 768211
25786 773420
4603 776037
15135 777371
12800 777388
12436 785759
8961 786998
15379 787937
19721 788365
3014 789185
9978 790633
1976 791227
11268 791384
26889 792296
7225 793323
23881 794292
98 794746
7357 797815
16053 798035
12756 799933
21973 800857
1887 802909
18668 808893
10301 809894
11473 810190
11061 810455
8296 818428
11226 819657
5493 824314
28343 824514
4655 827347
10634 831378
23680 831398
12845 831694
922 833421
10987 834375
6023 835571
10984 836190
13107 837829
669 840168
15538 840618
21545 843362
27510 843810
10509 844329
760 847756
3132 849026
5054 851567
910 855881
22151 857699
11832 858200
28832 859898
14336 860083
10978 861625
17726 861963
18242 863813
22983 867086
29440 867118
19382 870426
24561 870962
12009 870973
24070 872609
12833 875933
13483 879895
13046 882708
17649 884653
19426 889576
11643 891808
20241 894155
15581 894169
22440 894759
7249 896348
29612 897104
19043 897416
9404 901146
10435 901530
28619 902484
5774 905186
19776 905861
4356 906258
9507 908432
22750 910486
28315 911588
14184 919358
4944 919422
2655 921086
15782 921164
28266 921496
17559 922906
29321 925043
27532 926943
28784 927141
10683 927747
29724 927904
19267 929312
22141 929918
7765 931940
24717 932804
20727 933648
29716 935966
26714 939079
22558 940933
12690 943405
18662 944423
22144 945041
16724 946947
10483 947289
7100 947378
8328 947950
18008 948220
4726 949186
17782 950900
11275 953718
22339 954138
28782 958937
14442 960060
4586 963236
2931 963510
28175 964876
12179 964888
9678 968265
28486 968910
26254 969989
20918 970041
12420 970249
10640 971749
2409 972170
120 974984
15450 975461
12105 978033
14178 978368
27006 978815
6206 980072
11110 980642
8033 981475
23302 981510
10262 982427
17783 983503
20239 985901
17692 987501
22533 987711
4980 991685
28906 996491
14071 996831
12602 1000417
27681 1001798
9431 1003956
2755 1007625
1118 1008859
27655 1009553
11585 1009623
4638 1012380
6076 1012670
2103 1013090
7340 1013257
15637 1014231
7053 1014434
27301 1014588
18251 1015153
29839 1015757
6696 1017944
6236 1018403
22142 1024823
11885 1025660
11783 1027336
259 1027505
10597 1030993
22562 1034607
269 1037898
4335 1039044
1717 1039224
13929 1040075
11751 1043033
23653 1043904
20248 1046361
21463 1048587
3628 1048748
9092 1048810
28295 1049922
12952 1052227
21333 1053791
5599 1054102
12809 1054387
19290 1056147
17118 1057699
10228 1057858
25264 1058927
11073 1062256
14179 1062964
19992 1066320
13637 1067469
5113 1068889
20888 1072632
27118 1076651
13862 1079455
27069 1082876
22504 1084498
12906 1086345
16808 1089445
10118 1092364
14510 1092905
12633 1097926
9589 1098917
1750 1101119
14428 1103840
12673 1106182
28601 1106554
22088 1111496
27331 1112676
15649 1112759
13611 1114245
18161 1116661
22294 1119255
29237 1119709
11658 1122470
16326 1123227
28628 1125792
16576 1126724
25284 1126902
28162 1127705
10547 1127955
29741 1131173
1772 1132623
21074 1134155
4659 1136656
8016 1137290
11842 1137477
851 1139467
22397 1141598
29561 1141815
14909 1142208
22351 1142789
24694 1143950
22910 1144129
8593 1150002
22699 1150351
5900 1152810
8600 1154601
20097 1158635
24787 1158756
16218 1158760
10685 1162279
8585 1164526
11599 1165192
24778 1167432
24848 1169426
16480 1170439
5521 1170576
1568 1170794
19450 1171194
9246 1172699
11390 1178037
24828 1179484
13224 1179742
21189 1182023
20150 1182040
3789 1183252
4714 1183770
3008 1184638
6202 1186492
18807 1188164
29348 1189280
16378 1190746
5430 1191446
2796 1193231
5880 1193251
5732 1194058
21712 1196228
15070 1198088
692 1199133
7805 1199879
29848 1204488
2551 1204613
23560 1204972
24732 1206307
1019 1207435
17577 1211013
17183 1213172
22733 1213245
17373 1214811
3885 1219734
8420 1221815
2661 1222659
14835 1222971
25560 1226279
3225 1226604
15841 1226727
17095 1229273
9886 1229274
4759 1229615
2483 1230695
7624 1231077
4533 1232158
10404 1232659
4646 1234278
9288 1235544
1232 1240047
2529 1241838
9802 1243589
9111 1243940
18398 1244520
13061 1244585
23180 1245137
3648 1247462
29634 1248010
10778 1250911
16344 1251745
12599 1252177
25329 1252860
9364 1260378
8370 1264044
19527 1264105
11889 1264994
21656 1266347
16482 1266391
18694 1268307
13619 1276131
13031 1277090
2132 1277831
2251 1280086
7035 1280462
25578 1280755
15316 1280872
23140 1281617
19772 1281917
14376 1282536
20919 1283833
9488 1286041
28107 1286867
5554 1287453
16558 1287725
22826 1288680
28818 1291018
19804 1291927
18816 1292382
11584 1292901
26288 1293327
16355 1295795
28203 1295983
1130 1296741
1801 1297077
1995 1298256
22561 1299923
18288 1300854
8313 1304955
9395 1305622
22288 1306279
18236 1307184
3442 1307266
5868 1307966
20589 1309092
28718 1309251
6742 1316009
6754 1318363
13849 1320755
16094 1320944
26400 1321004
6020 1321339
8799 1322021
5444 1322899
10843 1323889
6939 1324971
13769 1325026
28727 1326429
5249 1329318
5911 1329402
4114 1331649
20217 1331815
4704 1332134
6990 1338348
8885 1339927
14332 1340823
20568 1340931
8217 1342836
3939 1348593
24667 1351373
12714 1354113
16226 1359146
16386 1361450
24076 1361889
23153 1362381
18418 1365075
26651 1366851
20391 1368396
10882 1372860
4513 1377924
14573 1380332
26999 1381238
2284 1381755
16477 1382235
22696 1382292
28104 1383830
14679 1386694
2900 1386813
25353 1386878
28453 1387361
19027 1388102
3262 1388789
27137 1388855
8266 1389482
4720 1390225
12446 1390867
7906 1394451
23003 1396453
20320 1396476
3815 1397121
10795 1398270
6322 1400066
25854 1400395
7790 1404732
15050 1405004
17613 1407224
28524 1410874
18906 1413544
17473 1414873
22479 1415319
18627 1416978
8134 1418237
25298 1420184
22977 1421616
9526 1425964
23206 1427310
19165 1427402
16559 1427621
2107 1432710
19030 1433102
7138 1433469
27785 1433972
12423 1434601
20498 1435952
7039 1436185
20200 1438148
14158 1443241
20234 1444525
21371 1447021
28474 1447226
17059 1447531
6453 1449702
4254 1450090
12011 1450329
25511 1453358
8244 1454654
18329 1455493
2523 1456820
18933 1457622
3681 1460286
12474 1461104
12069 1462080
27221 1463434
6905 1467758
11154 1469634
5267 1469669
25039 1470065
8321 1470520
9060 1470995
17393 1471709
4332 1475483
26670 1478714
27267 1480994
25587 1481037
14944 1483661
21414 1485176
27490 1485376
27809 1487473
3100 1487776
13523 1490164
21011 1491955
7597 1492213
4814 1492461
2987 1493765
9017 1495499
9668 1495681
20081 1496213
12168 1496320
22224 1499867
27548 1500945
14319 1503471
28479 1503660
29850 1505632
28443 1506345
3902 1506433
9892 1508744
1938 1509265
8616 1509371
7356 1511354
9130 1511490
14475 1512511
4667 1512674
27015 1512913
25644 1513309
27224 1514346
943 1514782
14419 1520295
26582 1522608
18966 1522945
567 1525742
13866 1527746
20344 1529813
3526 1531736
10579 1533637
10564 1534705
7734 1534988
26765 1540038
22035 1540075
21955 1540102
28195 1545210
5122 1546866
27657 1549441
19755 1550184
1493 1552616
7143 1552833
14670 1556638
27716 1559767
27646 1560112
26320 1563069
28456 1563592
12634 1565418
2286 1569892
12405 1570002
1059 1572081
14012 1572453
28238 1575591
13246 1581057
12445 1582319
15920 1586827
25230 1590813
41 1592107
23501 1593645
22082 1594135
23122 1595107
11219 1596844
29739 1598055
19346 1600049
20365 1600077
18411 1603791
16296 1603937
20369 1604408
25416 1604487
18108 1605658
14488 1606451
1467 1607374
6378 1610189
26090 1610387
3520 1611904
28777 1612665
21157 1613352
21582 1614751
1688 1616098
27357 1616524
22321 1617513
9829 1617727
21302 1618441
13983 1619887
1194 1620239
23874 1620507
11421 1621284
4898 1622094
16752 1623138
27079 1623967
7254 1624015
26379 1624025
9832 1632071
12379 1632314
22710 1632563
19072 1633531
4085 1635360
20517 1635888
9836 1637072
16011 1638281
815 1639646
15081 1640941
2139 1642591
25748 1644813
27798 1645512
17355 1647829
11831 1649166
9908 1649845
28787 1650300
13648 1650939
17312 1652118
29257 1652838
29958 1656496
28932 1658360
186 1658466
5861 1660718
26490 1661141
27032 1662397
13113 1662969
23005 1665487
167 1667159
973 1668894
6228 1669850
15477 1670529
3210 1671285
14303 1678599
9336 1678662
28633 1678758
24930 1679026
16767 1680068
4418 1681692
12455 1683807
6492 1683967
24595 1685486
9597 1686480
16446 1688609
23491 1692253
5884 1693593
5525 1695305
8723 1700993
1002 1706275
12838 1706737
11128 1708884
26584 1709097
28854 1712224
25091 1714321
7836 1715599
26041 1717574
21518 1717646
7203 1719279
10860 1719991
3890 1725103
10272 1728231
8779 1729192
9673 1730189
23750 1731576
16633 1735646
20264 1735711
14661 1736204
20574 1736609
10573 1737893
2019 1738925
9002 1741779
20759 1742701
6171 1743004
13809 1745013
21787 1746315
4245 1746849
3080 1749621
1990 1753934
17320 1754783
17175 1755350
3426 1759512
18415 1761749
4591 1761833
14808 1764576
8677 1766328
22519 1768456
1231 1768655
19581 1770763
8276 1772744
20596 1774910
17506 1778330
23096 1779291
25764 1780874
13399 1781482
27109 1782173
3506 1782914
10335 1784900
4676 1785179
21349 1785513
25620 1788617
17869 1789037
1148 1789746
5912 1790688
13721 1790761
14774 1794284
24259 1796324
6797 1799437
2758 1800061
13131 1801386
28304 1802237
22896 1803341
29726 1803453
26258 1808692
21358 1810789
19404 1810834
24780 1810948
8628 1811235
15498 1812140
735 1812309
11805 1814006
27774 1815404
1597 1816054
21083 1817622
2312 1819990
4389 1821249
8561 1822379
8665 1824085
4745 1827223
24091 1828793
14683 1830450
5536 1832057
19123 1835568
4460 1836557
1051 1837141
20121 1838001
608 1838024
26227 1839482
22932 1842275
16463 1846894
856 1848868
7988 1852494
20322 1852875
11827 1853487
20301 1855014
21158 1858243
3579 1858642
20252 1861659
29585 1861975
3912 1864414
29217 1865631
15839 1866366
3174 1866509
14436 1868735
17531 1870690
26240 1871114
2949 1872912
14328 1873615
17120 1873793
28558 1873849
17934 1877577
26314 1881887
21170 1882779
15039 1883118
3795 1883677
24740 1885087
18552 1885681
3106 1886304
24623 1886978
26183 1887403
16781 1887447
5887 1888043
23365 1889861
25614 1889988
5702 1890753
10225 1890756
8164 1893673
6630 1894002
17370 1896426
17525 1898614
24940 1898877
22326 1903068
242 1905864
21960 1906647
3263 1909572
9996 1909768
20871 1911103
8005 1912755
1252 1914707
29684 1914833
23095 1916182
15758 1916218
7433 1918051
5425 1919154
924 1921132
22959 1928638
21735 1929496
4780 1931461
12818 1933520
12457 1935374
22810 1935583
14020 1937274
12212 1939377
4035 1939485
1626 1940371
13839 1943314
24360 1946423
9519 1948113
20041 1950702
2530 1952895
8167 1954917
7476 1956098
15619 1956287
21923 1956579
9073 1957194
29881 1959765
24144 1959811
25206 1961185
21542 1961315
16421 1961831
25953 1963822
16746 1963825
7608 1965903
29446 1970238
29815 1970986
19682 1971729
7230 1975003
20634 1977168
7778 1978022
19055 1980446
27312 1981737
18406 1982592
18754 1983665
842 1984039
7991 1988704
22154 1991111
29636 1992719
14843 1993836
13824 1995350
13700 1995994
5603 1996322
17295 1996604
11491 1998159
7463 1998355
2121 1998958
2933 2000114
9306 2000159
12067 2001164
5171 2002322
21022 2003418
26787 2005752
27447 2006688
11481 2008646
11873 2009510
4071 2011170
22613 2014045
13565 2014551
29457 2014961
14558 2015022
12155 2015405
6749 2018332
5060 2020315
20724 2021783
1524 2022041
20130 2024589
11822 2025429
5354 2031298
15482 2031548
14145 2031687
6477 2034343
21255 2036618
10314 2038808
4881 2041957
2970 2043480
12987 2044090
24689 2044149
2276 2050110
21962 2051102
22627 2052782
23220 2054704
27215 2055336
27530 2055906
19813 2056723
754 2057619
18128 2057812
29442 2059618
18792 2063856
28245 2064002
3284 2064667
15373 2065085
2793 2065598
23472 2067506
3395 2068318
18079 2070381
11411 2071911
26509 2075008
15200 2075072
19142 2076155
21574 2077930
15957 2078204
23064 2082473
2259 2083051
18210 2083459
7364 2083704
28034 2085068
1424 2090012
29389 2090756
28657 2092014
522 2095389
15546 2096053
19674 2101169
14309 2101292
11552 2101369
26600 2101912
16407 2104873
4211 2106546
19221 2107605
1930 2109087
19646 2109721
23511 2110470
29705 2111690
6096 2113090
4249 2114159
13916 2114434
3732 2116246
17985 2117029
20134 2117415
9803 2121087
5829 2121675
24204 2122703
19393 2125968
6478 2126585
25004 2127119
9654 2127640
14236 2128416
14613 2128596
24680 2130132
17526 2130735
29223 2131484
1999 2131971
17575 2133261
27625 2133991
22682 2136957
9534 2138868
22694 2139639
26409 2140365
1064 2140728
19784 2140990
3675 2142263
3602 2143158
6363 2144007
9956 2144248
26634 2144398
16045 2145440
10324 2145740
21581 2147459
20349 2147635
11630 2149797
11266 2152679
7609 2153006
7648 2153110
14503 2153274
28435 2153860
27834 2156802
9031 2157143
24633 2158675
4994 2158993
29604 2162014
25237 2162492
24082 2163667
13655 2164159
5848 2165183
26782 2167239
4204 2167431
24768 2167910
14920 2168734
20542 2170906
9508 2171510
24096 2172622
27582 2173081
13453 2173953
24534 2174024
22566 2174606
22833 2174791
7376 2175802
2368 2178092
26888 2183942
24221 2185956
28561 2186674
19990 2191091
25308 2191700
9319 2191773
7807 2194951
25805 2195016
22382 2200212
28610 2200683
18608 2200994
27549 2202406
29708 2203398
5339 2210874
1857 2215049
29246 2226435
3908 2227034
14307 2227989
20414 2229169
4687 2230765
16202 2231788
18417 2234489
19782 2235778
27816 2235917
19845 2238504
25370 2244300
16080 2246832
24415 2248582
3143 2251494
27859 2252529
20351 2252901
26405 2255543
16168 2255706
25491 2255870
27247 2257718
28350 2262131
22362 2263096
12107 2265557
24639 2268847
19181 2269743
19681 2271130
5920 2271775
13320 2274885
23630 2276972
22644 2277721
18305 2278197
14438 2280003
25307 2282789
22864 2284760
5012 2286718
24749 2289113
25674 2290266
6929 2290352
15550 2291214
24874 2292866
27865 2293142
18844 2294327
15815 2297375
16220 2297549
3528 2297802
29188 2298455
7454 2299321
7495 2300244
23314 2301944
23054 2306259
15978 2306832
28402 2309996
2515 2313148
5751 2314248
27066 2316482
22017 2318238
7531 2319308
12538 2321655
3233 2322009
22092 2325922
26334 2327557
10184 2327977
11353 2328596
6500 2329696
27412 2330070
24941 2330128
14379 2335425
21723 2335646
11938 2335734
76 2337284
2850 2338349
14085 2338803
18370 2339995
17216 2340337
6075 2340644
8193 2343801
29728 2349775
15069 2351159
6872 2353125
12596 2353142
19103 2356690
3043 2357047
12759 2357164
28562 2357541
876 2360383
4812 2360739
67 2362148
5934 2363151
5056 2363541
5906 2365007
28178 2365301
16632 2366733
25772 2366905
4938 2371892
28785 2376156
8292 2376946
21683 2381467
23510 2382133
9970 2383001
26508 2383150
4059 2384404
28758 2385028
16102 2385268
19787 2388406
24990 2390318
16680 2390785
11036 2391912
24011 2393482
13790 2393779
17691 2394991
12613 2395075
19447 2397217
26458 2398492
28060 2401194
17284 2402612
15246 2403148
945 2403924
26942 2404985
17457 2405045
17000 2407548
8381 2412896
22622 2414246
12511 2417327
6710 2422026
7584 2422568
15218 2423298
15076 2423805
29986 2424713
18081 2424911
20402 2425000
2561 2426376
12172 2426718
28335 2427074
15641 2427287
4464 2428414
7179 2429238
26201 2431019
29618 2432512
14767 2432763
21394 2434617
25235 2435160
29697 2435242
2220 2436924
18494 2437223
2632 2438282
28395 2438803
17347 2440916
22344 2442699
8938 2444273
8604 2445270
7209 2445368
12353 2445975
16444 2446664
124 2450689
594 2450741
8534 2451354
4957 2451925
552 2453424
8818 2454478
25232 2456198
12184 2457468
19841 2457564
18428 2460003
138 2460845
9724 2461935
28399 2462637
6530 2463360
807 2466743
1844 2469892
26007 2472858
4408 2473540
26283 2473922
14520 2474454
25041 2475431
20878 2475445
29973 2476137
25898 2478755
23860 2479484
16788 2481130
11869 2481413
29990 2481619
23026 2483555
10587 2485479
7846 2486523
26678 2486925
968 2488426
26222 2492121
6680 2492198
7799 2493158
19676 2493859
3583 2494845
12149 2499395
26371 2500341
27935 2501393
15589 2502464
23363 2505260
18342 2509811
26597 2515883
29565 2516155
20429 2517352
12278 2517746
2246 2519923
18437 2522365
16981 2523034
22350 2523134
15778 2525468
10747 2526439
23983 2527026
26551 2529766
3995 2530278
12645 2533004
14548 2537895
19914 2540142
4238 2543376
14367 2543468
1784 2543531
13215 2543643
13761 2544606
29889 2544801
19602 2547066
20704 2547997
6518 2548921
10066 2550471
17349 2550516
28255 2553111
28072 2554042
9019 2554164
25555 2554198
27826 2554244
22643 2555123
18795 2556168
15679 2557696
21949 2557805
23901 2562212
22582 2569241
13974 2570912
16826 2572041
24145 2572490
18335 2572525
6439 2573734
29268 2576393
12060 2576725
7316 2581025
6470 2583474
8212 2584252
18353 2587211
24818 2588166
1520 2589726
8311 2590527
7713 2590868
27722 2591040
8125 2591295
26794 2592006
16551 2593653
3713 2594812
15983 2596429
9862 2598893
15417 2600038
23218 2600066
4123 2603641
9743 2603812
16906 2604539
8573 2604604
1631 2606944
13592 2607175
16610 2608905
5866 2610162
9406 2610312
29365 2612084
1973 2612258
14258 2613174
12556 2615005
21323 2615592
14665 2616376
13108 2618076
13728 2620457
16173 2623586
672 2624171
24339 2624682
7273 2625035
6793 2627024
9264 2628163
27962 2630032
24870 2630181
16004 2630955
12786 2632104
19740 2632784
6420 2633767
19200 2634649
11989 2638743
17762 2639670
13057 2640124
14180 2642310
23806 2644077
10894 2647955
14752 2648427
16316 2650349
19726 2650451
5053 2651011
12402 2651456
8618 2652831
5756 2653351
3546 2654070
22577 2657253
25029 2659112
29597 2661810
21632 2662548
1437 2662944
18144 2664694
29407 2666031
6483 2668183
12750 2668556
17198 2669512
10081 2670659
2032 2672080
13858 2674286
25822 2674887
12996 2678820
14968 2680926
13389 2681559
3095 2682545
15085 2683236
15536 2683410
28961 2684573
3141 2684956
26236 2692741
24976 2695313
22974 2700068
3379 2701227
20600 2702125
14144 2702313
17176 2702472
14922 2706566
7794 2707539
7484 2715108
14966 2715148
3322 2718028
13957 2719445
634 2720991
26523 2723040
26846 2724171
6099 2724672
18898 2724951
4866 2726257
19272 2728617
392 2732453
28234 2732902
17555 2733615
22467 2737255
18040 2739921
2245 2740773
28996 2744047
11373 2744439
1197 2744492
13323 2747263
174 2748833
20228 2750581
28641 2752779
14736 2753824
25200 2757191
1327 2759750
8228 2761299
25673 2763721
28542 2768199
18657 2768263
28792 2771107
12360 2772102
22705 2772839
13627 2776906
14080 2778544
10416 2778587
10656 2780987
11562 2781886
3551 2782036
8748 2783504
1710 2784563
3810 2787937
14917 2787965
25186 2790409
3592 2793214
8649 2796679
18005 2798154
28494 2798857
27551 2799240
18931 2800355
4555 2802519
25888 2804307
20976 2807613
28008 2808634
22279 2809173
1842 2809453
10726 2810753
9128 2811273
17127 2812244
15854 2813566
25843 2814728
13151 2815136
3148 2816609
19026 2817396
26995 2822876
2864 2823385
1117 2824751
20446 2824914
13037 2826913
18804 2826932
29000 2831504
3429 2832869
4742 2834860
16658 2837789
4440 2838550
7757 2838817
27309 2840079
8251 2840293
16989 2842772
24260 2845826
5797 2848169
706 2849264
19414 2850088
3297 2853746
14161 2858737
8884 2861919
25846 2864470
20566 2865952
24327 2866556
29282 2867381
3121 2872027
11692 2874111
19533 2874170
28592 2874297
18203 2877591
23145 2881447
1889 2883232
2521 2885152
7804 2886498
22513 2887150
25641 2897110
28067 2898070
21538 2900358
15879 2900497
23378 2900534
10163 2900540
26618 2902804
29809 2905881
29395 2906093
2041 2906407
2413 2906505
9376 2908986
24525 2912984
19266 2913001
9299 2915365
24553 2917841
6944 2918432
9904 2921451
10764 2921940
6848 2924194
25598 2924849
677 2925370
28119 2925932
4036 2926131
1638 2931049
1185 2933129
11095 2934400
24921 2935527
5713 2936218
21520 2938415
2198 2938600
23404 2939187
8122 2939861
18465 2940054
3998 2941585
11864 2946582
21612 2947612
11301 2948383
6135 2948482
5156 2949341
6828 2950082
9463 2953262
961 2953617
26875 2956745
15933 2958977
19657 2960029
28977 2962029
8892 2966231
17851 2967497
17716 2967839
28896 2968468
23788 2969172
19145 2969218
25121 2971756
14974 2973036
18870 2973414
10937 2975960
3854 2976598
9256 2978996
15337 2980112
26763 2980213
23387 2981695
24030 2982676
118 2983195
921 2986631
13851 2987286
14079 2987347
6517 2987785
4282 2988934
19315 2990263
14174 2990903
5874 2992741
19524 2996622
23201 2997215
13045 2999038
8170 2999605
13697 3000008
11444 3000831
29541 3001077
3814 3004618
23786 3005403
19596 3006313
8450 3007886
19249 3010368
11285 3013488
8107 3013811
25066 3017001
25617 3017634
29080 3018073
20730 3018375
5586 3018819
5985 3018971
18955 3020156
16259 3021670
12079 3024403
10397 3024444
7916 3025273
21220 3025954
7184 3026283
19844 3027037
20809 3027077
10865 3031402
18640 3031612
17667 3032956
13941 3035361
25279 3036002
5494 3036648
25845 3037459
19963 3040497
13212 3040631
7981 3042497
7496 3042694
24055 3043460
18356 3044333
25737 3047049
18896 3053851
17755 3060602
3041 3063040
19812 3063891
5799 3064477
27890 3064971
29596 3065483
2268 3065778
3598 3066371
10366 3068895
4490 3070703
10686 3074945
29207 3075673
16533 3076135
21288 3077402
22779 3079626
9781 3079685
22330 3081209
11554 3085616
12198 3085746
12253 3085891
17759 3087485
26601 3091004
19298 3095882
25006 3095896
12639 3097629
5673 3097774
14045 3099430
6916 3100637
28902 3100871
11328 3103652
21708 3105318
26009 3105887
6032 3108421
2305 3108649
2762 3110102
28339 3112198
5929 3115034
19956 3116591
27562 3121799
7937 3123096
14000 3124934
6881 3125478
11455 3126479
8929 3126812
10129 3128412
15940 3128553
3733 3129097
1110 3129931
28895 3130419
22951 3132483
4928 3132743
3441 3133425
24713 3135062
28484 3135094
16360 3136312
4040 3137983
9980 3138751
28240 3141729
12849 3144203
22989 3147334
6859 3151568
9044 3151743
2983 3152295
1984 3152331
13643 3154735
26556 3156822
5980 3158188
84 3159572
15830 3162002
3545 3162038
28416 3162315
25477 3168086
11037 3169401
19634 3169970
17591 3170246
26195 3173081
25314 3175044
22336 3175346
13196 3175774
22766 3177099
21180 3177327
14327 3177721
20782 3179360
9545 3182385
9170 3185364
9620 3186223
28437 3190508
19226 3192209
20215 3192573
22498 3193033
3964 3193642
26989 3194730
14517 3195236
22773 3195446
13310 3197263
29616 3198469
28674 3199579
27715 3199912
9714 3200021
16124 3200249
11164 3208944
24861 3211544
6022 3212943
16308 3216104
8525 3217579
8157 3217740
17668 3218632
1136 3219246
23139 3219343
13301 3225637
4146 3225925
6004 3226013
1049 3228814
4700 3231933
4261 3233086
28721 3235345
17155 3237299
12486 3241160
7880 3242641
27501 3244331
23285 3244367
14390 3246669
24373 3247373
4510 3248636
23146 3252587
19722 3256389
22595 3259135
3237 3260305
12280 3261806
22124 3264754
13177 3267805
5730 3269010
22462 3270046
13191 3270606
24416 3271518
1931 3271829
26123 3271871
6157 3272557
24126 3273787
28622 3274425
19766 3275206
23200 3275287
3483 3277339
11551 3281866
15736 3283815
20046 3284455
4710 3285763
25914 3286149
18248 3286184
11733 3286451
20426 3287780
17281 3288232
4456 3288325
19542 3292035
10910 3292777
29949 3293530
19427 3293655
15294 3294478
2880 3297899
1621 3302414
12468 3303193
94 3314086
29700 3317500
23767 3322969
14096 3323130
1212 3323215
27237 3323865
9846 3324127
21919 3324350
26676 3324855
25589 3327886
26170 3331140
14450 3331397
6444 3332627
9506 3333588
21295 3333870
21088 3334018
10277 3338380
24285 3338899
29528 3339201
14970 3340504
15540 3340817
3363 3343863
19464 3346008
22402 3348608
16758 3349093
17311 3350889
28755 3351606
11852 3353106
3580 3354467
11331 3355472
19357 3355483
19293 3355917
28454 3357658
6720 3358311
5327 3359041
6836 3366803
12514 3368077
28547 3369227
20073 3369399
9600 3371966
15851 3384137
24513 3384148
14932 3387006
12464 3387693
1513 3387714
8076 3392076
29167 3395944
26081 3398335
20284 3404539
16299 3406124
25753 3406632
24825 3406701
11027 3407250
3324 3407324
20342 3409517
8528 3411717
9498 3412351
26922 3412942
14789 3414473
19360 3416799
20227 3418219
3070 3418451
29373 3418579
308 3419088
27144 3422221
15847 3423206
2746 3424410
10331 3426421
9217 3428613
25732 3429116
12145 3430289
16943 3430875
11601 3432955
151 3436984
27589 3437484
9301 3439333
882 3441000
12302 3444788
24622 3446165
5950 3446808
848 3448045
17476 3450452
11180 3452860
13568 3454851
13978 3455464
27612 3455494
13574 3456943
29474 3459696
11001 3460924
18460 3465387
28717 3465928
12940 3467476
15661 3471431
19660 3474258
4264 3474413
7722 3476157
8529 3478203
27615 3478313
23568 3478837
8305 3483900
6947 3486680
4511 3490611
11748 3494633
28835 3495009
5253 3497299
8727 3499307
22623 3502062
11197 3502911
16470 3503120
20486 3503472
8800 3510178
28636 3510201
11111 3511152
29880 3515018
23583 3515614
7763 3515762
28958 3516444
4962 3516696
28729 3517898
19560 3519417
18665 3522749
24106 3522772
26867 3524070
22908 3525175
15885 3527594
9849 3527992
16313 3528176
5896 3531210
28799 3531624
14610 3532178
12689 3534615
13920 3535016
22680 3535924
5489 3536069
486 3538769
23032 3541938
4404 3542968
28995 3543410
15743 3545064
18545 3545730
21079 3547831
15732 3550324
27885 3550476
3776 3551027
6647 3555315
28855 3555727
5571 3556045
16978 3556450
24179 3558773
6896 3559216
29318 3561074
2327 3571526
7120 3574321
29092 3576450
16408 3576784
18747 3580498
25860 3584522
27731 3587255
20469 3587351
7850 3587491
6778 3588632
7265 3588685
29337 3588840
26394 3589465
4323 3592856
10831 3592953
21806 3594534
18766 3599756
2298 3600124
12772 3600869
9133 3601062
26635 3601281
13071 3607863
16488 3610727
15956 3625044
18967 3627654
15159 3629566
7758 3631970
26408 3633002
16997 3633134
12415 3639580
18972 3639709
19703 3640015
15190 3641237
3783 3643137
13529 3643537
14514 3644622
27513 3646621
13357 3647432
26897 3649368
7599 3649982
15965 3650184
24698 3652329
11482 3652678
21659 3653850
29312 3655475
21530 3657432
14840 3657617
23394 3658422
22942 3658770
28091 3658879
18333 3659433
12363 3659784
3717 3661264
2630 3662824
6891 3668733
22706 3670415
21507 3673882
23634 3674648
23219 3675779
21924 3676816
15348 3677689
18474 3678033
8243 3678901
9285 3680746
1124 3684115
14046 3685509
21790 3685532
28735 3686347
22506 3688473
29438 3690971
26923 3692212
738 3692429
11248 3692898
28929 3693272
17720 3693976
16797 3694357
25789 3705532
14462 3710138
5124 3710358
28569 3710940
13712 3711389
11512 3711921
14277 3712479
20432 3712832
9241 3717745
5435 3721939
24915 3722035
4305 3726226
2595 3727941
6666 3728110
5946 3729272
20193 3729987
5620 3730116
4788 3730634
9817 3732988
6119 3733239
2553 3734004
27939 3735997
16100 3736979
27782 3737246
5761 3739633
22548 3745442
3035 3745829
4034 3746626
13010 3748527
4310 3749093
2940 3749483
18280 3751035
6491 3751152
9331 3755016
27934 3758117
17732 3758697
23965 3762276
8822 3764286
20912 3765660
9224 3765794
28726 3766703
7662 3767062
16069 3768783
16156 3772599
7350 3774006
4349 3776320
1021 3777722
4777 3777896
9501 3779319
16222 3780443
27318 3780585
4858 3783347
19762 3783401
11229 3784412
3207 3787019
24812 3787505
22604 3791268
13100 3791432
20483 3792550
23738 3793349
9069 3794706
29922 3794872
14023 3795147
5380 3795474
20943 3797144
16961 3797268
3425 3798383
17171 3798757
2221 3800097
20208 3801105
24033 3806557
20269 3807379
7450 3807489
11323 3808217
8972 3811923
29347 3811990
6957 3812861
12897 3814432
1719 3814600
5500 3817530
12182 3818225
8511 3819684
5904 3821229
25680 3822729
27580 3823419
9183 3825070
28491 3826152
28499 3830319
12557 3831762
13601 3831863
29586 3838381
8540 3839442
8233 3839862
25769 3840452
28820 3848914
24002 3849505
28526 3850466
25133 3853508
14768 3855681
11387 3855908
22247 3858420
19605 3858434
1183 3858435
14545 3859596
6716 3860345
5477 3862929
28851 3866113
25213 3867523
6174 3868646
4206 3868710
15962 3871394
4465 3872600
22670 3875481
28768 3876430
23703 3877771
7303 3878110
28982 3878381
29601 3878710
13816 3879593
3155 3880227
11615 3881554
16674 3882214
17776 3883772
1958 3883935
10748 3886575
15435 3890313
2346 3893715
4651 3894349
1311 3895040
6034 3896248
20887 3898022
17895 3900785
7485 3901590
28100 3902146
28849 3902221
8245 3905920
23012 3907025
2698 3910151
16095 3910277
25847 3913986
9309 3915290
18537 3916063
24048 3916497
15230 3919017
28459 3920078
21113 3920641
15954 3923082
15605 3923248
8180 3923411
1760 3923822
23178 3924934
8795 3925869
7849 3929168
7353 3929709
465 3930075
7610 3930151
5767 3931206
13351 3931425
23687 3931989
25252 3932270
6582 3933606
14196 3933959
68 3934208
17673 3934570
18457 3934968
9635 3935880
5219 3938509
13510 3939424
9530 3939543
6026 3943533
279 3943567
10339 3943706
4950 3945040
17047 3949331
5186 3949389
20977 3949609
24383 3954383
1838 3955003
21460 3955490
7095 3959462
27561 3961325
13156 3962782
23814 3963814
3274 3964853
14141 3968273
26134 3968860
4070 3971416
3693 3972311
28920 3976719
23073 3976837
13433 3979689
9275 3984478
15534 3985751
6091 3989917
8922 3992090
24014 3992133
7330 3992380
8750 3994906
25148 3997997
8905 4000211
3710 4000232
28869 4001347
26834 4001652
25890 4002744
7858 4003622
12662 4004955
23689 4005228
8440 4005440
15986 4006563
3988 4006842
3023 4010461
15123 4011676
22039 4012241
22481 4013244
8735 4014080
12266 4014123
18156 4014944
18678 4016689
2310 4019098
28793 4020700
25862 4021382
14761 4022188
17624 4024047
10951 4024123
19718 4024533
20609 4026313
23614 4027615
27086 4028386
20549 4029617
21105 4030575
28859 4030701
27930 4032621
29522 4037901
5834 4040111
13528 4040343
19687 4041629
14684 4042288
21824 4043314
16252 4044340
7623 4045436
18643 4045472
1018 4046061
27764 4047890
5511 4048744
21979 4049916
23412 4051258
17493 4053181
2356 4054328
24615 4055093
23686 4057686
19421 4058248
3521 4058269
27866 4058491
3464 4059322
10285 4059394
27620 4061392
20515 4061446
21611 4062223
15374 4064008
18758 4065472
7568 4066194
29310 4066878
12560 4067455
17806 4068481
7943 4068628
26854 4069482
2499 4072260
25943 4074746
23030 4078102
14011 4078768
29200 4079760
2542 4081566
24579 4087906
20140 4091888
23749 4092107
7931 4093439
12984 4093656
2659 4097883
10453 4099122
21506 4101201
5094 4101342
14218 4101646
2165 4104782
26902 4105610
23150 4107791
20403 4110604
7135 4113674
20980 4115331
11705 4120744
7856 4122691
18375 4124127
13481 4129396
10003 4129470
6291 4129739
21481 4130968
8897 4131687
3502 4132896
29156 4135035
17560 4138555
4531 4138919
27703 4139544
21120 4139907
26039 4140282
16321 4142132
6255 4143629
7141 4143634
23449 4145379
29251 4146767
24038 4148723
23236 4149025
16874 4150546
20087 4154120
10452 4158122
14771 4159764
8544 4161622
26939 4163658
23642 4164730
6425 4165843
21356 4166443
27382 4167751
14686 4168533
10221 4170775
27850 4170892
12461 4170938
20605 4173194
893 4173204
20957 4174448
24423 4174552
15497 4175613
23942 4176117
26185 4180354
13456 4180431
22793 4180529
8862 4183336
12934 4184173
27356 4184270
22104 4186407
9181 4189625
24323 4190154
20133 4191837
26398 4194164
27932 4194858
21686 4198906
20577 4201507
4963 4204452
3860 4206178
8994 4206561
25925 4206680
13885 4208033
16886 4210439
1203 4212311
28535 4215690
3378 4217186
26826 4218625
21383 4220670
26979 4222154
1207 4224585
18923 4224930
23918 4228784
21751 4230211
4593 4233839
18439 4234099
13477 4235609
6973 4235876
1138 4236043
27177 4238682
6120 4241101
29812 4241803
8966 4243511
10470 4244868
18201 4245367
17255 4248601
17293 4249003
5274 4249782
29717 4250605
12581 4251370
1147 4253887
15916 4255841
23617 4256030
16092 4256368
16339 4256626
14979 4257922
3786 4258328
3635 4264093
18263 4265266
3404 4267995
14704 4268072
18468 4269499
13674 4269740
14821 4272345
9505 4273786
14382 4274000
1615 4276059
10063 4276512
11065 4277749
26382 4277751
14930 4279283
25734 4282694
5019 4287160
20125 4288520
2274 4290002
23261 4293243
28701 4294231
28048 4295156
16162 4295792
12158 4298467
20583 4305608
26779 4315351
17388 4316334
26821 4317626
16209 4318090
22431 4319644
13996 4321297
5042 4321615
1229 4322560
12428 4324543
24831 4327090
17630 4329754
28531 4330743
10158 4331198
13910 4334882
18036 4335138
25296 4336987
17534 4337528
15448 4337745
22300 4339203
6245 4341029
22787 4342842
14907 4344120
8710 4344627
7742 4345222
1038 4345427
28865 4345699
29963 4345989
13787 4346478
20072 4350103
16302 4353965
4605 4355980
17904 4357886
23164 4358032
1509 4362568
5406 4362879
442 4364959
3811 4367092
22881 4368012
29803 4369320
12380 4369688
95 4370049
1378 4370634
2200 4372889
27133 4375737
4177 4376812
9539 4379218
19025 4383511
25204 4384473
4657 4385493
7269 4386741
24008 4388403
15522 4390046
24676 4399564
9474 4400462
27956 4401411
10790 4404021
7382 4404393
29100 4409609
6885 4410229
27563 4414013
629 4415424
24475 4415531
9200 4416951
8336 4424646
399 4429005
5744 4430628
14725 4430771
17428 4432278
27702 4436252
23214 4438241
25054 4439415
25043 4440743
24855 4441570
15204 4443893
16106 4448084
22209 4448572
14401 4449967
12330 4450039
28326 4450904
2569 4451518
12274 4452019
18728 4454857
23341 4456503
6736 4457483
6919 4457795
20929 4458912
14842 4460242
9201 4460476
20408 4460950
15582 4461574
18836 4462392
16881 4463384
29204 4467740
15917 4469451
10990 4469938
28146 4472184
10338 4473774
18917 4473996
10495 4475172
28744 4475665
11043 4475838
18515 4476446
25170 4479057
27409 4479479
3965 4479693
18232 4479780
12257 4481352
22980 4481591
20096 4482154
23271 4482372
9990 4482993
14889 4483001
20938 4483718
28598 4484522
28412 4484696
27509 4485864
23924 4487617
18788 4489801
10887 4491417
18739 4493895
25960 4496041
15527 4496195
5753 4496786
3705 4497649
23125 4498698
15233 4503371
24643 4505812
1786 4506738
10774 4508926
17743 4509565
18868 4511086
25935 4512162
14975 4512901
16525 4513674
7098 4513695
8135 4513953
3228 4514298
2645 4515890
15237 4521037
1533 4521293
1578 4523070
814 4524238
5679 4525601
16306 4527338
183 4528581
6395 4530456
26652 4530685
2390 4533549
9914 4533606
14217 4536392
27978 4536647
21691 4537003
70 4538219
29706 4541650
26036 4546674
21830 4549496
1220 4557021
2243 4557581
19317 4559779
12682 4561470
16279 4563616
18312 4566918
14633 4569255
9663 4570625
25892 4573493
11650 4579863
446 4581156
29757 4582530
9041 4587892
29087 4589564
29776 4595288
6624 4595411
21450 4596183
18107 4596674
16181 4597590
8003 4597660
23782 4598005
14211 4598017
17410 4599138
4848 4599683
23944 4600449
23081 4600933
15611 4602293
29660 4602506
12927 4608936
21484 4609157
13519 4613425
20567 4613956
11611 4614580
10388 4614657
12490 4616009
28936 4617037
14489 4618227
6882 4620816
22725 4620975
27175 4622689
10364 4622922
18783 4624327
24205 4626635
13644 4628851
7161 4631182
13764 4631255
9278 4632885
25065 4635119
10386 4635697
25726 4640431
2678 4641161
1390 4641326
18056 4642073
22214 4642547
20947 4642887
199 4646715
15087 4648158
26333 4650654
15241 4652175
3938 4655972
10754 4656371
13118 4656688
6298 4656913
5971 4658708
20514 4662904
18357 4662920
26722 4664508
16698 4666322
14311 4667949
2281 4669722
19805 4673161
23683 4678000
1435 4678026
9564 4678761
24702 4680340
13091 4686594
18771 4687597
5408 4688185
20340 4688331
13760 4691581
18996 4693276
21722 4693483
4439 4695815
28441 4696092
20442 4697147
4477 4697860
25109 4697895
25180 4698120
4661 4699481
28934 4704886
27017 4704995
13289 4710480
583 4712862
25553 4719515
20752 4720796
26448 4721376
2582 4721679
24111 4724468
11184 4724986
11084 4725866
8031 4726171
364 4728992
27303 4730506
1960 4730887
23975 4731847
1779 4736390
7006 4737553
27874 4738658
11957 4741926
26443 4743282
7976 4744926
19276 4746277
14718 4748888
19824 4750779
21770 4750788
20638 4751606
8536 4753687
12409 4753828
16244 4754136
5405 4754795
17794 4757910
25472 4763626
5716 4768133
23132 4768735
8374 4768829
10505 4769276
25992 4773926
25361 4774145
21725 4777715
21108 4778473
14061 4787306
14451 4790131
21673 4790349
13139 4793610
15716 4794523
4618 4796981
23891 4798049
1872 4798382
2888 4798860
25631 4800799
9034 4801668
20171 4803766
25182 4805190
18032 4809237
23681 4812708
1915 4813698
20413 4814123
29871 4814182
22011 4814446
25366 4817503
29484 4819890
18597 4822806
11671 4822881
16273 4824032
28545 4824603
6230 4827041
3467 4828031
11865 4829991
2293 4830002
10669 4830097
13021 4833568
4179 4835949
5503 4837775
10585 4844873
28522 4845179
23741 4845836
24426 4849217
8156 4849347
7870 4850505
17269 4850797
667 4853598
8413 4854350
25527 4855322
26527 4857381
26197 4858957
25280 4861171
14773 4861826
13435 4862024
15510 4863563
9842 4864660
9661 4865649
14481 4866205
3212 4866211
17565 4867840
12103 4868258
27518 4868805
6488 4870428
6591 4870566
13984 4871567
28946 4872647
10703 4873843
12871 4875270
14906 4875714
25927 4875797
21478 4876361
24665 4876848
5777 4877660
6711 4878616
11072 4879130
25120 4882956
29066 4887445
17061 4888159
4499 4890259
22118 4893828
17978 4894188
15653 4895193
9985 4899643
29150 4902704
10684 4903877
6382 4905287
23486 4905988
23752 4906185
14206 4906373
8071 4906462
23288 4908351
16691 4912712
27624 4913845
13170 4914023
28025 4914028
7640 4916372
17963 4916776
13641 4916905
18113 4925420
10670 4925506
1249 4927618
2450 4930013
6100 4930835
29415 4933839
26952 4934283
16178 4934918
25681 4935079
4013 4935086
15248 4939864
28888 4943018
11050 4945693
2835 4947541
17878 4948672
17266 4949814
24329 4950145
20764 4951424
5938 4952631
10802 4954161
4751 4954580
14418 4956927
435 4957304
21373 4960372
28019 4961025
26420 4962301
26573 4963687
3774 4963908
1143 4964610
17860 4966675
25231 4968769
22624 4971551
23494 4973186
17253 4973949
22452 4981222
17180 4984941
7290 4985087
11265 4985563
14939 4987885
7529 4988020
24321 4988085
20673 4988107
7677 4990005
990 4990972
1899 4991628
8183 4993388
29143 4993802
13823 4995252
17394 4996048
4097 4997540
10002 4998282
10374 4998694
2947 4999247
26055 4999483
25813 4999909
6172 5001101
18936 5001560
320 5002957
28219 5003794
10446 5006274
19996 5006943
272 5008930
29625 5009387
13813 5011175
19655 5012347
17937 5013578
976 5013815
20173 5014362
21554 5017834
1465 5018406
2065 5019874
10641 5024353
18732 5025188
727 5027090
24230 5029753
16915 5033908
6432 5034774
27477 5038054
7962 5039086
16521 5041253
2564 5045489
18595 5046524
15449 5047375
4220 5049302
4506 5050573
13881 5052019
29804 5052935
4470 5054870
5918 5056004
5390 5056105
13552 5059605
16616 5062251
323 5063746
3457 5065898
24994 5070886
7328 5071985
3448 5080841
24630 5082947
8638 5084774
416 5088178
16785 5088888
15156 5089317
29971 5089868
23227 5090058
15273 5093431
17459 5093471
2459 5093654
23148 5094235
19742 5105157
15438 5105885
3683 5112061
23090 5112083
7333 5114745
9903 5114872
2722 5117504
44 5118666
5875 5120088
6416 5120619
17835 5128888
11059 5129878
13947 5131166
2096 5131998
2482 5134617
24455 5137207
19887 5137895
15380 5138859
10363 5139370
19913 5139924
24866 5141148
20671 5141160
29353 5143439
7461 5146336
26152 5152496
14360 5155308
15421 5156622
2737 5156847
23899 5157754
28001 5157832
17329 5158141
21728 5164424
25540 5167903
21265 5168683
26510 5168996
14765 5169605
2354 5170209
22190 5170916
20889 5171049
15964 5173474
7128 5174232
28614 5175015
7004 5175470
15693 5179458
20324 5180311
11948 5181713
5780 5183089
27989 5188001
27254 5188049
611 5189892
20419 5190498
1403 5190647
8246 5190836
25395 5191069
9232 5191107
23443 5192228
14981 5193702
3919 5194611
11773 5194867
5145 5194996
25781 5196367
25385 5196948
5271 5201925
19377 5205063
8259 5216749
11425 5218050
22208 5220633
8808 5221008
24838 5221220
7362 5222340
18746 5222645
27730 5223795
26374 5228308
23605 5235769
25665 5236634
10153 5236918
29186 5237385
2969 6291995
25975 6292202
5498 6295831
28560 6297909
22012 6300179
20881 6300347
15107 6300357
9252 6300803
14696 6301329
372 6302258
16272 6302557
16873 6303205
14410 6303623
16766 6307188
13178 6308766
23868 6309257
28801 6310174
3841 6311360
11302 6311900
12585 6314053
25872 6317465
3876 6318377
18673 6319208
23239 6319435
23960 6320339
25634 6324626
28908 6329140
18229 6329539
3067 6332125
21577 6333414
3888 6334259
5116 6334905
27375 6336693
566 6337000
27581 6337357
16923 6339494
10626 6339537
26589 6340400
19591 6342130
8923 6342465
23135 6342635
12985 6343424
3834 6344384
13610 6345113
20497 6348200
2440 6349546
12953 6349747
1843 6350655
7432 6351750
8807 6356153
27789 6357542
26023 6357628
18464 6359287
8345 6364247
8598 6366354
26823 6366604
12544 6366880
27391 6368920
26891 6370789
23789 6371558
2686 6373823
12571 6374808
7170 6375322
356 6376871
23477 6379410
22493 6379424
14781 6380098
12453 6384009
16659 6384683
12109 6386397
2689 6388419
11730 6388794
25639 6389604
29399 6389878
10557 6389881
7735 6390205
20449 6390234
3622 6392145
12221 6392181
25808 6393144
18907 6393349
6880 6395124
24634 6399521
12283 6402363
22592 6403360
5719 6409112
10872 6410171
23641 6410700
19962 6413181
11039 6413592
3611 6417905
23771 6420493
2088 6425493
20653 6429393
17046 6432842
21592 6438742
5646 6439675
26308 6440288
25391 6441106
1528 6441365
7855 6442304
24744 6445663
3162 6445695
22123 6447509
20459 6448115
21384 6448932
21881 6450508
2942 6451490
28223 6451780
5325 6452225
6445 6456221
789 6456916
12504 6456928
11426 6459791
26704 6461997
28381 6463156
16929 6463641
13812 6464230
3587 6464962
17856 6465821
6846 6467703
15513 6467910
6304 6472472
8378 6473191
15251 6473504
2433 6473511
653 6473662
13264 6474955
2289 6477181
24025 6479231
18925 6482065
20880 6483348
6035 6483665
5220 6484331
21947 6486063
25398 6486633
22865 6488424
21291 6489528
16277 6490278
15291 6490967
9796 6491218
19329 6492406
10710 6493837
20184 6498288
749 6498394
26132 6498918
21613 6499423
4830 6499800
5395 6499994
14296 6500132
28070 6500181
17749 6500587
25452 6502608
21647 6504398
18354 6504958
18381 6506075
10361 6507299
474 6508641
1738 6509361
25763 6511215
16637 6511912
26121 6513786
14074 6514696
9536 6514898
5428 6515188
1416 6517429
11797 6517514
6596 6518956
13011 6522836
24365 6523960
7513 6529217
15599 6530327
18631 6533195
24440 6534136
16425 6534759
8108 6534981
10068 6536671
8277 6537581
22014 6538425
24624 6538758
21826 6539912
5800 6545711
28503 6547067
1060 6547224
6373 6548948
26318 6550958
17049 6553288
20420 6554371
24808 6555184
11762 6555775
20927 6562786
21149 6563285
7712 6565418
23853 6565456
4917 6566901
19732 6569158
17595 6573444
24166 6580318
15848 6582151
8303 6582516
17632 6583755
18122 6583882
6283 6584307
5654 6586169
5863 6587497
12558 6587761
2603 6588168
26339 6591013
4285 6592188
9065 6594267
8802 6594740
17145 6596619
7580 6599657
28410 6600636
11218 6600673
28227 6601098
18343 6603475
1747 6606897
10412 6607042
15301 6607688
16387 6611016
9934 6612546
1644 6616426
23225 6617673
21084 6618953
1851 6619452
23857 6620724
18543 6626012
20138 6627576
20910 6628695
1474 6639189
20297 6644507
2993 6644612
28817 6646935
24406 6651942
20438 6656074
14638 6659017
16611 6659299
3754 6659737
5695 6661758
25894 6664713
10689 6665009
11170 6666461
10367 6676536
29670 6677344
5657 6677535
26211 6679032
29630 6679215
20687 6686256
5133 6687584
18015 6687820
1815 6688243
27439 6689022
8368 6691402
6876 6691768
5931 6691947
6362 6693509
20648 6694428
27084 6695451
2526 6696634
13830 6697570
23613 6699212
28504 6700646
3125 6701673
18018 6703734
22788 6707216
11252 6707346
26143 6708115
4623 6708280
12692 6708495
17419 6708730
10234 6710750
29635 6714958
8257 6716602
26330 6717691
24346 6718563
25233 6718766
28956 6719624
10546 6720022
9866 6721516
16380 6721584
25990 6721693
7444 6725196
5802 6726358
6968 6728392
7165 6730058
618 6730550
23174 6732798
28769 6735627
12442 6738533
23885 6740214
7187 6742359
17733 6745322
19534 6746643
25112 6747224
23243 6747969
3651 6750955
2570 6753120
8679 6754019
23643 6754630
4597 6757860
10884 6758178
24535 6758838
6867 6761056
12685 6761962
24649 6762115
19734 6762175
1616 6764146
11319 6766325
21147 6769269
14377 6769672
2948 6775983
10623 6776036
27922 6776395
14210 6783099
15872 6786084
9332 6786315
12642 6787264
10699 6790986
26042 6791607
18479 6792074
28124 6793086
14306 6793394
13287 6795467
9653 6797167
23033 6797506
13579 6798548
22711 6799145
22356 6802678
3268 6810325
8664 6816487
15019 6818844
17350 6819217
29582 6820448
3640 6820690
18446 6822468
3140 6822563
25413 6822655
14101 6824034
20040 6831307
23936 6832460
3243 6833766
26790 6835028
16804 6838421
13771 6839606
15939 6842504
12351 6842558
14441 6842980
26305 6843260
28919 6843544
3992 6843595
13349 6844842
21800 6846317
2313 6847160
710 6847877
19251 6848176
13861 6852021
7044 6854904
21985 6861593
21491 6861760
7676 6863416
10615 6865575
4802 6868943
14347 6869546
14786 6870226
12183 6872076
6043 6875043
21319 6876375
11882 6878139
27259 6883120
25962 6885453
3867 6887640
17671 6888476
25141 6891658
26825 6893813
3323 6894369
17557 6894405
2707 6897514
1356 6897586
1162 6899488
12207 6901948
4393 6902267
10248 6903735
1676 6903884
1427 6905665
757 6906305
20088 6906316
14526 6906381
6163 6906619
11563 6906807
24510 6906844
7558 6907067
14943 6908285
10832 6908955
25111 6909266
6293 6909574
1381 6909988
27845 6910577
10877 6910983
16159 6912702
1964 6912741
25453 6915111
20920 6917395
16540 6918308
20075 6921467
25060 6922621
1305 6923907
19389 6925970
19350 6927061
2853 6928118
21325 6929927
29502 6932783
10697 6933010
9188 6933480
21752 6935686
21696 6936929
22446 6937124
28138 6937973
15054 6938448
29203 6938895
25260 6940825
4474 6941234
21624 6941299
16902 6941760
24800 6944876
14344 6949719
16687 6951072
7718 6957175
3385 6958399
7326 6960731
24488 6962210
28916 6963831
3952 6964336
17371 6965361
4549 6965472
21640 6968120
27694 6970329
687 6970973
28662 6974467
23776 6975739
8539 6976205
23361 6977058
9787 6979456
22374 6982127
20823 6985302
12032 6986043
16939 6986217
7593 6988062
4243 6993612
27457 6995080
19032 7000017
5502 7000646
22637 7001788
3063 7002194
12539 7002311
23208 7003813
24042 7004594
12583 7006854
13909 7008576
14283 7009427
1048 7015986
21869 7018401
9888 7019287
28626 7020412
8928 7020669
4431 7022192
29255 7022371
18660 7024195
20629 7024788
26596 7026838
13157 7028403
26519 7028515
5112 7029778
4057 7031125
4783 7031433
22967 7033384
18730 7033925
20114 7037630
28917 7037966
8674 7038980
6480 7042402
11679 7043396
1529 7043457
18650 7044494
25362 7045330
12530 7045500
5987 7046251
23971 7046268
12733 7048061
3501 7049811
18234 7052329
18025 7053579
75 7054453
27195 7056035
16852 7056672
2841 7058981
19300 7059482
24573 7061579
2541 7065169
4532 7065423
9890 7067213
29105 7067801
6669 7069197
2092 7070568
23943 7071445
8064 7071789
2146 7072740
2539 7075441
17844 7075828
26118 7077162
16370 7077476
18905 7079430
19572 7080045
7925 7080411
21678 7081148
18626 7081947
26401 7082745
24272 7083795
4316 7084119
26656 7084344
1518 7085208
4377 7088332
17313 7089628
11781 7090090
27311 7091138
7438 7091859
24121 7092750
25567 7092843
2982 7093127
6143 7093959
25034 7096165
25799 7096924
26622 7098944
6221 7100208
20347 7100352
19206 7101031
28294 7101931
26017 7101977
27661 7104462
19663 7104536
9127 7105147
844 7105149
24300 7105462
1106 7107033
18165 7107427
3823 7108448
14112 7108503
2283 7113130
19517 7113856
6890 7116798
26387 7121625
8067 7124154
16460 7127041
26530 7128064
15456 7132948
9234 7135941
23411 7136237
24174 7137891
23392 7138170
11459 7138810
22968 7139895
19855 7141023
9791 7143171
6180 7144818
21759 7145268
1439 7147556
17249 7148128
17256 7151147
27466 7152368
25823 7153001
25199 7154568
16286 7156078
7946 7157781
29329 7160142
2001 7162195
25388 7162232
12812 7162344
5760 7162595
979 7176766
27787 7177007
8069 7180959
26117 7181293
25485 7183718
3383 7184279
2611 7186814
7725 7187982
29953 7188220
20643 7190877
5527 7191006
19569 7193846
13272 7194189
28834 7194236
13119 7194352
5520 7201633
28666 7212949
8722 7213164
12767 7215029
26568 7216477
13821 7220989
7756 7223038
10090 7225726
1217 7228818
20113 7231187
25062 7231193
11712 7232161
21515 7232217
25676 7232475
24986 7233844
17852 7237046
12737 7237268
2586 7238525
28098 7239287
21336 7242419
24255 7243025
163 7245682
8726 7248151
8815 7248655
5954 7250291
10330 7252728
15338 7252947
505 7254346
19129 7254526
13087 7256196
21019 7256309
16669 7258646
940 7260946
10631 7261878
5664 7262502
11159 7262730
5991 7262934
7369 7265562
8789 7268607
8997 7273074
14460 7274889
15980 7277803
22037 7277836
14673 7279813
27650 7279855
17075 7280544
15972 7281349
3156 7281585
21776 7281998
3993 7282000
24820 7282313
16725 7287262
19096 7287286
26613 7288262
20354 7291814
9686 7292633
23041 7293434
18303 7294766
20875 7299101
29121 7299372
5109 7301758
12377 7301770
22488 7307791
13859 7310882
28433 7310945
2540 7311782
5758 7313718
7768 7315517
26736 7315709
12088 7317145
8505 7317939
11911 7318172
10035 7319336
9637 7320222
7060 7320582
13698 7321292
23908 7321347
13145 7322206
13223 7323201
19295 7324503
6621 7324974
15825 7324986
8821 7325296
492 7332099
9112 7332992
9745 8391147
27742 8391406
264 8391861
16646 8391977
24754 8392014
16987 8394003
586 8395408
28021 8397348
26929 8397610
4794 8397694
22511 8398305
15666 8400293
2018 8402161
28746 8404063
14565 8406725
18915 8407259
6471 8408222
3314 8408314
701 8411633
18394 8412730
5563 8414376
19235 8416061
25424 8417048
11452 8417209
8550 8418370
13244 8418906
7013 8419650
18183 8419976
12950 8421414
27367 8421603
14807 8423230
25750 8425440
16577 8431319
27325 8435236
16692 8437792
24324 8439955
23224 8442700
1668 8444009
17406 8445081
17310 8446841
6325 8447036
24503 8447395
15321 8451181
20137 8451604
29647 8452062
847 8453601
17420 8455980
1358 8456033
12057 8456910
15831 8457746
3930 8458312
24214 8458954
6787 8459825
27492 8461083
12344 8461311
25254 8462317
3627 8463480
2009 8464841
9158 8466265
1339 8466730
19439 8467076
2629 8467673
3984 8468616
13672 8469036
1998 8470759
29305 8471123
21488 8472398
4385 8472805
8129 8473189
2909 8476866
26263 8478373
13172 8478719
6685 8479048
5671 8481751
15968 8482539
11419 8483108
12465 8484300
2470 8484684
28229 8485373
25738 8486930
15500 8487336
25024 8490984
23724 8491818
16211 8496334
4164 8497276
18965 8498977
3864 8501090
19920 8502478
13254 8502612
13186 8504266
13711 8505211
29326 8509981
16574 8510146
4985 8510941
5024 8510968
20569 8511655
13101 8514032
25725 8516175
29979 8516693
16730 8520237
6435 8521090
17628 8524038
22878 8524874
18988 8524953
16398 8529653
18327 8530505
5304 8532222
6317 8532657
11610 8532802
8685 8532869
9588 8533332
4216 8534074
4147 8534322
23507 8535433
21916 8535964
20008 8537771
14509 8539076
10359 8541295
4118 8542555
2865 8543247
12748 8544577
2363 8544613
2571 8546472
26095 8546826
6629 8550331
17737 8551567
29102 8551569
17902 8552286
11186 8555581
20915 8560939
15288 8566221
19035 8566939
20032 8568486
23031 8568736
1859 8570181
388 8570198
6618 8570766
2442 8571135
993 8572597
2124 8575102
12609 8576693
6568 8580223
16682 8580573
21432 8581991
4325 8582330
10925 8583043
18561 8586483
15777 8587015
18647 8588387
14864 8588942
18696 8590237
14809 8590771
23074 8592349
14591 8592935
1974 8596792
29679 8597436
20893 8598797
11158 8599289
21679 8602625
28369 8602702
23025 8603282
11283 8606478
9286 8606975
871 8610116
4362 8613243
22752 8614116
4842 8617106
27963 8617968
26511 8619737
4260 8620004
18432 8620703
5519 8622099
621 8623041
16257 8624276
5289 8625765
4979 8625835
27701 8626011
7391 8628052
14589 8630286
3236 8631754
17111 8632695
14241 8633513
15086 8633528
20840 8636230
2795 8638334
19135 8639129
21124 8640054
15415 8643005
6462 8643189
8584 8643767
3129 8644759
15806 8644955
24402 8645503
25015 8645627
15444 8647921
7280 8649052
22249 8649176
23390 8653518
26502 8653558
14651 8653811
27895 8654265
2309 8655274
868 8655767
1873 8656443
184 8656787
5574 8660506
24558 8664611
18634 8664947
29926 8669562
12507 8670107
5855 8671639
9664 8675111
292 8677052
22149 8678900
27322 8679246
7087 8680275
28544 8681053
10997 8681440
1116 8683724
13311 8685918
2697 8688494
20796 8690075
18715 8696226
23141 8697193
15492 8697961
9835 8699276
21050 8701041
3695 8703458
26279 8704888
29467 8704989
7384 8708834
17173 8712361
19119 8712793
24498 8714749
28090 8715334
29323 8716252
22946 8719498
14895 8720557
7347 8726781
14715 8730429
20276 8730863
14086 8733004
9366 8733924
14060 8734389
11936 8734434
28205 8736344
27643 8736849
14003 8736882
2997 8737297
27228 8739640
14037 8739854
12646 8741226
26074 8741266
23964 8741483
15034 8741858
10219 8743813
10422 8743906
4782 8744935
22641 8744947
26578 8745066
5644 8747386
29128 8748402
27818 8750779
17992 8752568
1490 8753922
23938 8754529
26862 8755068
23151 8755822
17290 8756173
2543 8756694
26793 8757425
5786 8757504
15258 8758458
19917 8758530
10651 8760274
24414 8760915
11558 8765466
20827 8766330
14604 8768312
6724 8768583
5570 8769510
22204 8770883
2117 8773943
5046 8776036
2771 8776317
15303 8776867
25996 8783458
24635 8783779
16518 8784026
29885 8784405
5162 8784862
6804 8784942
5368 8787488
25939 8788987
21742 8790360
798 8792155
28218 8792742
26435 8793536
15881 8795347
11256 8797827
16132 8799077
9058 8799138
27812 8802357
17261 8803609
655 8807199
3024 8807277
19503 8808568
14170 8810093
21956 8811624
13598 8815325
23629 8817415
15172 8818315
18540 8820327
19808 8820344
13586 8823659
7164 8824657
21543 8825001
10114 8825926
10423 8826587
10474 8827613
4420 8828423
24464 8831404
14719 8832653
7928 8833144
29129 8833268
19112 8836931
10381 8838581
5727 8839488
9897 8840008
16956 8840459
19062 8841733
25190 8843527
25552 8844822
24817 8847875
5155 8848908
8867 8850756
27633 8851342
6577 8851537
26518 8851778
10965 8854941
987 8858425
9450 8860555
3687 8860625
23222 8861978
6838 8862327
29657 8863325
17232 8864575
5555 8865245
24012 8871566
26549 8872281
19093 8873343
11237 8873813
2585 8874116
15687 8875621
9586 8876286
26959 8877047
5547 8878509
2304 8879203
1236 8882638
20105 8884074
13312 8886368
4156 8888341
14455 8891395
7327 8891700
9047 8894400
18013 8896092
1725 8898161
20015 8898619
24452 8899614
19710 8899615
11094 8900954
20706 8903425
16391 8903447
11955 8904039
26014 8904470
25441 8906248
25903 8907341
28057 8908482
9405 8909166
19820 8910633
26983 8911139
2748 8912064
18053 8912577
5357 8913630
5684 8913731
6953 8914588
14847 8915531
10420 8915538
837 8916102
12448 8916607
20428 8918652
21067 8918998
9025 8919284
4911 8919513
25607 8919848
15770 8920031
21409 8921601
147 8922026
21816 8925002
24095 8926124
24291 8928172
1297 8928695
27140 8929291
28263 8929644
16413 8931002
13040 8933106
23192 8934291
2142 8934705
4320 8934721
17803 8935507
180 8936476
28635 8936866
3161 8937146
3562 8938303
13696 8939201
796 8940497
28280 8941457
24652 8946267
12211 8947301
19814 8948361
7086 8948474
9758 8949686
24249 8950128
4336 8952579
20000 8953139
26653 8953172
25246 8953450
516 8955534
13798 8956222
29185 8957697
804 8958359
2806 8958713
4010 8958830
15845 8958850
22844 8960571
4865 8961374
1409 8962095
29485 8963979
9039 8964683
3655 8967923
25834 8969795
1239 8971466
21221 8975232
9899 8977897
901 8979943
20708 8981186
27056 8987277
2469 8987980
17103 8988433
19873 8990034
29230 8994656
21410 8999706
2204 8999777
2042 9000251
6784 9000568
12520 9001813
11460 9003627
22924 9004258
4945 9006860
304 9010198
20968 9011402
5905 9012441
11900 9013487
19780 9014175
11856 9014189
13500 9016973
16343 9017433
27451 9021080
4463 9021597
20229 9021898
248 9022587
13275 9023139
4303 9024996
18117 9027216
23699 9027740
1981 9027879
14048 9028890
22988 9030007
18590 9033478
22866 9033883
28871 9034712
9491 9037699
8762 9039064
18355 9039897
5963 9041012
24436 9041950
6845 9045733
20711 9050591
10775 9051069
7840 9057260
20048 9060093
28297 9061695
2505 9061961
18741 9062724
6511 9062922
8184 9066082
2285 9066585
26345 9067526
21975 9068361
16941 9068553
21929 9075440
9097 9075547
4286 9075834
14941 9076109
29031 9078317
15999 9078511
24233 9079141
8253 9081300
6270 9081917
8046 9095509
1560 9096517
17841 9097497
18786 9099252
15781 9110464
20801 9111091
2078 9114452
7697 9115747
19018 9116504
3301 9121894
14188 9122975
25484 9124704
363 9127486
16884 9128019
19484 9128335
4978 9129361
22884 9130273
12389 9130889
5796 9131817
14500 9131990
9871 9132779
17769 9133858
17322 9134270
5714 9135093
10241 9142754
1270 9144018
9250 9144908
28672 9146460
17177 9147135
8687 9147278
4752 9147662
15616 9148352
22935 9150294
15631 9160492
17625 9163160
14457 9163256
874 9163958
23878 9176110
16756 9178239
2699 9179612
29049 9179704
24017 9180365
24700 9181578
23574 9183337
19946 9183501
9081 9186434
12594 9187783
14104 9187870
17381 9188840
18386 9190826
29592 9191958
7188 9195343
12350 9195684
3632 9197572
29396 9198510
19704 9202873
22912 9208953
25815 9212642
24528 9212877
24297 9213425
28264 9213920
1387 9214123
15560 9214788
27130 9218670
20525 9220813
20826 9224003
18702 9227502
24759 9228204
25999 9228255
2235 9229838
17581 9232923
24491 9234206
18593 9234397
14294 9236254
2148 9238397
20755 9238935
27286 9241049
19325 9241747
8752 9242696
17482 9242750
2176 9244124
27672 9245480
2884 9246557
29982 9247264
2573 9247773
24310 9251945
28938 9252164
1030 9259485
2331 9261017
10377 9261036
13189 9261145
23704 9261260
16088 9261934
29008 9262257
11370 9263576
18960 9264316
16146 9264402
29341 9264490
29463 9264641
24337 9265688
10465 9266725
3056 9266760
19636 9268016
25626 9268205
27867 9270055
25768 9271427
24039 9272065
11404 9272496
2333 9275737
17204 9276491
4398 9276602
5069 9276999
538 9282486
10671 9283441
12156 9284580
13708 9285021
26116 9285113
18042 9285596
3006 9287728
7041 9289006
27007 9291718
15330 9292807
12980 9294034
26895 9294685
21810 9298129
7022 9302036
25399 9302345
18808 9303104
8394 9305927
22416 9306652
20059 9306824
87 9307894
3889 9308697
20728 9309670
11402 9309882
27300 9309951
16319 9309960
8429 9311785
20043 9312802
16198 9314824
7971 9319016
26021 9319021
16275 9319367
26321 9319422
19487 9319442
23199 9319483
11178 9319724
21764 9320125
6646 9322216
4141 9322629
27430 9323115
7106 9324944
15922 9325340
26357 9329759
25273 9330276
26727 9330428
2319 9333116
3603 9334382
12304 9334444
24972 9335801
11847 9336413
23867 9336547
24331 9343807
25409 9344548
1245 9345413
21829 9355387
14826 9358941
17748 9359176
25158 9362495
969 9372361
29107 9373587
13334 9375572
3779 9376374
18648 9376428
17375 9376641
14934 9379932
18865 9381742
3015 9382414
19069 9390307
20857 9390317
19553 9394166
21429 9394952
25420 9395969
14013 9396891
12323 9400932
12659 9401401
12194 9401760
19890 9403272
17352 9403369
20975 9406370
10962 9409766
13089 9409914
4324 9410586
6533 9410709
12580 9411588
8342 9412215
20493 9420952
1415 9427248
10049 9438090
2126 9438499
28567 9438835
8846 9439803
4251 9440728
22405 9444986
7891 9445024
4169 9445191
26078 9448342
12065 9450073
13160 9450362
26940 9451535
19854 9451984
22590 9452461
25154 9453743
12038 9453869
15292 9453948
4111 9456616
16067 9458321
1366 9460249
26418 9461733
18749 9462421
6907 9462972
22047 9464179
26517 9471927
28840 9472503
14016 9479244
6408 9482039
10944 9484545
13070 9485269
14611 9486526
14582 9487985
11483 9489172
19656 9491648
17866 9492030
23846 9493291
25446 9494178
9151 9495993
29343 9497020
5591 9497212
25311 9497874
29822 9499267
8896 9500555
12124 9501543
4847 9502052
17598 9505087
681 9505479
3698 9505663
10729 9506347
18538 9507032
6320 9507548
21583 9508951
27121 9510127
16263 9511457
23950 9516093
17588 9516202
13162 9518061
1009 9520166
26027 9522231
7651 9523710
29843 9525904
25172 9526115
23360 9526817
1975 9529658
7892 9530441
13985 9531287
14871 9533175
1715 9534109
2187 9534687
331 9536060
28632 9539250
905 9541405
5356 9542379
15987 9542380
24472 9543769
704 9543803
9740 9545031
8355 9548681
23143 9550871
4221 9552287
20645 9552967
12746 9553715
29161 9553978
29050 9554586
7174 9557750
9443 9558585
26592 9562785
20864 9565079
2025 9565111
2810 9566250
4441 9567035
23986 9568896
678 9569758
23801 9571252
22433 9576850
7864 9577659
15528 9578681
14880 9578823
5043 9580756
17778 9581291
4818 9581495
24097 9581734
28857 9582974
6155 9584690
23189 9586523
16690 9591469
7878 9593886
591 9595819
3030 9598451
10278 9600636
17821 9600678
19170 9608597
19999 9609405
10244 9609752
7941 9611951
19373 9613027
12995 9613963
12630 9617950
17185 9619173
1601 9619660
7719 9621046
23559 9621762
23417 9624023
27464 9624075
25530 9627055
7473 9627667
9736 9629720
20560 9629819
2050 9630005
8893 9631875
27470 9632976
28630 9633038
15022 9635274
23260 9636913
10350 9638022
21094 9638638
3027 9642128
6455 9642829
20997 9645373
17684 9648983
606 9649253
22927 9649317
4989 9649354
14228 9649595
3610 9649730
22106 9654170
2089 9654299
3235 9656686
20757 9665452
22981 9665472
14276 9667366
3150 9668147
12012 9669338
1780 9670843
25324 9671224
21946 9674640
18141 9675300
5184 9675710
23230 9677070
27298 9679366
25566 9679383
12479 9681183
12516 9683555
14480 9684767
28224 9686000
16647 9686426
23856 9690665
20845 9692662
22472 9693395
20359 9694081
6674 9695812
3165 9696289
17874 9697146
12477 9697647
2522 9697716
6978 9698799
19481 9699562
3500 9699710
2779 9700270
26142 9700451
19052 9701317
1184 9702280
9749 9703316
16055 9703539
5847 9704958
5998 9705703
3586 9705733
10201 9705913
7486 9707915
1299 9709565
23403 9711200
27662 9713263
12722 9713439
15127 9713512
22734 9714951
24524 9717892
20803 9720146
24050 9720149
24927 9721734
5789 9721923
18599 9724421
1550 9726399
23043 9730693
17427 9730902
29375 9732235
12873 9737902
26158 9742659
16614 9743207
1503 9744294
10765 9745960
18272 9748063
24847 9748328
21054 9748751
25703 9749251
16420 9749671
18558 9750417
21404 9752014
26338 9752989
27002 9753591
19861 9755860
26643 9756392
12617 9757152
29420 9758078
9150 9758495
5873 9759345
5546 9759640
15552 9760055
1586 9760150
25216 9763613
24909 9765816
26077 9765891
15824 9768649
6818 9771189
27085 9773174
23198 9774629
8132 9777468
1891 9778491
20435 9780953
27328 9781060
17010 9781532
15955 9781798
3785 9782346
13427 9782533
7669 9782684
8592 9783773
16835 9784088
6561 9785840
1957 9786749
820 9787090
17552 9789569
5345 9789718
18148 9789893
24119 9791978
27571 9795416
3120 9795724
27186 9796750
19372 9797069
29806 9797904
16776 9798470
11655 9800285
4868 9800612
25104 9802132
27333 9803826
5641 9804010
25258 9804447
16087 9807105
8428 9807646
20859 9809190
25022 9809549
18924 9810110
15720 9810859
29719 9811091
18302 9811785
16919 9812469
12100 9812629
3055 9813533
16701 9819402
28885 9822100
7897 9825722
29436 9829242
1142 9829605
27537 9830034
22791 9830650
2608 9831240
18055 9832942
19764 9833547
9697 9834427
14313 9835717
3730 9836861
10487 9839567
21809 9839985
3535 9841177
914 9843399
21497 9843400
25906 9845970
22437 9846305
4454 9849100
11753 9852378
26206 9853323
18495 9853381
795 9854447
3658 9856122
27630 9860417
20016 9862104
3778 9862220
11305 9865170
28427 9865292
25055 9865603
26192 9865994
9228 9869421
16207 9870063
13504 9873414
14341 9874828
6585 9874900
119 9875207
29354 9879933
13284 9880577
28292 9882650
29208 9882700
7723 9884520
23258 9884708
3985 9884918
13193 9885245
13657 9887322
4103 9888832
12028 9890638
16170 9891089
4025 9892312
13345 9892603
12091 9892865
11516 9896039
18372 9896271
26006 9896987
11100 9900712
27677 9900893
25369 9902770
13967 9905464
16090 9905948
2554 9906907
29177 9909496
16230 9911123
20439 9911700
5653 9912809
10001 9914341
243 9914791
26985 9915179
21900 9917217
12327 9919735
19950 9922718
9972 9926260
24431 9930086
29398 9931447
29169 9933786
25467 9935043
20506 9936702
28572 9940300
2695 9941640
10678 9941734
13729 9943328
13302 9943811
2648 9944457
3242 9944534
8878 9944825
11867 9945326
16716 9947007
28321 9948258
28588 9949169
21334 9950537
7854 9952522
9432 9953638
23792 9954714
6312 9956229
28600 9958699
18886 9959613
22572 9960623
14830 9963243
26752 9964774
1792 9966565
18809 9966619
5454 9966629
21766 9968514
28228 9969086
24198 9970807
23039 9971817
3829 9973121
22939 9973739
9155 9978383
18830 9979024
6305 9981771
14353 9982078
22020 9983986
21307 9988520
6920 9989138
6928 9989664
15357 9989881
24906 9991016
156 9995827
19849 9997523
5066 9997600
7 9998924
25460 9999825
966 10005001
10674 10005850
25210 10006349
14523 10006769
18520 10009590
13575 10015633
10771 10017008
13228 10018060
18714 10020829
24692 10020886
7009 10021452
18138 10024263
15219 10025334
21241 10032108
17752 10035504
12918 10036265
6264 10038792
9469 10038846
23820 10041110
29659 10043080
29132 10043996
27310 10044383
27278 10044473
8493 10044577
26540 10044871
7570 10045303
23186 10046742
29742 10047084
26647 10047638
25551 10048180
10211 10048358
14575 10050372
14429 10051983
13428 10052957
21341 10054005
10130 10055782
13168 10056996
27802 10057971
29998 10060919
28214 10062009
22024 10068547
20020 10071541
2068 10072481
27061 10075291
3882 10076187
3271 10076761
21994 10076981
27495 10080591
16164 10083087
19470 10083927
1295 10084979
23648 10085590
5074 10087653
18941 10088145
11003 10088741
25321 10090777
21598 10091720
1952 10094081
2572 10096292
7622 10096534
27218 10097273
12209 10101122
9707 10103790
20268 10107747
1089 10108384
21211 10110454
2119 10114587
5699 10114664
22341 10115136
19418 10117294
1675 10117757
535 10123973
4677 10126488
22439 10129504
4758 10129861
12824 10132664
24234 10142233
5463 10145235
29199 10146772
15071 10147284
6785 10147381
21044 10162566
20415 10162843
28110 10164701
25656 10166164
22832 10167620
12655 10168661
8017 10170649
9235 10172494
10515 10173886
18706 10174014
22838 10174043
4634 10178701
17950 10178716
26411 10178816
29244 10181820
25727 10183002
475 10183841
15395 10185998
8827 10187622
718 10188762
14678 10190131
12216 10191425
5613 10191778
14622 10192075
25619 10192249
13325 10193444
4826 10194144
18672 10195384
6433 10195452
27210 10197484
5033 10197539
9811 10197547
26863 10198360
11635 10209569
17951 10224262
21179 10224360
21085 10225405
12819 10227675
23409 10228906
24140 10230110
5275 10231287
7370 10234541
21002 10236034
11070 10241753
22598 10243686
26944 10244666
6064 10245905
28511 10249770
24934 10249824
10192 10250163
9415 10250506
14888 10252565
26730 10253920
16373 10256396
9444 10256827
18188 10258208
16863 10261003
5355 10263654
21791 10266178
10043 10268084
3334 10270309
11214 10270884
5642 10270968
7453 10272389
15205 10272590
12125 10273482
1696 10275902
15849 10277861
26478 10278397
25685 10279250
4090 10280476
18177 10281306
9327 10284232
23710 10284334
9772 10290596
15753 10290617
17060 10292238
25306 10292945
1893 10294303
14362 10295636
17867 10295842
14799 10297140
12373 10298481
11714 10300101
23237 10301402
1126 10303132
445 10303618
18544 10305240
16056 10306378
7979 10312121
11341 10317299
2514 10318480
912 10320194
1898 10322523
10970 10323440
10430 10324194
25934 10324223
21498 10325681
5870 10326011
7283 10327338
12775 10330735
5021 10332730
12494 10333619
8053 10334164
29775 10334668
16143 10336988
16719 10337101
4002 10338552
9461 10340590
9628 10343617
22888 10344183
5862 10344402
624 10346342
7255 10349386
3664 10350634
12884 10351235
28742 10351506
22767 10354971
15892 10355383
9317 10358209
16642 10358944
18045 10359366
903 10361449
18235 10362395
10812 10362789
22545 10369151
17308 10370450
13169 10371236
5807 10371622
1105 10378818
15326 10378928
9669 10379092
11884 10380640
2858 10381447
8519 10384680
25766 10384899
23425 10386232
18206 10387340
23040 10387788
27889 10389438
12308 10389595
19090 10393006
13445 10393615
5364 10393818
29886 10394029
1992 10394833
19958 10395197
1394 10403909
26632 10405403
2230 10409754
22084 10422024
3792 10424637
14345 10425162
25532 10429342
1633 10431821
22245 10432667
2963 10432824
14102 10434304
14275 10434400
25771 10435135
6454 10436163
3764 10437055
17332 10440624
26665 10441640
23831 10441943
23516 10442048
7767 10442946
11888 10444196
12481 10444596
25367 10444871
6930 10445884
20771 10446294
21512 10446901
24358 10447992
12650 10449991
26583 10451018
29270 10452168
16323 10452455
462 10456582
21314 10458894
15413 10459255
4521 10459419
19309 10460539
21630 10460601
7487 10473475
3459 10475149
11113 10475712
3682 10476649
4352 10477001
4252 12583454
13638 12583658
20669 12583855
22660 12585560
4891 12585987
23815 12586501
24372 12586503
1043 12587755
7797 12588704
18560 12589314
8518 12591579
23845 12592125
5399 12596336
17235 12603935
23429 12605050
7881 12605543
1695 12606472
9712 12609038
22890 12609937
21400 12612615
3548 12619446
7437 12619689
9643 12621432
13034 12625311
702 12627380
13907 12630336
28994 12630932
3857 12632662
23682 12633054
4727 12633997
26748 12634224
21618 12634391
16491 12637178
4787 12639237
3315 12639901
15882 12640965
24307 12642136
20763 12642518
11546 12643102
25601 12644147
11378 12644317
17412 12646424
16465 12646847
25661 12649750
28232 12649917
22523 12650126
27858 12652064
21298 12655512
1655 12655953
6019 12656187
23203 12658263
15816 12659120
14109 12659511
26962 12664676
14603 12666342
16274 12667185
12030 12669021
29290 12669294
20941 12669734
12727 12670354
2878 12670666
26719 12670880
21930 12671374
24876 12673158
16761 12673523
7219 12674183
11211 12678762
15930 12681003
15427 12681631
11148 12686581
15578 12687093
13651 12687973
21701 12690498
22291 12692856
1794 12695152
4233 12695717
16801 12696299
2712 12698627
10047 12699508
4810 12699722
2721 12705756
28272 12707736
28000 12708907
21503 12710264
23348 12714685
18745 12715409
5944 12717126
22058 12717493
78 12717760
23338 12718309
27099 12719320
21424 12719745
18834 12720233
4589 12720782
7628 12723475
22550 12723896
27873 12724216
16122 12734614
12068 12734663
28164 12735042
26033 12736704
13412 12736763
7456 12738642
24391 12738744
23654 12743841
17877 12744074
26449 12745560
25036 12747872
24027 12749312
1800 12751216
10019 12752301
26385 12752439
599 12753569
16340 12753757
12010 12759001
22768 12759315
15149 12761628
15354 12761996
14224 12762144
1146 12764266
18760 12764493
8150 12767755
25633 12768779
14259 12769515
5596 12772630
10883 12775899
9482 12776182
12259 12776694
12631 12780127
28640 12781467
11193 12781647
22277 12782385
10034 12782673
19714 12782933
26207 12783970
18400 12786938
4279 12787250
9203 12793003
3289 12794932
3311 12799853
14729 12806764
10873 12807207
26445 12807296
11614 12807317
22612 12807447
13122 12808370
2492 12810375
23455 12813106
3959 12815289
16890 12816599
28447 12820194
20240 12821697
18044 12823018
15634 12823146
1665 12826476
2930 12830120
28031 12831436
7953 12831898
21483 12832399
26576 12834720
4948 12841423
27366 12843850
11112 12844051
9042 12844848
14839 12847528
28738 12847793
5278 12848735
3804 12848974
17809 12850227
23775 12852362
25407 12853855
7661 12854220
5762 12854521
16675 12854654
14803 12854931
6841 12856716
16532 12857186
25572 12857993
27738 12858762
4652 12859108
18716 12860697
13594 12861115
2101 12861324
12698 12863125
714 12863205
10460 12865233
6874 12867470
13049 12867998
11958 12868514
8414 12869667
21226 12873915
8857 12874257
3920 12875068
4207 12876811
6790 12877540
19498 12878816
25757 12880352
3 12881601
22759 12881893
5576 12884141
27209 12884846
7990 12887981
21782 12892637
6350 12892766
10616 12898720
115 12900027
17108 12901505
24407 12902316
18548 12902834
4447 12904325
21109 12904798
2275 12909789
7634 12910199
10822 12911319
18549 12912751
17514 12914122
28770 12916822
28135 12918282
121 12918603
3787 12919398
11132 12920016
25707 12922836
20852 12925066
8721 12925083
23927 12930046
12233 12930878
5535 12935662
10625 12936984
7663 12938050
19134 12944101
27145 12946766
20732 12947007
15692 12947322
7223 12948395
14594 12948696
21246 12949355
9828 12949577
17289 12949579
25099 12951272
18241 12953247
7583 12954343
11221 12955028
8223 12955379
21127 12955824
6943 12956425
7375 12956994
18217 12957165
13527 12960273
9893 12962080
11203 12962138
18174 12962732
3706 12968029
12430 12968279
12432 12978020
26182 12980244
2971 12980725
14156 12982771
19593 12984391
6933 12985925
19352 12989315
20741 12989563
29106 12989599
28875 12993787
1076 12995620
28077 12995695
6357 12995762
7920 12998983
16332 12999527
23667 12999758
13064 13000281
28498 13000448
2250 13001450
28204 13002292
508 13002570
24367 13002902
7503 13003931
1037 13006411
15730 13006506
29798 13007217
17160 13010355
24508 13012305
23498 13018214
7291 13019268
6414 13020407
21187 13020640
1429 13021326
29609 13022210
10167 13022224
4905 13023115
19292 13023143
23353 13024869
5594 13025669
28307 13026134
5492 13026252
8784 13026621
13566 13027506
22937 13029269
15618 13031027
6457 13031905
27238 13033824
2613 13036265
25729 13036281
11731 13038665
20045 13042426
6523 13044143
6908 13046762
2658 13047019
22849 13048559
18458 13050900
9425 13051544
16765 13053256
26271 13054853
99 13060170
3967 13060456
8545 13066672
9838 13069187
21899 13074846
1316 13078157
3265 13078718
14962 13081472
4486 13083358
10100 13083612
27637 13084229
15424 13084478
12721 13086589
1979 13087145
16455 13087817
8606 13087843
26461 13091571
3585 13091941
19261 13094091
19912 13099509
15306 13099945
3342 13100940
28843 13101760
19960 13107682
989 13109256
1853 13109913
29416 13110228
25525 13112270
13093 13116718
3848 13117458
7638 13117967
17034 13118375
19474 13120576
6327 13120852
7224 13123534
19253 13123910
7865 13125510
25202 13126065
17812 13126139
7173 13126704
28215 13127900
2188 13128629
17294 13130991
19786 13134340
27001 13136034
3119 13137879
22707 13140973
17676 13142422
26467 13145615
13409 13146153
20495 13146641
26187 13147691
19310 13148713
5294 13149151
4617 13151243
27484 13152363
3154 13152814
7562 13157198
3216 13160095
28993 13162692
21183 13163512
10085 13164601
16760 13166531
1514 13170562
12120 13171915
25861 13172772
28684 13179218
7822 13179694
7938 13180286
20084 13182880
8918 13183454
19335 13183718
24601 13184638
197 13186947
13059 13190147
21974 13190516
713 13192654
24306 13194269
25094 13200888
18656 13200936
11557 13201447
11560 13201572
29501 13201953
9884 13204905
20846 13204930
10286 13205152
7372 13206918
28550 13212132
29856 13213191
14134 13217701
26528 13218790
28584 13219692
23406 13220354
6301 13222439
17442 13223276
12305 13223633
10119 13224691
22006 13229121
13286 13229521
27197 13230166
7405 13230410
11076 13230828
4086 13231884
4570 13232525
24430 13233481
22729 13233738
1355 13234655
8234 13234976
9572 13236450
9648 13236615
3775 13237647
22537 13238489
7689 13246535
21006 13247936
1098 13248386
24716 13249053
12524 13249524
11318 13256259
29309 13256742
14452 13257500
3797 13257777
23451 13258583
23791 13259087
10837 13260324
22401 13261476
24883 13261997
27293 13265278
4033 13265398
21123 13267293
22031 13270297
17138 13270954
7987 13272069
10694 13274568
29017 13277314
24891 13288227
9569 13294683
9018 13294840
10138 13304289
14308 13305125
24950 13306865
994 13310053
7510 13311053
20692 13311059
21153 13311239
10107 13316711
3344 13317512
27260 13319590
2496 13320600
21090 13322255
27038 13323946
15681 13324275
3012 13327894
11157 13327937
5040 13332735
20894 13333555
10871 13333836
5818 13336422
306 13339905
29991 13339972
7243 13342355
12531 13343980
23821 13353422
22723 13353624
15389 13353814
4757 13354299
22369 13354975
22255 13355280
6392 13371386
8 13373917
4031 13384527
21193 13386034
7154 13386966
2954 13388466
15895 13389878
18825 13390467
4712 13393981
22384 13394632
19802 13394870
25616 13396750
7066 13399652
22925 13400335
13187 13400444
22068 13400633
11045 13402305
172 13403225
2923 13403940
18854 13406322
23524 13406990
16550 13407021
3742 13407965
16796 13412436
19781 13413563
2000 13414207
13703 13418604
19724 13418730
15979 13419824
7030 13421544
7014 13421837
21038 13422993
2974 13424143
22150 13428625
21116 13430577
17872 13431686
21301 13432007
2453 13432200
22503 13436914
19770 13438440
26100 13439292
13561 13445635
20180 13446204
23855 13449252
21303 13451939
27507 13454257
6610 13454478
13391 13459798
13782 13460413
5783 13461570
19101 13462684
18908 13470254
25867 13471802
29988 13472394
790 13474401
5082 13474650
12485 13474802
3497 13477193
11017 13479504
9350 13479628
11375 13482531
16713 13482918
27194 13486701
12591 13487162
20278 13493213
6104 13494360
16473 13495850
6389 13500525
23276 13501856
24154 13502660
15556 13503409
4442 13503572
12890 13507579
9352 13511564
17582 13512063
24211 13512218
24078 13512497
8283 13513250
26633 13514325
28434 13516182
27428 13516750
2938 13519101
3552 13520088
8501 13520274
24580 13520881
13691 13527945
13597 13529620
22776 13532138
28391 13535312
19370 13535314
19001 13535542
2894 13536817
28536 13537882
26744 13538399
14466 13539042
3038 13540905
5556 13550550
21452 13551817
12535 13552133
27603 13568844
19469 13569777
15065 13570683
18527 13571057
27523 13572120
21417 13572362
29505 13572409
24836 13573212
4653 13573522
7832 13575073
13066 13576051
19537 13576566
3045 13577287
22186 13585678
4820 13590844
12730 13591120
8520 13591231
11543 13592937
5023 13592970
10891 13593544
3770 13598908
18564 13599200
11264 13618605
