6069
14678 1.340103
15845 1.339469
23025 1.327682
23643 1.322590
6043 1.309258
17588 1.307703
16332 1.303892
17253 1.302419
5184 1.298103
28067 1.290196
606 1.285722
28994 1.282235
22439 1.281944
8257 1.280795
22888 1.280795
7224 1.279233
6696 1.275594
22723 1.274638
25665 1.273477
26333 1.273349
11065 1.272999
25975 1.272938
29886 1.272598
3882 1.269658
3322 1.267987
24017 1.267384
8511 1.266196
20088 1.265727
4335 1.265176
20150 1.264927
19812 1.263250
11459 1.260606
19593 1.258713
18590 1.258713
26519 1.258521
24940 1.258521
8303 1.257508
13254 1.256399
25999 1.255540
14156 1.254001
5399 1.251520
12030 1.251118
25273 1.250659
8893 1.250404
12583 1.249583
13070 1.248307
23738 1.247785
3263 1.247383
4252 1.242538
9111 1.242305
18036 1.242151
18495 1.241386
2281 1.241386
15922 1.241386
2009 1.240542
1490 1.239479
29809 1.239170
24091 1.238289
7920 1.238102
16767 1.236820
13162 1.236104
22577 1.235902
14488 1.235795
10416 1.235711
24012 1.235447
27237 1.234221
11751 1.233893
7120 1.233406
22680 1.233406
6478 1.232851
27267 1.232397
24373 1.231824
18106 1.231173
5934 1.231173
7087 1.230253
18464 1.228929
19226 1.228552
14327 1.227893
22446 1.226867
1675 1.226608
29774 1.225109
25764 1.224354
16943 1.224018
19266 1.224018
23821 1.224018
17120 1.223871
7854 1.223553
677 1.223003
24318 1.222415
28906 1.221879
17420 1.221330
3363 1.220523
28107 1.219402
29474 1.219103
794 1.218964
8972 1.218730
19776 1.217964
19112 1.217964
18844 1.217031
25472 1.216363
21600 1.215416
22788 1.215178
25823 1.214194
4085 1.214103
11404 1.214031
13594 1.213385
121 1.212858
12507 1.212134
23878 1.211998
5162 1.211830
14589 1.211081
6026 1.210934
8534 1.210674
7881 1.210674
11655 1.210352
2515 1.209781
21333 1.209640
22711 1.209222
9395 1.208492
23302 1.206082
17156 1.205455
18552 1.205112
856 1.204640
4712 1.204051
12539 1.203948
2880 1.203822
24528 1.203639
10625 1.203639
10990 1.202834
7778 1.202834
1138 1.202354
29303 1.201977
12065 1.201422
22437 1.200969
14188 1.200746
2018 1.200524
23681 1.200462
2697 1.200462
29592 1.200251
4040 1.200251
14179 1.199958
25054 1.199766
1794 1.199238
5444 1.199238
7634 1.198825
27794 1.198825
22910 1.198368
26714 1.198218
3908 1.197627
3442 1.197627
2611 1.197051
23683 1.197051
21488 1.197051
9519 1.196490
7485 1.196215
8243 1.195943
22144 1.195866
23139 1.195409
28547 1.195409
18747 1.195409
3323 1.194962
7624 1.194888
6408 1.194718
9201 1.194524
704 1.194255
6978 1.193884
183 1.193400
17852 1.193162
20173 1.192465
3483 1.192125
28610 1.191791
20072 1.191697
18967 1.190885
24360 1.190822
18177 1.190203
14104 1.188965
16801 1.188578
4114 1.188515
12786 1.188367
27730 1.187347
28818 1.187297
17406 1.187052
21647 1.186955
22783 1.186762
3154 1.185651
3161 1.185278
522 1.184154
10925 1.183870
7375 1.182892
12283 1.182273
14344 1.181534
21460 1.181534
7719 1.181390
372 1.181178
12105 1.181178
10423 1.181108
25094 1.181108
11584 1.180381
16761 1.180031
10585 1.179215
25452 1.178914
3467 1.178050
2354 1.177775
7254 1.177505
2865 1.176831
21226 1.176731
25617 1.176731
6180 1.176241
19001 1.176241
2526 1.176241
24406 1.176003
19290 1.175770
17482 1.175318
27630 1.175099
17294 1.175027
11170 1.174884
16286 1.174465
17284 1.174062
15792 1.173932
25232 1.173486
2841 1.173423
2312 1.172763
20968 1.172705
25006 1.172420
7912 1.172089
119 1.172035
13178 1.172035
11532 1.171613
5807 1.171613
1872 1.171159
28572 1.171013
9482 1.170634
11275 1.170094
26902 1.169921
26014 1.169751
23559 1.169585
21349 1.169585
8296 1.169262
6451 1.169262
25248 1.168364
1715 1.168085
26989 1.167431
21400 1.167307
20240 1.167307
7757 1.167185
25888 1.167185
98 1.167125
9208 1.166947
1394 1.166947
24402 1.166947
18008 1.166831
24215 1.166831
24716 1.166716
21044 1.166439
6362 1.166439
22021 1.166120
11045 1.165668
27932 1.165668
16923 1.165668
5304 1.165383
2139 1.165245
10623 1.164723
16420 1.164600
1339 1.164243
10944 1.163694
23648 1.163389
8800 1.163291
27215 1.163291
16209 1.163101
68 1.163008
9229 1.162568
23481 1.162322
17954 1.162012
27501 1.160350
21356 1.160153
14673 1.160153
15482 1.159966
13323 1.159966
1439 1.159788
13823 1.159702
19503 1.159457
6301 1.159303
4118 1.159303
3622 1.158880
21848 1.158815
7756 1.158815
17347 1.158751
28454 1.158751
6023 1.158689
24633 1.158451
618 1.158451
16045 1.158451
14889 1.158394
10982 1.158339
9047 1.158179
28843 1.157979
820 1.157979
3314 1.157932
16056 1.157750
5644 1.157750
16697 1.157750
586 1.157580
3023 1.157580
27293 1.157539
9538 1.157539
21483 1.157460
23814 1.157460
9661 1.157383
21696 1.157345
11885 1.152716
21826 1.152716
22890 1.152716
28920 1.152716
27612 1.152716
23775 1.152716
23192 1.152716
16752 1.152716
17056 1.152716
882 1.152716
20351 1.152716
18558 1.152716
14428 1.152716
14725 1.152716
28849 1.152716
735 1.152716
26207 1.152716
12730 1.152716
16250 1.152716
12544 1.152716
23927 1.152716
4404 1.152716
27221 1.152716
22382 1.152716
27366 1.152716
15968 1.152716
7832 1.152716
24170 1.152716
22245 1.152716
15830 1.152716
23125 1.152716
2368 1.152716
18342 1.152716
22623 1.152716
17877 1.152716
24580 1.152716
22190 1.152716
8994 1.148087
6872 1.148011
6264 1.147852
8604 1.147769
23174 1.147769
4985 1.147593
24310 1.147452
3289 1.147452
3920 1.147452
21255 1.147452
9787 1.147404
5855 1.147354
13608 1.147201
22384 1.147037
6492 1.146981
7651 1.146805
20087 1.146743
27140 1.146743
22562 1.146276
5355 1.146203
3014 1.146203
13325 1.146053
23942 1.145975
29697 1.145813
3764 1.145730
25639 1.145644
12060 1.145279
24285 1.145082
12486 1.143267
5546 1.142692
10884 1.142604
24595 1.142331
8005 1.142237
29457 1.142141
4676 1.142043
5702 1.142043
15879 1.142043
20569 1.141943
10694 1.141841
14332 1.141072
28641 1.140832
2103 1.140708
6749 1.140582
2440 1.139466
12420 1.139466
13223 1.139312
23449 1.138993
12985 1.138828
8808 1.138715
567 1.138601
16446 1.138485
28447 1.138485
28474 1.138247
21365 1.138247
12257 1.138247
25894 1.138125
20125 1.138125
4646 1.137937
21180 1.137874
25329 1.137746
27301 1.137746
27782 1.137615
18372 1.137068
13849 1.136925
115 1.136780
21109 1.136780
7095 1.136480
8606 1.136480
6491 1.136327
2096 1.136327
20514 1.136327
1416 1.135847
12280 1.135847
8665 1.135511
12194 1.135338
940 1.135162
24820 1.134610
21358 1.134610
24198 1.134272
12183 1.134272
16444 1.134223
25099 1.134223
24479 1.133973
14638 1.133610
8544 1.133504
6646 1.133397
23971 1.133343
17743 1.133178
1076 1.132955
14843 1.132727
12594 1.132493
17629 1.132314
22838 1.132314
11927 1.132253
7283 1.132132
9039 1.132008
24166 1.131946
4031 1.131757
5657 1.131565
15631 1.131500
9545 1.131500
16087 1.130967
19657 1.130333
14294 1.130333
331 1.130114
18303 1.129890
15085 1.129662
11229 1.129569
14011 1.129191
13728 1.128997
14080 1.128801
16001 1.128701
17778 1.127979
4944 1.127926
19602 1.127326
10100 1.127100
18936 1.127100
4752 1.126812
13275 1.126636
1688 1.125909
14665 1.125909
21113 1.125593
29399 1.125139
14539 1.124940
3627 1.124873
20483 1.124873
11164 1.124873
21314 1.124370
10984 1.124254
16090 1.124136
248 1.124041
26508 1.124041
17783 1.123898
22595 1.123533
905 1.123533
87 1.123410
1185 1.123410
4243 1.123159
1118 1.122775
26211 1.122645
17867 1.122113
17726 1.121895
16643 1.121278
1891 1.121278
29646 1.120517
10338 1.120517
13301 1.119781
987 1.119781
12389 1.119142
23122 1.119142
2529 1.119011
28855 1.118812
10034 1.118812
3592 1.118669
21792 1.118134
22603 1.117785
29596 1.117357
27563 1.117170
14941 1.117170
5428 1.116854
11378 1.116532
19517 1.116467
8132 1.116314
7265 1.116314
3342 1.116005
28057 1.115871
7487 1.115871
22326 1.115127
5756 1.115045
22604 1.114833
516 1.114474
13189 1.113641
9431 1.113419
28536 1.113419
9065 1.113307
5761 1.112967
20419 1.112621
15513 1.112572
16069 1.112505
15566 1.112505
25237 1.112270
1060 1.112168
2595 1.112032
19920 1.111547
28888 1.111547
19267 1.111547
9306 1.111336
5863 1.111177
27518 1.111051
12721 1.110908
6439 1.110799
1110 1.110714
23686 1.110414
25039 1.110414
3559 1.110371
19710 1.110371
12524 1.110023
21124 1.109624
12927 1.109308
18161 1.109217
7723 1.108803
19533 1.108623
14651 1.108569
26223 1.108381
14079 1.108381
23918 1.108381
25890 1.107805
19913 1.107805
22470 1.107805
6881 1.107413
21481 1.107214
23443 1.107128
21701 1.107128
53 1.107013
5357 1.106607
26592 1.106607
27002 1.106607
12432 1.106235
9250 1.106142
9892 1.105773
29128 1.105666
19572 1.105529
8170 1.104970
26889 1.104686
25467 1.104463
22247 1.104398
629 1.104398
28657 1.104398
15964 1.104010
26517 1.104010
10651 1.103813
19849 1.103664
18329 1.103548
12727 1.103455
3324 1.102598
19962 1.102109
14158 1.101711
6630 1.101610
18678 1.101484
2092 1.101255
19043 1.100961
22977 1.100792
8505 1.100658
22566 1.100583
12409 1.100583
1064 1.100535
16886 1.099717
13509 1.099662
15916 1.099279
12690 1.099101
14306 1.098759
19534 1.098759
16491 1.098470
16473 1.097825
16343 1.097825
19285 1.097825
25361 1.097386
20403 1.097345
279 1.097345
2678 1.097297
29582 1.097163
4441 1.097163
15107 1.096759
26867 1.096361
23885 1.096025
2659 1.096025
13224 1.096025
22511 1.096025
11557 1.095855
29949 1.095792
8193 1.095792
10412 1.095792
24623 1.095341
24847 1.095341
22405 1.095080
4521 1.094758
11546 1.094103
29502 1.093602
4097 1.093433
9597 1.093093
23338 1.092047
8233 1.092047
2146 1.092047
19704 1.091551
18217 1.091510
3938 1.091460
18549 1.091329
3890 1.091238
23227 1.091238
18206 1.090742
2124 1.090593
16067 1.090593
12591 1.090536
22974 1.090407
22908 1.089840
12442 1.089632
10697 1.089632
25420 1.089380
16202 1.089380
18795 1.088949
9224 1.088278
18650 1.088278
2198 1.087957
22401 1.087643
11268 1.087468
2469 1.086846
9654 1.086701
16100 1.086637
13170 1.086468
44 1.086115
28717 1.086115
13037 1.086030
10367 1.086030
10860 1.085784
18597 1.085784
15415 1.085698
15777 1.085698
18040 1.085627
21929 1.085567
18830 1.085567
21187 1.085517
2235 1.085474
22590 1.085474
9678 1.084909
17047 1.084909
20669 1.084909
26090 1.084909
26929 1.084909
5946 1.084290
20432 1.084290
3552 1.084176
15979 1.084102
10301 1.084011
27956 1.083275
3632 1.083275
6517 1.083275
12012 1.083155
6392 1.082362
2752 1.082362
796 1.082141
7454 1.081935
7164 1.081879
23261 1.081695
6435 1.081561
4618 1.081561
6787 1.081309
18631 1.080970
17691 1.080671
29204 1.080671
19687 1.080671
25860 1.080370
1311 1.080022
29898 1.079759
13428 1.079759
9972 1.079617
25748 1.079361
5654 1.079138
24032 1.078897
27839 1.078824
18437 1.078824
23642 1.078565
18807 1.078162
24126 1.077864
15637 1.077864
13196 1.077864
1305 1.077742
28622 1.077539
9904 1.077413
5364 1.077305
10272 1.076879
29726 1.076788
12455 1.076713
16477 1.076713
3043 1.075222
13771 1.074566
1089 1.074477
7925 1.074376
12556 1.074376
29966 1.074259
18053 1.074016
4156 1.074016
15123 1.073898
2758 1.073898
9060 1.073763
9031 1.073608
15848 1.072968
17782 1.072732
1999 1.072527
3939 1.072294
4889 1.072294
20352 1.072294
4833 1.072073
27259 1.071824
7758 1.071824
14803 1.071824
19418 1.071404
17329 1.071108
18854 1.071108
28672 1.070829
11039 1.070379
21752 1.070379
15917 1.069985
13057 1.069924
3628 1.069720
21712 1.069637
25370 1.069637
7326 1.069637
21506 1.069387
17235 1.069387
624 1.069328
25870 1.069186
4842 1.068999
20105 1.068999
16378 1.068999
29816 1.068882
14452 1.068113
14526 1.068113
26009 1.067540
15661 1.066977
7503 1.066389
12468 1.066262
17673 1.066262
24358 1.066262
20354 1.064890
2969 1.064045
12445 1.064045
23222 1.064045
26205 1.064045
1358 1.064045
4603 1.063236
3165 1.063185
8017 1.063060
20638 1.063060
17732 1.062053
12216 1.061838
16220 1.061838
26730 1.061712
5716 1.061712
6382 1.061712
25062 1.061712
3635 1.061230
26185 1.061077
29597 1.061077
1252 1.060499
15980 1.060499
13769 1.060087
8292 1.060087
2492 1.059843
26077 1.059567
23741 1.059567
26142 1.058999
2561 1.058890
20560 1.058718
16601 1.058231
5912 1.057904
22506 1.057647
21408 1.057538
8884 1.057268
20757 1.057268
18098 1.057187
9405 1.056656
11643 1.056656
20130 1.056120
6621 1.055849
1528 1.055645
10019 1.055499
3137 1.055223
9600 1.055223
23143 1.055223
26283 1.055028
14876 1.055028
17531 1.055028
17307 1.054612
8997 1.054612
19956 1.054243
7735 1.053614
14353 1.053475
26100 1.053475
29031 1.053098
1059 1.052769
15634 1.052709
24380 1.052480
6228 1.052272
28164 1.051853
17127 1.051277
5875 1.051181
19360 1.051181
13729 1.051006
19090 1.051006
14807 1.050848
13528 1.050706
14379 1.050577
18494 1.049795
876 1.049267
9914 1.049032
10641 1.048971
7376 1.048917
9252 1.048782
6488 1.046962
17249 1.046854
24230 1.046854
4070 1.046791
19581 1.046719
4700 1.046240
4655 1.046162
19770 1.046077
24291 1.045983
41 1.045879
27891 1.045879
11419 1.045633
29200 1.045633
5753 1.045259
4456 1.044985
15039 1.044826
1560 1.044341
27347 1.043753
912 1.042933
25308 1.042584
4826 1.042349
20880 1.042003
29440 1.041878
11050 1.041878
13034 1.041163
21923 1.041163
14046 1.040802
16408 1.040802
486 1.040738
23003 1.040256
24817 1.039705
13101 1.039705
29998 1.039334
5957 1.038928
9301 1.038397
25914 1.038208
2931 1.038048
27367 1.037991
26578 1.037991
15881 1.037444
19261 1.036762
6236 1.036476
4477 1.036280
8862 1.036044
13909 1.035774
12068 1.035595
3216 1.035374
26995 1.035310
22670 1.035092
23630 1.035092
27130 1.035092
339 1.034489
16919 1.034489
15599 1.034329
19200 1.033951
28817 1.033951
2032 1.033469
2629 1.033469
3811 1.032953
21402 1.032494
5789 1.032432
78 1.032432
21659 1.032283
27038 1.032083
2603 1.031867
24145 1.031713
10349 1.030664
29798 1.029838
2313 1.029838
5918 1.029760
9836 1.028403
14457 1.028244
17118 1.027900
4464 1.027900
11869 1.027173
17570 1.027064
22082 1.027064
21409 1.026289
9317 1.026289
611 1.026289
14857 1.026198
3792 1.025765
24561 1.024636
12323 1.024636
8277 1.024636
9151 1.024636
15389 1.023612
12987 1.023488
9444 1.023387
12120 1.023035
13764 1.023035
21985 1.022940
28175 1.022940
16173 1.022940
14830 1.022493
2459 1.022493
23617 1.022220
9181 1.022220
2019 1.022220
28090 1.022113
8892 1.021996
1668 1.021867
21183 1.021512
21302 1.020813
11157 1.020276
7836 1.018679
20706 1.018679
10495 1.018464
4362 1.018232
9866 1.017983
23846 1.017983
13627 1.017824
13346 1.017824
10047 1.017102
22431 1.017102
2721 1.017102
15294 1.017102
26744 1.016272
21722 1.016138
24749 1.015953
9842 1.015760
26118 1.014970
26985 1.014390
16124 1.014390
25353 1.014390
1771 1.014007
16198 1.013834
1899 1.013834
12363 1.013834
4005 1.013595
18183 1.013595
19391 1.013595
8164 1.013215
21545 1.012791
5727 1.011886
4460 1.011154
13427 1.010989
22959 1.010989
21410 1.010466
7060 1.009999
18122 1.009902
7453 1.009479
26258 1.009479
27310 1.009479
11554 1.009205
4169 1.008626
6064 1.007902
20365 1.007227
18688 1.006970
3240 1.006597
21452 1.006007
5818 1.006007
23200 1.005801
11283 1.005212
27731 1.004932
5780 1.004661
4220 1.004441
9862 1.004441
26584 1.004441
15972 1.004347
3867 1.004347
3070 1.004347
16413 1.004144
10837 1.003978
29321 1.003978
7165 1.003400
21319 1.003013
16576 1.002769
29290 1.002362
28381 1.001893
21120 1.001765
11783 1.001349
13264 1.001043
5492 1.000709
8355 1.000655
26152 1.000470
18263 0.999350
19917 0.999020
3230 0.999020
19026 0.999020
29775 0.997873
28859 0.996943
28288 0.996943
1295 0.996943
11614 0.996943
18005 0.996541
18104 0.996541
12683 0.996174
19953 0.996036
13119 0.996036
16344 0.995527
8428 0.994875
26959 0.994682
13816 0.994286
25939 0.994085
24367 0.993959
5874 0.993721
27582 0.993501
3162 0.993109
13049 0.993109
23574 0.992404
9712 0.992211
8259 0.992211
26321 0.992211
2993 0.990931
20193 0.990153
27571 0.990153
16386 0.990063
17895 0.989980
6004 0.989980
16112 0.989832
27118 0.989499
11180 0.989456
848 0.989376
7943 0.988042
5339 0.988042
29880 0.986212
29156 0.984845
851 0.984732
13761 0.984482
27056 0.984190
29017 0.983847
9838 0.983651
25996 0.982643
6298 0.981739
25252 0.981237
29000 0.981237
20600 0.981035
27298 0.980042
6882 0.979809
5112 0.979809
12511 0.979809
28491 0.979298
19123 0.979189
9996 0.978843
25321 0.978062
13611 0.978062
24002 0.977137
26765 0.975375
14998 0.975375
14565 0.974934
5963 0.974934
10533 0.974654
7767 0.973405
16360 0.970708
21881 0.970708
28232 0.970708
14086 0.970203
16122 0.969667
22881 0.969464
13698 0.969222
28542 0.968492
22981 0.967712
16808 0.967712
19129 0.966794
10090 0.966418
9461 0.966349
19845 0.966086
12488 0.965064
6797 0.964773
20322 0.964517
5797 0.964090
7333 0.963746
13812 0.963464
8156 0.962857
19487 0.962708
19142 0.962708
12678 0.961869
20741 0.961624
5868 0.961562
6157 0.959772
27681 0.959621
7372 0.959621
16713 0.959558
18988 0.958801
6291 0.958801
2221 0.957498
3786 0.957447
20589 0.955541
17010 0.955289
2699 0.954478
21491 0.952912
25485 0.952244
16274 0.951920
11560 0.951784
25834 0.950828
28280 0.949295
24259 0.948695
9002 0.948695
21790 0.947789
25413 0.947572
22696 0.946334
1105 0.946160
27247 0.945818
12884 0.945818
13064 0.945818
6930 0.945227
26787 0.944849
12538 0.943131
961 0.941485
23132 0.940993
14309 0.940722
9534 0.940524
13859 0.940079
26652 0.938739
10812 0.936967
3598 0.934097
15050 0.933846
12429 0.933419
22927 0.933151
1533 0.932896
10978 0.932419
22710 0.932251
15940 0.930506
18544 0.926807
21220 0.924934
19048 0.924706
15450 0.920150
9908 0.919582
27325 0.918181
16092 0.916617
6957 0.914223
11495 0.913865
29657 0.910350
13574 0.908545
18563 0.907891
3860 0.907359
26116 0.907055
14703 0.906505
11852 0.906065
12535 0.902125
19293 0.901108
9041 0.897690
22844 0.893736
7987 0.891434
3930 0.889648
11867 0.888841
11176 0.886705
2046 0.883519
14715 0.882326
13312 0.877702
17748 0.876852
9506 0.876064
24140 0.874143
921 0.870262
27826 0.867927
16094 0.860553
14236 0.854995
7249 0.853111
9204 0.847177
8784 0.844663
16326 0.614782
28441 0.614782
10678 0.614782
27798 0.614782
1621 0.614782
24838 0.612231
3099 0.612231
11635 0.611868
10765 0.611868
16263 0.611868
18915 0.611645
3271 0.611385
16690 0.611385
5829 0.611078
12109 0.610710
3810 0.610710
23653 0.610710
12373 0.609701
2126 0.609701
23394 0.608982
852 0.607419
3315 0.607419
23986 0.607192
7797 0.606693
21613 0.606693
20987 0.605176
23855 0.605176
25607 0.603804
4911 0.603804
9740 0.602959
5536 0.602727
4336 0.602665
22967 0.602235
4742 0.601861
16102 0.600942
26467 0.600809
11452 0.600485
28735 0.600231
10997 0.600231
180 0.599883
9562 0.599787
18809 0.599412
16380 0.598813
10937 0.598813
15753 0.598813
583 0.598648
16835 0.598166
23040 0.598166
8536 0.598107
1299 0.597705
21067 0.597359
25133 0.597359
8789 0.597190
12481 0.596838
6647 0.596838
14303 0.596430
8413 0.596232
26279 0.595570
24383 0.595359
12630 0.595299
22204 0.595299
14611 0.595299
21538 0.594950
18380 0.594950
20241 0.594950
3502 0.594289
10626 0.594289
6120 0.593823
29850 0.593673
26055 0.593673
26339 0.593477
7937 0.593099
24866 0.592825
21515 0.592825
5998 0.592561
27328 0.592518
12824 0.591659
12327 0.591659
25680 0.591525
15273 0.591525
19742 0.591136
4146 0.591136
4928 0.591136
10470 0.591136
7712 0.591136
11748 0.591136
3787 0.590839
15477 0.590839
22014 0.590648
28558 0.590554
15206 0.590415
3378 0.590081
29121 0.589762
29329 0.589762
9620 0.589762
20596 0.589166
2570 0.589166
12733 0.589166
9970 0.589053
1297 0.589053
13212 0.588887
13246 0.588621
127 0.588621
15172 0.588217
24368 0.588120
14382 0.588120
25620 0.587659
10381 0.587659
18417 0.587371
26846 0.587233
16558 0.587233
21153 0.586837
22550 0.586837
24534 0.586837
28865 0.586837
17232 0.586469
23511 0.586295
14888 0.586295
29255 0.586127
29979 0.585964
1197 0.585806
5783 0.585135
5980 0.585135
1725 0.584476
16997 0.584326
13169 0.584043
18564 0.584043
14328 0.583908
27802 0.583843
23031 0.583654
14717 0.583533
23378 0.583415
24833 0.583302
18520 0.583302
19853 0.583302
13862 0.583139
6876 0.583139
24667 0.582692
4593 0.582425
17803 0.582425
26227 0.582425
27032 0.582064
26081 0.582064
25254 0.581744
7763 0.581744
12415 0.581646
3789 0.581646
14275 0.581370
23965 0.581284
17924 0.581284
23095 0.581121
9586 0.581044
16939 0.581044
11562 0.581044
11936 0.581044
27551 0.580969
11328 0.580076
17370 0.580076
23831 0.579983
13445 0.579809
12457 0.579809
24452 0.579809
18626 0.579728
25992 0.579728
19370 0.579651
6674 0.579440
9736 0.579440
28434 0.579254
1750 0.579254
14336 0.579197
11017 0.579142
19714 0.579039
17526 0.579039
5430 0.578943
14573 0.578897
25527 0.578769
19646 0.578730
28742 0.576358
23219 0.576358
11186 0.576358
5866 0.576358
29670 0.576358
17809 0.576358
5563 0.576358
7722 0.576358
20297 0.576358
20887 0.576358
2539 0.576358
7648 0.576358
13040 0.576358
13657 0.576358
9155 0.576358
10455 0.576358
8550 0.576358
9643 0.576358
16521 0.576358
21723 0.576358
8616 0.576358
14736 0.576358
22350 0.576358
24754 0.576358
27812 0.576358
1316 0.576358
19206 0.576358
12494 0.576358
26398 0.573884
27615 0.573884
5695 0.573796
8539 0.573652
15882 0.573652
9663 0.573652
17160 0.573600
25540 0.573546
29822 0.573432
9288 0.573174
3535 0.573102
20920 0.573102
16055 0.573026
15251 0.572948
11762 0.572865
24011 0.572778
23429 0.572778
8545 0.572591
7357 0.572591
15337 0.571672
24915 0.571672
8795 0.571515
29815 0.571515
13177 0.571432
20340 0.571166
12377 0.571070
979 0.571070
11511 0.570869
308 0.570869
27809 0.570762
1842 0.570651
19721 0.570416
26007 0.569733
25491 0.569577
24055 0.569577
20692 0.569358
10640 0.569242
24828 0.569062
5053 0.568873
18527 0.568873
13510 0.568741
4710 0.568741
22092 0.568673
14074 0.568604
15205 0.568604
16989 0.568604
474 0.568604
27677 0.568463
7662 0.568463
16319 0.568316
4086 0.568005
22017 0.567840
22012 0.567840
28956 0.567669
10386 0.567305
17624 0.567112
4667 0.566909
3658 0.566752
25066 0.566698
11302 0.566478
1983 0.566478
20032 0.566421
27238 0.566004
14038 0.566004
21336 0.565879
3919 0.565750
2914 0.565483
18595 0.565274
25260 0.564907
29971 0.564907
21994 0.564907
874 0.564907
14613 0.564784
13320 0.564596
14761 0.564400
5802 0.564350
23845 0.564350
416 0.564198
21930 0.563990
10873 0.563990
3521 0.563550
2363 0.563259
17180 0.563259
12581 0.562954
10597 0.562635
28070 0.562635
12809 0.562569
14966 0.562525
25314 0.562300
10453 0.562300
12330 0.562300
7353 0.562300
13010 0.562300
4177 0.562068
28091 0.562021
28544 0.561949
1957 0.561949
26862 0.561949
27958 0.561949
23491 0.561730
3027 0.561580
608 0.561580
10118 0.561191
29049 0.561110
11563 0.561110
5019 0.560781
20435 0.560781
7161 0.560781
15956 0.560495
23164 0.560436
6953 0.560077
7135 0.560024
5124 0.559891
10683 0.559755
3587 0.559700
7280 0.559571
5777 0.559571
9081 0.559477
25566 0.559238
25138 0.558893
28499 0.558893
23140 0.558893
4885 0.558459
18673 0.558459
14789 0.558459
29684 0.558266
8870 0.558157
8196 0.557936
6848 0.557766
6322 0.557523
1030 0.557461
7979 0.557461
4851 0.557357
6585 0.557237
18896 0.557237
20724 0.557146
24423 0.556930
14161 0.556868
9569 0.556820
8584 0.556484
19854 0.556484
3106 0.556484
5884 0.556484
22533 0.556484
9299 0.556135
795 0.556135
15983 0.556084
3141 0.556084
13881 0.556016
12906 0.556016
18898 0.555774
18746 0.555774
17559 0.555668
9474 0.555526
28630 0.555526
13091 0.555399
7093 0.555235
3311 0.555235
26308 0.555235
26643 0.555011
4141 0.555011
17557 0.555011
6907 0.554834
16135 0.554834
14774 0.554834
6859 0.554834
5730 0.554471
19887 0.554471
20016 0.554471
24119 0.554471
10686 0.554471
27177 0.554471
2933 0.554190
8129 0.554190
22613 0.553902
17313 0.553902
28792 0.553706
22011 0.553706
20342 0.553706
21383 0.553304
26102 0.553304
8016 0.553304
22582 0.552929
24097 0.552886
26940 0.552886
13637 0.552833
6736 0.552343
5066 0.552343
28600 0.552343
22481 0.552199
10085 0.552005
18804 0.551832
13284 0.551832
7663 0.551727
20217 0.551727
6589 0.551727
7610 0.551727
29885 0.551299
5671 0.551299
13916 0.551299
3548 0.551299
11387 0.551054
1513 0.550984
24800 0.550855
26967 0.550690
15692 0.550329
5684 0.550329
4659 0.550160
27532 0.550160
21742 0.550160
12833 0.550160
9406 0.550027
2078 0.550027
4147 0.549920
2521 0.549639
19992 0.549639
18771 0.549551
17671 0.548912
16184 0.548912
28770 0.548912
10962 0.548429
15076 0.548379
7106 0.548379
9069 0.548379
13454 0.548319
9150 0.548319
3233 0.548243
20133 0.548012
28294 0.547928
17095 0.547825
27109 0.547699
15275 0.547540
2686 0.547540
14312 0.547540
19818 0.547540
20878 0.547249
20446 0.547052
272 0.547052
24883 0.546870
7794 0.546801
23856 0.546267
18415 0.546267
19537 0.546267
21751 0.545730
5896 0.545730
13435 0.545664
1998 0.545371
16480 0.545268
10891 0.545268
28755 0.545127
5054 0.545127
13529 0.544920
24634 0.544743
14962 0.544499
26385 0.544338
24233 0.544139
24665 0.544139
12761 0.544139
24525 0.544082
17844 0.543845
29609 0.543734
25633 0.543734
23943 0.543639
26748 0.543639
14003 0.543557
10868 0.543318
18745 0.543165
3472 0.543057
11822 0.543015
29438 0.542455
24025 0.542455
20498 0.542455
24211 0.542455
5760 0.542455
26722 0.542455
8336 0.542455
13809 0.542455
13830 0.541830
29246 0.541713
8058 0.541638
25391 0.541356
5145 0.541356
28758 0.541275
24676 0.541275
29092 0.541181
22312 0.540939
14932 0.540654
23012 0.540654
11615 0.540130
17388 0.540011
13046 0.540011
28885 0.539880
24030 0.539569
19103 0.539081
23684 0.539081
16781 0.539081
13721 0.538564
13412 0.538394
29347 0.538273
19803 0.537934
11915 0.537934
13160 0.537934
1518 0.537589
9653 0.537536
12490 0.537536
28633 0.537463
28840 0.537283
28218 0.537188
1520 0.537188
5074 0.536881
4002 0.536609
3285 0.536484
12477 0.536412
26944 0.536366
6076 0.536147
13558 0.535605
12436 0.535605
16355 0.535455
5603 0.535385
25906 0.535190
21817 0.535016
29365 0.534962
17506 0.534372
15693 0.534185
14475 0.534185
4848 0.534185
6230 0.534185
15427 0.534027
13156 0.534027
7476 0.533770
28307 0.533665
12259 0.533572
19560 0.532976
27633 0.532768
19062 0.532023
6846 0.532023
5046 0.532023
3706 0.532023
24848 0.532023
18941 0.531252
24111 0.531026
18808 0.531026
19634 0.530948
7697 0.530856
6202 0.530856
4814 0.530856
12247 0.530539
12233 0.530453
4945 0.530358
22523 0.530249
26651 0.530249
1524 0.530126
11793 0.529820
26371 0.529626
5873 0.529477
3995 0.529477
15528 0.529115
25525 0.529115
16758 0.528952
13561 0.528769
10865 0.528634
5525 0.528562
19315 0.528562
28567 0.528328
21788 0.528060
7223 0.527879
20113 0.527749
19990 0.527749
8752 0.527386
1786 0.527386
5109 0.527386
16470 0.527306
11884 0.527306
26387 0.526956
28871 0.526956
6480 0.526672
16550 0.526672
20888 0.526621
2648 0.526621
15395 0.526549
1964 0.526136
264 0.526136
2025 0.526136
21962 0.525997
29889 0.525800
6462 0.525638
13575 0.525288
23360 0.525288
28869 0.525288
26254 0.525288
2810 0.525288
9664 0.525126
5641 0.525126
10330 0.525126
28996 0.525126
4586 0.524999
3985 0.524814
7946 0.524589
28560 0.523962
18356 0.523962
26665 0.523962
13089 0.523962
12016 0.523962
28486 0.523962
3563 0.523504
24950 0.523456
2655 0.523081
3006 0.522991
3778 0.522881
29728 0.522743
814 0.522743
20687 0.522743
28562 0.522689
5463 0.522225
15582 0.521985
20912 0.521985
21630 0.521756
16273 0.521591
23975 0.521329
28511 0.521228
10248 0.521002
12617 0.520939
17394 0.520893
9772 0.520581
19726 0.520581
5270 0.520581
10234 0.520581
19844 0.520581
14455 0.520581
1514 0.520128
6420 0.519852
8244 0.519667
27145 0.519104
13193 0.519024
26074 0.518722
10684 0.518722
26042 0.518722
10970 0.518722
2608 0.518722
1784 0.518446
9286 0.518381
28263 0.518075
21050 0.518075
23501 0.517960
25979 0.517106
21412 0.517106
24440 0.516976
3781 0.516976
10527 0.516976
9217 0.516735
13974 0.516735
20827 0.516735
13399 0.516518
26540 0.516417
14799 0.516417
20075 0.516321
4898 0.516321
29843 0.515827
5253 0.515827
19170 0.515689
22462 0.515689
29812 0.515561
11882 0.515500
27930 0.515500
8311 0.515332
11543 0.515180
28902 0.515180
13863 0.514919
10483 0.514919
22498 0.514805
12812 0.514701
13244 0.514701
19350 0.514605
27311 0.514605
13839 0.514435
13568 0.513950
16890 0.513950
3579 0.513950
20730 0.513950
20469 0.513861
14224 0.513861
2176 0.513782
2461 0.513586
3481 0.513586
26632 0.513532
25233 0.513437
13824 0.512318
21518 0.512318
21414 0.512318
24038 0.512318
24808 0.512318
24687 0.512318
16463 0.512318
807 0.512318
7173 0.512318
17613 0.512318
9648 0.512318
18248 0.512318
15550 0.512318
26401 0.511285
5574 0.511246
14360 0.511246
12819 0.511246
9443 0.511056
17934 0.511056
16053 0.511056
20274 0.510863
11900 0.510784
5042 0.510784
11248 0.510697
3111 0.510697
5732 0.510138
4324 0.510138
14145 0.509744
21334 0.509622
13813 0.509488
21084 0.509488
11552 0.509232
18428 0.509175
20268 0.508991
11402 0.508991
6591 0.508991
28777 0.508857
6270 0.508377
17856 0.508136
15362 0.508136
9624 0.507976
13821 0.507618
19481 0.507485
9899 0.507195
3959 0.507195
11588 0.507195
13674 0.507195
871 0.507195
8135 0.507195
11832 0.507195
19272 0.507195
7897 0.507195
29647 0.507004
15824 0.507004
13782 0.506954
26782 0.506954
24906 0.506954
2888 0.506798
13929 0.506395
17632 0.506070
22849 0.506070
1801 0.506070
26158 0.505784
22946 0.505784
26549 0.505708
8561 0.505577
3586 0.505577
10314 0.505469
28782 0.505469
28541 0.505300
26518 0.505123
28531 0.504999
7609 0.504999
27447 0.504999
13286 0.504740
11112 0.504740
2298 0.504740
28195 0.504672
29282 0.504672
25246 0.504313
13087 0.504313
13131 0.504313
14582 0.503836
8573 0.503836
15581 0.503369
14276 0.503216
22369 0.503003
29415 0.503003
24622 0.502780
28598 0.502301
19782 0.502072
11951 0.501989
21450 0.501770
14718 0.501700
3268 0.501700
19498 0.501181
8400 0.501181
14970 0.501181
19464 0.501181
3528 0.501181
24836 0.500675
5653 0.500521
24337 0.500521
25552 0.500328
16299 0.500235
4207 0.500120
25172 0.499973
1126 0.499973
15438 0.499973
653 0.499973
67 0.499850
11110 0.499510
25004 0.499510
19373 0.499510
19134 0.499510
15219 0.499265
15930 0.499265
4203 0.499114
21956 0.498726
306 0.498726
24249 0.498472
9849 0.498472
8897 0.498087
27127 0.498087
6171 0.497764
2188 0.497488
18468 0.497438
11305 0.497250
9357 0.497250
12570 0.496979
1838 0.496860
10872 0.496750
19352 0.496750
25846 0.496750
8245 0.496699
14979 0.496236
23750 0.496106
1130 0.496106
6500 0.496106
20097 0.495560
25567 0.495560
8053 0.494951
3242 0.494951
26132 0.494883
10951 0.494883
9488 0.494824
22154 0.494773
18706 0.494773
20324 0.494728
9828 0.494021
6880 0.494021
5493 0.494021
1402 0.493343
6778 0.493202
386 0.493202
19656 0.493140
14622 0.493069
15641 0.492985
5498 0.492693
17269 0.492614
12650 0.492614
16760 0.492614
14684 0.492524
23203 0.492524
15955 0.492306
15379 0.492171
12952 0.492171
2712 0.491954
8815 0.491954
20629 0.491954
22321 0.491322
12461 0.491322
4463 0.490834
5531 0.490517
9724 0.490517
14907 0.490517
12913 0.490295
14048 0.490235
12516 0.490235
26222 0.489904
24014 0.489755
29436 0.489649
21291 0.489361
15303 0.489361
20533 0.489031
24416 0.489031
25631 0.489031
1503 0.488709
18766 0.488651
17060 0.488651
17255 0.488651
25532 0.488439
15546 0.488343
24329 0.488209
27465 0.488209
2266 0.488087
13157 0.487922
15778 0.487871
19271 0.487687
29659 0.487434
17577 0.487434
9693 0.487327
17373 0.487327
28255 0.487327
25284 0.487063
10001 0.486923
24976 0.486574
4623 0.486467
21974 0.486467
7004 0.486085
21497 0.486010
27816 0.485949
6919 0.485949
18668 0.485898
2698 0.485354
18515 0.485354
19914 0.485354
15497 0.485354
6828 0.485354
23043 0.485354
25258 0.485354
13113 0.485354
16156 0.485354
21973 0.484833
23150 0.484833
25111 0.484732
28934 0.484665
3383 0.484665
13250 0.484581
5519 0.484581
9058 0.484581
6471 0.484334
1778 0.484246
6595 0.484013
5905 0.484013
1638 0.483856
6582 0.483856
10885 0.483729
23510 0.483578
4549 0.483578
18931 0.483397
4657 0.483397
2119 0.483397
28498 0.483235
4782 0.483235
26618 0.483174
10965 0.482813
19093 0.482813
16275 0.482813
7622 0.482813
2000 0.482532
15987 0.482532
3443 0.482532
19921 0.482182
1363 0.482182
4279 0.482182
18509 0.482045
27163 0.481514
17555 0.481456
2243 0.480888
24759 0.480812
1474 0.480754
4025 0.480298
28741 0.480298
681 0.480298
24033 0.480298
18757 0.480298
25772 0.479864
20648 0.479811
27625 0.479530
8184 0.479347
24930 0.479051
22539 0.478670
24986 0.478670
13187 0.478486
23860 0.478486
27254 0.478254
16218 0.477955
23314 0.477955
7432 0.477810
2245 0.477810
6896 0.477810
28503 0.477456
24488 0.477456
3055 0.477336
28456 0.476986
1493 0.476986
23791 0.476650
25109 0.476456
5931 0.475960
9127 0.475960
27123 0.475560
15086 0.475560
17151 0.475347
7188 0.475347
10616 0.475243
11679 0.475059
2755 0.474939
10674 0.474939
20442 0.474648
20938 0.474648
1844 0.474648
4866 0.474648
25589 0.474648
4289 0.474369
15268 0.474369
21656 0.474260
23899 0.474014
3965 0.474014
5043 0.473894
6838 0.473719
1051 0.473719
6357 0.473548
4787 0.473437
29150 0.473301
20234 0.473220
22925 0.473220
26962 0.473167
976 0.473167
4847 0.472909
11558 0.472909
22020 0.472909
12634 0.472662
8846 0.472542
28917 0.472542
7219 0.472425
14259 0.472425
1663 0.472332
4090 0.471566
20515 0.471566
17904 0.471276
23041 0.470897
9128 0.470496
24689 0.470308
9871 0.470262
2050 0.470262
20096 0.470262
6973 0.470187
11773 0.470039
1676 0.470039
842 0.469625
12428 0.469625
27210 0.469625
5646 0.469432
16657 0.469369
7340 0.469369
12838 0.469129
16080 0.469071
25769 0.468901
8585 0.468901
18954 0.468739
12009 0.468687
16464 0.468687
10822 0.468483
22866 0.468108
28060 0.467769
16574 0.467611
25685 0.467611
16658 0.467461
16308 0.467461
6793 0.467317
23135 0.467180
22766 0.467114
25990 0.467114
1747 0.466923
12155 0.466923
2470 0.466923
3067 0.466923
19808 0.466802
22488 0.466744
5834 0.466267
14781 0.466126
804 0.465992
20048 0.465864
8649 0.465864
24982 0.465629
14390 0.465629
19393 0.465629
10710 0.465520
10129 0.465520
7303 0.465416
24205 0.465222
7804 0.465222
1356 0.465131
2499 0.465131
16978 0.464961
22214 0.464881
28820 0.463986
20000 0.463986
18144 0.463898
26183 0.463815
10114 0.463736
24825 0.463662
13168 0.463592
2942 0.463347
10700 0.463293
25279 0.463241
29310 0.463241
9364 0.463145
27470 0.463057
27466 0.462976
5325 0.461086
13565 0.461086
23950 0.461086
6933 0.461086
24391 0.461086
20918 0.461086
24300 0.461086
14313 0.461086
3379 0.461086
25598 0.461086
25805 0.461086
14489 0.461086
120 0.461086
6610 0.461086
1976 0.461086
15374 0.461086
11003 0.461086
3457 0.461086
2275 0.459212
1124 0.459173
9333 0.459173
18031 0.459046
16852 0.458848
27195 0.458792
26511 0.458672
12446 0.458672
21307 0.458672
29616 0.458607
19527 0.458309
11221 0.458309
29635 0.458131
2230 0.458033
20059 0.457353
11948 0.457276
7100 0.457024
17131 0.456932
20517 0.456837
22149 0.456736
3834 0.456736
1616 0.456631
10754 0.456631
26922 0.456521
10130 0.456405
19317 0.456283
10936 0.456283
19329 0.456283
19035 0.455876
73 0.455564
945 0.455394
20927 0.455394
8076 0.455394
9686 0.455274
3665 0.455213
227 0.455213
14277 0.455019
6034 0.455019
118 0.455019
15847 0.454883
11464 0.454592
27850 0.454592
28526 0.454100
7790 0.453919
21404 0.453919
20493 0.453528
28659 0.453528
13081 0.453528
5904 0.453369
5345 0.453315
11037 0.453315
2894 0.453205
7906 0.453205
6255 0.453205
9530 0.453091
19663 0.453032
8031 0.453032
15380 0.452853
25280 0.452853
24990 0.452600
969 0.452600
6317 0.452468
13641 0.452468
3864 0.451865
9796 0.451328
4777 0.451328
25734 0.451328
3580 0.451276
19300 0.451063
6453 0.450840
27392 0.450840
29208 0.450607
22294 0.450607
21976 0.450487
21498 0.450487
9498 0.450363
1981 0.450363
19732 0.450173
17204 0.450108
21373 0.450108
12698 0.449840
12689 0.449840
17716 0.449840
903 0.449840
2737 0.449840
24545 0.449840
5024 0.449840
6104 0.449607
3775 0.449607
12557 0.449487
27495 0.449264
5591 0.449110
186 0.449110
14345 0.448953
9505 0.448953
8234 0.448625
25398 0.448568
18174 0.448278
23703 0.448278
19553 0.448278
24700 0.448278
18002 0.447975
26345 0.447912
3815 0.447525
16788 0.447323
6720 0.447114
4948 0.447114
19295 0.447114
8762 0.446971
6019 0.446971
28000 0.446868
2213 0.446602
5911 0.446602
23260 0.446213
23032 0.446213
4714 0.446213
2309 0.446213
26601 0.446213
12918 0.445862
14258 0.445802
4891 0.445717
23998 0.445717
16095 0.445717
3095 0.445494
2542 0.445494
12596 0.445108
1958 0.444908
17902 0.444908
6777 0.444545
7768 0.444276
11968 0.444166
23415 0.444166
7143 0.444079
3274 0.443903
17312 0.443903
3265 0.443769
174 0.443352
29776 0.443352
6693 0.442965
4059 0.442965
11390 0.442915
497 0.442915
1578 0.442643
7009 0.442561
18816 0.442457
24339 0.442267
24921 0.442267
9588 0.442138
3497 0.442138
13061 0.441974
14302 0.441874
10634 0.441759
9018 0.441759
28744 0.441695
20121 0.441695
3693 0.441466
4034 0.441231
10081 0.441231
6096 0.441039
14141 0.440930
12125 0.440930
3988 0.440594
12402 0.440528
2858 0.440528
6477 0.440469
52 0.440363
6680 0.440363
19470 0.440233
20975 0.440128
566 0.439852
28304 0.439852
3207 0.439764
25727 0.439696
17266 0.439696
1698 0.439696
4490 0.439640
24697 0.439640
19682 0.439595
7799 0.439130
23271 0.439130
15233 0.439130
13228 0.439130
17812 0.439130
12032 0.439130
914 0.439130
8381 0.438644
17872 0.438533
14975 0.438533
6885 0.438456
25362 0.438456
21824 0.438136
1509 0.437903
10452 0.437903
17582 0.437740
25750 0.437740
4162 0.437740
3964 0.437740
4589 0.437740
20568 0.437740
15065 0.437605
18335 0.437441
15190 0.437237
27086 0.437049
29257 0.437049
12304 0.436977
1881 0.436977
14311 0.436977
2762 0.436977
9352 0.436917
22035 0.436917
4233 0.436819
17649 0.436712
26314 0.436465
22123 0.436465
12714 0.436465
28626 0.436465
2001 0.436419
24144 0.436419
28636 0.436163
10286 0.435901
243 0.435853
29087 0.435361
24639 0.435209
14462 0.434987
20138 0.434796
12530 0.434532
7450 0.434357
25121 0.434357
15616 0.434207
29856 0.434207
13941 0.434140
23392 0.434140
18465 0.434077
18548 0.434077
16321 0.433964
10285 0.433818
15939 0.433695
14864 0.433590
24324 0.433500
18418 0.433421
4164 0.433142
13610 0.433000
20429 0.432945
4555 0.432898
19958 0.432857
20420 0.432268
27661 0.432268
19055 0.432268
28135 0.432268
8180 0.432268
10325 0.432268
4211 0.431611
8353 0.431339
21800 0.430922
12639 0.430532
24702 0.430532
28021 0.430532
19447 0.430347
6580 0.430347
5954 0.430029
14871 0.430029
2658 0.430029
15429 0.429826
3774 0.429826
9564 0.429826
14510 0.429584
27286 0.429584
21394 0.429443
18138 0.429443
27375 0.429352
25862 0.429352
7916 0.429352
5976 0.429352
21766 0.429352
11714 0.429203
12659 0.429150
18251 0.428918
26854 0.428918
4661 0.428918
2963 0.428648
21079 0.428648
13481 0.428574
9508 0.428332
13598 0.428013
14000 0.428013
7066 0.427954
28785 0.427620
14835 0.427497
2796 0.427412
9092 0.427348
26017 0.426932
23605 0.426932
18933 0.426932
2884 0.426932
18156 0.426932
21810 0.426932
5554 0.426556
14481 0.426505
17412 0.426505
18783 0.426438
29370 0.426438
1873 0.426438
1893 0.426438
21900 0.426004
12448 0.426004
24436 0.426004
6539 0.426004
1780 0.426004
8918 0.425903
13289 0.425844
18538 0.425844
18545 0.425466
8246 0.424964
14211 0.424964
1380 0.424964
2760 0.424685
2585 0.424431
21298 0.424313
5511 0.424313
7356 0.424199
1387 0.424199
10359 0.423869
22288 0.423447
20915 0.423219
18788 0.423219
9539 0.422890
29167 0.422890
14500 0.422830
20875 0.422662
16421 0.422662
5477 0.422662
8183 0.422461
16637 0.422282
14895 0.421565
18739 0.421565
24643 0.421423
3783 0.421297
10729 0.421083
24365 0.421083
20634 0.420992
15263 0.420909
990 0.420909
18696 0.420488
25148 0.420488
15127 0.420488
11370 0.420488
7209 0.420402
197 0.420402
10388 0.420402
1437 0.420202
28857 0.420018
26888 0.420018
22006 0.419169
706 0.419169
28435 0.419169
26794 0.419169
9158 0.419169
4010 0.419169
26021 0.419169
24861 0.419169
27672 0.418285
15156 0.418285
12602 0.418285
27834 0.418242
13135 0.418083
19950 0.418018
10366 0.417944
29129 0.417944
29541 0.417860
18439 0.417273
16170 0.417173
19596 0.417173
16632 0.416801
27859 0.416801
5620 0.416801
3174 0.416644
26030 0.416644
23230 0.416644
10335 0.416528
8620 0.416465
14981 0.416400
10153 0.416259
11485 0.416259
8634 0.416102
16296 0.416102
21720 0.415928
28545 0.415571
26678 0.415264
26568 0.415264
1217 0.415264
1973 0.415196
9832 0.414978
13711 0.414978
27581 0.414734
14503 0.414734
16577 0.414460
2220 0.414340
10910 0.414082
7962 0.414037
837 0.413795
12980 0.413795
24306 0.413795
21611 0.413795
20577 0.413795
3262 0.413112
26597 0.412701
20653 0.412701
12253 0.412551
10726 0.412551
29398 0.412551
15354 0.412440
28292 0.412230
156 0.412230
28550 0.412082
18055 0.412035
8953 0.411684
8493 0.411684
17776 0.411239
27702 0.411160
7558 0.411160
29100 0.410968
26622 0.410556
4471 0.410556
2522 0.410556
25560 0.410391
7496 0.410169
17046 0.409855
1366 0.409517
7742 0.409028
11692 0.409028
8878 0.409028
17176 0.409028
2483 0.408690
11805 0.408690
4963 0.408558
25229 0.408391
25681 0.408391
25441 0.408391
17171 0.407957
14575 0.407957
11705 0.407590
15892 0.407526
12464 0.407472
17322 0.407472
29223 0.407472
8885 0.407425
12718 0.406841
18460 0.406841
18107 0.406841
14696 0.406841
16465 0.406841
26449 0.406841
20171 0.406841
10068 0.406841
22416 0.406841
28674 0.406243
11599 0.406195
4035 0.405756
8677 0.405585
23180 0.405197
9025 0.405008
4677 0.405008
20228 0.404856
23199 0.404677
24455 0.404677
12662 0.404627
4978 0.404462
13858 0.404462
8305 0.404462
18593 0.404462
2543 0.404462
23944 0.404462
910 0.404270
13357 0.404045
28932 0.403776
13345 0.403716
8046 0.403451
1655 0.403451
1106 0.403451
11455 0.403451
29586 0.403192
994 0.401591
7138 0.401591
10035 0.401508
13985 0.401508
14520 0.401443
15782 0.401350
2442 0.400945
20929 0.400945
2970 0.400520
18599 0.400474
9319 0.400417
4668 0.400344
26334 0.400344
20015 0.400029
29169 0.400029
14604 0.399922
11482 0.399608
8867 0.399456
16765 0.399456
5406 0.399456
24085 0.399209
1245 0.399017
17598 0.398603
12759 0.398470
5576 0.398321
27722 0.398321
29132 0.398321
7347 0.398321
1231 0.397892
12057 0.397892
9232 0.397840
8033 0.397840
19960 0.397488
28875 0.397488
12485 0.397488
15736 0.397488
2930 0.397154
1792 0.397047
21429 0.397047
17311 0.396962
21975 0.396962
3520 0.396962
24204 0.396633
15054 0.396534
14362 0.396476
7086 0.396476
25726 0.396025
27650 0.395782
710 0.395782
12580 0.395607
4465 0.395540
8593 0.395540
7729 0.395492
27873 0.395217
2974 0.395217
12609 0.394853
17290 0.394623
12011 0.394623
24392 0.394350
16961 0.394350
7328 0.394193
28504 0.393966
25530 0.393893
26435 0.393845
17428 0.393610
3212 0.393610
2508 0.393610
14596 0.393344
29724 0.392971
7405 0.392971
621 0.392628
21520 0.392628
3227 0.392414
29144 0.392017
21543 0.391923
28632 0.391773
16863 0.391700
9811 0.391488
16148 0.391488
5425 0.391289
3785 0.391100
4720 0.390980
16306 0.390921
13191 0.390751
1887 0.390751
9781 0.390751
21090 0.390538
24260 0.390338
9934 0.390338
8067 0.390150
492 0.389807
17059 0.389807
3611 0.389807
27209 0.389650
27309 0.389502
24692 0.389502
9183 0.388982
27620 0.388868
9745 0.388556
12767 0.388556
5699 0.388415
26420 0.388415
2051 0.388415
552 0.388415
18905 0.388283
15456 0.388283
5356 0.388159
16941 0.388043
29446 0.388043
29660 0.387933
8345 0.387933
5094 0.387732
7170 0.387732
25328 0.387732
25634 0.387551
15758 0.387551
17183 0.387551
23409 0.387551
7725 0.387468
20045 0.387313
7734 0.386625
22912 0.386385
14558 0.386316
16259 0.386189
18966 0.386131
13957 0.386077
10546 0.385931
4442 0.385846
26400 0.385846
25078 0.385846
21640 0.385807
14023 0.384239
4033 0.384239
29804 0.384239
7880 0.384239
9817 0.384239
8414 0.384239
26121 0.384239
23792 0.384239
29521 0.384239
12302 0.384239
21899 0.384239
12995 0.384239
5503 0.384239
26123 0.384239
15350 0.384239
10487 0.384239
12748 0.384239
22787 0.384239
7184 0.384239
12351 0.382561
15781 0.382561
22924 0.382561
10225 0.382516
124 0.382418
2333 0.382308
26201 0.382248
15292 0.382043
20809 0.381965
6091 0.381881
13798 0.381140
12504 0.381063
1960 0.381063
25112 0.381063
12737 0.381063
28619 0.381063
1974 0.380982
20252 0.380897
18647 0.380808
2132 0.380808
13566 0.380808
20977 0.380714
17762 0.380614
17759 0.380614
1760 0.380508
10748 0.380508
29739 0.380396
11318 0.380277
14101 0.380277
23936 0.380277
22864 0.380151
6433 0.380151
26979 0.380151
28350 0.379718
20184 0.379718
17769 0.379609
14809 0.379553
8750 0.379553
28266 0.379553
1915 0.379375
18925 0.379249
20708 0.378975
18375 0.378827
3944 0.378827
28832 0.378504
29350 0.378504
26877 0.378327
5273 0.378140
22519 0.378091
28223 0.377498
19764 0.377498
2305 0.377498
22768 0.377252
17635 0.377252
26305 0.377057
14679 0.377057
19996 0.376989
11444 0.376989
14401 0.376849
7976 0.376397
6305 0.376397
21246 0.376397
25903 0.376200
7513 0.376149
16132 0.375993
28640 0.375886
29485 0.375886
23498 0.375775
8966 0.375303
22453 0.375303
4865 0.375046
25045 0.374980
20349 0.374633
29601 0.374633
14112 0.374633
18660 0.374633
9309 0.374486
4408 0.374486
3776 0.374258
2645 0.374180
3730 0.373854
92 0.373854
702 0.373349
25311 0.373133
13118 0.373133
24831 0.373133
25060 0.372937
6530 0.372793
11610 0.372793
1212 0.372734
21371 0.372734
5594 0.372595
6311 0.372493
14842 0.372306
12849 0.372306
23141 0.372177
22479 0.372177
19912 0.371844
27935 0.371844
28916 0.371491
21735 0.371431
5751 0.371431
6325 0.371431
28321 0.371118
28437 0.370989
4818 0.370989
25511 0.370874
29683 0.370874
20497 0.370350
14178 0.370350
12182 0.370303
20413 0.370008
4605 0.369739
5673 0.369647
6890 0.369647
26374 0.369647
19404 0.369317
363 0.369317
11218 0.368869
12474 0.368869
6470 0.368869
12350 0.368869
14429 0.368869
23074 0.368869
2551 0.368869
4759 0.368491
7141 0.368448
14839 0.368323
20755 0.367888
17476 0.367738
14137 0.367677
8687 0.367349
22622 0.367107
23898 0.367034
21253 0.367034
13456 0.366987
14296 0.366987
10802 0.366773
3526 0.366773
19101 0.366773
29509 0.366554
3425 0.366505
28339 0.366157
16987 0.366157
5613 0.365942
17108 0.365942
8822 0.365766
9903 0.365619
13866 0.365342
4285 0.365217
23145 0.365217
28410 0.365114
17457 0.365027
4957 0.364784
21618 0.364784
18108 0.364635
17459 0.364580
29963 0.364534
5368 0.364016
29396 0.364016
28072 0.364016
28001 0.364016
14319 0.364016
27963 0.364016
13703 0.364016
26408 0.362983
26999 0.362983
3385 0.362652
15069 0.362548
22779 0.362282
5380 0.362110
2949 0.362010
20566 0.361839
2187 0.361636
22793 0.361636
4356 0.361092
20796 0.360951
11731 0.360565
15218 0.360224
13861 0.360224
14060 0.360224
1853 0.360224
4979 0.359920
17874 0.359920
9980 0.359872
19755 0.359872
18513 0.359807
23704 0.359807
14217 0.359807
12673 0.359647
20645 0.359563
7990 0.359288
27657 0.359288
25131 0.359288
6444 0.358864
13433 0.358623
2706 0.358623
22705 0.358623
5435 0.358623
5122 0.358407
6454 0.357986
10712 0.357921
15288 0.357921
11911 0.357921
27412 0.357739
4704 0.357577
12585 0.357342
29416 0.357180
11487 0.356908
7330 0.356793
21673 0.356641
21380 0.356204
12149 0.356204
7370 0.356124
27889 0.356124
1626 0.356124
3902 0.355625
23258 0.355421
2259 0.355421
167 0.354682
21088 0.354682
12266 0.354682
5847 0.354682
3132 0.354682
16011 0.354682
9228 0.354682
388 0.353904
21495 0.353857
12953 0.353804
5220 0.353804
15492 0.353743
4310 0.353743
7864 0.353743
11036 0.353594
21816 0.353594
3848 0.353252
22208 0.353252
19439 0.352872
3998 0.352872
27099 0.352595
12996 0.352219
28227 0.351833
18473 0.351833
8721 0.351676
16873 0.351676
17216 0.351438
11113 0.351438
17410 0.351304
22592 0.351158
465 0.351158
23924 0.351158
11158 0.351081
23186 0.351033
20801 0.350426
8342 0.350426
19841 0.350335
8003 0.350192
2864 0.350192
25676 0.350192
17963 0.350192
15536 0.350039
2482 0.350039
5390 0.349932
20284 0.349700
2433 0.349308
23146 0.349308
16407 0.349308
29630 0.348987
18045 0.348930
5500 0.348930
20134 0.348930
21955 0.348848
6928 0.348848
13409 0.348848
19636 0.348848
26095 0.348626
28718 0.348216
3732 0.348216
314 0.347990
28178 0.347990
24008 0.347802
27144 0.347553
13519 0.347262
2505 0.347054
9133 0.346934
25960 0.346835
844 0.346835
1049 0.346568
16339 0.346481
18305 0.346356
29428 0.346356
25847 0.346309
25036 0.345815
7291 0.345815
1220 0.345815
9170 0.345815
11864 0.345348
25551 0.345307
12179 0.345258
15338 0.345198
29982 0.345198
16482 0.345125
25737 0.344830
29706 0.344830
20732 0.344737
75 0.344737
9890 0.344737
19813 0.344737
17628 0.344626
9019 0.344380
5216 0.344250
9241 0.343956
8779 0.343904
11266 0.343667
5971 0.343598
4316 0.343362
6455 0.343362
19660 0.343134
28228 0.343070
17077 0.343070
9802 0.342957
28264 0.342859
29050 0.342859
757 0.342699
8134 0.342699
5249 0.342391
7030 0.342096
25200 0.342096
8450 0.342015
13643 0.341954
24601 0.341954
11226 0.341907
27895 0.341545
1529 0.341545
21006 0.341204
5799 0.341204
27009 0.341163
23026 0.341110
21946 0.341110
18446 0.341110
20286 0.341040
26197 0.341040
19963 0.340803
8525 0.340803
10835 0.340803
19018 0.340704
25104 0.340575
1249 0.340326
23568 0.340146
24297 0.340146
15449 0.340146
23641 0.339903
5713 0.339640
17155 0.339640
14085 0.339640
27001 0.339034
445 0.338713
5408 0.338651
27186 0.338297
28295 0.338297
25861 0.338297
26583 0.338130
21592 0.337865
22503 0.337616
27643 0.337616
2261 0.337115
29973 0.337051
1710 0.336867
23789 0.336867
23815 0.336867
25235 0.336867
28787 0.336748
16004 0.336748
535 0.336748
23425 0.336209
70 0.336209
13712 0.336209
13391 0.335967
21432 0.335601
6947 0.335532
7327 0.335532
13552 0.335336
13978 0.335336
12184 0.335336
18474 0.335336
3501 0.335092
27637 0.334977
19655 0.334867
15237 0.334659
20414 0.334467
15534 0.333818
15033 0.333552
25808 0.333552
304 0.333552
3140 0.333490
20876 0.333490
7473 0.333430
12645 0.333155
16532 0.333007
24323 0.332411
2573 0.332224
6932 0.332224
13145 0.332224
23853 0.332224
5556 0.332138
13504 0.332058
24882 0.331982
18327 0.331982
989 0.331500
21288 0.331500
6020 0.331406
28961 0.331240
29420 0.331099
8528 0.331036
6135 0.331036
7179 0.330923
9285 0.330923
15417 0.330779
2107 0.330737
25673 0.330737
29839 0.329347
25029 0.329347
11797 0.329347
9835 0.329347
18728 0.329347
6920 0.329347
19715 0.329347
2453 0.329347
9978 0.329347
7535 0.329347
15933 0.329347
26315 0.329347
25872 0.329347
25015 0.329347
16188 0.329347
3713 0.329347
29080 0.329347
8313 0.329347
6908 0.329347
2613 0.329347
25333 0.328009
22980 0.327969
19873 0.327928
23964 0.327884
18343 0.327837
12158 0.327837
25202 0.327733
29716 0.327733
25324 0.327614
6099 0.327548
11601 0.327476
10831 0.327476
11100 0.327399
22989 0.327314
23710 0.327314
17950 0.327223
12746 0.327223
24995 0.326681
815 0.326681
3038 0.326433
13500 0.326433
8821 0.326240
4393 0.326240
15761 0.326134
11211 0.325899
10244 0.325473
1194 0.325363
28229 0.325363
11888 0.325306
15770 0.325125
21919 0.325125
9235 0.325125
10573 0.325125
2496 0.325125
17473 0.324995
10775 0.324709
25616 0.324551
8228 0.324201
10656 0.324057
11070 0.324057
6841 0.324057
29679 0.324007
1550 0.323904
10894 0.323904
18627 0.323797
7677 0.323569
21038 0.323569
17256 0.323386
6754 0.322983
6666 0.322760
26379 0.322760
8827 0.322760
21679 0.322760
26736 0.322571
27084 0.322522
10201 0.322522
8157 0.322522
28592 0.322522
18300 0.322370
24537 0.322265
13967 0.321988
17560 0.321988
27133 0.321688
19824 0.321688
6320 0.321688
18357 0.321430
9469 0.321430
26600 0.321363
28104 0.321249
7382 0.321249
21787 0.321155
10844 0.321155
16538 0.321009
15649 0.320859
28204 0.320541
27785 0.320541
2853 0.320486
20727 0.320486
11958 0.320486
21728 0.320486
13920 0.320199
23206 0.319937
5586 0.319937
27562 0.319892
2795 0.319892
24327 0.319427
21221 0.319427
27015 0.319214
23214 0.319055
2041 0.318991
1930 0.318637
28395 0.318637
8223 0.318637
4260 0.318514
5296 0.318514
9637 0.318369
17355 0.318369
11473 0.317991
2285 0.317991
5950 0.317991
9985 0.317991
29528 0.317991
23891 0.317991
3698 0.317261
18672 0.316997
28946 0.316997
15687 0.316997
11323 0.316997
2068 0.316997
4144 0.316432
18996 0.316232
5234 0.316174
12100 0.315973
29717 0.315813
27510 0.315682
24855 0.315625
14826 0.315625
28911 0.315480
7676 0.315480
22627 0.315366
13031 0.315366
10703 0.315273
24652 0.315273
9803 0.315028
16387 0.314950
28297 0.314950
2365 0.314888
6327 0.314798
13655 0.314377
12211 0.314377
24732 0.314377
10699 0.314377
18907 0.314377
13349 0.314377
711 0.314377
20852 0.314377
9635 0.313828
17442 0.313757
14013 0.313539
22467 0.313539
14939 0.313458
17937 0.313458
9200 0.313083
14438 0.312955
20763 0.312955
8276 0.312955
20845 0.312601
8375 0.312194
19251 0.312089
12818 0.311911
11984 0.311846
10167 0.311846
22224 0.311846
7369 0.311545
6373 0.311545
12571 0.311545
28982 0.311545
1008 0.311282
2117 0.311282
3562 0.311233
23096 0.310965
24818 0.310845
29618 0.310845
12212 0.310347
18543 0.310148
25725 0.310148
14909 0.309974
5023 0.309526
26719 0.309387
968 0.309265
8122 0.309265
20320 0.309265
2089 0.309108
18792 0.309108
25170 0.309108
27224 0.308975
28443 0.308862
2571 0.308763
24491 0.308677
5395 0.308677
18786 0.308370
2947 0.308213
19235 0.308152
14480 0.308053
29309 0.308053
24941 0.308013
16398 0.308013
26551 0.307391
8069 0.307391
1843 0.307391
5555 0.307391
26704 0.307391
7807 0.307391
6174 0.307391
10228 0.307391
21325 0.307391
4389 0.307391
1586 0.307391
14541 0.307391
1815 0.306686
2693 0.306686
27939 0.306634
21776 0.306634
29958 0.306573
29705 0.306502
5494 0.306418
22504 0.306418
23634 0.306418
24426 0.306115
23218 0.305934
15305 0.305934
15872 0.305539
18561 0.305539
15986 0.305420
151 0.305420
16776 0.305420
7846 0.305355
28726 0.305355
23201 0.305131
11373 0.304951
8503 0.304850
18015 0.304741
29348 0.304683
15815 0.304491
14144 0.304491
13864 0.304317
1009 0.304121
14307 0.304013
23960 0.304013
7255 0.304013
10764 0.304013
29022 0.303898
18634 0.303898
25587 0.303710
10003 0.303710
18741 0.303642
24346 0.303642
5570 0.303596
19276 0.303596
29486 0.303346
7945 0.303346
19027 0.303061
18411 0.303000
23786 0.303000
12221 0.302733
19052 0.302523
76 0.302352
28738 0.302352
13066 0.302168
3976 0.301758
3155 0.301645
2746 0.301364
24082 0.301278
7203 0.301212
16002 0.301212
18540 0.300708
24498 0.300708
21691 0.300242
6867 0.300115
9327 0.300115
29463 0.299810
27509 0.299407
22637 0.299407
25022 0.299263
8266 0.299263
21581 0.299083
14450 0.299083
20449 0.299031
1234 0.298679
26635 0.298631
3687 0.298350
24524 0.298215
11375 0.297893
13240 0.297475
15920 0.297475
11781 0.297145
16497 0.297019
7633 0.296837
23749 0.296549
26134 0.296549
29848 0.296549
3063 0.296413
22279 0.296413
5454 0.296280
21782 0.296111
6710 0.295568
23353 0.295568
10404 0.295568
20459 0.295568
17552 0.295208
18714 0.295208
6022 0.295208
10685 0.295008
22151 0.295008
18143 0.294881
3545 0.294583
7230 0.294583
24331 0.294527
12984 0.294310
1931 0.294310
26895 0.294060
7928 0.293686
12750 0.293686
13071 0.293686
18044 0.293419
11148 0.293419
17111 0.293419
3024 0.293419
1187 0.293176
22300 0.292955
12633 0.292903
23387 0.292753
17419 0.292753
16244 0.292567
21960 0.292567
16370 0.292567
25190 0.292396
24783 0.292091
5870 0.292091
28768 0.292091
19780 0.292091
1203 0.292021
29008 0.292021
15839 0.291954
28391 0.291954
15019 0.291827
4652 0.291827
7461 0.291651
26236 0.291651
15022 0.291212
1738 0.291090
7022 0.291090
20947 0.291090
28569 0.290775
29757 0.290601
20248 0.290522
11341 0.290087
4634 0.290087
20762 0.289991
23771 0.289991
7856 0.289905
6172 0.289826
18754 0.289627
24221 0.289627
2586 0.289519
24649 0.289519
24096 0.289471
9958 0.289426
3395 0.289346
28138 0.288179
28077 0.288179
24891 0.288179
11425 0.288179
13727 0.288179
2289 0.288179
1601 0.288179
18370 0.288179
15159 0.288179
14170 0.288179
19372 0.288179
9017 0.288179
22752 0.288179
2251 0.288179
6432 0.286942
21424 0.286898
18148 0.286851
11873 0.286800
28115 0.286621
7039 0.286551
19521 0.286551
22255 0.286551
4531 0.286474
1409 0.286474
4570 0.286295
8253 0.286295
4989 0.285797
9246 0.285716
27079 0.285716
26006 0.285716
24307 0.285716
11319 0.285535
23030 0.285208
5880 0.284941
27490 0.284789
21054 0.284789
14719 0.284621
10350 0.284436
27701 0.284231
25953 0.284231
21512 0.283745
26556 0.283745
18272 0.283556
24472 0.283349
21019 0.283123
5774 0.282939
24039 0.282875
10339 0.282528
24431 0.282528
8735 0.282528
16611 0.282298
10669 0.282298
24686 0.282298
27787 0.282099
18312 0.282048
25388 0.282048
18355 0.281775
24870 0.281775
12103 0.281659
28433 0.281414
3823 0.281150
23527 0.281150
23064 0.281150
24179 0.280914
11421 0.280865
16164 0.280865
28727 0.280865
9234 0.280790
26656 0.280790
16692 0.280790
1327 0.280661
22047 0.280555
25446 0.280555
16181 0.280218
1938 0.280218
23403 0.280218
27061 0.280099
17514 0.279850
11174 0.279850
19740 0.279739
2413 0.279446
1465 0.279446
23081 0.279446
7870 0.279001
21924 0.278796
6903 0.278679
28369 0.278573
23874 0.278434
10163 0.278242
28479 0.278242
20114 0.278242
242 0.278242
5116 0.278242
20208 0.278242
6804 0.278242
15619 0.278042
26790 0.277887
20264 0.277763
6150 0.277763
25180 0.277763
22150 0.277417
22750 0.277095
24476 0.276652
18203 0.276652
27194 0.276652
16425 0.276652
415 0.276652
22776 0.276652
2948 0.276652
29185 0.276271
17825 0.276227
26875 0.275769
14102 0.275769
3733 0.275492
26195 0.275275
718 0.275275
12379 0.275275
22031 0.275080
23629 0.274960
678 0.274960
4052 0.274820
23680 0.274820
12772 0.274741
15444 0.274690
26523 0.274456
22338 0.274159
3838 0.273770
19032 0.273704
10337 0.273704
15500 0.273526
24717 0.273526
16804 0.273155
714 0.273155
727 0.273012
2283 0.273012
20894 0.273012
28031 0.273012
10689 0.272888
24121 0.272888
16642 0.272832
10564 0.272832
29501 0.272685
28801 0.272070
2284 0.272070
22472 0.271923
22142 0.271779
4071 0.271227
3705 0.271227
19240 0.271227
23363 0.271227
798 0.271227
29066 0.271227
22896 0.270678
20040 0.270535
19427 0.270470
27713 0.270470
18479 0.270006
23404 0.269904
21116 0.269785
23208 0.269785
23054 0.269587
10043 0.269466
13287 0.269466
10324 0.269466
28908 0.269326
21683 0.269162
6929 0.268967
20276 0.268795
1755 0.268795
9526 0.268731
1229 0.268594
4440 0.268504
12423 0.268504
25477 0.268504
20415 0.268357
6518 0.267851
19999 0.267803
26288 0.267803
22537 0.267803
568 0.267595
18694 0.267595
26234 0.267481
23524 0.267481
16316 0.267430
26478 0.267430
19524 0.267296
3602 0.267296
27409 0.267153
23412 0.266945
17371 0.266945
6742 0.266945
8922 0.266524
25843 0.266011
3984 0.266011
8638 0.266011
27603 0.266011
16980 0.265603
19145 0.265603
11043 0.265547
29395 0.265474
3926 0.265474
8285 0.265474
11516 0.265227
22791 0.265227
13644 0.265227
8799 0.265125
13021 0.264739
25934 0.264558
25024 0.264558
7154 0.264384
25154 0.264317
14241 0.264317
18836 0.263478
4994 0.263478
22935 0.263478
15321 0.262795
27978 0.262795
14968 0.262644
16674 0.262500
13215 0.262295
20486 0.262295
28343 0.261981
19165 0.261981
13151 0.261752
18381 0.261698
2793 0.261698
18732 0.261541
17841 0.261344
23583 0.260992
24929 0.260992
25199 0.260733
16902 0.260614
5082 0.260614
28234 0.260446
17034 0.260291
14768 0.259926
18865 0.259767
15666 0.259767
17289 0.259621
2346 0.259552
17493 0.259552
19426 0.259361
28628 0.259245
18188 0.259245
25626 0.259037
17731 0.258899
16610 0.258773
26677 0.258658
14661 0.258553
25484 0.258367
7510 0.258367
8628 0.258285
21583 0.258285
26727 0.257750
14418 0.257750
4936 0.257750
11426 0.257666
27331 0.257590
15679 0.257459
2276 0.257459
4447 0.257351
17173 0.257218
9714 0.256159
15965 0.256159
22615 0.256159
7878 0.256159
975 0.256159
21301 0.256159
323 0.255109
7433 0.255069
19820 0.254979
1644 0.254811
27662 0.254670
22209 0.254670
8368 0.254670
18234 0.254588
2909 0.254588
1857 0.254496
23601 0.254496
12198 0.254496
23198 0.253902
25766 0.253708
5547 0.253597
7384 0.253477
29636 0.253477
3120 0.253477
1695 0.253344
6577 0.253198
15241 0.253198
22558 0.253035
11804 0.252917
9463 0.252854
22351 0.252336
15204 0.252011
12692 0.251960
6916 0.251743
23348 0.251685
22767 0.251502
7971 0.251303
26824 0.251233
22374 0.251087
25768 0.250850
6511 0.250850
16533 0.250800
18892 0.250800
14920 0.250800
20889 0.250590
27228 0.250590
22706 0.250364
674 0.250118
4179 0.249987
13651 0.249987
13122 0.249987
6845 0.249987
16106 0.249987
25898 0.249850
16633 0.249850
8807 0.249850
13523 0.249850
22070 0.249755
29270 0.249633
4323 0.249557
17565 0.249557
24635 0.249557
16594 0.249557
10278 0.249557
26980 0.248943
12655 0.248943
14729 0.248625
19784 0.248277
16659 0.248053
14484 0.247780
4287 0.247780
22433 0.247780
23171 0.247780
27716 0.247691
11353 0.247691
1717 0.247476
23406 0.247412
13790 0.247412
19421 0.247412
6206 0.247011
20043 0.247011
5354 0.247011
26448 0.247011
18965 0.247011
8518 0.247011
29407 0.246493
22452 0.246493
18394 0.246085
19309 0.245757
24740 0.245549
8598 0.245549
3210 0.245486
16874 0.245259
6943 0.245022
12520 0.244952
13311 0.244825
7529 0.244711
687 0.244711
5264 0.244515
26023 0.244219
19802 0.244105
20439 0.244105
26502 0.243664
18825 0.243431
27356 0.243351
21241 0.243351
7938 0.243287
10435 0.243287
20976 0.243287
7273 0.242677
1631 0.242677
16647 0.242167
15885 0.242123
25943 0.242123
21507 0.242007
4305 0.242007
16178 0.241617
10049 0.241406
18758 0.241266
14840 0.241022
18537 0.240866
25065 0.240866
2806 0.240866
1236 0.240444
28799 0.240444
17061 0.240377
18917 0.240377
23465 0.240149
10158 0.240149
21530 0.240149
13832 0.239765
19382 0.239765
3603 0.239765
22598 0.239525
1696 0.239525
475 0.239525
6732 0.239525
29323 0.239525
23341 0.239362
2142 0.238978
5991 0.238905
22607 0.238493
4320 0.238493
20246 0.238493
23285 0.238164
15316 0.238164
28219 0.238164
20910 0.238120
15831 0.237980
18113 0.237980
10670 0.237980
19681 0.237780
10374 0.237780
11658 0.237780
5786 0.237529
13360 0.237529
2882 0.237469
20859 0.237469
11512 0.237130
17630 0.237130
6445 0.237007
24624 0.237007
26330 0.236718
29102 0.236455
9707 0.236166
14210 0.235905
12028 0.235783
6685 0.235666
28405 0.235501
21708 0.235501
11072 0.235501
2246 0.235448
25264 0.235248
10138 0.235020
26527 0.235020
18201 0.234948
3448 0.234948
3992 0.234812
7098 0.234812
21598 0.234685
29107 0.234685
9240 0.234624
26409 0.234624
7187 0.234451
966 0.234451
20711 0.234451
20200 0.234242
13527 0.234242
5327 0.233884
5267 0.233461
12934 0.233461
18924 0.233343
11154 0.233288
20857 0.233288
12599 0.233288
27175 0.233288
29143 0.232996
6363 0.232658
24027 0.232565
149 0.232565
5861 0.232565
11955 0.232565
16230 0.232481
12558 0.232402
22833 0.231993
18081 0.231831
8540 0.231763
23178 0.231646
6102 0.231646
16525 0.231596
14308 0.231469
7849 0.230543
14917 0.230543
9350 0.230543
29199 0.230543
27278 0.230543
22773 0.230543
18730 0.230543
9044 0.230543
7891 0.230543
21577 0.229545
2319 0.229451
8107 0.229451
16701 0.229396
17310 0.229336
7931 0.229336
3551 0.229269
13453 0.229195
25729 0.229111
25041 0.229111
5293 0.229016
28203 0.228638
8818 0.228556
24050 0.228368
8217 0.228368
11481 0.228261
22084 0.228261
5186 0.228142
672 0.227697
2938 0.227697
3841 0.227575
20943 0.227510
4454 0.227510
29522 0.227296
1355 0.227296
24994 0.227136
20823 0.227136
26763 0.227136
18013 0.226960
20402 0.226764
11095 0.226764
446 0.226602
25892 0.226602
25460 0.226602
15681 0.226545
4651 0.226426
26573 0.226300
1021 0.226234
15066 0.226234
18018 0.225638
15732 0.225531
599 0.225420
7013 0.225420
24414 0.225182
18210 0.224920
26823 0.224682
24558 0.224632
22104 0.223956
10331 0.223734
5679 0.223734
25845 0.223557
20347 0.223486
15540 0.223486
9501 0.223486
22572 0.223486
18029 0.223486
18032 0.223486
11753 0.223106
6035 0.223106
13586 0.223106
8938 0.223106
18128 0.223106
25231 0.223106
9791 0.223106
7941 0.223106
8928 0.222747
3682 0.222684
3301 0.222684
13910 0.222454
5800 0.222351
27649 0.222210
19804 0.222210
16756 0.222083
5920 0.222083
10631 0.221913
3035 0.221676
6509 0.221483
3015 0.221426
2868 0.221069
22988 0.220937
14223 0.220733
16088 0.220615
11411 0.220615
5848 0.220182
20605 0.220117
17951 0.220020
23881 0.220020
25210 0.219565
23776 0.219565
17145 0.219565
16162 0.219111
28402 0.219068
7669 0.218870
5938 0.218619
1136 0.218619
11001 0.218409
12430 0.218409
11483 0.218266
364 0.218266
13691 0.218266
21105 0.218266
19069 0.218210
15746 0.218210
28098 0.218081
4254 0.218081
22118 0.217680
669 0.217494
3284 0.217315
8727 0.217266
6939 0.217266
26271 0.217266
16884 0.216848
13592 0.216750
28793 0.216532
21632 0.216472
28938 0.216134
24630 0.216134
3148 0.215828
13615 0.215779
21157 0.215779
29986 0.215713
12950 0.215713
23938 0.215713
25409 0.215461
4719 0.215343
23983 0.215014
2379 0.214792
17293 0.214792
1772 0.214722
27774 0.214459
4245 0.214459
27885 0.214459
20137 0.214166
24768 0.214166
28416 0.213906
15954 0.213906
22951 0.213749
25644 0.213749
24372 0.213749
23689 0.213674
17878 0.213466
25641 0.213466
11111 0.213466
7014 0.213107
1800 0.213002
3648 0.212952
9893 0.212952
3264 0.212637
26596 0.212637
16207 0.212482
8679 0.212482
26647 0.212342
24874 0.212342
29318 0.212156
8071 0.212156
26338 0.212156
16929 0.211994
6784 0.211994
20997 0.211850
28019 0.211415
4420 0.211415
1435 0.210955
15070 0.210955
4013 0.210863
18749 0.210782
23451 0.210712
7623 0.210496
3100 0.209585
19722 0.209585
2983 0.209585
1098 0.209585
1665 0.209585
14037 0.209585
18117 0.209585
3435 0.209585
16716 0.209585
3228 0.209585
26897 0.208722
4830 0.208681
23722 0.208587
3441 0.208322
13696 0.208322
3283 0.208322
22694 0.208233
19181 0.207867
7035 0.207786
11076 0.207786
1990 0.207697
5714 0.207697
5219 0.207489
20525 0.207367
24475 0.207018
12800 0.207018
3080 0.206898
11585 0.206898
28601 0.206619
26206 0.206619
11989 0.206457
28494 0.206275
10221 0.206275
17992 0.206072
17869 0.206017
5284 0.206017
9073 0.205842
29634 0.205842
23472 0.205649
14880 0.205649
14367 0.205649
26821 0.205580
11712 0.205580
7718 0.205580
631 0.205580
9332 0.205435
18079 0.205342
13697 0.205144
27646 0.205144
21295 0.204927
10363 0.204688
14767 0.204624
27069 0.204624
4510 0.204279
3583 0.204279
19703 0.204279
13302 0.204127
10509 0.204127
8653 0.204021
14670 0.204021
4726 0.203795
24095 0.203795
11197 0.203736
18643 0.203736
4533 0.203736
3675 0.203693
12631 0.203420
29741 0.203420
27915 0.203420
22249 0.203122
11252 0.203122
12209 0.203069
3156 0.202878
8123 0.202675
28936 0.202675
3464 0.202231
25753 0.202231
12067 0.202231
7290 0.202022
29106 0.202022
24430 0.202022
25043 0.201858
27764 0.201858
14410 0.201725
24713 0.201725
15841 0.201725
15957 0.201725
11029 0.201725
15730 0.201568
19249 0.201445
4123 0.201445
10107 0.201055
19414 0.201055
973 0.201055
2807 0.200986
15421 0.200932
13947 0.200932
13907 0.200888
22344 0.200472
4470 0.200472
6119 0.200472
6724 0.200472
25034 0.200472
7953 0.200015
8674 0.199893
14773 0.199804
18353 0.199804
23782 0.199604
24778 0.199604
20771 0.199604
13105 0.199509
13310 0.199389
25867 0.199235
24214 0.199105
21463 0.198946
27818 0.198744
9432 0.198554
7568 0.198205
24972 0.198013
21586 0.198013
4325 0.197891
13139 0.197608
25927 0.197608
14847 0.197312
16646 0.197312
10239 0.197175
12308 0.197175
29373 0.196805
19569 0.196672
138 0.196427
14594 0.195962
21002 0.195886
10587 0.195886
16766 0.195886
17817 0.195744
20020 0.195612
12828 0.195376
21478 0.195218
7765 0.195169
21612 0.195169
13851 0.194987
4820 0.194825
21094 0.194614
6245 0.194551
18302 0.194551
10795 0.194434
12069 0.194434
11889 0.194434
14752 0.194278
15851 0.194142
1038 0.193915
10387 0.193819
21149 0.193734
12156 0.193193
2661 0.193125
147 0.193125
2835 0.193066
22624 0.193066
24508 0.193013
29188 0.192966
25707 0.192966
14771 0.192119
6221 0.192119
15589 0.192119
17395 0.192119
17000 0.192119
23225 0.192119
14196 0.192119
19787 0.192119
20424 0.192119
10778 0.191322
14548 0.191322
1403 0.191322
4780 0.191182
28162 0.191182
14180 0.190983
12145 0.190896
10843 0.190896
24042 0.190357
2540 0.190139
17978 0.190139
13904 0.190008
20408 0.190008
28214 0.189859
20919 0.189687
4377 0.189687
1018 0.189624
24321 0.189488
4111 0.188807
22037 0.188749
2954 0.188626
17198 0.188626
6425 0.188199
10790 0.188199
3225 0.188199
713 0.188199
28635 0.187997
14228 0.187943
7362 0.187943
10883 0.187943
19377 0.187651
14603 0.187523
9572 0.187523
7991 0.187523
8961 0.187523
19357 0.187316
22942 0.187316
10877 0.187243
25213 0.187243
15605 0.187243
20180 0.187243
15999 0.187243
789 0.187193
26443 0.187193
28315 0.186927
1146 0.186927
18141 0.186927
1048 0.186630
8857 0.186567
8378 0.186089
21582 0.186089
17752 0.185607
25813 0.185607
4812 0.185495
6596 0.185495
3854 0.185495
28326 0.185175
23868 0.184928
6891 0.184435
22106 0.184435
11611 0.184435
10474 0.184435
17103 0.184435
3779 0.184435
5887 0.184047
12079 0.184047
26891 0.184047
25307 0.184002
2987 0.183618
10887 0.183387
4418 0.183213
24934 0.183142
19389 0.182748
21554 0.182608
22323 0.182513
2722 0.182008
24698 0.182008
3742 0.182008
23586 0.182008
20213 0.182008
29612 0.181756
9404 0.181709
16460 0.181640
18025 0.181640
14377 0.181446
18868 0.181326
26411 0.181055
20957 0.180818
19542 0.180818
25674 0.180260
11957 0.180112
9042 0.179781
18001 0.179781
10063 0.179781
14686 0.179644
99 0.179644
28977 0.179521
3795 0.179063
28764 0.178960
16614 0.178960
7822 0.178485
29161 0.178485
7 0.178397
19890 0.178397
3056 0.178321
25298 0.178147
8664 0.178062
20752 0.177341
23220 0.177341
893 0.177341
29186 0.177341
23908 0.177341
23148 0.177341
14061 0.177341
24927 0.177341
10515 0.176586
18042 0.176586
15071 0.176586
28238 0.176492
16313 0.176492
5156 0.176372
24076 0.176372
17737 0.176372
16724 0.176298
1633 0.176211
15806 0.175838
5405 0.175838
12942 0.175652
23486 0.175413
28453 0.175413
27537 0.175267
28588 0.175267
25646 0.175213
16211 0.175213
13996 0.175096
18241 0.175096
22213 0.174966
7855 0.174654
1719 0.174654
505 0.174465
11827 0.174465
4486 0.174465
14786 0.174248
22865 0.174248
594 0.174248
6483 0.173995
29177 0.173995
28110 0.173995
14218 0.173776
24615 0.173527
23654 0.173241
25230 0.173178
18702 0.173178
11406 0.173178
16146 0.172653
10262 0.172653
25416 0.172653
23560 0.172599
6533 0.172369
22617 0.172369
5862 0.172245
27484 0.171896
28272 0.171896
20304 0.171833
29881 0.171681
12756 0.171567
2850 0.171567
26458 0.171478
6100 0.171195
20301 0.171195
16226 0.171146
12890 0.170773
25141 0.170773
28993 0.170773
9846 0.170401
12124 0.170401
20673 0.170288
22440 0.170288
11848 0.170073
17350 0.169986
2781 0.169725
6818 0.169725
15326 0.169517
21384 0.169517
320 0.169379
3829 0.169379
19025 0.169325
15306 0.169325
25158 0.169325
7640 0.169206
11184 0.169065
25962 0.168985
4591 0.168690
20864 0.168433
4653 0.168433
9097 0.168374
9990 0.168374
26834 0.168374
1984 0.168007
8212 0.167945
8501 0.167871
3297 0.167434
27439 0.167330
8394 0.167330
18432 0.167330
28048 0.167060
4758 0.167060
26194 0.166909
24464 0.166840
19861 0.166658
4286 0.166658
28721 0.166503
29337 0.165750
7174 0.165750
17393 0.165750
7661 0.165750
21671 0.165750
15246 0.165660
4917 0.165518
17985 0.165518
18457 0.165412
21083 0.164674
27218 0.164674
12010 0.164674
15560 0.164674
23365 0.164674
27789 0.164674
20782 0.164674
28422 0.163838
3237 0.163838
23237 0.163774
20391 0.163611
3885 0.163216
2274 0.163010
21158 0.162884
9758 0.162736
16034 0.162736
18662 0.162736
3876 0.162624
27866 0.162562
18333 0.162562
3710 0.162497
14436 0.162497
14376 0.162497
8923 0.162497
12685 0.162191
24106 0.162003
24154 0.161785
7437 0.161785
6568 0.161785
15135 0.161785
25619 0.161596
269 0.161527
19298 0.161285
22699 0.161285
20803 0.161132
5642 0.161132
16391 0.160844
5987 0.160844
20549 0.160624
17667 0.160577
28835 0.160577
24407 0.160505
4106 0.160378
4802 0.160378
8251 0.159914
28662 0.159495
21916 0.159318
21185 0.158995
4431 0.158995
20871 0.158673
890 0.158575
28100 0.158498
22402 0.158216
15291 0.157906
26318 0.157906
3651 0.157740
22339 0.157740
23957 0.157636
25555 0.157636
22277 0.157514
21770 0.157189
25216 0.157189
5069 0.156966
26752 0.156966
9697 0.156914
2569 0.156680
10184 0.156542
10002 0.156542
19734 0.156477
2250 0.156300
11094 0.156300
5664 0.156097
26041 0.156097
8748 0.156097
14523 0.155923
28522 0.155772
22828 0.155641
18648 0.155581
16698 0.155422
26039 0.155288
27391 0.155173
21127 0.155074
16826 0.155074
25572 0.154987
15716 0.154554
5180 0.154554
27007 0.154488
10871 0.154382
29217 0.154382
19474 0.154382
29343 0.153695
21830 0.153695
16682 0.153695
26509 0.153695
19786 0.153695
27748 0.153695
4751 0.152770
3150 0.152425
27890 0.152341
22759 0.152245
18955 0.152135
6669 0.151855
7044 0.151673
20893 0.151367
10066 0.151176
7638 0.151011
22362 0.150682
738 0.150559
21179 0.150559
26942 0.150354
18288 0.150354
15230 0.150121
2541 0.150058
8125 0.150058
18354 0.150058
10241 0.149542
4439 0.149542
20084 0.149340
701 0.149175
2514 0.148738
21341 0.148738
2900 0.148738
5900 0.148418
26192 0.148303
12274 0.148140
508 0.148055
22641 0.147942
4617 0.147942
29926 0.147942
28484 0.147784
27333 0.147784
15578 0.147638
6163 0.147548
993 0.147440
10832 0.146588
21624 0.146588
18406 0.146377
2878 0.146377
356 0.146377
16551 0.145913
2304 0.145913
2390 0.145746
8328 0.145388
27548 0.145388
20269 0.145300
25407 0.145300
9034 0.144913
17835 0.144913
2088 0.144913
21932 0.144844
13787 0.144089
27464 0.144089
20278 0.144089
28215 0.144089
25091 0.144089
14514 0.144089
9112 0.144089
18400 0.144089
4506 0.143449
27312 0.143449
16691 0.143400
18386 0.143400
12344 0.143343
25763 0.143275
12642 0.143275
7364 0.143195
1424 0.142717
17749 0.142604
5502 0.142471
11865 0.142471
1859 0.142311
18280 0.142311
1390 0.142311
23033 0.142185
20229 0.142041
3546 0.141873
26530 0.141873
23875 0.141873
12088 0.141675
2148 0.141371
15854 0.141371
4566 0.141149
24872 0.141149
6075 0.140707
17851 0.140575
4532 0.140109
21484 0.140050
23005 0.139723
22341 0.139723
2779 0.139398
27561 0.139398
16746 0.139121
14045 0.139121
26670 0.139021
8685 0.138881
12360 0.138578
924 0.138578
24812 0.138578
7805 0.138578
6293 0.138326
4057 0.138326
199 0.138326
5929 0.138326
12897 0.138326
12948 0.137480
15618 0.137480
4810 0.137410
16725 0.137345
29665 0.137345
23477 0.136956
22905 0.136956
6711 0.136763
27430 0.136416
29354 0.136343
7850 0.136282
2121 0.136186
9188 0.136186
9130 0.135614
9956 0.135614
5274 0.135614
23361 0.135614
17261 0.135003
2268 0.135003
14943 0.134952
749 0.134892
18960 0.134821
27507 0.134821
15539 0.134821
2564 0.134821
12107 0.134484
28224 0.134297
84 0.134297
18716 0.134179
15795 0.134037
19766 0.133864
26382 0.133797
22832 0.133797
10420 0.133648
22937 0.133472
23901 0.133262
15849 0.133006
922 0.132823
20428 0.132774
25925 0.132496
2554 0.132496
1239 0.132369
16797 0.132369
25578 0.132159
11696 0.132159
6561 0.131739
1889 0.131739
27457 0.131739
26528 0.131322
23801 0.131322
2200 0.131322
21829 0.131115
18236 0.130990
10192 0.130990
26633 0.130720
17866 0.130250
2809 0.130145
15149 0.130145
1002 0.129883
3121 0.129681
23516 0.129681
15522 0.129519
15825 0.129519
25781 0.129386
29811 0.129277
7484 0.129277
17295 0.129277
26653 0.129184
5040 0.128875
14974 0.128875
12560 0.128795
29803 0.128795
5944 0.128730
1615 0.128730
14545 0.128629
10219 0.128080
6155 0.128080
3993 0.128080
15538 0.128080
19669 0.128080
13272 0.127489
21947 0.127489
95 0.127489
27322 0.127436
14821 0.127372
3235 0.127294
28854 0.127294
3797 0.126905
11265 0.126672
10211 0.126518
22291 0.126458
21869 0.126325
21147 0.126325
8722 0.126168
19072 0.125927
28524 0.125751
19724 0.125751
2204 0.125751
3754 0.125543
29251 0.125400
3695 0.125400
21519 0.125182
22660 0.124878
4474 0.124878
435 0.124359
17794 0.124312
27922 0.124245
943 0.124245
19310 0.123706
16669 0.123706
8896 0.123706
25614 0.123505
8108 0.123505
2356 0.123285
27477 0.123106
16915 0.122956
5113 0.122830
28240 0.122511
24780 0.122412
26078 0.122329
10377 0.122142
16906 0.121981
10671 0.121873
1043 0.121832
19335 0.121339
3429 0.121339
7391 0.121339
2695 0.121339
27874 0.121339
12305 0.121339
26793 0.121339
22058 0.120849
3610 0.120849
23752 0.120809
6416 0.120809
7628 0.120809
21303 0.120703
26826 0.120703
11733 0.120545
10987 0.120545
17595 0.120545
15398 0.120283
7495 0.120283
4745 0.120283
19135 0.120188
18405 0.120075
4251 0.120075
19253 0.119936
1992 0.119936
20215 0.119936
7580 0.119882
24573 0.119763
10928 0.119763
3912 0.119763
9264 0.119621
5596 0.119621
7570 0.119621
5056 0.119452
28895 0.119452
9669 0.119452
2572 0.119246
29565 0.119246
12873 0.119060
29708 0.119060
6874 0.118735
6629 0.118504
25757 0.118227
9628 0.118227
6109 0.118227
9886 0.118227
23236 0.118227
27513 0.118227
27318 0.117891
29237 0.117624
13334 0.117624
25854 0.117624
26779 0.117406
1207 0.117225
11650 0.117225
16981 0.117027
12871 0.117027
15424 0.116865
26033 0.116865
26394 0.116865
14096 0.116567
12207 0.116567
1190 0.116567
5171 0.116436
26582 0.115997
21417 0.115997
1148 0.115916
29312 0.115916
14451 0.115916
26825 0.115851
16168 0.115798
1019 0.115754
9536 0.115272
28851 0.115272
22810 0.115272
18229 0.115272
15348 0.115272
9743 0.114750
24234 0.114698
14341 0.114635
16719 0.114556
22561 0.113848
27047 0.113721
16785 0.113568
27989 0.113568
2327 0.113382
28008 0.113382
3814 0.113382
20567 0.112919
11630 0.112919
8723 0.112766
11856 0.112710
18656 0.112460
18870 0.112460
21011 0.112460
27549 0.112460
20222 0.112460
11159 0.111779
26357 0.111779
7608 0.111779
20728 0.111227
5489 0.111227
9829 0.111227
9275 0.111105
6725 0.111105
27962 0.110957
15373 0.110838
10361 0.110838
4962 0.110838
3804 0.110440
8905 0.110440
172 0.110440
25649 0.110366
24322 0.110308
27492 0.110308
17175 0.109782
20671 0.109782
12531 0.109782
667 0.109782
26983 0.109782
16323 0.109782
17177 0.109782
14020 0.109782
6312 0.108747
28919 0.108747
19762 0.108375
3506 0.108375
18886 0.108236
8420 0.108067
25385 0.108067
11301 0.108067
22039 0.107856
21686 0.107856
2042 0.107730
9884 0.107587
26589 0.107507
6378 0.107507
6520 0.107507
24048 0.107229
19221 0.107229
22734 0.107003
25822 0.107003
6395 0.107003
9673 0.106953
1381 0.106554
4238 0.106405
19605 0.106171
16252 0.105997
23288 0.105477
26170 0.105477
29700 0.104792
28769 0.104792
7562 0.104792
10771 0.104792
14466 0.104361
29766 0.104318
23411 0.104116
24078 0.103933
22682 0.103848
27197 0.103744
16956 0.103449
901 0.103449
26510 0.103449
17625 0.103383
13045 0.103383
5906 0.102717
10557 0.102211
11671 0.102211
2530 0.101898
1183 0.101710
21574 0.101497
11730 0.101497
26405 0.101497
5060 0.101338
12353 0.101214
1037 0.100863
15498 0.100784
22725 0.100723
25306 0.100674
10615 0.100674
6573 0.100236
3344 0.100236
2633 0.100236
23820 0.099802
20438 0.099694
16616 0.099694
3041 0.099617
23090 0.099158
13011 0.098804
19469 0.098804
27934 0.098628
392 0.097872
5719 0.097872
27742 0.097688
23682 0.097688
11027 0.097584
4249 0.097413
8802 0.097413
11128 0.097413
1429 0.097276
27624 0.097217
12479 0.096957
28427 0.096957
12940 0.096867
23687 0.096635
10397 0.096563
25453 0.096506
18600 0.096060
22968 0.096060
14765 0.096060
2923 0.096060
15248 0.096060
399 0.096060
28034 0.096060
28459 0.096060
20574 0.096060
23455 0.095562
11331 0.095562
1162 0.095266
511 0.095178
20542 0.094744
28666 0.094744
12646 0.094582
18923 0.094582
26244 0.094485
14206 0.094099
692 0.094099
16730 0.093826
4881 0.093622
11847 0.093622
22068 0.093463
4559 0.093463
4858 0.093463
15357 0.093283
1143 0.093283
3585 0.093283
29244 0.093149
5796 0.092747
20227 0.092747
3430 0.092588
16680 0.092217
17733 0.092217
16518 0.092217
5155 0.092217
16302 0.092217
6785 0.092217
9450 0.091758
18665 0.091693
23788 0.091693
2997 0.091607
3 0.091405
4398 0.091405
8064 0.091405
25204 0.091304
15087 0.091175
13477 0.091175
9749 0.091004
16277 0.091004
1975 0.091004
16881 0.090854
21265 0.090409
28561 0.090409
24787 0.090409
20359 0.090157
8440 0.089968
3967 0.089822
13186 0.089822
5744 0.089822
3717 0.089656
8600 0.089531
29268 0.089243
17075 0.089243
26576 0.089160
8429 0.089160
25206 0.089099
20846 0.089051
4513 0.088670
25399 0.088670
19292 0.088670
2871 0.088670
3888 0.088293
9888 0.088293
2287 0.088246
8 0.087919
26240 0.087919
11256 0.087707
29806 0.087707
8929 0.087548
22330 0.087548
3952 0.087548
14906 0.087410
24553 0.086997
27589 0.086997
22336 0.086815
7840 0.086815
3236 0.086815
4868 0.086815
28834 0.086764
19855 0.086454
27121 0.086454
14347 0.086454
14109 0.086300
25055 0.086095
23151 0.085917
28365 0.085917
25424 0.085917
17320 0.085841
27715 0.085841
17858 0.085784
1351 0.085739
28784 0.085386
94 0.085386
11289 0.085036
9366 0.085036
9256 0.084993
23239 0.084937
14134 0.084689
7578 0.084689
14817 0.084689
16559 0.084492
7892 0.084492
23189 0.084345
27066 0.084345
25738 0.084217
18398 0.084217
24876 0.084217
13389 0.084052
18215 0.084004
2632 0.083834
12091 0.083834
17525 0.083834
19805 0.083665
25656 0.083665
13351 0.083186
14944 0.082830
25296 0.082706
23039 0.082706
29561 0.082337
29922 0.082337
1467 0.081971
23073 0.081971
22939 0.081850
11193 0.081608
21193 0.081096
15301 0.080892
12172 0.080690
17591 0.080539
1444 0.080422
3143 0.080289
21678 0.080189
12845 0.079957
27845 0.079498
21542 0.079156
19772 0.079156
25369 0.079156
18906 0.079108
17381 0.078483
21022 0.078483
9203 0.078340
29719 0.078340
19450 0.077961
17138 0.077961
17534 0.077820
9415 0.077711
7597 0.077277
14683 0.077215
29341 0.077215
27580 0.076848
1142 0.076848
15413 0.076848
14808 0.076848
27017 0.076529
17692 0.076529
20041 0.076484
18908 0.076339
19674 0.076339
3640 0.076123
20426 0.076003
24174 0.076003
25601 0.075837
26117 0.075837
27137 0.075837
7865 0.075837
4757 0.075837
1270 0.075588
12601 0.075279
14071 0.075177
10460 0.075061
23224 0.074973
22826 0.074852
24744 0.074771
2101 0.074771
26634 0.074713
14053 0.074369
13339 0.074369
19484 0.074369
25771 0.074369
22513 0.074070
20369 0.074028
24909 0.074028
3664 0.073971
10505 0.073971
8374 0.073971
11132 0.073421
3030 0.073355
22878 0.072957
20759 0.072957
13984 0.072957
16257 0.072694
22124 0.072694
25661 0.072498
25703 0.072422
28701 0.072368
20826 0.072368
4349 0.072368
14934 0.072045
1562 0.072045
12552 0.072045
6414 0.071671
28684 0.071671
19030 0.071597
3404 0.071597
27451 0.071407
23724 0.071407
7041 0.071302
4332 0.071302
21074 0.071155
20046 0.071093
20980 0.070781
20239 0.070574
12465 0.070574
16687 0.070574
18834 0.070472
15034 0.070288
16143 0.070288
16488 0.070288
2165 0.070216
27703 0.070165
19325 0.069862
26182 0.069862
26461 0.069862
13638 0.069511
22493 0.069441
14704 0.069441
5021 0.069441
17427 0.069262
18760 0.069262
16159 0.069025
6389 0.068966
22548 0.068672
15527 0.068614
23153 0.068381
3655 0.068208
14922 0.067807
16272 0.067807
4206 0.067523
20073 0.067523
1898 0.067476
11203 0.067410
13760 0.067410
29326 0.067242
13108 0.067148
29604 0.067018
26445 0.067018
29442 0.066824
4905 0.066824
28729 0.066631
5507 0.066631
7981 0.066503
7599 0.066412
27006 0.066248
21108 0.066185
2971 0.066139
872 0.065869
5271 0.065869
24070 0.065869
6283 0.065869
1121 0.065869
16675 0.065557
27303 0.065557
21503 0.065495
11219 0.065495
27428 0.065336
5289 0.065336
15962 0.065248
4036 0.065073
2982 0.064811
9491 0.064638
3129 0.064552
11156 0.064338
17575 0.064338
11237 0.064040
8592 0.063745
20609 0.063745
10807 0.063686
27655 0.063452
12278 0.063163
25946 0.062990
28124 0.061974
3500 0.061753
9336 0.061753
6624 0.061478
17281 0.061478
22397 0.061315
14517 0.061315
17308 0.061071
15448 0.060990
28335 0.060990
24694 0.060937
25367 0.060669
16279 0.060404
14441 0.060404
29587 0.060352
2286 0.060352
9897 0.060352
24503 0.060273
14509 0.060142
21211 0.060142
4597 0.060142
17676 0.060037
20840 0.060037
29742 0.059881
9278 0.059881
4282 0.059881
17684 0.059726
23699 0.059623
8542 0.059623
13672 0.059495
3045 0.059367
28807 0.059114
868 0.059114
22643 0.058862
13059 0.058812
20344 0.058812
11061 0.058737
13483 0.058737
26613 0.058365
6968 0.058365
19346 0.058365
27357 0.058365
3857 0.058218
28618 0.057636
25186 0.057636
2940 0.057636
28958 0.057636
8520 0.057278
9507 0.057278
23806 0.056924
23276 0.056784
11285 0.056575
27821 0.056575
16222 0.056575
9287 0.056460
13601 0.056230
292 0.056230
26863 0.056230
19706 0.056230
1397 0.056230
29991 0.056002
19676 0.055957
16455 0.055957
9376 0.055889
25120 0.055777
18715 0.055687
20643 0.055687
22707 0.055553
5762 0.055419
27992 0.055220
15552 0.055154
24535 0.055154
18560 0.054891
12405 0.054631
17352 0.054631
10547 0.054566
22729 0.054566
15720 0.054373
17860 0.054245
4727 0.054118
6990 0.053928
26923 0.053615
19946 0.053615
18242 0.053366
3426 0.053305
4783 0.053121
21979 0.052998
22644 0.052998
29230 0.052998
7444 0.052635
29203 0.052396
7689 0.052396
5275 0.052396
28412 0.052396
8618 0.052396
17688 0.052100
11129 0.051924
2409 0.051924
13983 0.051807
25956 0.051691
14012 0.051518
2582 0.051518
5731 0.051232
18232 0.050949
10119 0.050949
14419 0.050780
4303 0.050558
4261 0.050392
25182 0.050337
19119 0.049901
3012 0.049901
4204 0.049686
9179 0.049473
17185 0.049314
6944 0.049052
6143 0.049052
22612 0.049052
10882 0.049052
23613 0.048844
5520 0.048844
1313 0.048792
2797 0.048433
12008 0.048231
9190 0.048231
15653 0.048030
3125 0.048030
11236 0.048030
22932 0.047831
18458 0.047781
5294 0.047781
17668 0.047535
28614 0.047535
11059 0.047437
27523 0.047437
26036 0.047291
28896 0.047242
14184 0.047050
3119 0.047050
5535 0.046858
15510 0.046858
21085 0.046669
6523 0.046574
17755 0.046574
23390 0.046340
21725 0.046340
29988 0.046109
11292 0.046109
4103 0.045879
20941 0.045803
2771 0.045803
22471 0.045652
4980 0.045502
1597 0.045502
17806 0.045427
26676 0.045205
6032 0.045205
20704 0.045205
2450 0.045205
22024 0.045205
591 0.045205
21759 0.045205
26939 0.045205
11491 0.044984
24255 0.044911
25553 0.044766
7988 0.044766
18972 0.044766
8710 0.044766
14633 0.044549
24513 0.044335
2887 0.044335
1232 0.043913
8150 0.043774
16540 0.043705
29375 0.043499
655 0.043499
4264 0.043227
29953 0.043092
4638 0.042958
20506 0.042892
21806 0.042892
3770 0.042693
2331 0.042693
2689 0.042496
10747 0.042431
12514 0.042431
22545 0.042431
10430 0.042173
28535 0.042108
5521 0.041917
26220 0.041727
27260 0.041727
15435 0.041415
15978 0.041353
28119 0.041168
28746 0.040985
27858 0.040925
24579 0.040684
20495 0.040684
21791 0.040624
21764 0.040446
25395 0.040446
11228 0.040446
1427 0.040446
18864 0.040270
7006 0.040211
14591 0.040211
754 0.040211
10279 0.040094
5033 0.039979
29207 0.039921
9668 0.039921
3889 0.039749
29380 0.039749
7225 0.039409
9589 0.039409
8370 0.039297
25935 0.039297
23667 0.039075
163 0.039075
29990 0.038856
19116 0.038212
14610 0.038106
16796 0.038002
13475 0.038002
18056 0.037794
3459 0.037589
12453 0.037487
12830 0.037385
29625 0.037335
26490 0.037335
1952 0.037035
14016 0.036986
15258 0.036887
10364 0.036402
12380 0.036402
15895 0.035468
20140 0.035287
634 0.035108
8283 0.034931
3008 0.034755
13885 0.034755
5599 0.034755
1415 0.034755
29305 0.034409
22733 0.034409
23614 0.034239
27694 0.033903
14025 0.033574
22356 0.033574
6836 0.033251
13172 0.033251
23417 0.033092
11831 0.033092
5527 0.033092
28584 0.032935
3243 0.032935
27382 0.032935
7593 0.032935
2707 0.032935
27530 0.032471
6350 0.032471
11214 0.032169
12038 0.032169
7463 0.032169
11073 0.032020
27300 0.031872
17349 0.031438
5758 0.031438
15556 0.031295
13648 0.030876
25116 0.030876
11178 0.030739
22141 0.030468
6618 0.030335
28399 0.030335
7456 0.030335
7858 0.030202
16340 0.030202
29353 0.030071
24272 0.029941
10579 0.029941
24415 0.029684
29585 0.029557
2523 0.029557
15743 0.029431
1979 0.029369
18608 0.029183
1378 0.029183
4216 0.029060
14174 0.028999
1995 0.028818
1851 0.028818
10465 0.028698
18235 0.028462
25815 0.028345
10446 0.028115
3683 0.028115
3334 0.027888
14442 0.027888
25366 0.027776
29871 0.027283
23767 0.027283
12682 0.027283
17821 0.027123
29389 0.026652
17317 0.026348
26143 0.026050
442 0.026050
1147 0.025904
4221 0.025759
21123 0.025616
7243 0.025474
14283 0.025474
20583 0.025474
8519 0.025334
14930 0.025196
23857 0.025059
20881 0.024924
4938 0.024924
26027 0.024924
23243 0.024657
5133 0.024657
15611 0.024526
12775 0.024526
13107 0.024396
21949 0.024268
26822 0.024141
5767 0.024141
8167 0.024015
8529 0.024015
6457 0.023890
25295 0.023890
20008 0.023767
28995 0.023645
19814 0.023405
7438 0.023405
7128 0.023287
1184 0.023054
15200 0.023054
26418 0.022714
4687 0.022602
13700 0.022492
14460 0.022383
22983 0.022275
184 0.022168
10422 0.022168
26263 0.021956
9425 0.021956
847 0.021956
11938 0.021852
1779 0.021749
8726 0.021647
4788 0.021647
12722 0.021647
23507 0.021248
8321 0.021054
1117 0.020958
29105 0.020677
27085 0.020584
8705 0.020584
12613 0.020402
4511 0.020312
2630 0.020312
16373 0.020312
5445 0.020223
11264 0.019960
17375 0.019874
13100 0.019789
6716 0.019455
12549 0.019373
9331 0.019373
2553 0.019292
12168 0.019212
29484 0.018592
18640 0.018518
5659 0.018443
25786 0.018443
15081 0.015268
19718 0.015268
6304 0.015167
2748 0.015068
9709 0.015068
26952 0.015068
2310 0.014970
17580 0.014970
19591 0.014874
10774 0.014874
27867 0.014778
7316 0.014778
7269 0.014778
28146 0.014684
4499 0.014684
26320 0.014231
7350 0.014058
298 0.014058
27738 0.013972
11551 0.013972
5278 0.013805
19096 0.013805
462 0.013642
5012 0.013561
790 0.013404
25293 0.013326
11084 0.013250
4803 0.013174
21189 0.013174
26691 0.013099
5571 0.013099
29505 0.013099
8625 0.013025
15330 0.013025
22884 0.013025
760 0.013025
20079 0.012880
13093 0.012737
4352 0.012737
23494 0.012667
25789 0.012598
25799 0.012530
881 0.012462
11460 0.012329
2065 0.012263
13708 0.012263
1116 0.012198
20081 0.012070
7053 0.012007
26191 0.011945
5985 0.011884
1962 0.011823
20764 0.011823
7531 0.011703
4385 0.011644
17049 0.011644
6790 0.011585
28205 0.011585
13597 0.011527
14094 0.011470
21323 0.011413
7584 0.011413
4794 0.011357
11842 0.011357
538 0.011301
15816 0.011246
23867 0.011246
24510 0.011246
27865 0.011246
17581 0.011191
28245 0.011137
10277 0.011084
13579 0.011084
25732 0.011084
28929 0.011031
26187 0.011031
24680 0.010978
17332 0.010978
7583 0.010875
7486 0.010575
19781 0.010527
22088 0.010385
6905 0.010338
29467 0.010338
17720 0.010338
7713 0.010338
18657 0.010292
259 0.010292
13619 0.010112
1568 0.010112
22823 0.010112
22186 0.010112
2293 0.009769
4950 0.009769
3681 0.009728
14893 0.009687
18165 0.009646
28025 0.009646
21170 0.009410
21809 0.009372
