6069
3 0.091405
7 0.178397
8 0.087919
41 1.045879
44 1.086115
52 0.440363
53 1.107013
67 0.499850
68 1.163008
70 0.336209
73 0.455564
75 0.344737
76 0.302352
78 1.032432
84 0.134297
87 1.123410
92 0.373854
94 0.085386
95 0.127489
98 1.167125
99 0.179644
115 1.136780
118 0.455019
119 1.172035
120 0.461086
121 1.212858
124 0.382418
127 0.588621
138 0.196427
147 0.193125
149 0.232565
151 0.305420
156 0.412230
163 0.039075
167 0.354682
172 0.110440
174 0.443352
180 0.599883
183 1.193400
184 0.022168
186 0.449110
197 0.420402
199 0.138326
227 0.455213
242 0.278242
243 0.435853
248 1.124041
259 0.010292
264 0.526136
269 0.161527
272 0.547052
279 1.097345
292 0.056230
298 0.014058
304 0.333552
306 0.498726
308 0.570869
314 0.347990
320 0.169379
323 0.255109
331 1.130114
339 1.034489
356 0.146377
363 0.369317
364 0.218266
372 1.181178
386 0.493202
388 0.353904
392 0.097872
399 0.096060
415 0.276652
416 0.564198
435 0.124359
442 0.026050
445 0.338713
446 0.226602
462 0.013642
465 0.351158
474 0.568604
475 0.239525
486 1.040738
492 0.389807
497 0.442915
505 0.174465
508 0.148055
511 0.095178
516 1.114474
522 1.184154
535 0.336748
538 0.011301
552 0.388415
566 0.439852
567 1.138601
568 0.267595
583 0.598648
586 1.157580
591 0.045205
594 0.174248
599 0.225420
606 1.285722
608 0.561580
611 1.026289
618 1.158451
621 0.392628
624 1.069328
629 1.104398
631 0.205580
634 0.035108
653 0.499973
655 0.043499
667 0.109782
669 0.217494
672 0.227697
674 0.250118
677 1.223003
678 0.274960
681 0.480298
687 0.244711
692 0.094099
701 0.149175
702 0.373349
704 1.194255
706 0.419169
710 0.395782
711 0.314377
713 0.188199
714 0.273155
718 0.275275
727 0.273012
735 1.152716
738 0.150559
749 0.134892
754 0.040211
757 0.342699
760 0.013025
789 0.187193
790 0.013404
794 1.218964
795 0.556135
796 1.082141
798 0.271227
804 0.465992
807 0.512318
814 0.522743
815 0.326681
820 1.157979
837 0.413795
842 0.469625
844 0.346835
847 0.021956
848 0.989376
851 0.984732
852 0.607419
856 1.204640
868 0.059114
871 0.507195
872 0.065869
874 0.564907
876 1.049267
881 0.012462
882 1.152716
890 0.158575
893 0.177341
901 0.103449
903 0.449840
905 1.123533
910 0.404270
912 1.042933
914 0.439130
921 0.870262
922 0.132823
924 0.138578
940 1.135162
943 0.124245
945 0.455394
961 0.941485
966 0.234451
968 0.309265
969 0.452600
973 0.201055
975 0.256159
976 0.473167
979 0.571070
987 1.119781
989 0.331500
990 0.420909
993 0.147440
994 0.401591
1002 0.129883
1008 0.311282
1009 0.304121
1018 0.189624
1019 0.115754
1021 0.226234
1030 0.557461
1037 0.100863
1038 0.193915
1043 0.121832
1048 0.186630
1049 0.346568
1051 0.473719
1059 1.052769
1060 1.112168
1064 1.100535
1076 1.132955
1089 1.074477
1098 0.209585
1105 0.946160
1106 0.403451
1110 1.110714
1116 0.012198
1117 0.020958
1118 1.122775
1121 0.065869
1124 0.459173
1126 0.499973
1130 0.496106
1136 0.218619
1138 1.202354
1142 0.076848
1143 0.093283
1146 0.186927
1147 0.025904
1148 0.115916
1162 0.095266
1183 0.101710
1184 0.023054
1185 1.123410
1187 0.293176
1190 0.116567
1194 0.325363
1197 0.585806
1203 0.292021
1207 0.117225
1212 0.372734
1217 0.415264
1220 0.345815
1229 0.268594
1231 0.397892
1232 0.043913
1234 0.298679
1236 0.240444
1239 0.132369
1245 0.399017
1249 0.340326
1252 1.060499
1270 0.075588
1295 0.996943
1297 0.589053
1299 0.597705
1305 1.077742
1311 1.080022
1313 0.048792
1316 0.576358
1327 0.280661
1339 1.164243
1351 0.085739
1355 0.227296
1356 0.465131
1358 1.064045
1363 0.482182
1366 0.409517
1378 0.029183
1380 0.424964
1381 0.106554
1387 0.424199
1390 0.142311
1394 1.166947
1397 0.056230
1402 0.493343
1403 0.191322
1409 0.286474
1415 0.034755
1416 1.135847
1424 0.142717
1427 0.040446
1429 0.097276
1435 0.210955
1437 0.420202
1439 1.159788
1444 0.080422
1465 0.279446
1467 0.081971
1474 0.480754
1490 1.239479
1493 0.476986
1503 0.488709
1509 0.437903
1513 0.550984
1514 0.520128
1518 0.537589
1520 0.537188
1524 0.530126
1528 1.055645
1529 0.341545
1533 0.932896
1550 0.323904
1560 1.044341
1562 0.072045
1568 0.010112
1578 0.442643
1586 0.307391
1597 0.045502
1601 0.288179
1615 0.128730
1616 0.456631
1621 0.614782
1626 0.356124
1631 0.242677
1633 0.176211
1638 0.483856
1644 0.254811
1655 0.403451
1663 0.472332
1665 0.209585
1668 1.021867
1675 1.226608
1676 0.470039
1688 1.125909
1695 0.253344
1696 0.239525
1698 0.439696
1710 0.336867
1715 1.168085
1717 0.247476
1719 0.174654
1725 0.584476
1738 0.291090
1747 0.466923
1750 0.579254
1755 0.268795
1760 0.380508
1771 1.014007
1772 0.214722
1778 0.484246
1779 0.021749
1780 0.426004
1784 0.518446
1786 0.527386
1792 0.397047
1794 1.199238
1800 0.213002
1801 0.506070
1815 0.306686
1838 0.496860
1842 0.570651
1843 0.307391
1844 0.474648
1851 0.028818
1853 0.360224
1857 0.254496
1859 0.142311
1872 1.171159
1873 0.426438
1881 0.436977
1887 0.390751
1889 0.131739
1891 1.121278
1893 0.426438
1898 0.067476
1899 1.013834
1915 0.379375
1930 0.318637
1931 0.294310
1938 0.280218
1952 0.037035
1957 0.561949
1958 0.444908
1960 0.381063
1962 0.011823
1964 0.526136
1973 0.415196
1974 0.380982
1975 0.091004
1976 0.461086
1979 0.029369
1981 0.450363
1983 0.566478
1984 0.168007
1990 0.207697
1992 0.119936
1995 0.028818
1998 0.545371
1999 1.072527
2000 0.482532
2001 0.436419
2009 1.240542
2018 1.200524
2019 1.022220
2025 0.526136
2032 1.033469
2041 0.318991
2042 0.107730
2046 0.883519
2050 0.470262
2051 0.388415
2065 0.012263
2068 0.316997
2078 0.550027
2088 0.144913
2089 0.309108
2092 1.101255
2096 1.136327
2101 0.074771
2103 1.140708
2107 0.330737
2117 0.311282
2119 0.483397
2121 0.136186
2124 1.090593
2126 0.609701
2132 0.380808
2139 1.165245
2142 0.238978
2146 1.092047
2148 0.141371
2165 0.070216
2176 0.513782
2187 0.361636
2188 0.497488
2198 1.087957
2200 0.131322
2204 0.125751
2213 0.446602
2220 0.414340
2221 0.957498
2230 0.458033
2235 1.085474
2243 0.480888
2245 0.477810
2246 0.235448
2250 0.156300
2251 0.288179
2259 0.355421
2261 0.337115
2266 0.488087
2268 0.135003
2274 0.163010
2275 0.459212
2276 0.257459
2281 1.241386
2283 0.273012
2284 0.272070
2285 0.317991
2286 0.060352
2287 0.088246
2289 0.288179
2293 0.009769
2298 0.504740
2304 0.145913
2305 0.377498
2309 0.446213
2310 0.014970
2312 1.172763
2313 1.029838
2319 0.229451
2327 0.113382
2331 0.042693
2333 0.382308
2346 0.259552
2354 1.177775
2356 0.123285
2363 0.563259
2365 0.314888
2368 1.152716
2379 0.214792
2390 0.145746
2409 0.051924
2413 0.279446
2433 0.349308
2440 1.139466
2442 0.400945
2450 0.045205
2453 0.329347
2459 1.022493
2461 0.513586
2469 1.086846
2470 0.466923
2482 0.350039
2483 0.408690
2492 1.059843
2496 0.325125
2499 0.465131
2505 0.347054
2508 0.393610
2514 0.148738
2515 1.209781
2521 0.549639
2522 0.410556
2523 0.029557
2526 1.176241
2529 1.119011
2530 0.101898
2539 0.576358
2540 0.190139
2541 0.150058
2542 0.445494
2543 0.404462
2551 0.368869
2553 0.019292
2554 0.132496
2561 1.058890
2564 0.134821
2569 0.156680
2570 0.589166
2571 0.308763
2572 0.119246
2573 0.332224
2582 0.051518
2585 0.424431
2586 0.289519
2595 1.112032
2603 1.031867
2608 0.518722
2611 1.197051
2613 0.329347
2629 1.033469
2630 0.020312
2632 0.083834
2633 0.100236
2645 0.374180
2648 0.526621
2655 0.523081
2658 0.430029
2659 1.096025
2661 0.193125
2678 1.097297
2686 0.547540
2689 0.042496
2693 0.306686
2695 0.121339
2697 1.200462
2698 0.485354
2699 0.954478
2706 0.358623
2707 0.032935
2712 0.491954
2721 1.017102
2722 0.182008
2737 0.449840
2746 0.301364
2748 0.015068
2752 1.082362
2755 0.474939
2758 1.073898
2760 0.424685
2762 0.436977
2771 0.045803
2779 0.139398
2781 0.169725
2793 0.261698
2795 0.319892
2796 0.427412
2797 0.048433
2806 0.240866
2807 0.200986
2809 0.130145
2810 0.525288
2835 0.193066
2841 1.173423
2850 0.171567
2853 0.320486
2858 0.440528
2864 0.350192
2865 1.176831
2868 0.221069
2871 0.088670
2878 0.146377
2880 1.203822
2882 0.237469
2884 0.426932
2887 0.044335
2888 0.506798
2894 0.453205
2900 0.148738
2909 0.254588
2914 0.565483
2923 0.096060
2930 0.397154
2931 1.038048
2933 0.554190
2938 0.227697
2940 0.057636
2942 0.463347
2947 0.308213
2948 0.276652
2949 0.362010
2954 0.188626
2963 0.428648
2969 1.064045
2970 0.400520
2971 0.066139
2974 0.395217
2982 0.064811
2983 0.209585
2987 0.183618
2993 0.990931
2997 0.091607
3006 0.522991
3008 0.034755
3012 0.049901
3014 1.146203
3015 0.221426
3023 1.157580
3024 0.293419
3027 0.561580
3030 0.073355
3035 0.221676
3038 0.326433
3041 0.099617
3043 1.075222
3045 0.059367
3055 0.477336
3056 0.178321
3063 0.296413
3067 0.466923
3070 1.004347
3080 0.206898
3095 0.445494
3099 0.612231
3100 0.209585
3106 0.556484
3111 0.510697
3119 0.047050
3120 0.253477
3121 0.129681
3125 0.048030
3129 0.064552
3132 0.354682
3137 1.055223
3140 0.333490
3141 0.556084
3143 0.080289
3148 0.215828
3150 0.152425
3154 1.185651
3155 0.301645
3156 0.202878
3161 1.185278
3162 0.993109
3165 1.063185
3174 0.416644
3207 0.439764
3210 0.245486
3212 0.393610
3216 1.035374
3225 0.188199
3227 0.392414
3228 0.209585
3230 0.999020
3233 0.548243
3235 0.127294
3236 0.086815
3237 0.163838
3240 1.006597
3242 0.494951
3243 0.032935
3262 0.413112
3263 1.247383
3264 0.212637
3265 0.443769
3268 0.501700
3271 0.611385
3274 0.443903
3283 0.208322
3284 0.217315
3285 0.536484
3289 1.147452
3297 0.167434
3301 0.222684
3311 0.555235
3314 1.157932
3315 0.607419
3322 1.267987
3323 1.194962
3324 1.102598
3334 0.027888
3342 1.116005
3344 0.100236
3363 1.220523
3378 0.590081
3379 0.461086
3383 0.484665
3385 0.362652
3395 0.289346
3404 0.071597
3425 0.366505
3426 0.053305
3429 0.121339
3430 0.092588
3435 0.209585
3441 0.208322
3442 1.197627
3443 0.482532
3448 0.234948
3457 0.461086
3459 0.037589
3464 0.202231
3467 1.178050
3472 0.543057
3481 0.513586
3483 1.192125
3497 0.442138
3500 0.061753
3501 0.335092
3502 0.594289
3506 0.108375
3520 0.396962
3521 0.563550
3526 0.366773
3528 0.501181
3535 0.573102
3545 0.294583
3546 0.141873
3548 0.551299
3551 0.229269
3552 1.084176
3559 1.110371
3562 0.311233
3563 0.523504
3579 0.513950
3580 0.451276
3583 0.204279
3585 0.093283
3586 0.505577
3587 0.559700
3592 1.118669
3598 0.934097
3602 0.267296
3603 0.239765
3610 0.120849
3611 0.389807
3622 1.158880
3627 1.124873
3628 1.069720
3632 1.083275
3635 1.061230
3640 0.076123
3648 0.212952
3651 0.157740
3655 0.068208
3658 0.566752
3664 0.073971
3665 0.455213
3675 0.203693
3681 0.009728
3682 0.222684
3683 0.028115
3687 0.298350
3693 0.441466
3695 0.125400
3698 0.317261
3705 0.271227
3706 0.532023
3710 0.162497
3713 0.329347
3717 0.089656
3730 0.373854
3732 0.348216
3733 0.275492
3742 0.182008
3754 0.125543
3764 1.145730
3770 0.042693
3774 0.429826
3775 0.449607
3776 0.374258
3778 0.522881
3779 0.184435
3781 0.516976
3783 0.421297
3785 0.391100
3786 0.957447
3787 0.590839
3789 0.581646
3792 1.025765
3795 0.179063
3797 0.126905
3804 0.110440
3810 0.610710
3811 1.032953
3814 0.113382
3815 0.447525
3823 0.281150
3829 0.169379
3834 0.456736
3838 0.273770
3841 0.227575
3848 0.353252
3854 0.185495
3857 0.058218
3860 0.907359
3864 0.451865
3867 1.004347
3876 0.162624
3882 1.269658
3885 0.163216
3888 0.088293
3889 0.039749
3890 1.091238
3902 0.355625
3908 1.197627
3912 0.119763
3919 0.565750
3920 1.147452
3926 0.265474
3930 0.889648
3938 1.091460
3939 1.072294
3944 0.378827
3952 0.087548
3959 0.507195
3964 0.437740
3965 0.474014
3967 0.089822
3976 0.301758
3984 0.266011
3985 0.524814
3988 0.440594
3992 0.234812
3993 0.128080
3995 0.529477
3998 0.352872
4002 0.536609
4005 1.013595
4010 0.419169
4013 0.210863
4025 0.480298
4031 1.131757
4033 0.384239
4034 0.441231
4035 0.405756
4036 0.065073
4040 1.200251
4052 0.274820
4057 0.138326
4059 0.442965
4070 1.046791
4071 0.271227
4085 1.214103
4086 0.568005
4090 0.471566
4097 1.093433
4103 0.045879
4106 0.160378
4111 0.188807
4114 1.188515
4118 1.159303
4123 0.201445
4141 0.555011
4144 0.316432
4146 0.591136
4147 0.549920
4156 1.074016
4162 0.437740
4164 0.433142
4169 1.008626
4177 0.562068
4179 0.249987
4203 0.499114
4204 0.049686
4206 0.067523
4207 0.500120
4211 0.431611
4216 0.029060
4220 1.004441
4221 0.025759
4233 0.436819
4238 0.106405
4243 1.123159
4245 0.214459
4249 0.097413
4251 0.120075
4252 1.242538
4254 0.218081
4260 0.318514
4261 0.050392
4264 0.043227
4279 0.482182
4282 0.059881
4285 0.365217
4286 0.166658
4287 0.247780
4289 0.474369
4303 0.050558
4305 0.242007
4310 0.353743
4316 0.343362
4320 0.238493
4323 0.249557
4324 0.510138
4325 0.197891
4332 0.071302
4335 1.265176
4336 0.602665
4349 0.072368
4352 0.012737
4356 0.361092
4362 1.018232
4377 0.189687
4385 0.011644
4389 0.307391
4393 0.326240
4398 0.091405
4404 1.152716
4408 0.374486
4418 0.183213
4420 0.211415
4431 0.158995
4439 0.149542
4440 0.268504
4441 1.097163
4442 0.385846
4447 0.257351
4454 0.227510
4456 1.044985
4460 1.011154
4463 0.490834
4464 1.027900
4465 0.395540
4470 0.200472
4471 0.410556
4474 0.124878
4477 1.036280
4486 0.174465
4490 0.439640
4499 0.014684
4506 0.143449
4510 0.204279
4511 0.020312
4513 0.088670
4521 1.094758
4531 0.286474
4532 0.140109
4533 0.203736
4549 0.483578
4555 0.432898
4559 0.093463
4566 0.141149
4570 0.286295
4586 0.524999
4589 0.437740
4591 0.168690
4593 0.582425
4597 0.060142
4603 1.063236
4605 0.369739
4617 0.147942
4618 1.081561
4623 0.486467
4634 0.290087
4638 0.042958
4646 1.137937
4651 0.226426
4652 0.291827
4653 0.168433
4655 1.046162
4657 0.483397
4659 0.550160
4661 0.428918
4667 0.566909
4668 0.400344
4676 1.142043
4677 0.405008
4687 0.022602
4700 1.046240
4704 0.357577
4710 0.568741
4712 1.204051
4714 0.446213
4719 0.215343
4720 0.390980
4726 0.203795
4727 0.054118
4742 0.601861
4745 0.120283
4751 0.152770
4752 1.126812
4757 0.075837
4758 0.167060
4759 0.368491
4777 0.451328
4780 0.191182
4782 0.483235
4783 0.053121
4787 0.473437
4788 0.021647
4794 0.011357
4802 0.160378
4803 0.013174
4810 0.137410
4812 0.185495
4814 0.530856
4818 0.370989
4820 0.194825
4826 1.042349
4830 0.208681
4833 1.072073
4842 1.068999
4847 0.472909
4848 0.534185
4851 0.557357
4858 0.093463
4865 0.375046
4866 0.474648
4868 0.086815
4881 0.093622
4885 0.558459
4889 1.072294
4891 0.445717
4898 0.516321
4905 0.066824
4911 0.603804
4917 0.165518
4928 0.591136
4936 0.257750
4938 0.024924
4944 1.127926
4945 0.530358
4948 0.447114
4950 0.009769
4957 0.364784
4962 0.110838
4963 0.408558
4978 0.404462
4979 0.359920
4980 0.045502
4985 1.147593
4989 0.285797
4994 0.263478
5012 0.013561
5019 0.560781
5021 0.069441
5023 0.309526
5024 0.449840
5033 0.039979
5040 0.128875
5042 0.510784
5043 0.473894
5046 0.532023
5053 0.568873
5054 0.545127
5056 0.119452
5060 0.101338
5066 0.552343
5069 0.156966
5074 0.536881
5082 0.260614
5094 0.387732
5109 0.527386
5112 0.979809
5113 0.122830
5116 0.278242
5122 0.358407
5124 0.559891
5133 0.024657
5145 0.541356
5155 0.092217
5156 0.176372
5162 1.211830
5171 0.116436
5180 0.154554
5184 1.298103
5186 0.228142
5216 0.344250
5219 0.207489
5220 0.353804
5234 0.316174
5249 0.342391
5253 0.515827
5264 0.244515
5267 0.233461
5270 0.520581
5271 0.065869
5273 0.378140
5274 0.135614
5275 0.052396
5278 0.013805
5284 0.206017
5289 0.065336
5293 0.229016
5294 0.047781
5296 0.318514
5304 1.165383
5325 0.461086
5327 0.233884
5339 0.988042
5345 0.453315
5354 0.247011
5355 1.146203
5356 0.388159
5357 1.106607
5364 1.077305
5368 0.364016
5380 0.362110
5390 0.349932
5395 0.308677
5399 1.251520
5405 0.175838
5406 0.399456
5408 0.338651
5425 0.391289
5428 1.116854
5430 0.578943
5435 0.358623
5444 1.199238
5445 0.020223
5454 0.296280
5463 0.522225
5477 0.422662
5489 0.111227
5492 1.000709
5493 0.494021
5494 0.306418
5498 0.492693
5500 0.348930
5502 0.142471
5503 0.384239
5507 0.066631
5511 0.424313
5519 0.484581
5520 0.048844
5521 0.041917
5525 0.528562
5527 0.033092
5531 0.490517
5535 0.046858
5536 0.602727
5546 1.142692
5547 0.253597
5554 0.426556
5555 0.307391
5556 0.332138
5563 0.576358
5570 0.303596
5571 0.013099
5574 0.511246
5576 0.398321
5586 0.319937
5591 0.449110
5594 0.372595
5596 0.119621
5599 0.034755
5603 0.535385
5613 0.365942
5620 0.416801
5641 0.525126
5642 0.161132
5644 1.157750
5646 0.469432
5653 0.500521
5654 1.079138
5657 1.131565
5659 0.018443
5664 0.156097
5671 0.551299
5673 0.369647
5679 0.223734
5684 0.550329
5695 0.573796
5699 0.388415
5702 1.142043
5713 0.339640
5714 0.207697
5716 1.061712
5719 0.097872
5727 1.011886
5730 0.554471
5731 0.051232
5732 0.510138
5744 0.089822
5751 0.371431
5753 1.045259
5756 1.115045
5758 0.031438
5760 0.542455
5761 1.112967
5762 0.055419
5767 0.024141
5774 0.282939
5777 0.559571
5780 1.004661
5783 0.585135
5786 0.237529
5789 1.032432
5796 0.092747
5797 0.964090
5799 0.341204
5800 0.222351
5802 0.564350
5807 1.171613
5818 1.006007
5829 0.611078
5834 0.466267
5847 0.354682
5848 0.220182
5855 1.147354
5861 0.232565
5862 0.172245
5863 1.111177
5866 0.576358
5868 0.961562
5870 0.292091
5873 0.529477
5874 0.993721
5875 1.051181
5880 0.284941
5884 0.556484
5887 0.184047
5896 0.545730
5900 0.148418
5904 0.453369
5905 0.484013
5906 0.102717
5911 0.446602
5912 1.057904
5918 1.029760
5920 0.222083
5929 0.138326
5931 0.475960
5934 1.231173
5938 0.218619
5944 0.128730
5946 1.084290
5950 0.317991
5954 0.430029
5957 1.038928
5963 0.974934
5971 0.343598
5976 0.429352
5980 0.585135
5985 0.011884
5987 0.160844
5991 0.238905
5998 0.592561
6004 0.989980
6019 0.446971
6020 0.331406
6022 0.295208
6023 1.158689
6026 1.210934
6032 0.045205
6034 0.455019
6035 0.223106
6043 1.309258
6064 1.007902
6075 0.140707
6076 0.536147
6091 0.381881
6096 0.441039
6099 0.327548
6100 0.171195
6102 0.231646
6104 0.449607
6109 0.118227
6119 0.200472
6120 0.593823
6135 0.331036
6143 0.049052
6150 0.277763
6155 0.128080
6157 0.959772
6163 0.147548
6171 0.497764
6172 0.289826
6174 0.307391
6180 1.176241
6202 0.530856
6206 0.247011
6221 0.192119
6228 1.052272
6230 0.534185
6236 1.036476
6245 0.194551
6255 0.453205
6264 1.147852
6270 0.508377
6283 0.065869
6291 0.958801
6293 0.138326
6298 0.981739
6301 1.159303
6304 0.015167
6305 0.376397
6311 0.372493
6312 0.108747
6317 0.452468
6320 0.321688
6322 0.557523
6325 0.371431
6327 0.314798
6350 0.032471
6357 0.473548
6362 1.166439
6363 0.232658
6373 0.311545
6378 0.107507
6382 1.061712
6389 0.068966
6392 1.082362
6395 0.107003
6408 1.194718
6414 0.071671
6416 0.120809
6420 0.519852
6425 0.188199
6432 0.286942
6433 0.380151
6435 1.081561
6439 1.110799
6444 0.358864
6445 0.237007
6451 1.169262
6453 0.450840
6454 0.357986
6455 0.343362
6457 0.023890
6462 0.525638
6470 0.368869
6471 0.484334
6477 0.440469
6478 1.232851
6480 0.526672
6483 0.173995
6488 1.046962
6491 1.136327
6492 1.146981
6500 0.496106
6509 0.221483
6511 0.250850
6517 1.083275
6518 0.267851
6520 0.107507
6523 0.046574
6530 0.372793
6533 0.172369
6539 0.426004
6561 0.131739
6568 0.161785
6573 0.100236
6577 0.253198
6580 0.430347
6582 0.483856
6585 0.557237
6589 0.551727
6591 0.508991
6595 0.484013
6596 0.185495
6610 0.461086
6618 0.030335
6621 1.055849
6624 0.061478
6629 0.118504
6630 1.101610
6646 1.133397
6647 0.596838
6666 0.322760
6669 0.151855
6674 0.579440
6680 0.440363
6685 0.235666
6693 0.442965
6696 1.275594
6710 0.295568
6711 0.136763
6716 0.019455
6720 0.447114
6724 0.200472
6725 0.111105
6732 0.239525
6736 0.552343
6742 0.266945
6749 1.140582
6754 0.322983
6777 0.444545
6778 0.493202
6784 0.211994
6785 0.092217
6787 1.081309
6790 0.011585
6793 0.467317
6797 0.964773
6804 0.278242
6818 0.169725
6828 0.485354
6836 0.033251
6838 0.473719
6841 0.324057
6845 0.249987
6846 0.532023
6848 0.557766
6859 0.554834
6867 0.300115
6872 1.148011
6874 0.118735
6876 0.583139
6880 0.494021
6881 1.107413
6882 0.979809
6885 0.438456
6890 0.369647
6891 0.184435
6896 0.477810
6903 0.278679
6905 0.010338
6907 0.554834
6908 0.329347
6916 0.251743
6919 0.485949
6920 0.329347
6928 0.348848
6929 0.268967
6930 0.945227
6932 0.332224
6933 0.461086
6939 0.217266
6943 0.245022
6944 0.049052
6947 0.335532
6953 0.560077
6957 0.914223
6968 0.058365
6973 0.470187
6978 1.193884
6990 0.053928
7004 0.486085
7006 0.040211
7009 0.442561
7013 0.225420
7014 0.213107
7022 0.291090
7030 0.342096
7035 0.207786
7039 0.286551
7041 0.071302
7044 0.151673
7053 0.012007
7060 1.009999
7066 0.427954
7086 0.396476
7087 1.230253
7093 0.555235
7095 1.136480
7098 0.234812
7100 0.457024
7106 0.548379
7120 1.233406
7128 0.023287
7135 0.560024
7138 0.401591
7141 0.368448
7143 0.444079
7154 0.264384
7161 0.560781
7164 1.081879
7165 1.003400
7170 0.387732
7173 0.512318
7174 0.165750
7179 0.330923
7184 0.384239
7187 0.234451
7188 0.475347
7203 0.301212
7209 0.420402
7219 0.472425
7223 0.527879
7224 1.279233
7225 0.039409
7230 0.294583
7243 0.025474
7249 0.853111
7254 1.177505
7255 0.304013
7265 1.116314
7269 0.014778
7273 0.242677
7280 0.559571
7283 1.132132
7290 0.202022
7291 0.345815
7303 0.465416
7316 0.014778
7326 1.069637
7327 0.335532
7328 0.394193
7330 0.356793
7333 0.963746
7340 0.469369
7347 0.398321
7350 0.014058
7353 0.562300
7356 0.424199
7357 0.572591
7362 0.187943
7364 0.143195
7369 0.311545
7370 0.356124
7372 0.959621
7375 1.182892
7376 1.048917
7382 0.321249
7384 0.253477
7391 0.121339
7405 0.392971
7432 0.477810
7433 0.255069
7437 0.161785
7438 0.023405
7444 0.052635
7450 0.434357
7453 1.009479
7454 1.081935
7456 0.030335
7461 0.291651
7463 0.032169
7473 0.333430
7476 0.533770
7484 0.129277
7485 1.196215
7486 0.010575
7487 1.115871
7495 0.120283
7496 0.410169
7503 1.066389
7510 0.258367
7513 0.376149
7529 0.244711
7531 0.011703
7535 0.329347
7558 0.411160
7562 0.104792
7568 0.198205
7570 0.119621
7578 0.084689
7580 0.119882
7583 0.010875
7584 0.011413
7593 0.032935
7597 0.077277
7599 0.066412
7608 0.111779
7609 0.504999
7610 0.551727
7622 0.482813
7623 0.210496
7624 1.194888
7628 0.120809
7633 0.296837
7634 1.198825
7638 0.151011
7640 0.169206
7648 0.576358
7651 1.146805
7661 0.165750
7662 0.568463
7663 0.551727
7669 0.218870
7676 0.315480
7677 0.323569
7689 0.052396
7697 0.530856
7712 0.591136
7713 0.010338
7718 0.205580
7719 1.181390
7722 0.576358
7723 1.108803
7725 0.387468
7729 0.395492
7734 0.386625
7735 1.053614
7742 0.409028
7756 1.158815
7757 1.167185
7758 1.071824
7763 0.581744
7765 0.195169
7767 0.973405
7768 0.444276
7778 1.202834
7790 0.453919
7794 0.546801
7797 0.606693
7799 0.439130
7804 0.465222
7805 0.138578
7807 0.307391
7822 0.178485
7832 1.152716
7836 1.018679
7840 0.086815
7846 0.305355
7849 0.230543
7850 0.136282
7854 1.223553
7855 0.174654
7856 0.289905
7858 0.030202
7864 0.353743
7865 0.075837
7870 0.279001
7878 0.256159
7880 0.384239
7881 1.210674
7891 0.230543
7892 0.084492
7897 0.507195
7906 0.453205
7912 1.172089
7916 0.429352
7920 1.238102
7925 1.074376
7928 0.293686
7931 0.229336
7937 0.593099
7938 0.243287
7941 0.223106
7943 0.988042
7945 0.303346
7946 0.524589
7953 0.200015
7962 0.414037
7971 0.251303
7976 0.376397
7979 0.557461
7981 0.066503
7987 0.891434
7988 0.044766
7990 0.359288
7991 0.187523
8003 0.350192
8005 1.142237
8016 0.553304
8017 1.063060
8031 0.453032
8033 0.397840
8046 0.403451
8053 0.494951
8058 0.541638
8064 0.091405
8067 0.390150
8069 0.307391
8071 0.212156
8076 0.455394
8107 0.229451
8108 0.123505
8122 0.309265
8123 0.202675
8125 0.150058
8129 0.554190
8132 1.116314
8134 0.342699
8135 0.507195
8150 0.043774
8156 0.962857
8157 0.322522
8164 1.013215
8167 0.024015
8170 1.104970
8180 0.432268
8183 0.422461
8184 0.479347
8193 1.095792
8196 0.557936
8212 0.167945
8217 0.228368
8223 0.318637
8228 0.324201
8233 1.092047
8234 0.448625
8243 1.195943
8244 0.519667
8245 0.496699
8246 0.424964
8251 0.159914
8253 0.286295
8257 1.280795
8259 0.992211
8266 0.299263
8276 0.312955
8277 1.024636
8283 0.034931
8285 0.265474
8292 1.060087
8296 1.169262
8303 1.257508
8305 0.404462
8311 0.515332
8313 0.329347
8321 0.021054
8328 0.145388
8336 0.542455
8342 0.350426
8345 0.387933
8353 0.431339
8355 1.000655
8368 0.254670
8370 0.039297
8374 0.073971
8375 0.312194
8378 0.186089
8381 0.438644
8394 0.167330
8400 0.501181
8413 0.596232
8414 0.384239
8420 0.108067
8428 0.994875
8429 0.089160
8440 0.089968
8450 0.342015
8493 0.411684
8501 0.167871
8503 0.304850
8505 1.100658
8511 1.266196
8518 0.247011
8519 0.025334
8520 0.057278
8525 0.340803
8528 0.331036
8529 0.024015
8534 1.210674
8536 0.598107
8539 0.573652
8540 0.231763
8542 0.059623
8544 1.133504
8545 0.572591
8550 0.576358
8561 0.505577
8573 0.503836
8584 0.556484
8585 0.468901
8592 0.063745
8593 0.395540
8598 0.245549
8600 0.089531
8604 1.147769
8606 1.136480
8616 0.576358
8618 0.052396
8620 0.416465
8625 0.013025
8628 0.258285
8634 0.416102
8638 0.266011
8649 0.465864
8653 0.204021
8664 0.178062
8665 1.135511
8674 0.199893
8677 0.405585
8679 0.212482
8685 0.138881
8687 0.367349
8705 0.020584
8710 0.044766
8721 0.351676
8722 0.126168
8723 0.112766
8726 0.021647
8727 0.217266
8735 0.282528
8748 0.156097
8750 0.379553
8752 0.527386
8762 0.446971
8779 0.343904
8784 0.844663
8789 0.597190
8795 0.571515
8799 0.265125
8800 1.163291
8802 0.097413
8807 0.249850
8808 1.138715
8815 0.491954
8818 0.228556
8821 0.326240
8822 0.365766
8827 0.322760
8846 0.472542
8857 0.186567
8862 1.036044
8867 0.399456
8870 0.558157
8878 0.409028
8884 1.057268
8885 0.407425
8892 1.021996
8893 1.250404
8896 0.123706
8897 0.498087
8905 0.110440
8918 0.425903
8922 0.266524
8923 0.162497
8928 0.222747
8929 0.087548
8938 0.223106
8953 0.411684
8961 0.187523
8966 0.375303
8972 1.218730
8994 1.148087
8997 1.054612
9002 0.948695
9017 0.288179
9018 0.441759
9019 0.344380
9025 0.405008
9031 1.073608
9034 0.144913
9039 1.132008
9041 0.897690
9042 0.179781
9044 0.230543
9047 1.158179
9058 0.484581
9060 1.073763
9065 1.113307
9069 0.548379
9073 0.205842
9081 0.559477
9092 0.427348
9097 0.168374
9111 1.242305
9112 0.144089
9127 0.475960
9128 0.470496
9130 0.135614
9133 0.346934
9150 0.548319
9151 1.024636
9155 0.576358
9158 0.419169
9170 0.345815
9179 0.049473
9181 1.022220
9183 0.388982
9188 0.136186
9190 0.048231
9200 0.313083
9201 1.194524
9203 0.078340
9204 0.847177
9208 1.166947
9217 0.516735
9224 1.088278
9228 0.354682
9229 1.162568
9232 0.397840
9234 0.280790
9235 0.325125
9240 0.234624
9241 0.343956
9246 0.285716
9250 1.106142
9252 1.048782
9256 0.084993
9264 0.119621
9275 0.111105
9278 0.059881
9285 0.330923
9286 0.518381
9287 0.056460
9288 0.573174
9299 0.556135
9301 1.038397
9306 1.111336
9309 0.374486
9317 1.026289
9319 0.400417
9327 0.300115
9331 0.019373
9332 0.205435
9333 0.459173
9336 0.061753
9350 0.230543
9352 0.436917
9357 0.497250
9364 0.463145
9366 0.085036
9376 0.055889
9395 1.208492
9404 0.181709
9405 1.056656
9406 0.550027
9415 0.077711
9425 0.021956
9431 1.113419
9432 0.198554
9443 0.511056
9444 1.023387
9450 0.091758
9461 0.966349
9463 0.252854
9469 0.321430
9474 0.555526
9482 1.170634
9488 0.494824
9491 0.064638
9498 0.450363
9501 0.223486
9505 0.448953
9506 0.876064
9507 0.057278
9508 0.428332
9519 1.196490
9526 0.268731
9530 0.453091
9534 0.940524
9536 0.115272
9538 1.157539
9539 0.422890
9545 1.131500
9562 0.599787
9564 0.429826
9569 0.556820
9572 0.187523
9586 0.581044
9588 0.442138
9589 0.039409
9597 1.093093
9600 1.055223
9620 0.589762
9624 0.507976
9628 0.118227
9635 0.313828
9637 0.318369
9643 0.576358
9648 0.512318
9653 0.537536
9654 1.086701
9661 1.157383
9663 0.573652
9664 0.525126
9668 0.039921
9669 0.119452
9673 0.106953
9678 1.084909
9686 0.455274
9693 0.487327
9697 0.156914
9707 0.236166
9709 0.015068
9712 0.992211
9714 0.256159
9724 0.490517
9736 0.579440
9740 0.602959
9743 0.114750
9745 0.388556
9749 0.091004
9758 0.162736
9772 0.520581
9781 0.390751
9787 1.147404
9791 0.223106
9796 0.451328
9802 0.342957
9803 0.315028
9811 0.391488
9817 0.384239
9828 0.494021
9829 0.111227
9832 0.414978
9835 0.329347
9836 1.028403
9838 0.983651
9842 1.015760
9846 0.170401
9849 0.498472
9862 1.004441
9866 1.017983
9871 0.470262
9884 0.107587
9886 0.118227
9888 0.088293
9890 0.344737
9892 1.105773
9893 0.212952
9897 0.060352
9899 0.507195
9903 0.365619
9904 1.077413
9908 0.919582
9914 1.049032
9934 0.390338
9956 0.135614
9958 0.289426
9970 0.589053
9972 1.079617
9978 0.329347
9980 0.359872
9985 0.317991
9990 0.168374
9996 0.978843
10001 0.486923
10002 0.156542
10003 0.303710
10019 1.055499
10034 1.118812
10035 0.401508
10043 0.269466
10047 1.017102
10049 0.241406
10063 0.179781
10066 0.151176
10068 0.406841
10081 0.441231
10085 0.552005
10090 0.966418
10100 1.127100
10107 0.201055
10114 0.463736
10118 0.561191
10119 0.050949
10129 0.465520
10130 0.456405
10138 0.235020
10153 0.416259
10158 0.240149
10163 0.278242
10167 0.311846
10184 0.156542
10192 0.130990
10201 0.322522
10211 0.126518
10219 0.128080
10221 0.206275
10225 0.382516
10228 0.307391
10234 0.520581
10239 0.197175
10241 0.149542
10244 0.325473
10248 0.521002
10262 0.172653
10272 1.076879
10277 0.011084
10278 0.249557
10279 0.040094
10285 0.433818
10286 0.435901
10301 1.084011
10314 0.505469
10324 0.269466
10325 0.432268
10330 0.525126
10331 0.223734
10335 0.416528
10337 0.273704
10338 1.120517
10339 0.282528
10349 1.030664
10350 0.284436
10359 0.423869
10361 0.110838
10363 0.204688
10364 0.036402
10366 0.417944
10367 1.086030
10374 0.237780
10377 0.122142
10381 0.587659
10386 0.567305
10387 0.193819
10388 0.420402
10397 0.096563
10404 0.295568
10412 1.095792
10416 1.235711
10420 0.133648
10422 0.022168
10423 1.181108
10430 0.042173
10435 0.243287
10446 0.028115
10452 0.437903
10453 0.562300
10455 0.576358
10460 0.075061
10465 0.028698
10470 0.591136
10474 0.184435
10483 0.514919
10487 0.384239
10495 1.018464
10505 0.073971
10509 0.204127
10515 0.176586
10527 0.516976
10533 0.974654
10546 0.385931
10547 0.054566
10557 0.102211
10564 0.272832
10573 0.325125
10579 0.029941
10585 1.179215
10587 0.195886
10597 0.562635
10615 0.100674
10616 0.475243
10623 1.164723
10625 1.203639
10626 0.594289
10631 0.221913
10634 0.441759
10640 0.569242
10641 1.048971
10651 1.103813
10656 0.324057
10669 0.282298
10670 0.237980
10671 0.121873
10674 0.474939
10678 0.614782
10683 0.559755
10684 0.518722
10685 0.295008
10686 0.554471
10689 0.272888
10694 1.141841
10697 1.089632
10699 0.314377
10700 0.463293
10703 0.315273
10710 0.465520
10712 0.357921
10726 0.412551
10729 0.421083
10747 0.042431
10748 0.380508
10754 0.456631
10764 0.304013
10765 0.611868
10771 0.104792
10774 0.014874
10775 0.324709
10778 0.191322
10790 0.188199
10795 0.194434
10802 0.366773
10807 0.063686
10812 0.936967
10822 0.468483
10831 0.327476
10832 0.146588
10835 0.340803
10837 1.003978
10843 0.190896
10844 0.321155
10860 1.085784
10865 0.528634
10868 0.543318
10871 0.154382
10872 0.496750
10873 0.563990
10877 0.187243
10882 0.049052
10883 0.187943
10884 1.142604
10885 0.483729
10887 0.183387
10891 0.545268
10894 0.323904
10910 0.414082
10925 1.183870
10928 0.119763
10936 0.456283
10937 0.598813
10944 1.163694
10951 0.494883
10962 0.548429
10965 0.482813
10970 0.518722
10978 0.932419
10982 1.158339
10984 1.124254
10987 0.120545
10990 1.202834
10997 0.600231
11001 0.218409
11003 0.461086
11017 0.579142
11027 0.097584
11029 0.201725
11036 0.353594
11037 0.453315
11039 1.070379
11043 0.265547
11045 1.165668
11050 1.041878
11059 0.047437
11061 0.058737
11065 1.272999
11070 0.324057
11072 0.235501
11073 0.032020
11076 0.207786
11084 0.013250
11094 0.156300
11095 0.226764
11100 0.327399
11110 0.499510
11111 0.213466
11112 0.504740
11113 0.351438
11128 0.097413
11129 0.051924
11132 0.073421
11148 0.293419
11154 0.233288
11156 0.064338
11157 1.020276
11158 0.351081
11159 0.111779
11164 1.124873
11170 1.174884
11174 0.279850
11176 0.886705
11178 0.030739
11180 0.989456
11184 0.169065
11186 0.576358
11193 0.081608
11197 0.203736
11203 0.067410
11211 0.325899
11214 0.032169
11218 0.368869
11219 0.065495
11221 0.458309
11226 0.341907
11228 0.040446
11229 1.129569
11236 0.048030
11237 0.064040
11248 0.510697
11252 0.203122
11256 0.087707
11264 0.019960
11265 0.126672
11266 0.343667
11268 1.087468
11275 1.170094
11283 1.005212
11285 0.056575
11289 0.085036
11292 0.046109
11301 0.108067
11302 0.566478
11305 0.497250
11318 0.380277
11319 0.285535
11323 0.316997
11328 0.580076
11331 0.095562
11341 0.290087
11353 0.247691
11370 0.420488
11373 0.304951
11375 0.297893
11378 1.116532
11387 0.551054
11390 0.442915
11402 0.508991
11404 1.214031
11406 0.173178
11411 0.220615
11419 1.045633
11421 0.280865
11425 0.288179
11426 0.257666
11444 0.376989
11452 0.600485
11455 0.403451
11459 1.260606
11460 0.012329
11464 0.454592
11473 0.317991
11481 0.228261
11482 0.399608
11483 0.218266
11485 0.416259
11487 0.356908
11491 0.044984
11495 0.913865
11511 0.570869
11512 0.237130
11516 0.265227
11532 1.171613
11543 0.515180
11546 1.094103
11551 0.013972
11552 0.509232
11554 1.009205
11557 1.095855
11558 0.472909
11560 0.951784
11562 0.581044
11563 0.561110
11584 1.180381
11585 0.206898
11588 0.507195
11599 0.406195
11601 0.327476
11610 0.372793
11611 0.184435
11614 0.996943
11615 0.540130
11630 0.112919
11635 0.611868
11643 1.056656
11650 0.117225
11655 1.210352
11658 0.237780
11671 0.102211
11679 0.475059
11692 0.409028
11696 0.132159
11705 0.407590
11712 0.205580
11714 0.429203
11730 0.101497
11731 0.360565
11733 0.120545
11748 0.591136
11751 1.233893
11753 0.223106
11762 0.572865
11773 0.470039
11781 0.297145
11783 1.001349
11793 0.529820
11797 0.329347
11804 0.252917
11805 0.408690
11822 0.543015
11827 0.174465
11831 0.033092
11832 0.507195
11842 0.011357
11847 0.093622
11848 0.170073
11852 0.906065
11856 0.112710
11864 0.345348
11865 0.142471
11867 0.888841
11869 1.027173
11873 0.286800
11882 0.515500
11884 0.527306
11885 1.152716
11888 0.325306
11889 0.194434
11900 0.510784
11911 0.357921
11915 0.537934
11927 1.132253
11936 0.581044
11938 0.021852
11948 0.457276
11951 0.501989
11955 0.232565
11957 0.180112
11958 0.320486
11968 0.444166
11984 0.311846
11989 0.206457
12008 0.048231
12009 0.468687
12010 0.164674
12011 0.394623
12012 1.083155
12016 0.523962
12028 0.235783
12030 1.251118
12032 0.439130
12038 0.032169
12057 0.397892
12060 1.145279
12065 1.201422
12067 0.202231
12068 1.035595
12069 0.194434
12079 0.184047
12088 0.141675
12091 0.083834
12100 0.315973
12103 0.281659
12105 1.181178
12107 0.134484
12109 0.610710
12120 1.023035
12124 0.170401
12125 0.440930
12145 0.190896
12149 0.356204
12155 0.466923
12156 0.193193
12158 0.327837
12168 0.019212
12172 0.080690
12179 0.345258
12182 0.370303
12183 1.134272
12184 0.335336
12194 1.135338
12198 0.254496
12207 0.116567
12209 0.203069
12211 0.314377
12212 0.310347
12216 1.061838
12221 0.302733
12233 0.530453
12247 0.530539
12253 0.412551
12257 1.138247
12259 0.533572
12266 0.354682
12274 0.148140
12278 0.063163
12280 1.135847
12283 1.182273
12302 0.384239
12304 0.436977
12305 0.121339
12308 0.197175
12323 1.024636
12327 0.591659
12330 0.562300
12344 0.143343
12350 0.368869
12351 0.382561
12353 0.101214
12360 0.138578
12363 1.013834
12373 0.609701
12377 0.571070
12379 0.275275
12380 0.036402
12389 1.119142
12402 0.440528
12405 0.054631
12409 1.100583
12415 0.581646
12420 1.139466
12423 0.268504
12428 0.469625
12429 0.933419
12430 0.218409
12432 1.106235
12436 0.535605
12442 1.089632
12445 1.064045
12446 0.458672
12448 0.426004
12453 0.037487
12455 1.076713
12457 0.579809
12461 0.491322
12464 0.407472
12465 0.070574
12468 1.066262
12474 0.368869
12477 0.536412
12479 0.096957
12481 0.596838
12485 0.397488
12486 1.143267
12488 0.965064
12490 0.537536
12494 0.576358
12504 0.381063
12507 1.212134
12511 0.979809
12514 0.042431
12516 0.490235
12520 0.244952
12524 1.110023
12530 0.434532
12531 0.109782
12535 0.902125
12538 0.943131
12539 1.203948
12544 1.152716
12549 0.019373
12552 0.072045
12556 1.074376
12557 0.449487
12558 0.232402
12560 0.128795
12570 0.496979
12571 0.311545
12580 0.395607
12581 0.562954
12583 1.249583
12585 0.357342
12591 1.090536
12594 1.132493
12596 0.445108
12599 0.233288
12601 0.075279
12602 0.418285
12609 0.394853
12613 0.020402
12617 0.520939
12630 0.595299
12631 0.203420
12633 0.292903
12634 0.472662
12639 0.430532
12642 0.143275
12645 0.333155
12646 0.094582
12650 0.492614
12655 0.248943
12659 0.429150
12662 0.404627
12673 0.359647
12678 0.961869
12682 0.027283
12683 0.996174
12685 0.162191
12689 0.449840
12690 1.099101
12692 0.251960
12698 0.449840
12714 0.436465
12718 0.406841
12721 1.110908
12722 0.021647
12727 1.103455
12730 1.152716
12733 0.589166
12737 0.381063
12746 0.327223
12748 0.384239
12750 0.293686
12756 0.171567
12759 0.398470
12761 0.544139
12767 0.388556
12772 0.274741
12775 0.024526
12786 1.188367
12800 0.207018
12809 0.562569
12812 0.514701
12818 0.311911
12819 0.511246
12824 0.591659
12828 0.195376
12830 0.037385
12833 0.550160
12838 0.469129
12845 0.079957
12849 0.372306
12871 0.117027
12873 0.119060
12884 0.945818
12890 0.170773
12897 0.138326
12906 0.556016
12913 0.490295
12918 0.445862
12927 1.109308
12934 0.233461
12940 0.096867
12942 0.175652
12948 0.137480
12950 0.215713
12952 0.492171
12953 0.353804
12980 0.413795
12984 0.294310
12985 1.138828
12987 1.023488
12995 0.384239
12996 0.352219
13010 0.562300
13011 0.098804
13021 0.264739
13031 0.315366
13034 1.041163
13037 1.086030
13040 0.576358
13045 0.103383
13046 0.540011
13049 0.993109
13057 1.069924
13059 0.058812
13061 0.441974
13064 0.945818
13066 0.302168
13070 1.248307
13071 0.293686
13081 0.453528
13087 0.504313
13089 0.523962
13091 0.555399
13093 0.012737
13100 0.019789
13101 1.039705
13105 0.199509
13107 0.024396
13108 0.067148
13113 0.485354
13118 0.373133
13119 0.996036
13122 0.249987
13131 0.504313
13135 0.418083
13139 0.197608
13145 0.332224
13151 0.261752
13156 0.534027
13157 0.487922
13160 0.537934
13162 1.236104
13168 0.463592
13169 0.584043
13170 1.086468
13172 0.033251
13177 0.571432
13178 1.172035
13186 0.089822
13187 0.478486
13189 1.113641
13191 0.390751
13193 0.519024
13196 1.077864
13212 0.588887
13215 0.262295
13223 1.139312
13224 1.096025
13228 0.439130
13240 0.297475
13244 0.514701
13246 0.588621
13250 0.484581
13254 1.256399
13264 1.001043
13272 0.127489
13275 1.126636
13284 0.551832
13286 0.504740
13287 0.269466
13289 0.425844
13301 1.119781
13302 0.204127
13310 0.199389
13311 0.244825
13312 0.877702
13320 0.564596
13323 1.159966
13325 1.146053
13334 0.117624
13339 0.074369
13345 0.403716
13346 1.017824
13349 0.314377
13351 0.083186
13357 0.404045
13360 0.237529
13389 0.084052
13391 0.335967
13399 0.516518
13409 0.348848
13412 0.538394
13427 1.010989
13428 1.079759
13433 0.358623
13435 0.545664
13445 0.579809
13453 0.229195
13454 0.548319
13456 0.366987
13475 0.038002
13477 0.091175
13481 0.428574
13483 0.058737
13500 0.326433
13504 0.332058
13509 1.099662
13510 0.568741
13519 0.347262
13523 0.249850
13527 0.234242
13528 1.050706
13529 0.544920
13552 0.335336
13558 0.535605
13561 0.528769
13565 0.461086
13566 0.380808
13568 0.513950
13574 0.908545
13575 0.525288
13579 0.011084
13586 0.223106
13592 0.216750
13594 1.213385
13597 0.011527
13598 0.428013
13601 0.056230
13608 1.147201
13610 0.433000
13611 0.978062
13615 0.215779
13619 0.010112
13627 1.017824
13637 0.552833
13638 0.069511
13641 0.452468
13643 0.341954
13644 0.265227
13648 0.030876
13651 0.249987
13655 0.314377
13657 0.576358
13672 0.059495
13674 0.507195
13691 0.218266
13696 0.208322
13697 0.205144
13698 0.969222
13700 0.022492
13703 0.364016
13708 0.012263
13711 0.414978
13712 0.336209
13721 0.538564
13727 0.288179
13728 1.128997
13729 1.051006
13760 0.067410
13761 0.984482
13764 1.023035
13769 1.060087
13771 1.074566
13782 0.506954
13787 0.144089
13790 0.247412
13798 0.381140
13809 0.542455
13812 0.963464
13813 0.509488
13816 0.994286
13821 0.507618
13823 1.159702
13824 0.512318
13830 0.541830
13832 0.239765
13839 0.514435
13849 1.136925
13851 0.194987
13858 0.404462
13859 0.940079
13861 0.360224
13862 0.583139
13863 0.514919
13864 0.304317
13866 0.365342
13881 0.556016
13885 0.034755
13904 0.190008
13907 0.200888
13909 1.035774
13910 0.222454
13916 0.551299
13920 0.320199
13929 0.506395
13941 0.434140
13947 0.200932
13957 0.386077
13967 0.321988
13974 0.516735
13978 0.335336
13983 0.051807
13984 0.072957
13985 0.401508
13996 0.175096
14000 0.428013
14003 0.543557
14011 1.129191
14012 0.051518
14013 0.313539
14016 0.036986
14020 0.109782
14023 0.384239
14025 0.033574
14037 0.209585
14038 0.566004
14045 0.139121
14046 1.040802
14048 0.490235
14053 0.074369
14060 0.360224
14061 0.177341
14071 0.075177
14074 0.568604
14079 1.108381
14080 1.128801
14085 0.339640
14086 0.970203
14094 0.011470
14096 0.116567
14101 0.380277
14102 0.275769
14104 1.188965
14109 0.086300
14112 0.374633
14134 0.084689
14137 0.367677
14141 0.440930
14144 0.304491
14145 0.509744
14156 1.254001
14158 1.101711
14161 0.556868
14170 0.288179
14174 0.028999
14178 0.370350
14179 1.199958
14180 0.190983
14184 0.047050
14188 1.200746
14196 0.192119
14206 0.094099
14210 0.235905
14211 0.424964
14217 0.359807
14218 0.173776
14223 0.220733
14224 0.513861
14228 0.187943
14236 0.854995
14241 0.264317
14258 0.445802
14259 0.472425
14275 0.581370
14276 0.503216
14277 0.455019
14283 0.025474
14294 1.130333
14296 0.366987
14302 0.441874
14303 0.596430
14306 1.098759
14307 0.304013
14308 0.231469
14309 0.940722
14311 0.436977
14312 0.547540
14313 0.461086
14319 0.364016
14327 1.227893
14328 0.583908
14332 1.141072
14336 0.579197
14341 0.114635
14344 1.181534
14345 0.448953
14347 0.086454
14353 1.053475
14360 0.511246
14362 0.396476
14367 0.205649
14376 0.162497
14377 0.181446
14379 1.050577
14382 0.588120
14390 0.465629
14401 0.376849
14410 0.201725
14418 0.257750
14419 0.050780
14428 1.152716
14429 0.368869
14436 0.162497
14438 0.312955
14441 0.060404
14442 0.027888
14450 0.299083
14451 0.115916
14452 1.068113
14455 0.520581
14457 1.028244
14460 0.022383
14462 0.434987
14466 0.104361
14475 0.534185
14480 0.308053
14481 0.426505
14484 0.247780
14488 1.235795
14489 0.461086
14500 0.422830
14503 0.414734
14509 0.060142
14510 0.429584
14514 0.144089
14517 0.061315
14520 0.401443
14523 0.155923
14526 1.068113
14539 1.124940
14541 0.307391
14545 0.128629
14548 0.191322
14558 0.386316
14565 0.974934
14573 0.578897
14575 0.407957
14582 0.503836
14589 1.211081
14591 0.040211
14594 0.195962
14596 0.393344
14603 0.187523
14604 0.399922
14610 0.038106
14611 0.595299
14613 0.564784
14622 0.493069
14633 0.044549
14638 1.133610
14651 1.108569
14661 0.258553
14665 1.125909
14670 0.204021
14673 1.160153
14678 1.340103
14679 0.377057
14683 0.077215
14684 0.492524
14686 0.179644
14696 0.406841
14703 0.906505
14704 0.069441
14715 0.882326
14717 0.583533
14718 0.501700
14719 0.284621
14725 1.152716
14729 0.248625
14736 0.576358
14752 0.194278
14761 0.564400
14765 0.096060
14767 0.204624
14768 0.259926
14771 0.192119
14773 0.199804
14774 0.554834
14781 0.466126
14786 0.174248
14789 0.558459
14799 0.516417
14803 1.071824
14807 1.050848
14808 0.076848
14809 0.379553
14817 0.084689
14821 0.127372
14826 0.315625
14830 1.022493
14835 0.427497
14839 0.368323
14840 0.241022
14842 0.372306
14843 1.132727
14847 0.197312
14857 1.026198
14864 0.433590
14871 0.430029
14876 1.055028
14880 0.205649
14888 0.586295
14889 1.158394
14893 0.009687
14895 0.421565
14906 0.087410
14907 0.490517
14909 0.309974
14917 0.230543
14920 0.250800
14922 0.067807
14930 0.025196
14932 0.540654
14934 0.072045
14939 0.313458
14941 1.117170
14943 0.134952
14944 0.082830
14962 0.544499
14966 0.562525
14968 0.262644
14970 0.501181
14974 0.128875
14975 0.438533
14979 0.496236
14981 0.416400
14998 0.975375
15019 0.291827
15022 0.291212
15033 0.333552
15034 0.070288
15039 1.044826
15050 0.933846
15054 0.396534
15065 0.437605
15066 0.226234
15069 0.362548
15070 0.210955
15071 0.176586
15076 0.548379
15081 0.015268
15085 1.129662
15086 0.475560
15087 0.091175
15107 1.096759
15123 1.073898
15127 0.420488
15135 0.161785
15149 0.130145
15156 0.418285
15159 0.288179
15172 0.588217
15190 0.437237
15200 0.023054
15204 0.252011
15205 0.568604
15206 0.590415
15218 0.360224
15219 0.499265
15230 0.150121
15233 0.439130
15237 0.334659
15241 0.253198
15246 0.165660
15248 0.096060
15251 0.572948
15258 0.036887
15263 0.420909
15268 0.474369
15273 0.591525
15275 0.547540
15288 0.357921
15291 0.157906
15292 0.382043
15294 1.017102
15301 0.080892
15303 0.489361
15305 0.305934
15306 0.169325
15316 0.238164
15321 0.262795
15326 0.169517
15330 0.013025
15337 0.571672
15338 0.345198
15348 0.115272
15350 0.384239
15354 0.412440
15357 0.093283
15362 0.508136
15373 0.110838
15374 0.461086
15379 0.492171
15380 0.452853
15389 1.023612
15395 0.526549
15398 0.120283
15413 0.076848
15415 1.085698
15417 0.330779
15421 0.200932
15424 0.116865
15427 0.534027
15429 0.429826
15435 0.041415
15438 0.499973
15444 0.274690
15448 0.060990
15449 0.340146
15450 0.920150
15456 0.388283
15477 0.590839
15482 1.159966
15492 0.353743
15497 0.485354
15498 0.100784
15500 0.273526
15510 0.046858
15513 1.112572
15522 0.129519
15527 0.068614
15528 0.529115
15534 0.333818
15536 0.350039
15538 0.128080
15539 0.134821
15540 0.223486
15546 0.488343
15550 0.512318
15552 0.055154
15556 0.031295
15560 0.164674
15566 1.112505
15578 0.147638
15581 0.503369
15582 0.521985
15589 0.192119
15599 1.034329
15605 0.187243
15611 0.024526
15616 0.434207
15618 0.137480
15619 0.278042
15631 1.131500
15634 1.052709
15637 1.077864
15641 0.492985
15649 0.320859
15653 0.048030
15661 1.066977
15666 0.259767
15679 0.257459
15681 0.226545
15687 0.316997
15692 0.550329
15693 0.534185
15716 0.154554
15720 0.054373
15730 0.201568
15732 0.225531
15736 0.397488
15743 0.029431
15746 0.218210
15753 0.598813
15758 0.387551
15761 0.326134
15770 0.325125
15777 1.085698
15778 0.487871
15781 0.382561
15782 0.401350
15792 1.173932
15795 0.134037
15806 0.175838
15815 0.304491
15816 0.011246
15824 0.507004
15825 0.129519
15830 1.152716
15831 0.237980
15839 0.291954
15841 0.201725
15845 1.339469
15847 0.454883
15848 1.072968
15849 0.133006
15851 0.194142
15854 0.141371
15872 0.305539
15879 1.142043
15881 1.037444
15882 0.573652
15885 0.242123
15892 0.407526
15895 0.035468
15916 1.099279
15917 1.069985
15920 0.297475
15922 1.241386
15930 0.499265
15933 0.329347
15939 0.433695
15940 0.930506
15954 0.213906
15955 0.492306
15956 0.560495
15957 0.201725
15962 0.065248
15964 1.104010
15965 0.256159
15968 1.152716
15972 1.004347
15978 0.041353
15979 1.084102
15980 1.060499
15983 0.556084
15986 0.305420
15987 0.482532
15999 0.187243
16001 1.128701
16002 0.301212
16004 0.336748
16011 0.354682
16034 0.162736
16045 1.158451
16053 0.511056
16055 0.573026
16056 1.157750
16067 1.090593
16069 1.112505
16080 0.469071
16087 1.130967
16088 0.220615
16090 1.124136
16092 0.916617
16094 0.860553
16095 0.445717
16100 1.086637
16102 0.600942
16106 0.249987
16112 0.989832
16122 0.969667
16124 1.014390
16132 0.375993
16135 0.554834
16143 0.070288
16146 0.172653
16148 0.391488
16156 0.485354
16159 0.069025
16162 0.219111
16164 0.280865
16168 0.115798
16170 0.417173
16173 1.022940
16178 0.241617
16181 0.280218
16184 0.548912
16188 0.329347
16198 1.013834
16202 1.089380
16207 0.212482
16209 1.163101
16211 0.175213
16218 0.477955
16220 1.061838
16222 0.056575
16226 0.171146
16230 0.232481
16244 0.292567
16250 1.152716
16252 0.105997
16257 0.072694
16259 0.386189
16263 0.611868
16272 0.067807
16273 0.521591
16274 0.951920
16275 0.482813
16277 0.091004
16279 0.060404
16286 1.174465
16296 0.416102
16299 0.500235
16302 0.092217
16306 0.390921
16308 0.467461
16313 0.176492
16316 0.267430
16319 0.568316
16321 0.433964
16323 0.109782
16326 0.614782
16332 1.303892
16339 0.346481
16340 0.030202
16343 1.097825
16344 0.995527
16355 0.535455
16360 0.970708
16370 0.292567
16373 0.020312
16378 1.068999
16380 0.598813
16386 0.990063
16387 0.314950
16391 0.160844
16398 0.308013
16407 0.349308
16408 1.040802
16413 1.004144
16420 1.164600
16421 0.422662
16425 0.276652
16444 1.134223
16446 1.138485
16455 0.055957
16460 0.181640
16463 0.512318
16464 0.468687
16465 0.406841
16470 0.527306
16473 1.097825
16477 1.076713
16480 0.545268
16482 0.345125
16488 0.070288
16491 1.098470
16497 0.297019
16518 0.092217
16521 0.576358
16525 0.231596
16532 0.333007
16533 0.250800
16538 0.321009
16540 0.043705
16550 0.526672
16551 0.145913
16558 0.587233
16559 0.084492
16574 0.467611
16576 1.002769
16577 0.414460
16594 0.249557
16601 1.058231
16610 0.258773
16611 0.282298
16614 0.178960
16616 0.099694
16632 0.416801
16633 0.249850
16637 0.422282
16642 0.272832
16643 1.121278
16646 0.197312
16647 0.242167
16657 0.469369
16658 0.467461
16659 0.248053
16669 0.123706
16674 0.262500
16675 0.065557
16680 0.092217
16682 0.153695
16687 0.070574
16690 0.611385
16691 0.143400
16692 0.280790
16697 1.157750
16698 0.155422
16701 0.229396
16713 0.959558
16716 0.209585
16719 0.114556
16724 0.176298
16725 0.137345
16730 0.093826
16746 0.139121
16752 1.152716
16756 0.222083
16758 0.528952
16760 0.492614
16761 1.180031
16765 0.399456
16766 0.195886
16767 1.236820
16776 0.305420
16781 0.539081
16785 0.113568
16788 0.447323
16796 0.038002
16797 0.132369
16801 1.188578
16804 0.273155
16808 0.967712
16826 0.155074
16835 0.598166
16852 0.458848
16863 0.391700
16873 0.351676
16874 0.245259
16881 0.090854
16884 0.216848
16886 1.099717
16890 0.513950
16902 0.260614
16906 0.121981
16915 0.122956
16919 1.034489
16923 1.165668
16929 0.211994
16939 0.581044
16941 0.388043
16943 1.224018
16956 0.103449
16961 0.394350
16978 0.464961
16980 0.265603
16981 0.117027
16987 0.366157
16989 0.568604
16997 0.584326
17000 0.192119
17010 0.955289
17034 0.260291
17046 0.409855
17047 1.084909
17049 0.011644
17056 1.152716
17059 0.389807
17060 0.488651
17061 0.240377
17075 0.089243
17077 0.343070
17095 0.547825
17103 0.184435
17108 0.365942
17111 0.293419
17118 1.027900
17120 1.223871
17127 1.051277
17131 0.456932
17138 0.077961
17145 0.219565
17151 0.475347
17155 0.339640
17156 1.205455
17160 0.573600
17171 0.407957
17173 0.257218
17175 0.109782
17176 0.409028
17177 0.109782
17180 0.563259
17183 0.387551
17185 0.049314
17198 0.188626
17204 0.450108
17216 0.351438
17232 0.586469
17235 1.069387
17249 1.046854
17253 1.302419
17255 0.488651
17256 0.323386
17261 0.135003
17266 0.439696
17269 0.492614
17281 0.061478
17284 1.174062
17289 0.259621
17290 0.394623
17293 0.214792
17294 1.175027
17295 0.129277
17307 1.054612
17308 0.061071
17310 0.229336
17311 0.396962
17312 0.443903
17313 0.553902
17317 0.026348
17320 0.085841
17322 0.407472
17329 1.071108
17332 0.010978
17347 1.158751
17349 0.031438
17350 0.169986
17352 0.054631
17355 0.318369
17370 0.580076
17371 0.266945
17373 0.487327
17375 0.019874
17381 0.078483
17388 0.540011
17393 0.165750
17394 0.520893
17395 0.192119
17406 1.187052
17410 0.351304
17412 0.426505
17419 0.292753
17420 1.221330
17427 0.069262
17428 0.393610
17442 0.313757
17457 0.365027
17459 0.364580
17473 0.324995
17476 0.367738
17482 1.175318
17493 0.259552
17506 0.534372
17514 0.279850
17525 0.083834
17526 0.579039
17531 1.055028
17534 0.077820
17552 0.295208
17555 0.481456
17557 0.555011
17559 0.555668
17560 0.321988
17565 0.249557
17570 1.027064
17575 0.064338
17577 0.487434
17580 0.014970
17581 0.011191
17582 0.437740
17588 1.307703
17591 0.080539
17595 0.120545
17598 0.398603
17613 0.512318
17624 0.567112
17625 0.103383
17628 0.344626
17629 1.132314
17630 0.237130
17632 0.506070
17635 0.377252
17649 0.436712
17667 0.160577
17668 0.047535
17671 0.548912
17673 1.066262
17676 0.060037
17684 0.059726
17688 0.052100
17691 1.080671
17692 0.076529
17716 0.449840
17720 0.010338
17726 1.121895
17731 0.258899
17732 1.062053
17733 0.092217
17737 0.176372
17743 1.133178
17748 0.876852
17749 0.142604
17752 0.185607
17755 0.046574
17759 0.380614
17762 0.380614
17769 0.379609
17776 0.411239
17778 1.127979
17782 1.072732
17783 1.123898
17794 0.124312
17803 0.582425
17806 0.045427
17809 0.576358
17812 0.439130
17817 0.195744
17821 0.027123
17825 0.276227
17835 0.144913
17841 0.261344
17844 0.543845
17851 0.140575
17852 1.193162
17856 0.508136
17858 0.085784
17860 0.054245
17866 0.130250
17867 1.122113
17869 0.206017
17872 0.438533
17874 0.359920
17877 1.152716
17878 0.213466
17895 0.989980
17902 0.444908
17904 0.471276
17924 0.581284
17934 0.511056
17937 0.313458
17950 0.327223
17951 0.220020
17954 1.162012
17963 0.350192
17978 0.190139
17985 0.165518
17992 0.206072
18001 0.179781
18002 0.447975
18005 0.996541
18008 1.166831
18013 0.226960
18015 0.304741
18018 0.225638
18025 0.181640
18029 0.223486
18031 0.459046
18032 0.223486
18036 1.242151
18040 1.085627
18042 0.176586
18044 0.293419
18045 0.348930
18053 1.074016
18055 0.412035
18056 0.037794
18079 0.205342
18081 0.231831
18098 1.057187
18104 0.996541
18106 1.231173
18107 0.406841
18108 0.364635
18113 0.237980
18117 0.209585
18122 1.009902
18128 0.223106
18138 0.429443
18141 0.186927
18143 0.294881
18144 0.463898
18148 0.286851
18156 0.426932
18161 1.109217
18165 0.009646
18174 0.448278
18177 1.190203
18183 1.013595
18188 0.259245
18201 0.234948
18203 0.276652
18206 1.090742
18210 0.224920
18215 0.084004
18217 1.091510
18229 0.115272
18232 0.050949
18234 0.254588
18235 0.028462
18236 0.130990
18241 0.175096
18242 0.053366
18248 0.512318
18251 0.428918
18263 0.999350
18272 0.283556
18280 0.142311
18288 0.150354
18300 0.322370
18302 0.194551
18303 1.129890
18305 0.346356
18312 0.282048
18327 0.331982
18329 1.103548
18333 0.162562
18335 0.437441
18342 1.152716
18343 0.327837
18353 0.199804
18354 0.150058
18355 0.281775
18356 0.523962
18357 0.321430
18370 0.288179
18372 1.137068
18375 0.378827
18380 0.594950
18381 0.261698
18386 0.143400
18394 0.246085
18398 0.084217
18400 0.144089
18405 0.120075
18406 0.146377
18411 0.303000
18415 0.546267
18417 0.587371
18418 0.433421
18428 0.509175
18432 0.167330
18437 1.078824
18439 0.417273
18446 0.341110
18457 0.165412
18458 0.047781
18460 0.406841
18464 1.228929
18465 0.434077
18468 0.497438
18473 0.351833
18474 0.335336
18479 0.270006
18494 1.049795
18495 1.241386
18509 0.482045
18513 0.359807
18515 0.485354
18520 0.583302
18527 0.568873
18537 0.240866
18538 0.425844
18540 0.300708
18543 0.310148
18544 0.926807
18545 0.425466
18548 0.434077
18549 1.091329
18552 1.205112
18558 1.152716
18560 0.054891
18561 0.305539
18563 0.907891
18564 0.584043
18590 1.258713
18593 0.404462
18595 0.565274
18597 1.085784
18599 0.400474
18600 0.096060
18608 0.029183
18626 0.579728
18627 0.323797
18631 1.080970
18634 0.303898
18640 0.018518
18643 0.203736
18647 0.380808
18648 0.155581
18650 1.088278
18656 0.112460
18657 0.010292
18660 0.374633
18662 0.162736
18665 0.091693
18668 0.485898
18672 0.316997
18673 0.558459
18678 1.101484
18688 1.006970
18694 0.267595
18696 0.420488
18702 0.173178
18706 0.494773
18714 0.295208
18715 0.055687
18716 0.134179
18728 0.329347
18730 0.230543
18732 0.261541
18739 0.421565
18741 0.303642
18745 0.543165
18746 0.555774
18747 1.195409
18749 0.210782
18754 0.289627
18757 0.480298
18758 0.241266
18760 0.069262
18766 0.488651
18771 0.549551
18783 0.426438
18786 0.308370
18788 0.423219
18792 0.309108
18795 1.088949
18804 0.551832
18807 1.078162
18808 0.531026
18809 0.599412
18816 0.442457
18825 0.243431
18830 1.085567
18834 0.070472
18836 0.263478
18844 1.217031
18854 1.071108
18864 0.040270
18865 0.259767
18868 0.181326
18870 0.112460
18886 0.108236
18892 0.250800
18896 0.557237
18898 0.555774
18905 0.388283
18906 0.079108
18907 0.314377
18908 0.076339
18915 0.611645
18917 0.240377
18923 0.094582
18924 0.233343
18925 0.379249
18931 0.483397
18933 0.426932
18936 1.127100
18941 0.531252
18954 0.468739
18955 0.152135
18960 0.134821
18965 0.247011
18966 0.386131
18967 1.190885
18972 0.044766
18988 0.958801
18996 0.316232
19001 1.176241
19018 0.340704
19025 0.169325
19026 0.999020
19027 0.303061
19030 0.071597
19032 0.273704
19035 0.455876
19043 1.100961
19048 0.924706
19052 0.302523
19055 0.432268
19062 0.532023
19069 0.218210
19072 0.125927
19090 1.051006
19093 0.482813
19096 0.013805
19101 0.366773
19103 0.539081
19112 1.217964
19116 0.038212
19119 0.049901
19123 0.979189
19129 0.966794
19134 0.499510
19135 0.120188
19142 0.962708
19145 0.265603
19165 0.261981
19170 0.515689
19181 0.207867
19200 1.033951
19206 0.576358
19221 0.107229
19226 1.228552
19235 0.308152
19240 0.271227
19249 0.201445
19251 0.312089
19253 0.119936
19261 1.036762
19266 1.224018
19267 1.111547
19271 0.487687
19272 0.507195
19276 0.303596
19285 1.097825
19290 1.175770
19292 0.088670
19293 0.901108
19295 0.447114
19298 0.161285
19300 0.451063
19309 0.245757
19310 0.123706
19315 0.528562
19317 0.456283
19325 0.069862
19329 0.456283
19335 0.121339
19346 0.058365
19350 0.514605
19352 0.496750
19357 0.187316
19360 1.051181
19370 0.579651
19372 0.288179
19373 0.499510
19377 0.187651
19382 0.239765
19389 0.182748
19391 1.013595
19393 0.465629
19404 0.369317
19414 0.201055
19418 1.071404
19421 0.247412
19426 0.259361
19427 0.270470
19439 0.352872
19447 0.430347
19450 0.077961
19464 0.501181
19469 0.098804
19470 0.440233
19474 0.154382
19481 0.507485
19484 0.074369
19487 0.962708
19498 0.501181
19503 1.159457
19517 1.116467
19521 0.286551
19524 0.267296
19527 0.458309
19533 1.108623
19534 1.098759
19537 0.546267
19542 0.180818
19553 0.448278
19560 0.532976
19569 0.196672
19572 1.105529
19581 1.046719
19591 0.014874
19593 1.258713
19596 0.417173
19602 1.127326
19605 0.106171
19634 0.530948
19636 0.348848
19646 0.578730
19655 0.334867
19656 0.493140
19657 1.130333
19660 0.343134
19663 0.453032
19669 0.128080
19674 0.076339
19676 0.055957
19681 0.237780
19682 0.439595
19687 1.080671
19703 0.204279
19704 1.091551
19706 0.056230
19710 1.110371
19714 0.579039
19715 0.329347
19718 0.015268
19721 0.570416
19722 0.209585
19724 0.125751
19726 0.520581
19732 0.450173
19734 0.156477
19740 0.279739
19742 0.591136
19755 0.359872
19762 0.108375
19764 0.377498
19766 0.133864
19770 1.046077
19772 0.079156
19776 1.217964
19780 0.292091
19781 0.010527
19782 0.502072
19784 0.248277
19786 0.153695
19787 0.192119
19802 0.244105
19803 0.537934
19804 0.222210
19805 0.083665
19808 0.466802
19812 1.263250
19813 0.344737
19814 0.023405
19818 0.547540
19820 0.254979
19824 0.321688
19841 0.350335
19844 0.520581
19845 0.966086
19849 1.103664
19853 0.583302
19854 0.556484
19855 0.086454
19861 0.166658
19873 0.327928
19887 0.554471
19890 0.178397
19912 0.371844
19913 1.107805
19914 0.485354
19917 0.999020
19920 1.111547
19921 0.482182
19946 0.053615
19950 0.418018
19953 0.996036
19956 1.054243
19958 0.432857
19960 0.397488
19962 1.102109
19963 0.340803
19990 0.527749
19992 0.549639
19996 0.376989
19999 0.267803
20000 0.463986
20008 0.023767
20015 0.400029
20016 0.554471
20020 0.195612
20032 0.566421
20040 0.270535
20041 0.076484
20043 0.247011
20045 0.387313
20046 0.071093
20048 0.465864
20059 0.457353
20072 1.191697
20073 0.067523
20075 0.516321
20079 0.012880
20081 0.012070
20084 0.149340
20087 1.146743
20088 1.265727
20096 0.470262
20097 0.495560
20105 1.068999
20113 0.527749
20114 0.278242
20121 0.441695
20125 1.138125
20130 1.056120
20133 0.548012
20134 0.348930
20137 0.214166
20138 0.434796
20140 0.035287
20150 1.264927
20171 0.406841
20173 1.192465
20180 0.187243
20184 0.379718
20193 0.990153
20200 0.234242
20208 0.278242
20213 0.182008
20215 0.119936
20217 0.551727
20222 0.112460
20227 0.092747
20228 0.404856
20229 0.142041
20234 0.473220
20239 0.070574
20240 1.167307
20241 0.594950
20246 0.238493
20248 0.290522
20252 0.380897
20264 0.277763
20268 0.508991
20269 0.145300
20274 0.510863
20276 0.268795
20278 0.144089
20284 0.349700
20286 0.341040
20297 0.576358
20301 0.171195
20304 0.171833
20320 0.309265
20322 0.964517
20324 0.494728
20340 0.571166
20342 0.553706
20344 0.058812
20347 0.223486
20349 0.374633
20351 1.152716
20352 1.072294
20354 1.064890
20359 0.090157
20365 1.007227
20369 0.074028
20391 0.163611
20402 0.226764
20403 1.097345
20408 0.190008
20413 0.370008
20414 0.334467
20415 0.268357
20419 1.112621
20420 0.432268
20424 0.192119
20426 0.076003
20428 0.132774
20429 0.432945
20432 1.084290
20435 0.560781
20438 0.099694
20439 0.244105
20442 0.474648
20446 0.547052
20449 0.299031
20459 0.295568
20469 0.513861
20483 1.124873
20486 0.262295
20493 0.453528
20495 0.040684
20497 0.370350
20498 0.542455
20506 0.042892
20514 1.136327
20515 0.471566
20517 0.456837
20525 0.207367
20533 0.489031
20542 0.094744
20549 0.160624
20560 1.058718
20566 0.361839
20567 0.112919
20568 0.437740
20569 1.141943
20574 0.096060
20577 0.413795
20583 0.025474
20589 0.955541
20596 0.589166
20600 0.981035
20605 0.220117
20609 0.063745
20629 0.491954
20634 0.420992
20638 1.063060
20643 0.055687
20645 0.359563
20648 0.479811
20653 0.412701
20669 1.084909
20671 0.109782
20673 0.170288
20687 0.522743
20692 0.569358
20704 0.045205
20706 1.018679
20708 0.378975
20711 0.234451
20724 0.557146
20727 0.320486
20728 0.111227
20730 0.513950
20732 0.344737
20741 0.961624
20752 0.177341
20755 0.367888
20757 1.057268
20759 0.072957
20762 0.289991
20763 0.312955
20764 0.011823
20771 0.199604
20782 0.164674
20796 0.360951
20801 0.350426
20803 0.161132
20809 0.381965
20823 0.227136
20826 0.072368
20827 0.516735
20840 0.060037
20845 0.312601
20846 0.089051
20852 0.314377
20857 0.233288
20859 0.237469
20864 0.168433
20871 0.158673
20875 0.422662
20876 0.333490
20878 0.547249
20880 1.042003
20881 0.024924
20887 0.576358
20888 0.526621
20889 0.250590
20893 0.151367
20894 0.273012
20910 0.238120
20912 0.521985
20915 0.423219
20918 0.461086
20919 0.189687
20920 0.573102
20927 0.455394
20929 0.400945
20938 0.474648
20941 0.045803
20943 0.227510
20947 0.291090
20957 0.180818
20968 1.172705
20975 0.440128
20976 0.243287
20977 0.380714
20980 0.070781
20987 0.605176
20997 0.211850
21002 0.195886
21006 0.341204
21011 0.112460
21019 0.283123
21022 0.078483
21038 0.323569
21044 1.166439
21050 0.518075
21054 0.284789
21067 0.597359
21074 0.071155
21079 0.428648
21083 0.164674
21084 0.509488
21085 0.046669
21088 0.354682
21090 0.390538
21094 0.194614
21105 0.218266
21108 0.066185
21109 1.136780
21113 1.125593
21116 0.269785
21120 1.001765
21123 0.025616
21124 1.109624
21127 0.155074
21147 0.126325
21149 0.193734
21153 0.586837
21157 0.215779
21158 0.162884
21170 0.009410
21179 0.150559
21180 1.137874
21183 1.021512
21185 0.158995
21187 1.085517
21189 0.013174
21193 0.081096
21211 0.060142
21220 0.924934
21221 0.319427
21226 1.176731
21241 0.243351
21246 0.376397
21253 0.367034
21255 1.147452
21265 0.090409
21288 0.331500
21291 0.489361
21295 0.204927
21298 0.424313
21301 0.256159
21302 1.020813
21303 0.120703
21307 0.458672
21314 1.124370
21319 1.003013
21323 0.011413
21325 0.307391
21333 1.209640
21334 0.509622
21336 0.565879
21341 0.148738
21349 1.169585
21356 1.160153
21358 1.134610
21365 1.138247
21371 0.372734
21373 0.450108
21380 0.356204
21383 0.553304
21384 0.169517
21394 0.429443
21400 1.167307
21402 1.032494
21404 0.453919
21408 1.057538
21409 1.026289
21410 1.010466
21412 0.517106
21414 0.512318
21417 0.115997
21424 0.286898
21429 0.397047
21432 0.335601
21450 0.501770
21452 1.006007
21460 1.181534
21463 0.198946
21478 0.195218
21481 1.107214
21483 1.157460
21484 0.140050
21488 1.197051
21491 0.952912
21495 0.353857
21497 0.486010
21498 0.450487
21503 0.065495
21506 1.069387
21507 0.242007
21512 0.283745
21515 0.592825
21518 0.512318
21519 0.125182
21520 0.392628
21530 0.240149
21538 0.594950
21542 0.079156
21543 0.391923
21545 1.012791
21554 0.182608
21574 0.101497
21577 0.229545
21581 0.299083
21582 0.186089
21583 0.258285
21586 0.198013
21592 0.337865
21598 0.234685
21600 1.215416
21611 0.413795
21612 0.195169
21613 0.606693
21618 0.364784
21624 0.146588
21630 0.521756
21632 0.216472
21640 0.385807
21647 1.186955
21656 0.474260
21659 1.032283
21671 0.165750
21673 0.356641
21678 0.080189
21679 0.322760
21683 0.269162
21686 0.107856
21691 0.300242
21696 1.157345
21701 1.107128
21708 0.235501
21712 1.069637
21720 0.415928
21722 1.016138
21723 0.576358
21725 0.046340
21728 0.320486
21735 0.371431
21742 0.550160
21751 0.545730
21752 1.070379
21759 0.045205
21764 0.040446
21766 0.429352
21770 0.157189
21776 0.306634
21782 0.296111
21787 0.321155
21788 0.528060
21790 0.947789
21791 0.040624
21792 1.118134
21800 0.430922
21806 0.042892
21809 0.009372
21810 0.426932
21816 0.353594
21817 0.535016
21824 0.438136
21826 1.152716
21829 0.131115
21830 0.153695
21848 1.158815
21869 0.126325
21881 0.970708
21899 0.384239
21900 0.426004
21916 0.159318
21919 0.325125
21923 1.041163
21924 0.278796
21929 1.085567
21930 0.563990
21932 0.144844
21946 0.341110
21947 0.127489
21949 0.024268
21955 0.348848
21956 0.498726
21960 0.292567
21962 0.525997
21973 0.484833
21974 0.486467
21975 0.396962
21976 0.450487
21979 0.052998
21985 1.022940
21994 0.564907
22006 0.419169
22011 0.553706
22012 0.567840
22014 0.590648
22017 0.567840
22020 0.472909
22021 1.166120
22024 0.045205
22031 0.275080
22035 0.436917
22037 0.188749
22039 0.107856
22047 0.280555
22058 0.120849
22068 0.093463
22070 0.249755
22082 1.027064
22084 0.228261
22088 0.010385
22092 0.568673
22104 0.223956
22106 0.184435
22118 0.217680
22123 0.436465
22124 0.072694
22141 0.030468
22142 0.271779
22144 1.195866
22149 0.456736
22150 0.277417
22151 0.295008
22154 0.494773
22186 0.010112
22190 1.152716
22204 0.595299
22208 0.353252
22209 0.254670
22213 0.174966
22214 0.464881
22224 0.311846
22245 1.152716
22247 1.104398
22249 0.203122
22255 0.286551
22277 0.157514
22279 0.296413
22288 0.423447
22291 0.126458
22294 0.450607
22300 0.292955
22312 0.540939
22321 0.491322
22323 0.182513
22326 1.115127
22330 0.087548
22336 0.086815
22338 0.274159
22339 0.157740
22341 0.139723
22344 0.200472
22350 0.576358
22351 0.252336
22356 0.033574
22362 0.150682
22369 0.503003
22374 0.251087
22382 1.152716
22384 1.147037
22397 0.061315
22401 1.087643
22402 0.158216
22405 1.095080
22416 0.406841
22431 1.017102
22433 0.247780
22437 1.200969
22439 1.281944
22440 0.170288
22446 1.226867
22452 0.246493
22453 0.375303
22462 0.515689
22467 0.313539
22470 1.107805
22471 0.045652
22472 0.271923
22479 0.372177
22481 0.552199
22488 0.466744
22493 0.069441
22498 0.514805
22503 0.337616
22504 0.306418
22506 1.057647
22511 1.096025
22513 0.074070
22519 0.378091
22523 0.530249
22533 0.556484
22537 0.267803
22539 0.478670
22545 0.042431
22548 0.068672
22550 0.586837
22558 0.253035
22561 0.113848
22562 1.146276
22566 1.100583
22572 0.223486
22577 1.235902
22582 0.552929
22590 1.085474
22592 0.351158
22595 1.123533
22598 0.239525
22603 1.117785
22604 1.114833
22607 0.238493
22612 0.049052
22613 0.553902
22615 0.256159
22617 0.172369
22622 0.367107
22623 1.152716
22624 0.193066
22627 0.315366
22637 0.299407
22641 0.147942
22643 0.058862
22644 0.052998
22660 0.124878
22670 1.035092
22680 1.233406
22682 0.103848
22694 0.208233
22696 0.946334
22699 0.161285
22705 0.358623
22706 0.250364
22707 0.055553
22710 0.932251
22711 1.209222
22723 1.274638
22725 0.100723
22729 0.054566
22733 0.034409
22734 0.107003
22750 0.277095
22752 0.288179
22759 0.152245
22766 0.467114
22767 0.251502
22768 0.377252
22773 0.230543
22776 0.276652
22779 0.362282
22783 1.186762
22787 0.384239
22788 1.215178
22791 0.265227
22793 0.361636
22810 0.115272
22823 0.010112
22826 0.074852
22828 0.155641
22832 0.133797
22833 0.231993
22838 1.132314
22844 0.893736
22849 0.506070
22864 0.380151
22865 0.174248
22866 0.468108
22878 0.072957
22881 0.969464
22884 0.013025
22888 1.280795
22890 1.152716
22896 0.270678
22905 0.136956
22908 1.089840
22910 1.198368
22912 0.386385
22924 0.382561
22925 0.473220
22927 0.933151
22932 0.047831
22935 0.263478
22937 0.133472
22939 0.081850
22942 0.187316
22946 0.505784
22951 0.213749
22959 1.010989
22967 0.602235
22968 0.096060
22974 1.090407
22977 1.100792
22980 0.327969
22981 0.967712
22983 0.022275
22988 0.220937
22989 0.327314
23003 1.040256
23005 0.139723
23012 0.540654
23025 1.327682
23026 0.341110
23030 0.285208
23031 0.583654
23032 0.446213
23033 0.142185
23039 0.082706
23040 0.598166
23041 0.470897
23043 0.485354
23054 0.269587
23064 0.281150
23073 0.081971
23074 0.368869
23081 0.279446
23090 0.099158
23095 0.581121
23096 0.310965
23122 1.119142
23125 1.152716
23132 0.940993
23135 0.467180
23139 1.195409
23140 0.558893
23141 0.372177
23143 1.055223
23145 0.365217
23146 0.349308
23148 0.177341
23150 0.484833
23151 0.085917
23153 0.068381
23164 0.560436
23171 0.247780
23174 1.147769
23178 0.231646
23180 0.405197
23186 0.351033
23189 0.084345
23192 1.152716
23198 0.253902
23199 0.404677
23200 1.005801
23201 0.305131
23203 0.492524
23206 0.319937
23208 0.269785
23214 0.319055
23218 0.305934
23219 0.576358
23220 0.177341
23222 1.064045
23224 0.074973
23225 0.192119
23227 1.091238
23230 0.416644
23236 0.118227
23237 0.163774
23239 0.084937
23243 0.024657
23258 0.355421
23260 0.446213
23261 1.081695
23271 0.439130
23276 0.056784
23285 0.238164
23288 0.105477
23302 1.206082
23314 0.477955
23338 1.092047
23341 0.239362
23348 0.251685
23353 0.295568
23360 0.525288
23361 0.135614
23363 0.271227
23365 0.164674
23378 0.583415
23387 0.292753
23390 0.046340
23392 0.434140
23394 0.608982
23403 0.280218
23404 0.269904
23406 0.247412
23409 0.387551
23411 0.104116
23412 0.266945
23415 0.444166
23417 0.033092
23425 0.336209
23429 0.572778
23443 1.107128
23449 1.138993
23451 0.210712
23455 0.095562
23465 0.240149
23472 0.205649
23477 0.136956
23481 1.162322
23486 0.175413
23491 0.561730
23494 0.012667
23498 0.375775
23501 0.517960
23507 0.021248
23510 0.483578
23511 0.586295
23516 0.129681
23524 0.267481
23527 0.281150
23559 1.169585
23560 0.172599
23568 0.340146
23574 0.992404
23583 0.260992
23586 0.182008
23601 0.254496
23605 0.426932
23613 0.048844
23614 0.034239
23617 1.022220
23629 0.274960
23630 1.035092
23634 0.306418
23641 0.339903
23642 1.078565
23643 1.322590
23648 1.163389
23653 0.610710
23654 0.173241
23667 0.039075
23680 0.274820
23681 1.200462
23682 0.097688
23683 1.197051
23684 0.539081
23686 1.110414
23687 0.096635
23689 0.213674
23699 0.059623
23703 0.448278
23704 0.359807
23710 0.327314
23722 0.208587
23724 0.071407
23738 1.247785
23741 1.059567
23749 0.296549
23750 0.496106
23752 0.120809
23767 0.027283
23771 0.289991
23775 1.152716
23776 0.219565
23782 0.199604
23786 0.303000
23788 0.091693
23789 0.336867
23791 0.476650
23792 0.384239
23801 0.131322
23806 0.056924
23814 1.157460
23815 0.336867
23820 0.099802
23821 1.224018
23831 0.579983
23845 0.564350
23846 1.017983
23853 0.332224
23855 0.605176
23856 0.546267
23857 0.025059
23860 0.478486
23867 0.011246
23868 0.184928
23874 0.278434
23875 0.141873
23878 1.211998
23881 0.220020
23885 1.096025
23891 0.317991
23898 0.367034
23899 0.474014
23901 0.133262
23908 0.177341
23918 1.108381
23924 0.351158
23927 1.152716
23936 0.380277
23938 0.215713
23942 1.145975
23943 0.543639
23944 0.404462
23950 0.461086
23957 0.157636
23960 0.304013
23964 0.327884
23965 0.581284
23971 1.133343
23975 0.521329
23983 0.215014
23986 0.607192
23998 0.445717
24002 0.977137
24008 0.347802
24011 0.572778
24012 1.235447
24014 0.489755
24017 1.267384
24025 0.542455
24027 0.232565
24030 0.539569
24032 1.078897
24033 0.480298
24038 0.512318
24039 0.282875
24042 0.190357
24048 0.107229
24050 0.228368
24055 0.569577
24070 0.065869
24076 0.176372
24078 0.103933
24082 0.301278
24085 0.399209
24091 1.238289
24095 0.203795
24096 0.289471
24097 0.552886
24106 0.162003
24111 0.531026
24119 0.554471
24121 0.272888
24126 1.077864
24140 0.874143
24144 0.436419
24145 1.031713
24154 0.161785
24166 1.131946
24170 1.152716
24174 0.076003
24179 0.280914
24198 1.134272
24204 0.396633
24205 0.465222
24211 0.542455
24214 0.199105
24215 1.166831
24221 0.289627
24230 1.046854
24233 0.544139
24234 0.114698
24249 0.498472
24255 0.044911
24259 0.948695
24260 0.390338
24272 0.029941
24285 1.145082
24291 1.045983
24297 0.340146
24300 0.461086
24306 0.413795
24307 0.285716
24310 1.147452
24318 1.222415
24321 0.189488
24322 0.110308
24323 0.332411
24324 0.433500
24327 0.319427
24329 0.488209
24331 0.294527
24337 0.500521
24339 0.442267
24346 0.303642
24358 1.066262
24360 1.190822
24365 0.421083
24367 0.993959
24368 0.588120
24372 0.213749
24373 1.231824
24380 1.052480
24383 0.595359
24391 0.461086
24392 0.394350
24402 1.166947
24406 1.176003
24407 0.160505
24414 0.225182
24415 0.029684
24416 0.489031
24423 0.556930
24426 0.306115
24430 0.202022
24431 0.282528
24436 0.426004
24440 0.516976
24452 0.579809
24455 0.404677
24464 0.166840
24472 0.283349
24475 0.207018
24476 0.276652
24479 1.133973
24488 0.477456
24491 0.308677
24498 0.300708
24503 0.060273
24508 0.193013
24510 0.011246
24513 0.044335
24524 0.298215
24525 0.544082
24528 1.203639
24534 0.586837
24535 0.055154
24537 0.322265
24545 0.449840
24553 0.086997
24558 0.224632
24561 1.024636
24573 0.119763
24579 0.040684
24580 1.152716
24595 1.142331
24601 0.341954
24615 0.173527
24622 0.502780
24623 1.095341
24624 0.237007
24630 0.216134
24633 1.158451
24634 0.544743
24635 0.249557
24639 0.435209
24643 0.421423
24649 0.289519
24652 0.315273
24665 0.544139
24667 0.582692
24676 0.541275
24680 0.010978
24686 0.282298
24687 0.512318
24689 0.470308
24692 0.389502
24694 0.060937
24697 0.439640
24698 0.182008
24700 0.448278
24702 0.430532
24713 0.201725
24716 1.166716
24717 0.273526
24732 0.314377
24740 0.245549
24744 0.074771
24749 1.015953
24754 0.576358
24759 0.480812
24768 0.214166
24778 0.199604
24780 0.122412
24783 0.292091
24787 0.090409
24800 0.550855
24808 0.512318
24812 0.138578
24817 1.039705
24818 0.310845
24820 1.134610
24825 0.463662
24828 0.569062
24831 0.373133
24833 0.583302
24836 0.500675
24838 0.612231
24847 1.095341
24848 0.532023
24855 0.315625
24861 0.419169
24866 0.592825
24870 0.281775
24872 0.141149
24874 0.212342
24876 0.084217
24882 0.331982
24883 0.546870
24891 0.288179
24906 0.506954
24909 0.074028
24915 0.571672
24921 0.442267
24927 0.177341
24929 0.260992
24930 0.479051
24934 0.183142
24940 1.258521
24941 0.308013
24950 0.523456
24972 0.198013
24976 0.486574
24982 0.465629
24986 0.478670
24990 0.452600
24994 0.227136
24995 0.326681
25004 0.499510
25006 1.172420
25015 0.329347
25022 0.299263
25024 0.264558
25029 0.329347
25034 0.200472
25036 0.345815
25039 1.110414
25041 0.229111
25043 0.201858
25045 0.374980
25054 1.199766
25055 0.086095
25060 0.372937
25062 1.061712
25065 0.240866
25066 0.566698
25078 0.385846
25091 0.144089
25094 1.181108
25099 1.134223
25104 0.340575
25109 0.476456
25111 0.484732
25112 0.381063
25116 0.030876
25120 0.055777
25121 0.434357
25131 0.359288
25133 0.597359
25138 0.558893
25141 0.170773
25148 0.420488
25154 0.264317
25158 0.169325
25170 0.309108
25172 0.499973
25180 0.277763
25182 0.050337
25186 0.057636
25190 0.292396
25199 0.260733
25200 0.342096
25202 0.327733
25204 0.091304
25206 0.089099
25210 0.219565
25213 0.187243
25216 0.157189
25229 0.408391
25230 0.173178
25231 0.223106
25232 1.173486
25233 0.513437
25235 0.336867
25237 1.112270
25246 0.504313
25248 1.168364
25252 0.981237
25254 0.581744
25258 0.485354
25260 0.564907
25264 0.235248
25273 1.250659
25279 0.463241
25280 0.452853
25284 0.487063
25293 0.013326
25295 0.023890
25296 0.082706
25298 0.178147
25306 0.100674
25307 0.184002
25308 1.042584
25311 0.373133
25314 0.562300
25321 0.978062
25324 0.327614
25328 0.387732
25329 1.137746
25333 0.328009
25353 1.014390
25361 1.097386
25362 0.438456
25366 0.027776
25367 0.060669
25369 0.079156
25370 1.069637
25385 0.108067
25388 0.282048
25391 0.541356
25395 0.040446
25398 0.448568
25399 0.088670
25407 0.145300
25409 0.215461
25413 0.947572
25416 0.172653
25420 1.089380
25424 0.085917
25441 0.408391
25446 0.280555
25452 1.178914
25453 0.096506
25460 0.226602
25467 1.104463
25472 1.216363
25477 0.268504
25484 0.258367
25485 0.952244
25491 0.569577
25511 0.370874
25525 0.529115
25527 0.578769
25530 0.393893
25532 0.488439
25540 0.573546
25551 0.345307
25552 0.500328
25553 0.044766
25555 0.157636
25560 0.410391
25566 0.559238
25567 0.495560
25572 0.154987
25578 0.132159
25587 0.303710
25589 0.474648
25598 0.461086
25601 0.075837
25607 0.603804
25614 0.123505
25616 0.324551
25617 1.176731
25619 0.161596
25620 0.587659
25626 0.259037
25631 0.489031
25633 0.543734
25634 0.387551
25639 1.145644
25641 0.213466
25644 0.213749
25646 0.175213
25649 0.110366
25656 0.083665
25661 0.072498
25665 1.273477
25673 0.330737
25674 0.180260
25676 0.350192
25680 0.591525
25681 0.408391
25685 0.467611
25703 0.072422
25707 0.192966
25725 0.310148
25726 0.396025
25727 0.439696
25729 0.229111
25732 0.011084
25734 0.451328
25737 0.344830
25738 0.084217
25748 1.079361
25750 0.437740
25753 0.202231
25757 0.118227
25763 0.143275
25764 1.224354
25766 0.253708
25768 0.250850
25769 0.468901
25771 0.074369
25772 0.479864
25781 0.129386
25786 0.018443
25789 0.012598
25799 0.012530
25805 0.461086
25808 0.333552
25813 0.185607
25815 0.028345
25822 0.107003
25823 1.214194
25834 0.950828
25843 0.266011
25845 0.223557
25846 0.496750
25847 0.346309
25854 0.117624
25860 1.080370
25861 0.338297
25862 0.429352
25867 0.199235
25870 1.069186
25872 0.329347
25888 1.167185
25890 1.107805
25892 0.226602
25894 1.138125
25898 0.249850
25903 0.376200
25906 0.535190
25914 1.038208
25925 0.132496
25927 0.197608
25934 0.264558
25935 0.039297
25939 0.994085
25943 0.242123
25946 0.062990
25953 0.284231
25956 0.051691
25960 0.346835
25962 0.168985
25975 1.272938
25979 0.517106
25990 0.467114
25992 0.579728
25996 0.982643
25999 1.255540
26006 0.285716
26007 0.569733
26009 1.067540
26014 1.169751
26017 0.426932
26021 0.419169
26023 0.244219
26027 0.024924
26030 0.416644
26033 0.116865
26036 0.047291
26039 0.155288
26041 0.156097
26042 0.518722
26055 0.593673
26074 0.518722
26077 1.059567
26078 0.122329
26081 0.582064
26090 1.084909
26095 0.348626
26100 1.053475
26102 0.553304
26116 0.907055
26117 0.075837
26118 1.014970
26121 0.384239
26123 0.384239
26132 0.494883
26134 0.296549
26142 1.058999
26143 0.026050
26152 1.000470
26158 0.505784
26170 0.105477
26182 0.069862
26183 0.463815
26185 1.061077
26187 0.011031
26191 0.011945
26192 0.148303
26194 0.166909
26195 0.275275
26197 0.341040
26201 0.382248
26205 1.064045
26206 0.206619
26207 1.152716
26211 1.122645
26220 0.041727
26222 0.489904
26223 1.108381
26227 0.582425
26234 0.267481
26236 0.291651
26240 0.087919
26244 0.094485
26254 0.525288
26258 1.009479
26263 0.021956
26271 0.217266
26279 0.595570
26283 1.055028
26288 0.267803
26305 0.377057
26308 0.555235
26314 0.436465
26315 0.329347
26318 0.157906
26320 0.014231
26321 0.992211
26330 0.236718
26333 1.273349
26334 0.400344
26338 0.212156
26339 0.593477
26345 0.447912
26357 0.111779
26371 0.529626
26374 0.369647
26379 0.322760
26382 0.133797
26385 0.544338
26387 0.526956
26394 0.116865
26398 0.573884
26400 0.385846
26401 0.511285
26405 0.101497
26408 0.362983
26409 0.234624
26411 0.181055
26418 0.022714
26420 0.388415
26435 0.393845
26443 0.187193
26445 0.067018
26448 0.247011
26449 0.406841
26458 0.171478
26461 0.069862
26467 0.600809
26478 0.267430
26490 0.037335
26502 0.243664
26508 1.124041
26509 0.153695
26510 0.103449
26511 0.458672
26517 1.104010
26518 0.505123
26519 1.258521
26523 0.274456
26527 0.235020
26528 0.131322
26530 0.141873
26540 0.516417
26549 0.505708
26551 0.307391
26556 0.283745
26568 0.415264
26573 0.226300
26576 0.089160
26578 1.037991
26582 0.115997
26583 0.338130
26584 1.004441
26589 0.107507
26592 1.106607
26596 0.212637
26597 0.412701
26600 0.321363
26601 0.446213
26613 0.058365
26618 0.483174
26622 0.410556
26632 0.513532
26633 0.130720
26634 0.074713
26635 0.298631
26643 0.555011
26647 0.212342
26651 0.530249
26652 0.938739
26653 0.129184
26656 0.280790
26665 0.523962
26670 0.139021
26676 0.045205
26677 0.258658
26678 0.415264
26691 0.013099
26704 0.307391
26714 1.198218
26719 0.309387
26722 0.542455
26727 0.257750
26730 1.061712
26736 0.322571
26744 1.016272
26748 0.543639
26752 0.156966
26763 0.227136
26765 0.975375
26779 0.117406
26782 0.506954
26787 0.944849
26790 0.277887
26793 0.121339
26794 0.419169
26821 0.205580
26822 0.024141
26823 0.224682
26824 0.251233
26825 0.115851
26826 0.120703
26834 0.168374
26846 0.587233
26854 0.428918
26862 0.561949
26863 0.056230
26867 1.096361
26875 0.275769
26877 0.378327
26888 0.420018
26889 1.104686
26891 0.184047
26895 0.294060
26897 0.208722
26902 1.169921
26922 0.456521
26923 0.053615
26929 1.084909
26939 0.045205
26940 0.552886
26942 0.150354
26944 0.536366
26952 0.015068
26959 0.994682
26962 0.473167
26967 0.550690
26979 0.380151
26980 0.248943
26983 0.109782
26985 1.014390
26989 1.167431
26995 1.035310
26999 0.362983
27001 0.339034
27002 1.106607
27006 0.066248
27007 0.154488
27009 0.341163
27015 0.319214
27017 0.076529
27032 0.582064
27038 1.032083
27047 0.113721
27056 0.984190
27061 0.280099
27066 0.084345
27069 0.204624
27079 0.285716
27084 0.322522
27085 0.020584
27086 0.437049
27099 0.352595
27109 0.547699
27118 0.989499
27121 0.086454
27123 0.475560
27127 0.498087
27130 1.035092
27133 0.321688
27137 0.075837
27140 1.146743
27144 0.347553
27145 0.519104
27163 0.481514
27175 0.233288
27177 0.554471
27186 0.338297
27194 0.276652
27195 0.458792
27197 0.103744
27209 0.389650
27210 0.469625
27215 1.163291
27218 0.164674
27221 1.152716
27224 0.308975
27228 0.250590
27237 1.234221
27238 0.566004
27247 0.945818
27254 0.478254
27259 1.071824
27260 0.041727
27267 1.232397
27278 0.230543
27286 0.429584
27293 1.157539
27298 0.980042
27300 0.031872
27301 1.137746
27303 0.065557
27309 0.389502
27310 1.009479
27311 0.514605
27312 0.143449
27318 0.117891
27322 0.127436
27325 0.918181
27328 0.592518
27331 0.257590
27333 0.147784
27347 1.043753
27356 0.243351
27357 0.058365
27366 1.152716
27367 1.037991
27375 0.429352
27382 0.032935
27391 0.155173
27392 0.450840
27409 0.267153
27412 0.357739
27428 0.065336
27430 0.136416
27439 0.167330
27447 0.504999
27451 0.071407
27457 0.131739
27464 0.144089
27465 0.488209
27466 0.462976
27470 0.463057
27477 0.123106
27484 0.171896
27490 0.284789
27492 0.110308
27495 0.449264
27501 1.160350
27507 0.134821
27509 0.299407
27510 0.315682
27513 0.118227
27518 1.111051
27523 0.047437
27530 0.032471
27532 0.550160
27537 0.175267
27548 0.145388
27549 0.112460
27551 0.580969
27561 0.139398
27562 0.319892
27563 1.117170
27571 0.990153
27580 0.076848
27581 0.414734
27582 0.993501
27589 0.086997
27603 0.266011
27612 1.152716
27615 0.573884
27620 0.388868
27624 0.097217
27625 0.479530
27630 1.175099
27633 0.532768
27637 0.334977
27643 0.337616
27646 0.205144
27649 0.222210
27650 0.395782
27655 0.063452
27657 0.359288
27661 0.432268
27662 0.254670
27672 0.418285
27677 0.568463
27681 0.959621
27694 0.033903
27701 0.284231
27702 0.411160
27703 0.070165
27713 0.270470
27715 0.085841
27716 0.247691
27722 0.398321
27730 1.187347
27731 1.004932
27738 0.013972
27742 0.097688
27748 0.153695
27764 0.201858
27774 0.214459
27782 1.137615
27785 0.320541
27787 0.282099
27789 0.164674
27794 1.198825
27798 0.614782
27802 0.583843
27809 0.570762
27812 0.576358
27816 0.485949
27818 0.198744
27821 0.056575
27826 0.867927
27834 0.418242
27839 1.078824
27845 0.079498
27850 0.454592
27858 0.040925
27859 0.416801
27865 0.011246
27866 0.162562
27867 0.014778
27873 0.395217
27874 0.121339
27885 0.214459
27889 0.356124
27890 0.152341
27891 1.045879
27895 0.341545
27915 0.203420
27922 0.124245
27930 0.515500
27932 1.165668
27934 0.098628
27935 0.371844
27939 0.306634
27956 1.083275
27958 0.561949
27962 0.110957
27963 0.364016
27978 0.262795
27989 0.113568
27992 0.055220
28000 0.446868
28001 0.364016
28008 0.113382
28019 0.211415
28021 0.430532
28025 0.009646
28031 0.273012
28034 0.096060
28048 0.167060
28057 1.115871
28060 0.467769
28067 1.290196
28070 0.562635
28072 0.364016
28077 0.288179
28090 1.022113
28091 0.562021
28098 0.218081
28100 0.158498
28104 0.321249
28107 1.219402
28110 0.173995
28115 0.286621
28119 0.041168
28124 0.061974
28135 0.432268
28138 0.288179
28146 0.014684
28162 0.191182
28164 1.051853
28175 1.022940
28178 0.347990
28195 0.504672
28203 0.228638
28204 0.320541
28205 0.011585
28214 0.189859
28215 0.144089
28218 0.537188
28219 0.238164
28223 0.377498
28224 0.134297
28227 0.351833
28228 0.343070
28229 0.325363
28232 0.970708
28234 0.260446
28238 0.176492
28240 0.122511
28245 0.011137
28255 0.487327
28263 0.518075
28264 0.342859
28266 0.379553
28272 0.171896
28280 0.949295
28288 0.996943
28292 0.412230
28294 0.547928
28295 0.338297
28297 0.314950
28304 0.439852
28307 0.533665
28315 0.186927
28321 0.371118
28326 0.185175
28335 0.060990
28339 0.366157
28343 0.261981
28350 0.379718
28365 0.085917
28369 0.278573
28381 1.001893
28391 0.291954
28395 0.318637
28399 0.030335
28402 0.219068
28405 0.235501
28410 0.365114
28412 0.052396
28416 0.213906
28422 0.163838
28427 0.096957
28433 0.281414
28434 0.579254
28435 0.419169
28437 0.370989
28441 0.614782
28443 0.308862
28447 1.138485
28453 0.175413
28454 1.158751
28456 0.476986
28459 0.096060
28474 1.138247
28479 0.278242
28484 0.147784
28486 0.523962
28491 0.979298
28494 0.206275
28498 0.483235
28499 0.558893
28503 0.477456
28504 0.393966
28511 0.521228
28522 0.155772
28524 0.125751
28526 0.454100
28531 0.504999
28535 0.042108
28536 1.113419
28541 0.505300
28542 0.968492
28544 0.561949
28545 0.415571
28547 1.195409
28550 0.412082
28558 0.590554
28560 0.523962
28561 0.090409
28562 0.522689
28567 0.528328
28569 0.290775
28572 1.171013
28584 0.032935
28588 0.175267
28592 0.322522
28598 0.502301
28600 0.552343
28601 0.206619
28610 1.191791
28614 0.047535
28618 0.057636
28619 0.381063
28622 1.077539
28626 0.436465
28628 0.259245
28630 0.555526
28632 0.391773
28633 0.537463
28635 0.187997
28636 0.436163
28640 0.375886
28641 1.140832
28657 1.104398
28659 0.453528
28662 0.159495
28666 0.094744
28672 1.070829
28674 0.406243
28684 0.071671
28701 0.072368
28717 1.086115
28718 0.348216
28721 0.166503
28726 0.305355
28727 0.280865
28729 0.066631
28735 0.600231
28738 0.302352
28741 0.480298
28742 0.576358
28744 0.441695
28746 0.040985
28755 0.545127
28758 0.541275
28764 0.178960
28768 0.292091
28769 0.104792
28770 0.548912
28777 0.508857
28782 0.505469
28784 0.085386
28785 0.427620
28787 0.336748
28792 0.553706
28793 0.216532
28799 0.240444
28801 0.272070
28807 0.059114
28817 1.033951
28818 1.187297
28820 0.463986
28832 0.378504
28834 0.086764
28835 0.160577
28840 0.537283
28843 1.157979
28849 1.152716
28851 0.115272
28854 0.127294
28855 1.118812
28857 0.420018
28859 0.996943
28865 0.586837
28869 0.525288
28871 0.526956
28875 0.397488
28885 0.539880
28888 1.111547
28895 0.119452
28896 0.047242
28902 0.515180
28906 1.221879
28908 0.269326
28911 0.315480
28916 0.371491
28917 0.472542
28919 0.108747
28920 1.152716
28929 0.011031
28932 0.403776
28934 0.484665
28936 0.202675
28938 0.216134
28946 0.316997
28956 0.567669
28958 0.057636
28961 0.331240
28977 0.179521
28982 0.311545
28993 0.170773
28994 1.282235
28995 0.023645
28996 0.525126
29000 0.981237
29008 0.292021
29017 0.983847
29022 0.303898
29031 1.053098
29049 0.561110
29050 0.342859
29066 0.271227
29080 0.329347
29087 0.435361
29092 0.541181
29100 0.410968
29102 0.236455
29105 0.020677
29106 0.202022
29107 0.234685
29121 0.589762
29128 1.105666
29129 0.417944
29132 0.398321
29143 0.232996
29144 0.392017
29150 0.473301
29156 0.984845
29161 0.178485
29167 0.422890
29169 0.400029
29177 0.173995
29185 0.276271
29186 0.177341
29188 0.192966
29199 0.230543
29200 1.045633
29203 0.052396
29204 1.080671
29207 0.039921
29208 0.450607
29217 0.154382
29223 0.407472
29230 0.052998
29237 0.117624
29244 0.093149
29246 0.541713
29251 0.125400
29255 0.586127
29257 0.437049
29268 0.089243
29270 0.249633
29282 0.504672
29290 1.002362
29303 1.201977
29305 0.034409
29309 0.308053
29310 0.463241
29312 0.115916
29318 0.212156
29321 1.003978
29323 0.239525
29326 0.067242
29329 0.589762
29337 0.165750
29341 0.077215
29343 0.153695
29347 0.538273
29348 0.304683
29350 0.378504
29353 0.030071
29354 0.136343
29365 0.534962
29370 0.426438
29373 0.196805
29375 0.043499
29380 0.039749
29389 0.026652
29395 0.265474
29396 0.364016
29398 0.412551
29399 1.125139
29407 0.246493
29415 0.503003
29416 0.357180
29420 0.331099
29428 0.346356
29436 0.489649
29438 0.542455
29440 1.041878
29442 0.066824
29446 0.388043
29457 1.142141
29463 0.299810
29467 0.010338
29474 1.219103
29484 0.018592
29485 0.375886
29486 0.303346
29501 0.272685
29502 1.093602
29505 0.013099
29509 0.366554
29521 0.384239
29522 0.227296
29528 0.317991
29541 0.417860
29561 0.082337
29565 0.119246
29582 1.097163
29585 0.029557
29586 0.403192
29587 0.060352
29592 1.200251
29596 1.117357
29597 1.061077
29601 0.374633
29604 0.067018
29609 0.543734
29612 0.181756
29616 0.458607
29618 0.310845
29625 0.037335
29630 0.348987
29634 0.205842
29635 0.458131
29636 0.253477
29646 1.120517
29647 0.507004
29657 0.910350
29659 0.487434
29660 0.387933
29665 0.137345
29670 0.576358
29679 0.324007
29683 0.370874
29684 0.558266
29697 1.145813
29700 0.104792
29705 0.306502
29706 0.344830
29708 0.119060
29716 0.327733
29717 0.315813
29719 0.078340
29724 0.392971
29726 1.076788
29728 0.522743
29739 0.380396
29741 0.203420
29742 0.059881
29757 0.290601
29766 0.104318
29774 1.225109
29775 0.997873
29776 0.443352
29798 1.029838
29803 0.128795
29804 0.384239
29806 0.087707
29809 1.239170
29811 0.129277
29812 0.515561
29815 0.571515
29816 1.068882
29822 0.573432
29839 0.329347
29843 0.515827
29848 0.296549
29850 0.593673
29856 0.434207
29871 0.027283
29880 0.986212
29881 0.171681
29885 0.551299
29886 1.272598
29889 0.525800
29898 1.079759
29922 0.082337
29926 0.147942
29949 1.095792
29953 0.043092
29958 0.306573
29963 0.364534
29966 1.074259
29971 0.564907
29973 0.337051
29979 0.585964
29982 0.345198
29986 0.215713
29988 0.046109
29990 0.038856
29991 0.056002
29998 1.039334
