6100
26850 617
18869 905
17298 2415
12495 3555
2379 5076
4744 7235
13868 8095
9338 9176
21587 9330
13785 9391
25248 12926
17099 14552
22312 14568
18638 17025
20127 18721
7933 25179
9718 25918
17234 28652
27815 31500
559 32263
19040 32507
24929 35605
9411 35787
21566 35829
21412 35992
16250 37508
20394 37670
10009 39580
25588 40245
27277 43221
18452 46528
27136 53971
1489 56086
12781 57822
29879 59231
15796 60052
24277 66601
2998 67700
11192 68301
14728 70480
29331 77643
29559 80358
12924 81676
28798 81676
17009 82588
9624 83317
10284 84084
9683 85810
6452 86681
27747 87841
10475 88391
6108 88420
8375 88854
14770 88868
2502 91857
18772 92672
28764 95271
1556 95387
2339 97149
17496 99747
28741 103213
11951 103228
9800 104667
29643 105466
3287 106051
3157 106619
12170 107350
21035 108816
13649 110119
16999 112542
7402 119264
12338 119366
7464 121060
23621 121701
21527 121745
22170 125803
6528 127495
24982 128488
7024 128982
14541 130015
27796 131340
3196 133274
28901 137621
21954 138625
18290 139716
17802 145330
6446 145960
29238 146217
14286 147561
23732 147777
2906 151646
16034 151917
21600 154165
26797 154615
240 154641
12606 154682
29144 155141
7835 155561
4885 158579
24739 160398
19661 162833
14304 163729
9456 164924
16184 165713
4803 170529
808 175582
23350 176831
27199 177722
3082 180754
12948 180915
2266 186406
18731 187182
19832 187862
29491 189006
10733 189228
14778 189866
4287 194906
2426 195836
13158 196549
9928 197102
6053 198248
18610 198714
12798 199369
595 199649
21792 200908
23010 201629
16502 209139
16594 211272
29003 211643
24261 213289
14958 213352
21558 214729
7420 215783
23127 216108
21522 218932
28408 221962
13904 223425
21649 223426
13603 224646
27542 226366
15391 228561
27065 228822
22693 229271
9906 234038
13354 234626
12930 235387
21734 235624
27320 238099
29580 238795
29587 239698
5330 240197
12160 240982
2261 241730
10060 245185
11040 245651
1706 246516
10880 248370
15709 250280
5771 250970
27044 255690
21261 256636
25679 259326
23896 260899
11678 260899
21476 261272
20220 262734
9008 263088
437 265446
17501 270387
12640 271581
19351 272545
22811 275788
19241 279048
26677 285891
21932 286177
25245 288730
15268 288735
9325 292032
29233 297396
28046 297497
25045 301207
27609 301497
1949 303568
23057 306776
15798 307066
11756 308751
3099 309330
1793 311905
4936 312581
22593 313388
21168 313783
28221 314252
12744 315625
3772 316836
24882 320662
16704 323211
23940 323417
5708 324309
10434 326441
15604 326626
17913 328078
17141 330601
7343 334273
13754 335925
18491 337615
16729 337842
10232 339289
16606 340202
26058 340539
26849 341949
22359 343213
29738 344532
29304 345837
10657 346339
12416 347128
12695 348498
13360 351556
4443 354638
21860 355099
26531 356965
17319 359324
300 364161
25686 365250
16629 366044
20149 368139
21311 369353
4253 369404
26841 369495
15792 371277
12830 376973
8137 378134
26471 380463
29370 381692
2185 382968
8390 384780
7533 386510
18493 387393
16353 388425
10936 389081
21399 389440
14759 391031
28444 392592
16014 392925
15003 393093
27491 393428
5682 394028
12290 394802
7220 398400
27443 401906
29191 402553
22607 402868
10580 403150
1346 405207
4116 406071
28623 408738
17107 409583
21296 412045
8993 415615
8774 417031
11439 417920
4039 423535
16485 423613
14897 424008
25659 424604
21963 424894
18028 425185
2280 425962
21018 426311
14053 435311
26367 436186
16868 436993
1664 437299
19797 437460
21982 438105
21892 441564
12693 442235
9517 442963
24518 444523
7578 446221
19084 446308
12732 446782
29976 447965
19033 448509
28813 451968
17731 452821
27907 453893
6239 456617
11515 456639
4703 457899
6871 459020
19237 459332
12138 461271
7460 462132
4976 462866
27984 469417
9839 474458
11126 476140
8510 476926
2704 477364
9696 478446
14081 480117
17512 484414
28858 485341
19015 485841
11660 489604
8872 490023
25450 493319
28750 493739
4889 496927
27613 498761
28844 499149
16078 500398
28477 501138
19294 505536
18073 508543
9240 509804
10969 512664
9729 512684
21280 513317
24094 515231
10127 517340
25568 519783
4622 520603
19715 520692
10528 523195
7202 526109
14650 526729
22728 526754
5163 527183
25887 531786
9670 532938
28423 535483
7144 536036
15919 538961
29259 539800
25597 542820
4374 543471
10525 547357
22518 549675
13418 551026
785 553254
806 553307
27268 553721
10279 553768
24102 554297
28429 554747
20829 554865
14356 556330
24085 557491
6980 557953
16121 559771
2816 560916
28760 561333
28618 561387
17019 562750
8279 564575
20582 564615
27055 569650
4594 578336
17696 581223
8578 586597
11580 587378
2137 593035
20658 593614
16333 595597
14146 596723
17979 599182
3791 600660
23678 602939
22165 604301
13484 604955
788 605582
10058 606087
5190 610789
23624 612310
171 613428
1789 614714
19255 615585
14298 616756
11541 617343
1553 619792
3259 621342
9189 624317
7196 627212
9007 632030
5942 635196
20267 636846
14491 636989
8020 640326
3572 641936
16471 642196
29653 643722
25198 644635
21380 648953
28403 649018
7724 649124
217 651753
28807 654257
23576 655986
11835 657070
24090 657077
2809 657443
18509 658557
6333 658720
9114 659084
26098 659097
29012 661893
24942 664417
14893 664663
23300 664884
11246 664969
12099 665570
10717 666323
11795 666992
24191 667344
3976 667428
39 668027
24127 669141
18589 669501
26079 671699
19860 673557
20352 673787
16265 673941
21937 675331
12046 675641
3560 676049
25842 677200
10321 678152
15350 679073
4094 681249
25017 687366
4014 691643
11202 691765
5947 694359
975 694459
24995 695528
10908 695542
26687 696122
747 696848
21564 697586
8095 699557
14876 700164
3123 702136
2765 702704
1425 707530
2438 710439
11696 712993
24793 715499
20665 717120
23442 720332
21259 720460
26574 722713
10943 722859
28882 724985
18942 727485
11176 728224
11461 729825
16885 729958
22253 732123
16914 733735
18513 735722
10835 736314
16151 738411
28286 738629
9104 738888
22323 739379
22880 740205
15909 740329
10095 742061
9992 742452
2455 742710
4804 746351
29754 748176
9062 749518
8562 750523
1279 750963
4547 751035
26552 752871
26807 753537
20119 754583
8410 757582
12116 758968
5689 762043
26307 770197
9088 773113
4603 776037
12800 777388
23375 779001
22610 783602
12436 785759
8961 786998
24051 790467
9978 790633
16757 793291
23881 794292
998 794422
20098 796241
7589 798011
19701 800443
21973 800857
9989 804150
15504 804961
12056 805653
2435 805734
21928 806200
20642 806821
27869 807486
3954 809964
18971 810023
11473 810190
24278 812054
978 813831
19223 814421
6773 816630
19299 817498
25442 817714
11503 819116
6390 822253
24539 825057
18378 826381
13333 829911
27652 832295
22753 833366
10980 833684
6130 834440
10984 836190
7543 837749
4061 839040
15272 839516
11939 839878
6242 840153
10991 842115
9555 842848
25524 844773
22258 845659
25657 848771
27220 852418
27596 853542
4793 854727
910 855881
6809 857150
25423 857174
17024 858122
11832 858200
23542 859856
4198 859996
22985 860065
23919 860412
17726 861963
675 862129
9233 862359
3492 862489
17517 864674
27346 867108
17677 867624
28455 867791
22839 868929
14738 869132
26579 869897
1768 874010
17215 874764
12316 874788
26908 877219
10551 878743
14502 880394
23993 884029
11745 885249
6085 886080
7436 887553
12033 889034
27760 889886
17751 891549
14810 893227
20241 894155
7249 896348
19043 897416
8696 898242
11233 902791
14351 903190
1275 903224
18705 903855
21699 903858
19776 905861
24653 909041
861 910148
28315 911588
28537 914899
15782 921164
17725 921925
19409 924836
9263 924951
29321 925043
28784 927141
29250 928536
19267 929312
23093 929406
22139 932386
18944 933164
3723 933199
889 934252
10961 934776
29716 935966
28955 936303
9194 936981
26714 939079
14769 939408
17620 941412
12690 943405
21745 944700
28081 944744
547 946463
27700 947130
6207 948399
24451 949594
23256 950424
13110 950891
21603 953201
11275 953718
23376 954153
2546 955406
20367 955649
12159 957359
2985 957501
3010 958954
24338 960955
11457 962415
3484 962765
4586 963236
11810 965206
16509 974257
12105 978033
27006 978815
28585 979237
6080 982942
518 984362
11572 984571
21747 985448
26878 986561
6009 986854
24880 987056
1807 991668
12806 992402
25730 997310
26630 998960
11506 999172
14753 1000775
11056 1001303
17461 1001618
27150 1002921
9431 1003956
27212 1004085
22886 1005135
14149 1008751
13975 1010638
24314 1011074
27301 1014588
18251 1015153
6137 1015500
23923 1016973
7575 1018473
9837 1024201
24947 1025103
19730 1025832
8610 1026198
11783 1027336
7166 1030071
10597 1030993
11933 1032199
28881 1032612
28786 1034160
22562 1034607
6681 1035433
18635 1039694
13929 1040075
10889 1040089
17839 1043394
6267 1045691
20615 1046562
2877 1046998
8104 1048336
23293 1050029
15773 1050123
6607 1058495
25264 1058927
6692 1059032
11400 1060904
3591 1062029
17094 1063469
9180 1064911
25982 1067253
17544 1068159
19430 1069067
18572 1069708
1770 1074621
19443 1075732
15433 1077662
27042 1077952
14068 1078297
13862 1079455
16436 1080245
5340 1081059
18904 1082872
16946 1084823
17890 1089090
28341 1092563
1391 1092783
24394 1093065
25891 1094046
20735 1096572
12633 1097926
11018 1098760
13752 1100805
1750 1101119
17740 1101855
2710 1103502
5044 1103764
7055 1110589
15649 1112759
9297 1113337
3471 1114616
1740 1114889
14566 1115908
29558 1117119
19711 1119446
26218 1120009
28628 1125792
24987 1126121
23794 1126930
10547 1127955
24536 1130624
13740 1132505
1772 1132623
24727 1134206
27737 1137753
28756 1137943
21439 1138769
25650 1139526
11131 1139985
22397 1141598
29561 1141815
2520 1145835
1669 1146374
8593 1150002
26243 1152058
3198 1152710
15837 1154614
8717 1154942
14733 1157609
8549 1158361
11497 1158522
16528 1158897
24926 1159423
29037 1163377
24381 1165852
29861 1169493
16480 1170439
20513 1180560
13466 1182978
4714 1183770
11245 1183931
6622 1185333
2055 1185366
11498 1190838
5430 1191446
5512 1192498
2944 1192514
29631 1195711
21712 1196228
7231 1197663
15070 1198088
7805 1199879
21213 1203205
12513 1204571
27467 1204749
15132 1206285
12471 1207992
28364 1208957
17426 1209870
18245 1210679
2199 1218471
27775 1218570
6016 1220890
5169 1220944
27710 1221259
8732 1224772
21570 1227582
10230 1227730
237 1229809
16384 1232175
7646 1232415
25778 1234923
9288 1235544
9814 1236338
14019 1236390
16377 1238094
19968 1241880
21440 1242417
18843 1244295
29560 1246297
245 1246926
29940 1248842
14776 1251664
21190 1251859
26145 1253055
15775 1254152
26838 1254507
12003 1255696
12397 1256097
6974 1260102
17984 1261551
8804 1262279
21329 1263134
7175 1263977
527 1265880
18824 1265981
19202 1266254
24425 1268301
8373 1268329
13401 1268754
19689 1270160
18095 1272354
18975 1273121
11398 1273682
13304 1274069
18194 1278450
10886 1278515
7035 1280462
4227 1282130
6756 1283930
22826 1288680
19778 1290213
18816 1292382
9142 1294523
18190 1295756
28688 1297815
2616 1299583
8409 1303086
16478 1304146
27075 1304772
8313 1304955
8566 1309362
11138 1309989
14674 1310257
283 1310265
3809 1311866
18750 1312171
23058 1314073
6742 1316009
17638 1316472
16543 1319298
14496 1319662
28370 1322329
29862 1322757
21871 1324679
22675 1325067
9239 1325316
9255 1325423
28679 1325782
23709 1328656
3267 1329216
3899 1330419
17438 1331526
27141 1331545
20217 1331815
7838 1332604
21313 1334149
17096 1336211
27592 1338023
20568 1340931
13645 1341367
13702 1341587
25611 1342045
8403 1343252
15705 1343625
8330 1344489
19467 1345367
8969 1345940
28804 1346140
27648 1347716
5867 1348552
3939 1348593
11903 1352979
5545 1354420
6399 1355117
7796 1355989
27425 1356495
913 1361724
24490 1361839
27219 1363630
11858 1363915
7000 1366940
20391 1368396
26188 1368606
5126 1372236
5211 1373960
7999 1377228
17777 1378818
2284 1381755
14885 1382843
7857 1383028
3807 1383369
21789 1384269
19848 1386379
16800 1386480
2900 1386813
6515 1388292
27137 1388855
18835 1390725
575 1393741
13446 1396095
20320 1396476
29554 1396879
3815 1397121
17723 1399336
10988 1399643
25854 1400395
20903 1402071
7790 1404732
15050 1405004
3721 1405929
8039 1406264
2713 1408498
17486 1414596
6853 1415218
15514 1415595
28366 1416068
19366 1416132
14456 1417926
8134 1418237
2665 1420155
27183 1425093
5740 1432626
2107 1432710
27785 1433972
20498 1435952
8768 1436430
28514 1440020
4354 1442055
16253 1442119
19273 1442721
14708 1446132
21371 1447021
17059 1447531
1907 1447644
13319 1448315
23016 1450553
28211 1451733
22240 1452636
4893 1453762
29070 1454057
24169 1455593
2523 1456820
23987 1457766
24028 1457794
13465 1458016
18504 1461571
24165 1464454
28850 1468524
6786 1468613
3608 1468995
11944 1469019
8321 1470520
12326 1472999
12966 1475034
4444 1475517
11297 1477129
13245 1480388
16969 1480540
25587 1481037
26322 1481078
9371 1481224
22611 1481592
18568 1486085
23358 1489036
17463 1491256
29771 1492338
9017 1495499
25115 1496271
24547 1498031
20527 1498614
19199 1500874
25301 1502649
9468 1504672
26667 1505742
11235 1506038
28443 1506345
11309 1506761
2791 1506807
11661 1507717
9892 1508744
1938 1509265
27161 1509551
9130 1511490
25143 1512701
16523 1513024
9472 1513635
18256 1514554
943 1514782
18801 1515323
21978 1519160
28064 1521016
4180 1521293
15131 1521860
6593 1522869
24155 1525147
13397 1529772
11382 1532220
9358 1532413
16459 1532828
17354 1532895
8415 1535979
14271 1537147
2614 1537807
9328 1540879
20327 1542562
10610 1545947
24466 1546020
9375 1546054
16214 1547040
2776 1548570
1573 1550542
22185 1552465
1493 1552616
24901 1553739
1484 1554711
14670 1556638
29445 1556823
9215 1556950
6388 1558217
19697 1560255
6000 1560917
27226 1563004
20056 1563022
28978 1564496
12634 1565418
10976 1568143
14935 1568274
2286 1569892
12405 1570002
20603 1570639
20693 1571357
25533 1574298
6825 1577773
11416 1578407
16827 1579832
5592 1583659
23322 1584318
23190 1586207
26515 1588092
8686 1589154
1062 1591007
19512 1591846
23501 1593645
668 1595179
7908 1596464
11920 1599784
14872 1602143
25416 1604487
27343 1604989
19940 1605849
18542 1607168
10135 1607469
14329 1607591
3520 1611904
23952 1612374
13736 1612835
4413 1616145
5895 1616803
16336 1616805
8830 1617381
12043 1618283
26276 1620613
26655 1621811
16752 1623138
6074 1623525
8022 1625359
7497 1625807
6079 1625906
4213 1626254
17478 1629043
2428 1629182
23349 1631056
13792 1631305
12379 1632314
9981 1633598
13682 1634789
16195 1635678
9836 1637072
2058 1638685
28676 1638810
20714 1638811
2224 1639838
14010 1641060
2066 1641348
10274 1643359
8676 1643563
20476 1643734
2322 1644599
25819 1644678
13180 1645350
24262 1646687
11683 1647791
10191 1647921
10816 1648626
11831 1649166
3887 1649544
9908 1649845
24142 1650899
15473 1652575
6721 1653244
28155 1656287
1598 1657460
29828 1657681
9931 1657818
29218 1658387
16749 1659297
26544 1659444
5179 1659749
5861 1660718
23470 1662124
27032 1662397
21368 1662810
5252 1664378
18729 1665426
6228 1669850
27037 1670638
6679 1671074
29283 1671705
9412 1676945
5469 1677450
832 1679717
9004 1684740
25469 1686223
18567 1689650
24516 1690621
9103 1690778
28354 1691227
4314 1691781
17481 1691905
5884 1693593
18337 1694385
4811 1695191
29280 1697293
12523 1697311
28401 1697628
7491 1697943
17579 1698120
6210 1698135
5111 1701235
28404 1702351
26685 1705259
387 1706057
12838 1706737
9843 1707131
11128 1708884
24060 1710090
21199 1710425
12527 1711009
14478 1711468
19390 1713630
13386 1713632
20835 1716737
19806 1717020
7955 1717552
13550 1717687
13248 1718028
24845 1718961
29855 1720926
1477 1722101
8258 1724580
27601 1725491
13937 1725588
14415 1733415
20574 1736609
20738 1738582
2019 1738925
5238 1739574
9002 1741779
6171 1743004
15203 1743622
24421 1746949
15483 1749671
14490 1751187
21690 1753315
1990 1753934
21366 1755902
3600 1758169
21177 1763431
8677 1766328
13217 1770313
19581 1770763
15507 1772534
23872 1773171
16655 1773718
3623 1774179
8232 1774495
24362 1776046
6114 1777288
23374 1778140
2579 1781557
21658 1781653
9540 1782553
5371 1788529
14171 1790087
28174 1793756
21485 1794512
17706 1794623
9728 1794864
6982 1797363
6797 1799437
26150 1801444
27728 1801483
29588 1801751
18030 1802129
22565 1802555
17196 1803265
29726 1803453
27688 1806226
26258 1808692
10881 1808833
19404 1810834
11080 1811813
8810 1814198
13231 1814635
14477 1815609
6926 1815822
21834 1817828
11472 1819409
24832 1820062
3341 1820669
19099 1821880
9307 1822743
61 1822911
8665 1824085
11742 1827981
5536 1832057
26564 1832698
5831 1837070
608 1838024
17644 1840257
13746 1840607
29710 1841753
25056 1842797
3440 1843275
27368 1846942
6883 1847228
11243 1847237
24180 1847769
7102 1849893
7687 1852873
20322 1852875
21158 1858243
8806 1858410
23305 1861124
28728 1862067
29217 1865631
1216 1866663
25974 1867539
23513 1870116
7036 1870270
26240 1871114
29406 1872942
16630 1874709
14404 1875768
29231 1880343
86 1881543
721 1881920
29745 1881936
15039 1883118
24740 1885087
18552 1885681
26156 1889563
23766 1890368
18275 1890450
15870 1890573
3510 1891969
23817 1892763
18420 1893147
11602 1899159
18661 1900439
1886 1901779
19837 1902833
13159 1903644
242 1905864
6253 1906200
5448 1907932
132 1911700
13143 1912718
8005 1912755
23428 1913329
6441 1914819
29684 1914833
8530 1915002
2343 1915481
12598 1918708
8603 1919503
26990 1921392
4895 1923140
26953 1925816
1521 1926058
13666 1927403
2723 1933977
1044 1934242
11709 1934926
29623 1935661
12212 1939377
15479 1942945
13839 1943314
2504 1943354
3933 1945772
24360 1946423
20790 1948245
3028 1950824
9320 1951875
2530 1952895
21898 1954850
24489 1955747
9421 1956430
13366 1958365
10728 1960869
25206 1961185
24290 1962850
6521 1963377
10652 1963924
12937 1964788
3660 1965636
26377 1968148
20282 1969011
29446 1970238
9872 1970266
25817 1971076
8151 1971829
7842 1972059
13928 1972818
23503 1974374
2785 1974727
24822 1974893
26267 1975066
17757 1976635
19055 1980446
20593 1982052
18406 1982592
25334 1983618
8736 1984605
20891 1985596
282 1986129
10529 1987692
7991 1988704
14058 1989995
20325 1990808
22154 1991111
15832 1991264
17021 1992226
24393 1992926
14843 1993836
24494 1996151
11491 1998159
27334 1998410
2121 1998958
22900 2000054
27294 2000124
5142 2000351
25326 2001505
25224 2005346
661 2005529
26787 2005752
21620 2006464
15184 2007569
28285 2012741
17846 2013295
26003 2014038
18828 2014044
20945 2014243
1492 2014840
21192 2014939
14558 2015022
17240 2015082
14417 2015615
24185 2017347
29140 2019446
24325 2019536
7274 2020454
4122 2022594
12173 2022822
16414 2023079
20130 2024589
20559 2025318
21953 2025958
29206 2027917
6949 2029892
22153 2031157
15482 2031548
24294 2034369
20154 2035274
16103 2036660
27732 2037310
2953 2037984
1476 2041380
3473 2041856
4881 2041957
25967 2045049
18489 2045407
19945 2048454
19573 2048618
25816 2049713
2276 2050110
164 2050694
6906 2055706
18128 2057812
10913 2058679
29442 2059618
28800 2062014
23976 2062202
22304 2062478
19494 2063560
8843 2064725
2793 2065598
2457 2068065
3395 2068318
8829 2070809
13222 2071945
27883 2074939
660 2075677
3335 2075953
7894 2076400
26454 2077588
17792 2078565
8927 2080126
18374 2082203
13408 2082669
1527 2083073
2010 2083255
26894 2085077
11223 2087473
12080 2090679
9792 2092859
21969 2094603
19627 2096297
24021 2099932
11778 2101200
17157 2101979
14098 2107667
11187 2107782
3519 2110096
11629 2110820
3362 2110976
11151 2110994
29705 2111690
24953 2114830
15713 2115471
16107 2116308
26245 2116484
2897 2118383
16912 2119074
3866 2122419
17326 2125442
6478 2126585
8828 2127448
14176 2129105
8275 2129797
17738 2132159
21468 2133784
16476 2135062
1624 2135705
28171 2136716
13762 2137244
21089 2138522
9534 2138868
529 2142228
19614 2142544
23640 2142620
3602 2143158
6363 2144007
10324 2145740
20349 2147635
5926 2147849
6209 2149806
11099 2150876
15700 2152641
11266 2152679
7609 2153006
14503 2153274
17086 2153692
4836 2155302
13701 2157001
2682 2157405
1922 2157488
5739 2158618
24633 2158675
4994 2158993
21338 2160768
1268 2161267
23233 2164228
27565 2164696
5141 2165670
26732 2165848
6011 2170248
13690 2170754
5000 2172453
13453 2173953
24534 2174024
7376 2175802
7631 2175842
25049 2179622
28848 2180374
18903 2180395
22685 2181290
6821 2183429
24221 2185956
28439 2187002
3793 2194942
7807 2194951
6519 2196704
16545 2197327
22072 2198239
371 2199029
22845 2199646
20678 2199846
22875 2199985
11317 2201744
4492 2206096
17252 2206176
8713 2207944
8367 2208236
12047 2208579
17863 2208893
965 2209354
12875 2212887
19566 2217636
1114 2219097
20102 2222180
21343 2223834
19922 2225337
3908 2227034
14307 2227989
2095 2230080
11490 2231090
16202 2231788
18417 2234489
27816 2235917
8824 2235976
9378 2239296
26346 2239318
29964 2241390
14088 2243068
24415 2248582
4766 2249836
24658 2250853
3143 2251494
24905 2252244
6759 2262628
22362 2263096
29788 2263301
12107 2265557
7682 2266717
20928 2267108
19341 2267951
8669 2268243
12790 2269162
8206 2271204
16855 2274310
13320 2274885
27227 2275823
22644 2277721
29236 2278625
8187 2280904
20964 2282881
22474 2287425
12202 2287486
19868 2288658
16362 2289505
2720 2290086
28299 2290576
15550 2291214
2892 2292955
4383 2294197
15815 2297375
19574 2297754
7454 2299321
11582 2301685
26141 2302198
5196 2308102
28402 2309996
5369 2311348
16933 2311420
16210 2312028
7047 2313755
25671 2313778
25458 2313945
5751 2314248
5470 2317553
20858 2318305
24564 2318441
1498 2320646
3865 2320740
14499 2322403
16850 2324321
14152 2324808
23204 2325445
11082 2328033
11353 2328596
4006 2329512
6500 2329696
5557 2330060
13368 2330533
24850 2335469
21723 2335646
24235 2337022
29568 2338291
14085 2338803
6075 2340644
10322 2342535
19024 2342670
21629 2345590
21588 2349163
7046 2349520
29281 2350129
20659 2350789
13023 2351025
12596 2353142
16113 2353872
3043 2357047
28562 2357541
10433 2357987
876 2360383
4840 2360829
29562 2361538
17467 2364225
5906 2365007
19451 2366911
7539 2367055
25510 2367066
24750 2369277
7740 2371429
24557 2374756
26049 2375162
28785 2376156
212 2378880
16860 2380880
26973 2381698
7443 2382712
12607 2383780
10346 2386921
4226 2387198
3748 2387530
15308 2388770
10185 2388845
3968 2389740
336 2391171
11036 2391912
24011 2393482
12559 2394698
11368 2398718
26312 2399335
21849 2403790
17460 2405452
26484 2407081
6458 2409682
28279 2410587
1546 2412426
8381 2412896
7563 2415389
26337 2416650
15935 2421181
15974 2421441
6710 2422026
10645 2426200
28335 2427074
23266 2429519
805 2430894
13855 2432189
23321 2433205
5241 2433811
13767 2434737
8608 2436943
15165 2437664
28084 2439952
20312 2442131
495 2442654
22344 2442699
7209 2445368
9003 2446301
14806 2449024
23229 2451248
25081 2451957
552 2453424
16510 2454191
26954 2454519
6827 2458418
11408 2458468
23114 2464341
15553 2465469
16128 2466671
20580 2466802
1522 2467473
24762 2467620
14354 2468134
9895 2470009
2316 2470748
10280 2471249
2867 2471737
26007 2472858
14520 2474454
17397 2475267
25041 2475431
23880 2476564
7133 2476664
15396 2479025
7596 2479299
21321 2479716
15942 2480398
29990 2481619
21363 2483161
13502 2483421
23026 2483555
7335 2483917
7512 2484173
10587 2485479
9732 2486506
12739 2489165
19076 2489569
4573 2490437
5856 2491898
9160 2492518
7799 2493158
15757 2494197
29462 2494221
6164 2494517
2766 2494629
25013 2495238
22530 2498651
748 2499886
1084 2500421
24757 2500931
27935 2501393
26948 2503869
16936 2503965
14175 2505161
1651 2508313
14732 2508904
777 2510489
4312 2511141
28397 2511265
13901 2512231
2584 2512256
20339 2516977
4255 2520084
28615 2520097
24482 2520289
18437 2522365
26828 2526782
26524 2527726
28957 2527893
15744 2529469
3995 2530278
22220 2531288
29737 2532762
29718 2533352
4306 2534795
22254 2538369
19915 2540276
26814 2542208
29298 2544637
29889 2544801
16971 2545863
4150 2545904
6556 2547504
9943 2548998
9254 2549873
17349 2550516
23172 2552129
23274 2552938
25555 2554198
26994 2555352
8894 2557174
12576 2557554
28452 2557791
27435 2559397
14249 2560429
4209 2566732
15176 2569141
13974 2570912
28113 2571203
8059 2573329
12263 2574098
1171 2574728
29268 2576393
21344 2580422
9790 2584612
6632 2587604
23664 2590673
26794 2592006
17391 2592733
6195 2593541
3713 2594812
27546 2595678
15983 2596429
14272 2596727
28709 2598090
20978 2598953
8056 2601197
26520 2603201
1608 2603316
8201 2603780
6101 2604344
11372 2605586
29275 2606521
1631 2606944
26186 2608404
10093 2608531
25740 2608675
16610 2608905
29761 2609524
29332 2611972
1973 2612258
15820 2614871
4915 2615700
7081 2616084
5129 2617987
15655 2621604
1471 2623203
16367 2624466
12025 2626806
27962 2630032
24657 2631011
15465 2633443
6420 2633767
18061 2634865
22345 2635100
22751 2635748
13986 2637483
27487 2637804
16569 2638848
2639 2639210
12165 2639565
13057 2640124
4009 2641775
7606 2644216
26012 2647177
14752 2648427
13273 2649254
22943 2650696
8618 2652831
29123 2653331
25471 2656776
25220 2656858
3417 2657457
8254 2658630
8154 2660508
21632 2662548
25608 2662835
1437 2662944
29001 2663075
23535 2663238
28226 2664160
9554 2664202
10141 2666750
2062 2669829
9125 2670234
8359 2671542
22642 2672641
24946 2675362
3801 2676792
14384 2678099
18671 2679121
14168 2692874
3821 2693589
15843 2694777
8269 2695046
4540 2695735
9388 2696849
26703 2697629
11195 2700700
2412 2702279
16228 2703844
7794 2707539
6092 2708182
14739 2709556
18644 2711681
4364 2714810
14812 2716174
17098 2717486
13957 2719445
4298 2720385
18677 2724192
6663 2730186
26028 2730995
16364 2731733
392 2732453
8189 2737186
27990 2739514
29379 2739567
24993 2743082
1197 2744492
29335 2745232
6808 2746883
13616 2747345
1762 2748754
22079 2748845
8847 2749822
20824 2750970
11005 2751820
4620 2753402
4760 2756346
16412 2757123
19184 2759269
21152 2759699
1327 2759750
27166 2763390
11016 2763428
28797 2764048
28542 2768199
8332 2768684
18126 2769420
17911 2769922
3900 2771267
22705 2772839
29789 2774353
5172 2775345
2506 2776601
15344 2778189
1095 2780370
18655 2781024
2928 2781646
29525 2781955
14667 2782394
2652 2785732
10809 2786583
10691 2786892
3449 2787911
14917 2787965
17492 2788699
17134 2788730
21287 2789445
4453 2792116
13751 2792302
20613 2792699
5222 2794496
8649 2796679
20691 2797146
18931 2800355
22122 2802081
2271 2807941
18414 2808550
29018 2808727
27512 2811770
7467 2812743
6902 2813331
28368 2817677
23380 2817790
277 2817851
19121 2820308
18310 2822822
26995 2822876
8468 2823377
13533 2823902
7507 2826257
4583 2833436
15511 2834868
20161 2839178
14380 2841580
1839 2841681
20901 2843437
12877 2844676
20586 2845679
16593 2846279
2090 2846642
5797 2848169
29153 2851830
12768 2852947
3297 2853746
23002 2853810
29945 2857151
14161 2858737
6677 2860951
1238 2862033
25846 2864470
20566 2865952
24327 2866556
7190 2867084
8568 2871425
14516 2872574
18481 2872869
4272 2873301
24550 2873477
21836 2881819
2416 2887575
13725 2887604
27906 2890640
4518 2891009
19522 2891907
3257 2893363
13636 2894764
19486 2895098
4561 2895107
18532 2899496
8204 2901959
24853 2902658
25294 2903408
1289 2905193
29395 2906093
14077 2908605
11651 2912718
16312 2914261
9723 2916897
24553 2917841
16166 2918067
23726 2919382
1379 2922074
13870 2923060
21237 2924823
28119 2925932
26694 2927664
7557 2929866
2222 2930171
3409 2935121
589 2936455
12793 2936477
22363 2937100
3221 2938879
23404 2939187
3998 2941585
12855 2941865
24239 2943234
29482 2943345
13602 2947435
26146 2947563
11301 2948383
26257 2948962
16636 2950016
3729 2950754
3105 2951975
22874 2952657
20598 2952944
19397 2956317
5279 2957928
15933 2958977
15052 2959795
12840 2959895
3025 2961617
28977 2962029
8892 2966231
4110 2968333
23788 2969172
22367 2969870
14974 2973036
18870 2973414
477 2976546
6334 2976874
15680 2980453
19102 2980676
11747 2981948
22022 2982057
24030 2982676
3736 2984555
7421 2985161
25256 2985244
15014 2987873
29826 2988060
19315 2990263
5874 2992741
27599 2995472
13161 3002401
3814 3004618
23675 3006252
13270 3007483
19249 3010368
24555 3010497
15462 3013579
9282 3014481
21935 3014693
25375 3016693
20730 3018375
3402 3018950
5985 3018971
18955 3020156
9321 3021294
21619 3022359
10397 3024444
19844 3027037
20809 3027077
6611 3029850
8343 3030681
10865 3031402
29810 3034268
2411 3034716
8769 3035389
25980 3036564
3166 3040617
13212 3040631
5117 3044048
5106 3044060
15420 3044323
29808 3045520
24183 3045566
10555 3046411
13971 3047271
8211 3050139
24125 3050502
17516 3051697
13935 3053631
1250 3060009
25790 3060456
14702 3060845
18364 3061252
23047 3063497
28989 3063542
5799 3064477
27890 3064971
8850 3068600
15333 3073728
14227 3075223
1193 3077148
19934 3081911
28003 3082327
11554 3085616
12198 3085746
3451 3092823
27233 3093572
22111 3095265
14522 3101794
15703 3105399
26009 3105887
12928 3107589
8080 3107817
21939 3110317
25241 3111551
21154 3112609
23852 3115641
12215 3118882
18839 3119764
26777 3120227
7937 3123096
626 3127611
16410 3127803
11768 3129710
14542 3132775
25806 3134991
10076 3137220
28576 3142635
28645 3143889
2631 3146798
27557 3153593
26556 3156822
26290 3156853
20854 3156939
28487 3157101
13036 3158486
14999 3159702
15830 3162002
9066 3163353
12564 3164044
25276 3164252
24363 3165381
26278 3169233
16486 3170645
21205 3170949
4769 3171605
14607 3175249
22336 3175346
13196 3175774
11044 3178394
4636 3179128
7176 3180866
24441 3181111
6658 3182053
16142 3184043
14453 3185833
9620 3186223
22109 3188791
7927 3190940
20215 3192573
15154 3195008
12073 3196767
5443 3198054
29616 3198469
1495 3199770
9714 3200021
15264 3200036
18111 3200286
16405 3202224
27951 3203666
3439 3204740
14414 3205324
7784 3206861
21591 3212253
23197 3214666
9876 3215729
8157 3217740
11830 3218385
17668 3218632
26311 3220337
13266 3221280
21441 3223409
25217 3224042
1531 3226254
24020 3230918
28721 3235345
26159 3235693
12911 3236318
10030 3241242
10478 3242356
29758 3244426
11227 3246915
26839 3248105
13233 3251380
4319 3251534
5360 3252505
23146 3252587
9355 3253709
19722 3256389
26684 3256755
19192 3258018
10295 3258439
12280 3261806
27881 3261911
17081 3262972
17300 3263888
22124 3264754
7901 3264985
28220 3265548
14172 3268750
16731 3269437
13191 3270606
25496 3270670
14822 3271976
12200 3273156
15894 3273880
9249 3276394
11364 3277986
10372 3278781
1010 3279125
4028 3281943
21688 3282103
20046 3284455
26937 3284719
11379 3285506
20426 3287780
29760 3290959
29949 3293530
15385 3298686
24186 3302996
11872 3305414
4770 3308095
10677 3310323
17339 3310690
11850 3314006
5965 3316759
9581 3320614
24499 3320833
28310 3321193
29578 3324038
16708 3325842
21913 3327005
16140 3327937
10348 3330774
29750 3335786
9430 3338761
21406 3339913
2334 3340103
9074 3340110
6306 3343342
3363 3343863
1787 3344204
1131 3344963
15453 3345381
8426 3346243
22413 3347672
4896 3349189
11450 3354010
25811 3355068
28022 3355916
9245 3356751
20523 3359243
20196 3360994
10028 3364053
5010 3365173
21030 3366201
19769 3366847
16990 3366959
20073 3369399
15800 3370781
16199 3375311
27708 3377379
10161 3377503
11124 3377867
13256 3378027
21385 3380846
6273 3381405
11814 3383689
7770 3386110
12029 3386611
2609 3392632
10015 3393672
4628 3394237
20298 3397734
2248 3398070
5687 3399096
10920 3401839
569 3405622
16299 3406124
11027 3407250
3324 3407324
20475 3408112
6078 3411204
23770 3412882
18726 3413238
2012 3414005
14789 3414473
16258 3415704
758 3416828
9381 3417800
28198 3419743
21175 3420906
4907 3421032
27144 3422221
4537 3423153
11964 3424433
28246 3426173
18519 3427169
1462 3427931
16921 3428186
25732 3429116
7703 3432155
6162 3432848
28028 3434147
5617 3435646
13577 3437110
27669 3439003
25338 3439572
1861 3439814
205 3439820
15323 3439934
13817 3441337
22663 3441840
13606 3442888
18149 3443019
7802 3443742
2303 3445760
848 3448045
25918 3448541
20729 3448729
22166 3449028
3575 3449275
15989 3449741
18336 3451437
27674 3452866
13978 3455464
17159 3455738
13574 3456943
11770 3458229
26705 3460592
5707 3462601
21143 3464412
28717 3465928
29054 3467660
1000 3469002
17225 3469385
29376 3470638
15661 3471431
9864 3476496
11757 3476505
8529 3478203
1401 3479464
16661 3479615
14111 3480441
8305 3483900
5890 3486583
6947 3486680
4511 3490611
8761 3490903
3907 3491203
9383 3492753
24851 3492814
26660 3492816
3436 3495238
17445 3498156
8546 3498798
8727 3499307
1880 3499468
16371 3499853
4908 3500710
10209 3501780
22623 3502062
5835 3502244
16470 3503120
8326 3503346
14609 3506336
21876 3507147
17398 3507220
17546 3508101
18134 3508653
182 3508747
20368 3509695
2396 3510447
7400 3510481
8749 3510909
26239 3515036
7763 3515762
28729 3517898
13814 3521101
17981 3522234
2820 3523208
5896 3531210
17558 3532154
10022 3534306
274 3535728
23032 3541938
18653 3542280
23537 3545169
26171 3546301
21367 3548641
8667 3551178
5698 3554456
22717 3558532
24179 3558773
5820 3560841
28891 3562346
11220 3569824
513 3569850
15224 3571267
9567 3573386
19196 3574409
18878 3575582
16408 3576784
8028 3582549
1389 3582619
25791 3582827
10110 3584315
7265 3588685
5353 3588711
25871 3589916
6878 3591430
143 3592343
15835 3597073
4835 3597677
1362 3598094
24577 3598261
16849 3598330
9496 3600482
16608 3600674
5104 3601746
15214 3602292
2375 3602722
22840 3603427
2764 3604646
9137 3606327
21258 3609202
10892 3609397
25812 3609623
24208 3610431
28096 3612842
7709 3613936
26890 3616055
16920 3617079
24695 3617798
6486 3618189
17903 3618754
10492 3622351
23917 3626982
13464 3628448
9867 3628483
23932 3629359
9613 3630309
9674 3632679
16997 3633134
2405 3635863
17965 3637510
7186 3639895
11902 3640207
15190 3641237
7603 3644332
26071 3645996
10458 3646191
14559 3647277
13492 3648488
3102 3651817
11482 3652678
28262 3652972
21530 3657432
17880 3657985
23394 3658422
29260 3660494
9280 3660887
3717 3661264
8324 3663102
20434 3663791
12816 3665945
18438 3666715
16711 3668960
18186 3669098
26537 3669208
9162 3669849
13808 3673073
14926 3673263
11071 3674015
28406 3674647
23634 3674648
12354 3675183
12208 3676327
28819 3676571
15348 3677689
16483 3677830
7877 3678999
158 3679466
21266 3683953
28900 3684554
9116 3684969
17820 3686298
20529 3686748
4417 3688193
1627 3690517
29438 3690971
11248 3692898
20831 3693282
3734 3696514
6434 3696766
13020 3697169
3657 3698197
28207 3699933
1257 3700083
17502 3701324
26120 3702895
23042 3703087
8515 3706075
3570 3711140
14434 3712599
24938 3714439
18764 3716345
23737 3716535
9241 3717745
25490 3718499
148 3719179
999 3719527
11752 3719574
6398 3721100
16870 3722229
9833 3723667
21117 3724054
28877 3724776
17348 3725835
20874 3726909
29336 3728209
6474 3729239
65 3729375
7728 3729670
8589 3730999
24043 3732180
19250 3733615
1512 3735840
25858 3735880
27782 3737246
8002 3737311
5850 3739127
16831 3745935
14024 3746463
4034 3746626
13010 3748527
21374 3748581
4310 3749093
29220 3750304
6491 3751152
12042 3753357
26176 3754833
12537 3755104
9873 3755365
10294 3760470
23165 3761721
10223 3763283
6313 3763822
27723 3763970
10237 3764733
9224 3765794
10170 3767915
16069 3768783
17192 3771404
834 3771437
810 3776546
23077 3776678
12119 3778182
16222 3780443
13123 3781885
18601 3782340
24875 3783106
7630 3784375
18998 3784742
13515 3786328
12723 3787781
21912 3789802
21957 3791458
23738 3793349
15484 3794410
24554 3794421
18992 3797065
25211 3797432
111 3801329
20698 3803927
4193 3804716
3896 3804844
1511 3806169
23889 3807231
7450 3807489
5779 3813054
14458 3817618
16376 3818772
1921 3818898
6493 3818910
10273 3825411
11982 3825989
14953 3827066
15028 3828166
27955 3831183
8709 3832640
10345 3834009
26621 3834449
14405 3836925
8540 3839442
20623 3840231
26365 3840847
21353 3844884
4643 3846177
26717 3848784
28526 3850466
10360 3851719
3391 3852243
26465 3852360
1497 3852431
2273 3853542
2856 3854612
23628 3855264
13404 3857493
20750 3857534
1342 3858881
4639 3860892
18227 3862492
19270 3864331
11230 3866154
28501 3870952
21346 3871125
25672 3873688
23703 3877771
10811 3878476
2681 3881224
24936 3881428
21462 3881460
19731 3881822
10690 3883464
21135 3887568
11009 3887789
16931 3889742
2158 3891050
7872 3891161
19438 3892900
20884 3894505
1311 3895040
7972 3898499
26274 3899888
20867 3900259
9144 3901790
7647 3901956
14078 3905638
8245 3905920
18284 3907501
9710 3909666
2698 3910151
5160 3910384
20725 3913498
24067 3914271
18537 3916063
22494 3916182
29427 3918250
26728 3920210
8639 3920815
19136 3922424
8180 3923411
12563 3928695
7849 3929168
7610 3930151
7077 3930446
23687 3931989
3220 3934335
9635 3935880
11458 3937522
15432 3938844
13510 3939424
4137 3942311
11475 3944031
10065 3946284
20977 3949609
27319 3950372
23597 3953592
7264 3955415
9925 3957047
11032 3957790
23169 3957845
14601 3958683
6355 3959004
16938 3959417
5433 3961991
1837 3963412
10638 3968131
15029 3971325
3693 3972311
15737 3975704
25291 3975744
1944 3976534
28920 3976719
22928 3980751
28918 3983881
9275 3984478
15534 3985751
8563 3988069
22053 3988528
6496 3989238
6091 3989917
27276 3990424
6346 3991090
14942 3993316
11895 3993768
24681 3994475
6594 3994563
13079 3996111
18301 3997135
23245 3997223
26812 3997959
25148 3997997
24988 4000352
28869 4001347
7277 4002866
21721 4004566
12662 4004955
15986 4006563
25389 4009403
25316 4012233
17327 4012845
29531 4013376
14519 4022528
16189 4022671
22824 4023546
21236 4025171
17876 4028498
25961 4028942
1809 4029150
6257 4029555
27023 4031969
26005 4032342
24576 4033932
17795 4034711
4170 4038076
14684 4042288
26735 4042968
21824 4043314
17885 4047104
16705 4049819
23412 4051258
13546 4052885
17493 4053181
1091 4054154
24615 4055093
11507 4056769
3521 4058269
12312 4059036
13208 4059627
3830 4061241
27620 4061392
24366 4061700
16813 4062140
17645 4064138
17930 4065463
29310 4066878
11807 4068694
18469 4070000
2257 4071964
6649 4072126
16877 4073484
5805 4076242
9921 4076281
5598 4076632
14011 4078768
4739 4079255
19997 4083321
26437 4086387
23533 4090018
7873 4090726
18948 4092489
683 4094008
10453 4099122
26216 4099467
21506 4101201
14218 4101646
14167 4108871
20980 4115331
7841 4115628
2153 4116228
2039 4116901
7620 4117088
19630 4117833
23310 4118353
2995 4120367
14076 4121736
18375 4124127
10534 4127366
19218 4131305
4809 4135072
18110 4139841
10082 4140957
17933 4141412
22507 4141655
15784 4148498
11929 4148857
10562 4149789
20087 4154120
2592 4154803
8557 4157922
5139 4160809
9344 4161228
14476 4161369
23372 4162215
28075 4169354
26925 4170706
10858 4171088
20605 4173194
10567 4176943
20302 4178225
25507 4179954
28018 4180055
20558 4180128
22793 4180529
7973 4181863
9091 4182172
21541 4182622
1025 4184867
12133 4185962
24323 4190154
8711 4190424
18135 4190534
6635 4191020
13745 4194097
27704 4200137
19668 4200679
24041 4203213
25931 4203315
3044 4205193
15754 4205221
7043 4206414
8994 4206561
3224 4207588
224 4207942
13885 4208033
9969 4209848
9085 4211220
17780 4211636
13086 4211746
421 4213135
22922 4214316
4956 4217081
3378 4217186
24991 4220129
9822 4222319
11618 4223629
1207 4224585
18923 4224930
12503 4226793
4351 4228793
216 4229171
17717 4234205
1138 4236043
15239 4238699
15977 4238989
23604 4239706
25259 4240036
6120 4241101
9801 4241982
2531 4242256
3958 4242480
5967 4244241
20959 4244390
7577 4245231
900 4246580
25885 4248644
19003 4249708
5274 4249782
23823 4250990
4047 4251378
22671 4251389
18899 4256864
15762 4257212
15686 4258231
13491 4258695
24351 4261056
28386 4261316
1449 4262864
27285 4263028
9422 4264689
16561 4265043
5088 4265154
23933 4267090
3404 4267995
29805 4269504
11294 4269710
13674 4269740
11418 4271634
18718 4272560
25076 4272645
9761 4273415
9505 4273786
26879 4274547
15774 4279510
1834 4280201
25470 4281603
20271 4282205
11355 4286728
5019 4287160
8646 4287375
6443 4288704
6588 4292994
25667 4294050
14795 4298613
19745 4299781
20654 4299991
27387 4300600
17018 4301214
18963 4302873
6349 4304428
27985 4304708
7317 4309522
16441 4311002
23712 4311195
26108 4311339
23748 4312008
26975 4312922
2408 4317620
25746 4319204
21304 4319210
4577 4320289
22013 4323498
20190 4324344
12428 4324543
19319 4325999
16290 4327359
24448 4329613
7902 4329728
4410 4330281
5572 4335530
22676 4337226
8615 4337275
4886 4340045
23650 4340548
8560 4341702
21162 4344111
25832 4345698
29963 4345989
5597 4347255
5358 4349888
23646 4350003
1726 4351455
18951 4352369
11118 4354015
18033 4354801
4605 4355980
16172 4356311
3083 4357290
7618 4363078
3811 4367092
5505 4367350
22881 4368012
6722 4369434
10165 4370728
14668 4370865
29146 4371134
8718 4371222
18038 4372749
4177 4376812
9182 4377107
5318 4378853
7145 4380670
13038 4381753
21539 4384792
12797 4385552
7269 4386741
4649 4389678
5705 4390196
5523 4390575
27602 4391962
18845 4392360
24034 4396120
23894 4396427
12923 4396946
19621 4397873
26884 4398026
26335 4398662
8489 4401383
6712 4403503
3411 4403554
16171 4406004
10519 4406070
24900 4407940
28512 4408446
17578 4409395
7518 4412159
1543 4413273
629 4415424
10794 4415446
13911 4415928
2106 4419937
21936 4421512
1396 4428440
18562 4428513
399 4429005
21857 4430915
20481 4431765
16454 4433790
1856 4434266
29893 4434279
14636 4435385
13936 4437273
23202 4437401
25776 4438150
14700 4439704
18604 4446054
26210 4446297
432 4447389
3016 4447496
22411 4447785
27925 4449573
28326 4450904
18598 4451552
16243 4452015
1541 4453299
2135 4454557
5057 4454732
28880 4458308
5871 4458610
20929 4458912
21655 4460169
14051 4460741
27156 4461830
16994 4463272
25739 4463521
2392 4463860
20471 4465222
3206 4465657
16300 4466126
29204 4467740
6165 4467895
4722 4468793
15917 4469451
28318 4470005
17082 4470215
10495 4475172
7007 4475231
13765 4475798
19575 4475845
18646 4480226
1082 4481702
23271 4482372
7139 4485596
17470 4485777
27509 4485864
17435 4488681
27321 4492921
18739 4493895
7016 4497366
6656 4498440
28446 4499609
13344 4499962
12551 4501050
8502 4508891
10774 4508926
10568 4509292
22159 4510157
8771 4510445
10418 4516071
25419 4516357
22478 4519580
15351 4520790
1533 4521293
16289 4522500
12090 4523667
1227 4524933
17054 4527580
23623 4528062
20684 4532324
18434 4537936
8496 4541031
24350 4541264
10061 4546699
22415 4547065
13067 4548641
21830 4549496
489 4555838
9543 4556557
25344 4557975
4093 4561229
23460 4562875
27506 4565038
18312 4566918
19005 4567385
19174 4568448
12139 4568505
17610 4568739
12625 4581574
10692 4581938
22128 4582377
27757 4587714
11943 4587775
13793 4587909
16269 4588622
26019 4588908
20049 4590161
18867 4591258
26956 4591425
9708 4593157
13895 4596238
7664 4597665
12441 4597825
23782 4598005
18371 4598210
14677 4598843
14586 4602249
15611 4602293
13842 4603054
605 4603161
29838 4603337
22491 4603348
28564 4603499
13772 4604912
16382 4608690
13137 4611039
13519 4613425
5577 4613485
11445 4613964
11611 4614580
12785 4615720
28936 4617037
11950 4618226
8558 4618385
8588 4619102
29790 4624730
23879 4626484
453 4626999
24158 4628076
7161 4631182
19637 4631197
2109 4632296
25065 4635119
11654 4636508
25754 4637329
13473 4640450
23389 4641493
22714 4641747
18056 4642073
14424 4643992
4008 4644044
6263 4644757
27282 4644951
2934 4649607
29122 4650318
26333 4650654
8412 4651574
24040 4652110
15241 4652175
17822 4655002
19157 4655082
22310 4657543
15626 4658528
5971 4658708
365 4659127
4173 4660365
19526 4660884
25208 4661847
20514 4662904
23435 4663437
21812 4665729
5080 4667194
2231 4667451
2281 4669722
6343 4671217
7008 4672807
25682 4673170
24736 4679917
4981 4680306
13091 4686594
2921 4686775
20340 4688331
3298 4689475
23541 4690303
13760 4691581
18637 4692540
21722 4693483
15807 4694194
5200 4694917
4477 4697860
4661 4699481
16089 4704190
27017 4704995
13930 4711037
2883 4712055
13488 4714160
8567 4718656
10463 4719003
2582 4721679
15254 4723848
8447 4725108
12826 4725845
11084 4725866
29518 4726059
11064 4728706
25675 4728786
24073 4728901
742 4730645
1960 4730887
10406 4731688
9795 4732849
12983 4734681
816 4735881
12939 4736190
24932 4738332
6969 4738640
27025 4742542
19122 4743114
25550 4744797
5191 4745789
19276 4746277
24172 4747983
10739 4748784
5434 4751335
4822 4752005
27862 4753397
24589 4753626
16607 4756946
17945 4762182
20111 4763878
21750 4764228
19114 4764408
7779 4764581
6514 4765673
20262 4766974
9045 4767875
29691 4768444
10505 4769276
24811 4769618
23191 4775147
11133 4775841
20047 4776700
21725 4777715
3353 4778153
11213 4778739
16888 4779240
29417 4779682
2563 4780927
3711 4782335
6694 4782688
24765 4783352
15092 4786021
14061 4787306
6394 4789124
13582 4790391
4871 4791180
2184 4795138
13384 4796179
26082 4796284
4618 4796981
9076 4797970
11555 4799284
24515 4801054
3192 4803013
5404 4803337
25517 4804945
5840 4805411
22816 4807279
2340 4808121
16769 4808623
14213 4808835
25677 4809991
1443 4813487
20413 4814123
29871 4814182
19106 4817523
16840 4818511
15602 4818899
5728 4820367
3650 4821142
24632 4824081
10428 4826856
25465 4834610
10414 4835897
4179 4835949
5503 4837775
12320 4839945
25345 4842384
6855 4842801
10654 4844634
18492 4845895
29287 4847693
16341 4848197
14246 4848267
24462 4848301
23920 4849692
22914 4850527
26457 4851266
8113 4851395
10312 4852146
667 4853598
537 4853802
25527 4855322
18851 4858470
6555 4860249
1882 4860380
25280 4861171
18846 4862619
3212 4866211
10819 4866232
5370 4867888
17553 4867934
29214 4870711
24061 4872498
10252 4872760
15253 4873944
14254 4874291
5777 4877660
7675 4883796
16039 4887189
29419 4888218
11776 4889842
4499 4890259
9755 4891564
12413 4893604
26444 4894572
7172 4896692
1039 4900465
26640 4900785
3358 4903218
28998 4909846
20747 4910013
15621 4910144
9665 4912943
28025 4914028
16241 4914129
1635 4914640
2233 4918325
14699 4923562
3875 4923584
10670 4925506
14115 4932011
10779 4932175
23668 4932884
10484 4933237
16178 4934918
29363 4936108
15194 4938122
5481 4943899
6396 4947113
11727 4959301
11594 4963410
25263 4963457
26573 4963687
12425 4963805
16842 4967341
1584 4968296
19410 4968465
29494 4969123
6699 4969351
20078 4971642
26964 4976304
28637 4977339
19815 4980110
15170 4984045
14951 4984214
2479 4984340
3094 4985736
29827 4986982
7529 4988020
20673 4988107
1899 4991628
14952 4995581
17394 4996048
23833 4997959
2947 4999247
28219 5003794
5004 5004922
23303 5009489
18078 5009955
19531 5010161
16700 5011274
19655 5012347
976 5013815
20173 5014362
27727 5015585
21554 5017834
27453 5019033
2065 5019874
19654 5020174
4355 5022082
29574 5027229
6218 5030335
27461 5031287
25030 5031443
16915 5033908
3653 5035020
27077 5035114
1478 5035866
18024 5036248
7962 5039086
21393 5039539
38 5040209
19098 5040261
8965 5044109
2564 5045489
15141 5045713
8491 5045997
15449 5047375
22923 5048609
6917 5050637
4152 5053413
4470 5054870
5390 5056105
14868 5056746
15524 5057023
3234 5057352
9136 5057484
12888 5060983
824 5062424
3457 5065898
24994 5070886
8070 5071816
9013 5072091
27819 5072565
19666 5072582
3448 5080841
416 5088178
15156 5089317
17459 5093471
24137 5093704
2656 5093933
20855 5096373
12827 5096604
13341 5098472
18020 5103681
19664 5103715
21026 5106179
29620 5106677
26789 5113223
29015 5113392
29524 5113940
23187 5113998
2228 5117764
27626 5119515
25234 5119723
1259 5121533
19296 5121880
10450 5134158
4568 5134562
25151 5135426
19887 5137895
20468 5138300
15380 5138859
10363 5139370
10901 5139782
9490 5141796
2059 5142117
20557 5143069
10614 5145681
330 5148133
24201 5151597
15833 5152094
14360 5155308
12285 5158439
6767 5159597
24925 5160011
21728 5164424
9531 5164700
21265 5168683
25130 5172752
17682 5173289
19939 5173985
21354 5174130
9206 5174762
22459 5178166
22843 5178656
7744 5178967
25075 5180362
24602 5180371
21155 5183464
25563 5184773
5836 5185893
28325 5188605
12034 5190768
11443 5191969
23443 5192228
23825 5193597
14121 5194261
5145 5194996
3960 5205038
11033 5211192
29403 5213068
23182 5214764
7359 5217467
27547 5217614
28173 5218781
19800 5219284
21631 5219471
302 5219897
22208 5220633
18746 5222645
6861 5222816
29099 5224046
27569 5227083
23561 5235120
2653 5236240
13006 6296098
18462 6296856
13613 6297792
20881 6300347
9479 6303185
536 6305000
16838 6305742
8622 6306038
21163 6307519
28734 6308655
258 6310909
25663 6312039
5459 6314236
853 6318319
2512 6319984
14297 6324252
1286 6325073
18554 6327042
647 6329912
16869 6331369
8991 6332031
3888 6334259
26507 6334923
12473 6335812
27375 6336693
780 6339026
23599 6339166
18295 6339580
7750 6342739
29189 6345028
10957 6347827
19725 6347999
20497 6348200
26882 6351912
27499 6352474
16666 6359336
19495 6359346
23731 6360600
26823 6366604
23789 6371558
25654 6372775
7198 6372853
897 6373811
2686 6373823
356 6376871
17655 6377552
1897 6378541
4997 6381261
26893 6386955
1797 6387781
27575 6388072
25639 6389604
10557 6389881
2955 6391985
7091 6398914
12915 6398964
9293 6400076
9012 6402267
22592 6403360
1640 6406324
23034 6407078
21171 6407897
28189 6408535
23469 6409054
3977 6409611
22187 6411234
4901 6411241
1161 6411795
20055 6411959
14274 6412233
28407 6412964
19962 6413181
21997 6417348
17026 6426490
19889 6427491
7834 6428250
20653 6429393
10649 6435056
13437 6436368
11672 6437686
20333 6438288
1727 6439054
20083 6439217
24274 6439523
2735 6441508
24744 6445663
9213 6449012
4234 6449259
1325 6449342
6795 6451574
28223 6451780
16031 6453223
18338 6453312
21575 6454536
12175 6454617
4063 6456110
23811 6456312
17218 6456701
789 6456916
23391 6458439
11426 6459791
16929 6463641
20194 6463853
8475 6465065
6846 6467703
15513 6467910
8075 6469241
27897 6475289
4449 6479193
24025 6479231
19881 6479815
21958 6481211
20880 6483348
27098 6483380
27459 6484440
15567 6488569
9798 6491903
23620 6494873
510 6495331
6126 6497727
5395 6499994
14296 6500132
26137 6501553
16866 6502745
21646 6502971
19759 6503825
12174 6504619
24136 6506218
6208 6506357
26963 6508980
3415 6510683
4077 6512018
4682 6513423
18204 6514242
821 6515081
15672 6516081
10666 6517987
21139 6520710
14330 6523506
2907 6524090
11962 6527946
7513 6529217
15599 6530327
20592 6530619
8577 6534412
10365 6537105
5359 6542201
13438 6544844
16038 6545274
14067 6548842
884 6550749
27074 6555950
20866 6556433
15470 6560423
3677 6562628
12136 6563999
7712 6565418
27111 6568051
25117 6575992
23183 6578475
22210 6578969
27273 6581665
6525 6585972
16619 6586412
18166 6587312
23949 6587523
2745 6588866
28158 6589369
14399 6589668
23432 6591135
25850 6592431
19880 6594159
19095 6595344
13973 6595984
425 6597192
7580 6599657
28410 6600636
20825 6601897
5665 6605725
22385 6606153
1747 6606897
21910 6610341
17015 6610939
6426 6613438
8066 6614499
11894 6615332
13679 6616886
23857 6620724
12121 6620954
8644 6621930
7395 6621997
25228 6624053
7922 6625357
16493 6626295
21227 6626874
21707 6627010
13733 6632607
18209 6635036
10796 6638127
8433 6638661
26671 6638773
19641 6647174
24893 6653379
20438 6656074
28004 6657559
26845 6659377
7673 6660510
13723 6662131
17542 6665120
25784 6667069
8746 6670063
17652 6670450
29670 6677344
18015 6687820
6503 6689777
5931 6691947
2683 6693406
6003 6694170
19842 6695776
8594 6699639
9785 6700555
3125 6701673
11451 6702043
4736 6705011
22246 6707091
26143 6708115
23532 6708202
18003 6710085
25937 6710311
2986 6712895
3914 6715263
8241 6715547
21141 6716375
26827 6716957
22701 6717962
24346 6718563
25233 6718766
10546 6720022
17956 6721503
22469 6727361
10039 6728624
28375 6731070
3332 6731326
20637 6732176
12882 6732530
484 6733743
9262 6734009
16612 6735566
14215 6735600
8708 6736455
15343 6737060
27167 6740159
7595 6741060
25487 6742075
18363 6743503
16138 6743658
10857 6744695
2570 6753120
24160 6753336
23643 6754630
20398 6756330
20108 6757549
4597 6757860
3719 6757883
10884 6758178
11855 6758189
8366 6759042
6867 6761056
21879 6762635
5396 6762983
8442 6764861
17573 6767248
7975 6768553
2948 6775983
10623 6776036
28168 6776412
29088 6777988
22669 6778279
7667 6778531
29477 6783086
14210 6783099
15872 6786084
9332 6786315
2777 6789223
18479 6792074
7403 6793355
9653 6797167
22148 6797744
28842 6799178
2811 6801946
22356 6802678
6835 6816821
17350 6819217
18446 6822468
3140 6822563
19434 6822692
6142 6825513
11644 6827837
2353 6828248
2299 6830319
20343 6831811
15358 6832976
18313 6833816
18550 6834477
29869 6834899
20257 6835330
13262 6837897
4115 6838555
29924 6838596
27675 6841812
20131 6841908
21514 6842587
17505 6846441
2313 6847160
2943 6851435
22904 6852064
6697 6852066
21884 6855763
9570 6857657
90 6858466
28935 6861111
20451 6861176
23231 6862016
14222 6863445
7023 6864280
6667 6864421
27073 6866432
19398 6868832
26358 6869176
19594 6870326
9955 6875918
15225 6876360
6687 6877963
173 6880048
11578 6884991
16575 6888046
7191 6889966
720 6890420
8813 6890702
17685 6896014
12019 6896752
16401 6897595
8438 6898169
18755 6898799
9882 6902810
29539 6906064
757 6906305
7558 6907067
10749 6907450
17811 6908229
22807 6908515
3873 6909169
636 6909565
1381 6909988
10966 6910027
17631 6910801
1420 6911144
17480 6911156
20872 6911237
24405 6911268
20817 6911952
21680 6912620
16159 6912702
4459 6912830
4055 6915421
12381 6917336
13317 6917693
10565 6918408
24782 6919129
7499 6920254
1305 6923907
19389 6925970
19350 6927061
28085 6928940
29502 6932783
9188 6933480
4993 6933557
13878 6934643
21752 6935686
25831 6937573
18063 6938112
29649 6939116
28502 6939454
17304 6941175
21624 6941299
17287 6942867
28753 6943926
24800 6944876
14528 6948069
4467 6948908
16687 6951072
23488 6951807
27070 6954858
23315 6956162
16271 6958043
157 6958714
15198 6959406
7326 6960731
28916 6963831
9230 6964342
793 6965039
24334 6965181
4549 6965472
19036 6966503
23355 6967076
17466 6968143
22666 6970178
2962 6973395
29825 6973598
29449 6973768
17679 6974984
1847 6975026
23361 6977058
14242 6977400
4343 6982537
25743 6982610
1987 6982940
2719 6983798
22389 6984383
9525 6989936
12026 6991013
17247 6991247
4243 6993612
17848 6994727
15515 7000616
22637 7001788
4894 7002014
14028 7003418
23208 7003813
24042 7004594
20848 7004738
24068 7005377
12251 7010497
7244 7010745
24751 7011338
28649 7011897
7903 7012942
26580 7013013
9324 7013940
10238 7018414
13348 7021801
18660 7024195
25917 7025003
7404 7028345
1033 7028633
18282 7029652
10088 7030962
1588 7036509
20114 7037630
9611 7039222
3868 7040376
908 7042202
11679 7043396
25362 7045330
26946 7045358
12530 7045500
11766 7052576
25149 7053899
24655 7055972
5153 7059385
7258 7062014
23548 7062543
29194 7064667
2541 7065169
19156 7070737
8222 7071980
2146 7072740
11625 7075022
23744 7076253
24196 7076383
3388 7078145
5720 7078563
5130 7079111
19572 7080045
25113 7081750
29478 7082849
15640 7084226
28678 7084763
10800 7085426
7169 7093322
6748 7095399
20347 7100352
19206 7101031
25031 7102699
1617 7106263
13077 7107476
3696 7109859
23101 7113018
690 7113968
12007 7116225
26387 7121625
8067 7124154
14915 7126139
13294 7126508
26530 7128064
18271 7128723
14281 7133115
1093 7133858
26641 7134904
891 7135291
23411 7136237
23284 7137310
11459 7138810
7942 7138814
22968 7139895
28699 7140746
9778 7141116
20802 7141296
7923 7142011
983 7143949
24651 7144031
18819 7144801
29402 7145791
24460 7148900
1156 7151680
27466 7152368
1045 7153534
7911 7154616
25538 7156058
4520 7156455
12796 7157378
7946 7157781
4897 7168092
26117 7181293
4572 7181531
10444 7185304
2611 7186814
25427 7187477
24378 7187677
28065 7193154
1913 7194143
11342 7201574
12070 7203798
7171 7212135
476 7213945
16141 7218083
15609 7220043
22847 7222311
841 7223697
22802 7225266
20965 7232653
17068 7232654
11977 7234212
19275 7234907
28505 7235913
4815 7236513
13414 7236596
10604 7238269
23162 7243245
8726 7248151
11669 7248219
23582 7250451
7442 7251030
4275 7252811
15338 7252947
4058 7256166
1301 7261385
9770 7262612
5991 7262934
3509 7262998
14266 7263599
6251 7265470
7369 7265562
2917 7266711
8789 7268607
17449 7269149
12053 7269241
22390 7271772
9380 7272497
8997 7273074
25733 7275320
3186 7275408
19153 7275928
420 7276334
21431 7281280
27524 7284491
18619 7285457
14346 7287984
26905 7288085
23953 7289279
9603 7289685
20354 7291814
15115 7292484
25735 7293360
20875 7299101
26054 7309532
25457 7313614
26131 7316836
23286 7318896
3145 7319573
7060 7320582
1895 7321440
10373 7323736
9638 7324677
8041 7326396
15867 7326474
8087 7326534
17365 7332717
9112 7332992
10000 7333270
12978 7335324
10188 7335859
9745 8391147
5232 8391161
264 8391861
15299 8393286
1571 8394322
609 8396251
23278 8398434
21032 8399435
7213 8399711
10091 8399784
10751 8399796
23185 8400039
11311 8401761
6733 8403594
28746 8404063
7789 8407384
3314 8408314
20832 8409660
5563 8414376
26064 8415410
4624 8415726
19235 8416061
6727 8416170
4402 8416357
13244 8418906
13735 8421203
4792 8422394
14807 8423230
9515 8423519
11577 8427736
27706 8428715
19995 8431147
25780 8431668
10096 8433442
5398 8435247
349 8436406
13218 8436751
8631 8437730
9048 8444154
28696 8444341
17406 8445081
22982 8445983
12997 8448103
17538 8448451
15096 8448587
19807 8448626
11144 8449046
25297 8451539
20137 8451604
16068 8453335
1358 8456033
16351 8456149
21000 8456824
13744 8458479
22547 8458905
8831 8459105
5795 8459275
14191 8459799
27492 8461083
14240 8461124
12344 8461311
3627 8463480
27773 8464514
21715 8465835
9158 8466265
10042 8467041
1157 8469335
19429 8470234
949 8470387
1998 8470759
29305 8471123
16005 8471902
28481 8474879
21359 8475363
5989 8476375
2909 8476866
13385 8484074
12465 8484300
23473 8485057
5913 8486301
8934 8488895
6082 8490220
7397 8490969
5532 8492021
20779 8493266
16211 8496334
28324 8499845
3864 8501090
25498 8503391
20799 8503798
13186 8504266
7345 8504636
18279 8505184
8467 8505640
24728 8506600
15067 8506908
11278 8507611
11354 8509892
5024 8510968
20569 8511655
13101 8514032
9122 8514508
28002 8518252
15228 8518335
2718 8518486
29027 8522210
14800 8523161
16973 8525700
26032 8527300
1446 8528558
18327 8530505
11610 8532802
9588 8533332
23507 8535433
13495 8535669
17109 8536370
24493 8536533
20008 8537771
22412 8538882
25266 8539506
23430 8540720
10359 8541295
7639 8541417
9480 8542640
12748 8544577
15310 8544780
2544 8545228
12993 8546106
16418 8547221
29944 8549841
20754 8550296
22272 8550636
10140 8551269
29102 8551569
14798 8551934
7020 8553956
3330 8556018
530 8559634
25312 8560184
21001 8561884
7150 8567098
27535 8574078
19862 8574887
161 8578788
18368 8580178
12 8580957
7130 8582097
10925 8583043
181 8583556
10836 8585478
14904 8585495
5231 8586347
18561 8586483
12400 8588571
14568 8589892
20989 8591955
26481 8592829
20202 8594837
15944 8594954
23660 8595646
13670 8596249
15545 8596868
29679 8597436
20893 8598797
461 8598821
23025 8603282
9692 8605010
6410 8606106
28045 8607198
17735 8607939
18129 8611267
22752 8614116
4328 8614437
22315 8614474
22780 8614607
26129 8616529
8458 8617661
19147 8621503
15958 8623339
4979 8625835
2486 8629501
1386 8629523
13590 8630505
13047 8630983
3236 8631754
21281 8631796
29112 8632233
7693 8632359
23053 8635349
20840 8636230
28553 8638200
6462 8643189
8584 8643767
11470 8643881
6776 8644266
21897 8645042
18476 8645992
6807 8647789
11926 8648223
10317 8648910
1712 8652332
23390 8653518
14651 8653811
21645 8654427
27544 8655610
184 8656787
16399 8657464
7159 8658311
5411 8660183
21524 8660327
5574 8660506
24558 8664611
17455 8664928
27146 8666068
13720 8666572
6769 8666585
9672 8667250
9746 8669409
14267 8676790
10997 8681440
13051 8682517
6765 8684153
26351 8688283
22570 8688388
2697 8688494
24023 8688709
14960 8692396
7441 8697092
15492 8697961
1186 8698525
27348 8698874
22975 8702393
15045 8704945
8289 8706508
210 8708617
15808 8708890
10193 8710301
11634 8710472
23117 8711318
811 8711390
27258 8714022
29323 8716252
16270 8720046
18131 8721586
21416 8724870
17316 8729286
21335 8729837
17417 8730078
13734 8732761
22061 8733612
21262 8734544
13544 8736004
27643 8736849
10333 8739354
443 8739427
5703 8741837
29868 8744338
22641 8744947
26578 8745066
5644 8747386
7217 8748740
4396 8748742
27818 8750779
17992 8752568
14529 8753099
8463 8756413
1977 8756705
27332 8756767
5633 8757174
22048 8759325
27697 8760131
24414 8760915
1702 8771351
9551 8771632
22444 8772472
1661 8773349
13501 8774803
18359 8775439
2771 8776317
15303 8776867
28270 8778700
25357 8779220
26060 8779825
2043 8780672
4452 8782100
7506 8782217
24206 8783003
5150 8784736
10589 8784883
29265 8785512
15327 8786455
19061 8786736
24054 8787230
3365 8788103
3072 8790380
614 8791001
25921 8791424
5860 8792078
798 8792155
1767 8792979
15881 8795347
23179 8795348
12197 8795430
24581 8795505
14792 8795954
15178 8802082
29503 8802455
2637 8803072
24701 8803175
3859 8804986
9535 8807147
26698 8809014
21569 8810144
17947 8811473
2045 8812319
5272 8812827
22268 8813636
19561 8813917
2302 8817300
1860 8817972
1063 8820924
10761 8821924
22855 8822092
1090 8823473
10166 8824531
21543 8825001
29067 8826032
10474 8827613
26124 8829216
24464 8831404
6918 8832023
3917 8832861
7928 8833144
12986 8833490
6862 8837394
20110 8838278
25759 8838402
5727 8839488
19062 8841733
25190 8843527
11598 8850900
967 8852407
14369 8852623
3486 8858542
19699 8859460
616 8861775
10577 8864432
27424 8866764
4089 8866926
11699 8868764
21075 8871552
26549 8872281
13718 8872426
19093 8873343
12665 8873885
15687 8875621
18827 8876265
6737 8876793
5547 8878509
17369 8878785
21318 8879165
249 8880228
1236 8882638
14669 8883711
3870 8884990
18616 8891841
16369 8897636
902 8900497
4445 8901404
10328 8902200
857 8908296
11680 8910133
19820 8910633
22 8911012
20455 8911325
22423 8913595
18182 8913910
6066 8914441
9025 8919284
7168 8921336
147 8922026
29195 8922051
15405 8922635
22821 8925481
28824 8926723
29844 8928391
1297 8928695
11698 8929866
15064 8931222
3961 8931426
4175 8931540
11704 8932878
19816 8934464
4117 8935745
8168 8936153
180 8936476
25418 8937691
23264 8938598
22885 8944171
14849 8944188
20520 8944979
18208 8948252
7086 8948474
16993 8950738
21667 8951331
6661 8952075
16590 8952116
12256 8952459
18711 8952555
21095 8953380
25246 8953450
5484 8956051
2806 8958713
25175 8963005
6065 8964308
9937 8966402
25834 8969795
27733 8970466
7151 8972247
20909 8972314
25330 8972960
16651 8973780
16461 8974724
5792 8975077
9435 8976152
28638 8977422
1641 8977480
19064 8977487
28014 8978531
15574 8978712
2756 8978890
29870 8980236
21537 8985548
2395 8987224
11258 8990111
19966 8990478
5441 8992334
1308 8994870
28845 8994923
6784 9000568
22924 9004258
29743 9005710
1830 9009685
304 9010198
11856 9014189
20838 9015860
27179 9016982
10854 9019628
17259 9020364
13872 9023572
28196 9026949
18117 9027216
12102 9027754
12672 9028646
16285 9030310
24251 9035033
10975 9037661
15910 9039589
26881 9040388
24436 9041950
1912 9042252
13553 9047428
4098 9047508
16417 9048632
6543 9049885
26452 9050897
5969 9050898
20906 9051757
10777 9053146
21717 9053315
13476 9055494
18035 9056200
8470 9057231
915 9057627
11046 9059205
20048 9060093
23131 9060225
17115 9063841
29152 9068637
8955 9070797
1592 9075202
10714 9076242
327 9079842
13805 9080658
12482 9080977
3978 9081922
16851 9093874
8046 9095509
28680 9096371
6683 9099854
19041 9113779
2078 9114452
15474 9119713
20177 9123243
20546 9123734
4080 9127791
9086 9127852
16884 9128019
11255 9129884
29172 9130201
5606 9130437
24603 9132042
3183 9133276
19894 9133793
5281 9135465
9632 9136802
9020 9137304
22658 9137463
11750 9137969
24474 9138778
4201 9143271
729 9149788
8432 9159732
20400 9160350
16456 9160353
17217 9160504
12201 9162221
27089 9164196
17599 9176406
14758 9176508
16756 9178239
28694 9178850
13012 9179546
29049 9179704
5649 9181301
10177 9181464
24700 9181578
6037 9187125
26260 9187165
8645 9187219
24834 9187660
14104 9187870
11547 9189170
25802 9189621
18386 9190826
82 9193403
13923 9194045
22101 9195414
14420 9197333
3632 9197572
26837 9197848
25271 9201420
980 9202255
11862 9202991
7701 9203655
8701 9205666
29292 9205822
27807 9205950
6814 9206138
25468 9206171
11440 9209031
28063 9210175
28563 9210360
28154 9210695
1971 9210808
26880 9211252
25815 9212642
28264 9213920
5604 9214838
25559 9215167
22626 9215853
22800 9215971
3739 9217937
24586 9219533
1369 9220209
14075 9221095
21984 9221832
7275 9225016
29357 9225169
12651 9225951
17153 9225996
4968 9226744
1501 9226980
54 9229711
16248 9230748
24245 9231030
7602 9231556
18593 9234397
6342 9236638
20777 9236705
29985 9239250
23661 9240939
4724 9241767
11136 9242216
17482 9242750
28967 9245599
4562 9245796
2573 9247773
2778 9248078
19424 9248876
651 9249942
16728 9250007
7650 9250681
964 9251510
13888 9251725
8526 9251771
28938 9252164
16262 9252471
10493 9253708
15557 9253995
3925 9255055
28945 9257241
9919 9258921
13413 9259998
13189 9261145
25142 9263393
24480 9264175
20934 9264218
29463 9264641
9977 9264743
17037 9265179
16212 9265578
24337 9265688
13829 9265874
12269 9266201
23307 9268207
12358 9269227
11284 9270155
3678 9271257
6501 9271647
3124 9272849
28233 9273840
26614 9274848
2333 9275737
5091 9276711
5069 9276999
16500 9278058
29495 9279190
19650 9279258
25688 9280204
18453 9281618
3006 9287728
19476 9289029
9083 9289206
25165 9289537
21378 9290057
28431 9291802
5852 9292145
26895 9294685
7075 9296026
5819 9297286
2787 9298307
5625 9304766
6813 9305098
25604 9306033
20059 9306824
87 9307894
28621 9308374
16319 9309960
8405 9311496
8429 9311785
20043 9312802
24789 9315292
2384 9316052
25093 9316152
15763 9317085
18798 9318209
26391 9319072
10120 9321432
4017 9323233
7106 9324944
25462 9327579
15871 9333470
20427 9333948
14005 9334274
12304 9334444
7904 9335403
9132 9335896
14853 9337583
16052 9339697
6122 9356223
16579 9361816
969 9372361
313 9373931
8812 9374250
23673 9376988
1864 9378826
27072 9385786
28532 9390056
19069 9390307
9571 9394128
5328 9394295
29252 9394483
28571 9397960
3794 9401774
7085 9402958
17352 9403369
20207 9404732
17791 9406620
13321 9406649
16062 9406700
7594 9409197
16707 9410295
4324 9410586
15496 9411347
19063 9421969
20873 9425726
9777 9428096
15948 9437850
375 9439118
18294 9439576
19546 9443430
29583 9444070
23111 9444694
22405 9444986
28496 9445440
24237 9446396
6369 9447700
12258 9447919
26078 9448342
2920 9449048
5331 9450474
23567 9451577
25985 9452446
21779 9452663
12230 9455810
27851 9457241
18518 9458562
25222 9458573
17263 9461514
3364 9461715
10553 9462629
20445 9463544
19313 9464914
18927 9469367
494 9469440
20478 9470998
24538 9471180
9015 9475552
14118 9476883
12971 9478485
9475 9479807
26304 9482613
21239 9483083
23778 9483264
19839 9485905
14611 9486526
3647 9487176
19376 9489594
13559 9495516
9151 9495993
15175 9497503
25311 9497874
18987 9503402
16535 9504416
7686 9506117
6320 9507548
6751 9508139
9514 9508626
14064 9509822
4276 9511019
14910 9511546
357 9515988
17588 9516202
13162 9518061
4743 9518124
2726 9518624
3768 9518660
3652 9519693
1009 9520166
17179 9521080
6049 9521756
23979 9523104
3428 9525497
4313 9527173
27689 9531206
13985 9531287
17707 9531560
14871 9533175
5243 9534981
17170 9535727
10283 9536045
5097 9539742
5356 9542379
6705 9542589
24472 9543769
9740 9545031
27888 9545615
23177 9547038
2578 9548092
9021 9553038
18970 9553187
29299 9553225
29161 9553978
29050 9554586
3052 9554728
21256 9556521
5621 9556523
25281 9557736
19172 9560258
16977 9561419
2549 9561555
26592 9562785
7998 9563513
5914 9565025
17036 9568376
19866 9569445
15464 9569575
20944 9569720
678 9569758
23382 9569962
17258 9571559
15548 9572197
27598 9574369
27692 9574532
6839 9576116
20261 9578460
24097 9581734
11011 9582500
23525 9582974
6155 9584690
10607 9587563
8346 9590666
24917 9592870
11787 9594374
12470 9594853
8739 9596878
17474 9599606
918 9600181
10278 9600636
6695 9602922
10803 9604271
10675 9605780
12459 9606707
7546 9608072
22645 9608616
12726 9610313
14955 9612743
21212 9614084
11923 9615246
9671 9616895
8144 9619581
4501 9620109
27464 9624075
13109 9627096
9920 9627793
11759 9628608
20601 9628856
2431 9629687
27171 9630747
10020 9634718
14838 9635732
142 9636902
10768 9639487
18349 9639497
16555 9641168
17623 9642736
1923 9644443
26700 9644751
28975 9644986
28763 9646389
25958 9647468
3731 9651478
8284 9653760
7459 9655641
19224 9657945
12661 9662323
17189 9663817
8663 9664541
22981 9665472
11780 9665814
2028 9666314
14902 9666519
13900 9668048
1780 9670843
506 9673353
3480 9678741
22882 9679069
19929 9682539
1805 9683829
6468 9684766
13419 9685664
27972 9686902
24714 9687301
7782 9687761
9453 9688934
8902 9689240
9763 9693348
22472 9693395
24349 9696306
12681 9698996
19481 9699562
23863 9701397
10319 9702562
3390 9705105
1261 9705478
4914 9706468
8163 9707109
8524 9709961
11028 9710098
10993 9710162
13424 9713199
14527 9714587
24636 9717412
11967 9718877
374 9719297
24927 9721734
21909 9721742
5789 9721923
22055 9722217
18599 9724421
12185 9726561
24053 9730868
22360 9731350
18582 9732635
15684 9734832
21332 9738748
13628 9739908
6040 9740122
4733 9740576
26158 9742659
22534 9747879
21054 9748751
16420 9749671
14547 9755175
26643 9756392
12617 9757152
6476 9757760
5873 9759345
917 9759458
26352 9759957
16717 9763308
21063 9763419
8190 9764251
26077 9765891
19961 9766096
13768 9772635
27085 9773174
16119 9775132
19998 9775670
14689 9780649
27328 9781060
15955 9781798
3785 9782346
13427 9782533
20361 9783772
1648 9786043
719 9786885
11623 9788273
17552 9789569
10510 9789940
22293 9791273
14485 9791448
15864 9791670
7786 9791784
3983 9793555
27186 9796750
4 9796967
19372 9797069
29806 9797904
16048 9799703
958 9801421
12932 9802206
11687 9803346
24805 9803813
25258 9804447
3122 9804778
6430 9804853
28808 9806028
18060 9807157
7286 9807252
19203 9807398
3303 9808043
23324 9809076
25022 9809549
9784 9810287
9961 9812308
18856 9812577
25483 9812908
4083 9813376
3055 9813533
4846 9813990
12335 9816284
1718 9816493
18717 9816677
23234 9817621
10756 9821634
26342 9821831
7705 9822391
18785 9824445
26097 9824788
7897 9825722
19058 9826652
24829 9828815
8698 9834490
1989 9835198
15005 9838139
7959 9838948
11075 9840730
10522 9840843
11531 9842602
5845 9843203
914 9843399
12831 9844457
7930 9845241
17568 9847736
6886 9850934
18495 9853381
25886 9853822
24092 9855955
22556 9860427
3778 9862220
25055 9865603
1388 9865957
26192 9865994
27354 9866040
27093 9867198
7885 9868213
12343 9872873
6585 9874900
5306 9877866
13284 9880577
7195 9881657
26649 9884030
24133 9884474
21650 9884652
3985 9884918
4567 9890262
28122 9890703
9541 9891220
2456 9891341
29849 9891762
8158 9892157
11980 9893355
18615 9894015
24098 9894921
3304 9898739
12652 9900165
11100 9900712
27677 9900893
16134 9905315
1940 9905618
19679 9905752
15822 9906077
24705 9906362
1013 9907121
26317 9909261
21082 9910875
16230 9911123
24965 9911557
1565 9912697
3893 9912883
21229 9913324
5936 9913332
6025 9913511
10001 9914341
26985 9915179
11155 9917201
18530 9917675
11932 9918462
11834 9922261
12193 9924623
9523 9928642
15593 9930508
23728 9937636
19305 9938168
19137 9938206
11689 9940607
4728 9943262
18793 9944540
14706 9945589
28552 9945854
16304 9947227
15097 9947824
28588 9949169
5897 9949192
8188 9949478
25573 9951866
1410 9952742
17662 9954137
22131 9955872
6312 9956229
15857 9958219
23514 9958297
13008 9961441
26752 9964774
5454 9966629
24198 9970807
28868 9971324
24521 9971673
22939 9973739
6540 9975343
21584 9976927
23981 9978399
10131 9983952
15357 9989881
15422 9990437
19793 9990841
23308 9992851
156 9995827
19849 9997523
5066 9997600
10421 9998814
28708 10000735
14148 10000835
5962 10001400
7708 10001893
3060 10010021
20160 10010059
9684 10010709
14237 10013220
11818 10013335
17163 10014521
16111 10015380
12803 10018650
17073 10019385
28890 10021802
3384 10023519
3029 10025664
24621 10025770
4368 10025901
17042 10025985
9173 10028654
21796 10030548
5005 10030967
17615 10031480
23658 10034020
19653 10035607
29910 10036229
10023 10039873
22583 10042665
29132 10043996
27278 10044473
5247 10050149
14429 10051983
899 10052077
10523 10052212
18296 10055956
13168 10056996
16213 10058285
28704 10059921
28214 10062009
11738 10062706
16439 10064779
21556 10065360
6166 10065666
19625 10066514
28396 10067908
7406 10070170
7741 10070987
2068 10072481
17079 10074744
679 10075138
21994 10076981
8325 10077344
4983 10078236
28765 10080381
27495 10080591
18947 10081765
23648 10085590
27627 10085915
1575 10098232
27863 10098518
18603 10100351
28257 10100898
12209 10101122
3577 10104700
13367 10106653
27868 10107243
4304 10107270
9793 10110867
6775 10111163
22067 10114019
3185 10114067
2119 10114587
15454 10115053
15791 10115570
2282 10117209
19418 10117294
28757 10117538
8334 10118587
10992 10119524
28644 10120194
12282 10122599
24666 10123517
14574 10123827
12205 10125405
12515 10130574
16197 10131674
26470 10142143
5463 10145235
3661 10146813
21989 10162101
15517 10162164
4192 10162739
20415 10162843
3069 10163840
28110 10164701
26341 10165393
28909 10165771
26432 10167147
28992 10167340
904 10169039
23520 10170547
10502 10171195
20166 10173084
12848 10174273
25814 10174441
18448 10174461
28829 10175328
2821 10175468
9258 10178971
3836 10179449
475 10183841
14863 10184357
27640 10185403
15428 10186713
14622 10192075
6564 10195927
23662 10196630
11566 10209176
2792 10209281
4530 10210086
19074 10212372
9704 10213050
17951 10224262
6606 10225653
2162 10227272
17868 10228701
29690 10231452
28953 10233341
12654 10233509
7370 10234541
9922 10234711
14358 10239295
10229 10239326
22862 10239431
8397 10240215
6996 10242669
18516 10244728
26285 10248729
2980 10249100
18109 10251220
9407 10251971
19171 10252574
4125 10258582
18237 10259367
1080 10267145
11819 10269037
11214 10270884
5642 10270968
12051 10276549
3953 10279070
21523 10279619
4090 10280476
17167 10283836
23710 10284334
22969 10286203
3260 10286511
11135 10288477
19068 10289567
22499 10289964
13894 10290509
15753 10290617
4202 10291042
27556 10291139
14339 10291204
12929 10293203
8492 10293507
2945 10295730
12373 10298481
22576 10298764
3213 10301910
970 10302038
12805 10305083
18544 10305240
16056 10306378
16779 10307197
8906 10308178
25571 10309442
5381 10310218
17853 10310801
7979 10312121
29938 10312410
9231 10313931
24449 10315982
15160 10319480
16786 10322957
13961 10324272
515 10325483
1991 10327450
12869 10329634
6993 10331913
5662 10332176
23476 10332820
29775 10334668
17675 10334897
2446 10338768
1307 10339748
29779 10342967
20431 10343337
10538 10344283
5317 10345853
5039 10346915
12884 10351235
5618 10352182
26984 10353865
7825 10354839
15892 10355383
21508 10355966
6495 10356135
20710 10358391
18045 10359366
27003 10360370
23692 10360895
25134 10361856
18235 10362395
23841 10364322
19749 10364680
15519 10365514
13295 10367945
17224 10368471
22545 10369151
23540 10371109
2605 10372768
10327 10375946
27361 10376909
22451 10377748
29125 10377917
26412 10379699
7352 10380351
1035 10385689
8643 10385902
13185 10385910
13340 10386199
12180 10392201
16899 10392312
29294 10393277
14760 10393672
5364 10393818
14426 10403920
26632 10405403
3053 10406124
9014 10407211
5899 10411375
29961 10420470
9115 10424656
6385 10425565
5449 10425603
25532 10429342
20069 10429591
5098 10430856
1633 10431821
2963 10432824
29041 10433112
14102 10434304
27289 10434938
24345 10435036
12688 10436579
3051 10437401
17332 10440624
23516 10442048
24187 10442895
7378 10443960
10524 10445001
21512 10446901
24358 10447992
20418 10449011
12650 10449991
29270 10452168
16934 10455048
15413 10459255
11314 10459576
4665 10471522
25829 10472237
28627 12583922
24559 12584118
28421 12590510
8518 12591579
9390 12592359
9731 12592559
22919 12593440
28259 12598292
12653 12600527
14967 12602476
17235 12603935
4855 12608915
23969 12610107
2925 12610778
27213 12610882
6963 12611789
16379 12613243
13730 12613753
18736 12618025
829 12619587
6768 12620257
21972 12620681
10938 12623387
2177 12624243
16962 12624414
16790 12626006
24974 12627971
17917 12628251
23682 12633054
26748 12634224
27214 12636387
16491 12637178
3538 12639870
4438 12639987
29366 12641243
20763 12642518
8025 12643579
11378 12644317
89 12644475
17472 12644548
9584 12644654
11570 12645416
14229 12647166
25692 12649431
29029 12650976
13015 12652264
220 12655657
4689 12656149
6019 12656187
28413 12659196
4124 12660211
19120 12661902
13406 12661968
26962 12664676
14603 12666342
10037 12669026
3089 12671923
20953 12672979
22181 12675457
13963 12677789
28675 12678240
29483 12679995
15427 12681631
26623 12683026
7233 12685162
14497 12685203
12224 12686566
11148 12686581
8286 12687276
13651 12687973
26430 12688594
2674 12689098
21701 12690498
22441 12690505
9257 12691813
27165 12693422
17760 12697449
29426 12699099
10720 12700920
498 12703274
23672 12703628
2154 12707368
28000 12708907
24952 12710787
10354 12711066
26941 12711798
6407 12713294
2143 12713754
18745 12715409
22420 12715518
23279 12716097
5595 12716387
9742 12717893
29865 12717931
2145 12718615
15147 12719537
21424 12719745
3948 12720506
4589 12720782
15583 12722325
22206 12722332
5276 12723652
15541 12726149
20279 12727358
24618 12729131
17641 12729251
18344 12729353
17739 12732301
13068 12734491
4392 12734586
4992 12734831
20212 12735413
5736 12736477
13412 12736763
19162 12737496
4068 12738308
21289 12739038
9695 12739381
24679 12740721
12755 12742381
12958 12742877
24688 12743460
19244 12744568
13906 12749285
7268 12752870
2715 12757335
10939 12757809
244 12757870
6086 12758175
14987 12758703
2548 12758824
19864 12759138
18760 12764493
5027 12765671
2784 12771849
21733 12774269
10883 12775899
22028 12775918
3177 12776332
23994 12777474
13990 12779529
22347 12779972
12631 12780127
29972 12780282
28640 12781467
26450 12781876
22277 12782385
10034 12782673
16467 12783196
8395 12783592
1903 12783810
29302 12784741
26856 12785108
21423 12786650
4154 12788492
26438 12788761
1634 12789676
24954 12790206
3496 12793846
16349 12796628
1749 12798177
9196 12798299
2742 12798360
20063 12800758
15998 12802826
24563 12803089
29847 12804112
18586 12805590
15182 12808024
12567 12809151
9859 12809160
24668 12809627
191 12810359
22760 12811819
25010 12814149
1086 12814158
1905 12815649
14374 12818862
23797 12823185
11853 12823689
18441 12825552
9486 12826034
26038 12826431
1665 12826476
17952 12826528
17815 12826899
2930 12830120
10899 12830413
28031 12831436
10695 12833526
16926 12833734
12347 12835391
21864 12835930
4277 12838969
1426 12843326
25411 12843543
17064 12845734
12143 12849934
29664 12855567
15457 12857005
16532 12857186
18806 12857985
29852 12858659
1670 12858764
24457 12858786
4652 12859108
26928 12860199
12670 12860816
13167 12861682
714 12863205
28037 12863776
23301 12866545
6874 12867470
14751 12869283
8414 12869667
13844 12872092
16825 12872120
10469 12872386
8882 12873523
8537 12873838
21226 12873915
8857 12874257
12976 12875225
1480 12880394
14106 12883092
13181 12883598
26710 12884857
12624 12889075
10227 12889528
16288 12889795
21782 12892637
7228 12893741
16789 12894797
5939 12896834
12573 12898738
115 12900027
17108 12901505
29729 12903692
10156 12903893
4447 12904325
21109 12904798
22057 12905875
4598 12906928
11116 12908072
23571 12908464
28128 12909552
2275 12909789
9261 12912465
18549 12912751
8051 12920509
11361 12920617
28663 12926416
14804 12927179
5770 12935196
24619 12947526
3414 12950525
6175 12951008
25099 12951272
6745 12955277
25803 12957246
19752 12960572
9893 12962080
12430 12968279
7147 12969770
15821 12970567
6898 12970591
10672 12978300
985 12979701
10847 12985155
10947 12987281
14186 12987490
18074 12988163
19352 12989315
15668 12992000
4737 12992470
13130 12994431
23667 12999758
26892 13000233
29569 13002227
8986 13002303
508 13002570
14563 13003098
25911 13003167
9960 13003811
2827 13003937
27203 13005110
17796 13008656
20707 13010098
17160 13010355
12667 13011949
29846 13012115
29579 13014566
18993 13016286
24398 13016435
15596 13017076
21187 13020640
24296 13029575
13242 13029665
22661 13030647
2613 13036265
12778 13036302
23157 13036424
12579 13038309
26069 13038331
23188 13039753
5725 13040538
8819 13041062
15903 13041536
3367 13041776
4322 13043054
13934 13045957
7692 13046691
4779 13047710
29056 13049670
27295 13051749
20283 13052230
16765 13053256
10870 13054161
26426 13059156
28570 13061928
11935 13066413
17912 13068376
27350 13074456
12791 13075195
8340 13077700
28611 13078030
3265 13078718
2825 13079446
9984 13082837
12232 13085081
23019 13085419
6938 13087896
11079 13092088
1826 13094302
24404 13101552
21134 13101685
23424 13108685
29416 13110228
25923 13113875
22062 13114700
1083 13115024
24442 13115051
7638 13117967
3302 13122048
7544 13123020
956 13125312
16507 13125634
17812 13126139
17314 13127791
29704 13128186
6824 13130920
9598 13131009
15223 13131162
4074 13132383
17604 13132575
10757 13139215
12589 13139670
12254 13140242
17676 13142422
25959 13142637
27204 13143151
26467 13145615
5294 13149151
4629 13151899
5956 13152631
7528 13154132
3312 13155011
16621 13155804
16256 13156565
29193 13158329
14549 13158552
734 13159338
22237 13160214
27468 13161375
963 13164573
10572 13165536
18137 13165615
16760 13166531
21961 13168252
15425 13170657
24677 13170713
28298 13170714
14827 13176013
15685 13177522
17497 13177562
27621 13181054
19737 13183104
26149 13184317
14056 13185077
9119 13185226
2120 13187035
12885 13189170
21200 13191573
713 13192654
8517 13194589
24860 13196159
28340 13199308
24420 13200219
28860 13200444
25430 13200762
11557 13201447
27063 13201515
8102 13204324
26035 13204382
24969 13208461
14660 13212355
13642 13218938
28584 13219692
23406 13220354
7876 13221017
6301 13222439
14543 13225272
20778 13225956
3152 13226413
18794 13226918
24645 13227911
13286 13229521
1530 13230003
11076 13230828
11564 13231904
26323 13235434
2815 13236177
9572 13236450
24336 13240836
10266 13241714
26724 13243375
11812 13243727
29464 13246962
7710 13248245
1098 13248386
1587 13248441
10304 13249469
12524 13249524
13954 13250835
6913 13252105
16549 13256247
11514 13257752
23791 13259087
2804 13264040
21342 13264371
1312 13266420
20477 13267230
21123 13267293
5697 13269129
15606 13269228
15423 13269398
22031 13270297
430 13270318
17138 13270954
5030 13273367
19620 13273477
5452 13275292
27235 13277113
29017 13277314
21264 13277474
22138 13287843
24891 13288227
23739 13289908
24897 13290592
20952 13291823
16662 13303944
26764 13304006
10138 13304289
14308 13305125
25179 13310460
7510 13311053
3189 13312011
29907 13312046
15675 13312989
8633 13313449
7278 13315437
11870 13316024
2496 13320600
9573 13320862
5619 13321376
25428 13321520
22087 13322377
15278 13322460
19179 13322480
2956 13324094
13652 13326119
1026 13327818
343 13328545
24664 13328860
22284 13329851
6986 13330352
13664 13331397
29602 13333200
10871 13333836
9447 13336182
18341 13337904
5982 13338758
21551 13354605
12264 13356034
19884 13356459
93 13371333
4663 13372007
18483 13373754
14494 13377056
10057 13377785
23847 13378343
15812 13379132
18533 13381093
20602 13387401
22198 13393777
16190 13393822
9559 13395015
27188 13396355
4256 13397553
12548 13397648
16357 13398279
22925 13400335
13187 13400444
11045 13402305
27288 13404589
9975 13404797
3619 13406054
13991 13406730
19302 13407683
7545 13409565
26127 13409959
16512 13414111
9681 13417720
1353 13418247
19724 13418730
2625 13418742
23170 13423584
25627 13424954
24608 13425781
20512 13426953
7185 13428402
10766 13429942
21116 13430577
4927 13433039
25970 13436166
26476 13437275
22803 13438074
9592 13438356
23690 13439152
17152 13441934
15607 13442266
7027 13442744
1284 13443304
19768 13443536
14711 13443552
27590 13443700
6222 13444543
29947 13444639
18449 13446908
22713 13447181
8791 13447371
16193 13448979
3499 13451753
22033 13453877
13391 13459798
19490 13459891
21068 13461056
15898 13476696
9350 13479628
28872 13481969
26273 13482143
17147 13486934
22972 13501983
24154 13502660
15556 13503409
15049 13503511
7929 13507810
14386 13508828
14433 13510889
9352 13511564
26633 13514325
15094 13514403
13948 13516118
26718 13517360
27476 13517598
10810 13517812
20494 13519613
15551 13520360
27912 13520514
20416 13521309
3565 13521763
2386 13521792
8293 13525273
18480 13525777
29089 13526864
17306 13528882
13597 13529620
9050 13530563
571 13532471
6411 13533197
23502 13533257
26744 13538399
16070 13539185
13183 13539481
13806 13540426
12130 13540810
5903 13550424
878 13551950
332 13555240
5062 13556909
3406 13566770
10539 13567380
24446 13567443
2845 13568156
13066 13576051
25944 13576429
4523 13576473
25459 13577876
25101 13578434
24163 13579196
3328 13581563
13276 13582361
18121 13583020
7025 13583045
9516 13585025
14617 13592878
11543 13592937
18125 13593007
10891 13593544
13976 13600093
8455 13604223
5018 13616085
11264 13618605
