6100
25117 1.355772
18310 1.347820
28025 1.346156
8340 1.340547
20673 1.331843
27268 1.325103
13679 1.325103
1301 1.311175
1913 1.309372
5820 1.307034
24619 1.305728
17610 1.305728
16418 1.303719
4068 1.303389
13550 1.303036
3739 1.302734
15225 1.298916
20451 1.298467
10523 1.295282
9581 1.291821
453 1.289641
15492 1.288871
6209 1.287814
3864 1.286926
2408 1.284222
17224 1.282978
9696 1.282978
22644 1.281114
16199 1.279344
29070 1.277857
14068 1.276712
9704 1.275541
5625 1.275236
24020 1.273520
9013 1.273115
26143 1.272384
17354 1.272384
7972 1.268624
2523 1.266891
17461 1.264553
21205 1.262910
18235 1.262526
14215 1.261952
23863 1.261142
18453 1.260598
18038 1.259618
27144 1.258748
24603 1.257897
13397 1.257441
16579 1.256586
23179 1.256155
3367 1.256094
11214 1.250584
8828 1.250252
8813 1.249582
18290 1.249582
10327 1.248340
29554 1.247130
5024 1.247130
29018 1.247130
7403 1.245802
23350 1.245329
28967 1.245266
3866 1.244794
14330 1.244794
15649 1.243807
7102 1.243224
10567 1.242987
5795 1.241705
14798 1.241210
8713 1.241158
7077 1.240234
27851 1.239058
609 1.238576
22356 1.238287
14061 1.237428
26515 1.237428
24025 1.237428
24446 1.237428
16543 1.236587
29125 1.234341
9206 1.234155
7518 1.234155
23667 1.233433
3677 1.232876
10969 1.232607
27150 1.232304
15763 1.232304
26752 1.232163
19929 1.231961
18190 1.231854
24882 1.231772
5873 1.231508
13519 1.230772
29302 1.229959
19730 1.229547
5359 1.229206
7043 1.228677
8039 1.228534
29865 1.228285
17568 1.228075
7268 1.227742
2135 1.227547
17848 1.227030
25597 1.226504
18227 1.225010
20046 1.224968
26684 1.223654
26828 1.223654
28891 1.222161
29558 1.222161
5481 1.221765
23620 1.220512
7991 1.220512
28364 1.220450
26630 1.220115
24550 1.219390
17552 1.219104
25271 1.219104
2631 1.218982
27214 1.217362
7876 1.217204
10666 1.216631
24636 1.216631
16258 1.216631
15626 1.216631
17287 1.215975
11862 1.215975
4 1.215514
29153 1.215430
9921 1.214081
5448 1.213150
29250 1.212485
15796 1.212068
16159 1.210965
29220 1.210512
3082 1.210160
29029 1.209517
4255 1.209517
15462 1.209517
5689 1.208943
24191 1.208381
17679 1.208134
19641 1.208134
23933 1.207966
2920 1.206814
20455 1.206493
4063 1.206175
4312 1.205924
19235 1.205924
12606 1.205783
11582 1.205783
27816 1.205366
11192 1.204639
23131 1.204639
17009 1.203757
11382 1.203184
14519 1.203113
23101 1.202826
9516 1.201611
21898 1.201270
29298 1.201270
23660 1.201055
27592 1.200683
1633 1.200272
15396 1.200213
10557 1.199983
22923 1.199627
28046 1.198568
9262 1.198462
27077 1.198386
16470 1.197936
9906 1.197936
19390 1.197729
11005 1.197729
2592 1.197421
26994 1.197320
29855 1.196917
5618 1.196522
15812 1.196424
6776 1.195750
282 1.195534
24577 1.195415
26962 1.194199
23599 1.194101
14339 1.193975
17024 1.193808
13723 1.193479
20603 1.193235
7955 1.193235
23993 1.191995
25241 1.191951
8475 1.191951
8644 1.191598
19443 1.190288
25142 1.190078
5222 1.190078
4272 1.189595
3328 1.188663
18845 1.188324
13418 1.187772
26159 1.187161
24053 1.186921
28797 1.186591
23789 1.185768
22397 1.185712
908 1.184948
23165 1.184948
26718 1.184725
22802 1.184725
16860 1.184725
19573 1.184164
2845 1.183512
21162 1.183267
11830 1.183267
28446 1.183171
9332 1.183171
2039 1.182836
13760 1.182638
28786 1.182638
23537 1.182415
1624 1.182250
29370 1.182250
5971 1.182186
22943 1.182141
15003 1.182141
11689 1.181499
1207 1.181499
12983 1.180666
26239 1.180096
20327 1.179819
26928 1.179546
18518 1.179439
5294 1.178809
13419 1.178503
22717 1.178503
18942 1.178503
10319 1.178254
6257 1.178008
21527 1.177767
12428 1.177412
2563 1.176840
22344 1.176795
24160 1.176269
25850 1.176269
27818 1.175455
18015 1.175455
3358 1.175155
5091 1.175155
10551 1.174575
9344 1.173751
27557 1.173751
23548 1.173488
10938 1.172979
3575 1.171869
54 1.171869
21554 1.171794
25657 1.171571
15548 1.171352
9955 1.171280
10865 1.170997
24757 1.170997
12174 1.170721
17645 1.170451
14868 1.170189
26890 1.170189
14085 1.169559
11964 1.169438
181 1.169199
2564 1.169199
22048 1.169024
12650 1.168682
25532 1.168516
11698 1.168086
17096 1.167877
8025 1.167724
17108 1.167279
1353 1.166901
21522 1.166539
14806 1.166363
4209 1.166191
4846 1.165693
6681 1.165693
8686 1.165378
1238 1.164926
9230 1.164781
11355 1.164361
18208 1.164361
5512 1.164361
29910 1.164094
24034 1.163709
3303 1.163585
28396 1.163464
22985 1.163464
16190 1.163226
17725 1.163053
16271 1.162885
13295 1.162885
28537 1.162248
13973 1.162098
17791 1.161396
24608 1.161136
9505 1.161136
8610 1.161010
537 1.161010
15428 1.160417
9007 1.160417
13465 1.160196
29310 1.159779
808 1.159779
21143 1.159582
14684 1.159487
2384 1.159209
23375 1.158946
11155 1.158233
21229 1.158233
19223 1.156454
8373 1.156090
14148 1.155185
23917 1.155057
2546 1.155057
747 1.154933
19003 1.154815
20605 1.154815
18117 1.154538
19490 1.154435
14210 1.154385
824 1.154336
23231 1.154287
17717 1.153930
24457 1.153889
16575 1.153889
24632 1.153808
24658 1.149041
24936 1.149041
6649 1.149041
2062 1.149041
9430 1.149041
9755 1.149041
3875 1.149041
17641 1.149041
829 1.149041
17391 1.149041
10469 1.149041
10450 1.149041
5126 1.149041
29283 1.149041
16608 1.149041
27935 1.149041
27361 1.149041
16270 1.149041
10278 1.149041
27692 1.149041
16121 1.149041
29616 1.149041
24137 1.149041
24180 1.149041
18824 1.149041
14356 1.149041
26437 1.149041
7139 1.149041
1640 1.149041
26881 1.149041
26838 1.149041
28900 1.144389
27204 1.144351
14213 1.144351
20073 1.144233
18182 1.144233
28325 1.144192
24415 1.144109
24679 1.143841
13401 1.143696
14952 1.143696
14529 1.143543
24346 1.143436
14543 1.143380
24994 1.143380
17019 1.143087
15327 1.143025
28842 1.142896
27888 1.141904
8066 1.141904
13242 1.141722
13079 1.141722
26216 1.139774
28081 1.139465
12202 1.139385
14758 1.139303
13256 1.139220
14702 1.139220
14810 1.138302
11144 1.137885
7244 1.137664
6137 1.137664
14586 1.137195
24021 1.137195
8529 1.137072
20840 1.137072
4547 1.135680
24098 1.135197
18870 1.135028
8028 1.134855
3888 1.134372
4739 1.134246
11482 1.133720
758 1.133720
12911 1.133008
12805 1.133008
17054 1.132547
20282 1.132388
25206 1.132388
3457 1.132225
12170 1.132225
28018 1.132060
14520 1.131891
19410 1.130656
7159 1.130508
15454 1.130408
23889 1.130357
721 1.129890
7529 1.129783
21558 1.129783
15986 1.129399
19839 1.129343
21212 1.129230
25326 1.129057
7834 1.128704
18126 1.128644
29518 1.128399
8969 1.128149
14955 1.126944
29852 1.126510
8359 1.126510
6164 1.126287
7673 1.126212
22780 1.126060
10058 1.126060
14609 1.125828
5728 1.125828
25854 1.125591
420 1.125591
20854 1.125202
19476 1.125202
15433 1.125102
27277 1.125102
17544 1.125102
12634 1.125002
2065 1.124593
27098 1.124330
8468 1.124330
9282 1.123787
23825 1.123787
4511 1.123731
20747 1.123506
21359 1.123506
29524 1.123220
6969 1.122626
11704 1.122565
20558 1.122068
8843 1.121812
5353 1.121683
18554 1.121353
2723 1.121241
17502 1.121015
8245 1.121015
4152 1.120786
13161 1.120669
1426 1.120315
18660 1.120315
19409 1.120315
9422 1.120170
8537 1.120170
13446 1.119951
25291 1.119877
18469 1.119877
9254 1.119828
3298 1.119828
29583 1.119578
6515 1.119578
24581 1.119578
28563 1.119578
29323 1.119195
6388 1.118961
8190 1.118803
15165 1.118535
23817 1.118400
14617 1.118263
5852 1.117986
26450 1.117646
7286 1.117299
19015 1.116211
8708 1.116211
23794 1.115895
8563 1.115666
11044 1.115443
6398 1.115245
23284 1.115045
13286 1.115045
19270 1.114814
18452 1.114520
11266 1.113356
5097 1.112755
12515 1.112369
22975 1.112271
12848 1.111975
25829 1.111975
22165 1.111975
27368 1.111975
24615 1.111975
23879 1.111673
20149 1.111572
25923 1.111572
12877 1.111160
1401 1.111160
26632 1.110921
8455 1.110921
12798 1.110556
23788 1.109869
28679 1.109805
6784 1.109419
5252 1.109074
14240 1.108622
10858 1.108212
12796 1.108004
28413 1.108004
10519 1.107509
12573 1.107509
24051 1.107173
27596 1.106874
24494 1.106831
6769 1.106484
18635 1.106484
5649 1.106484
11213 1.106484
4287 1.106086
8669 1.105952
21834 1.105771
27042 1.105563
17300 1.105406
4895 1.105406
416 1.105406
11248 1.105406
10993 1.104847
5443 1.104847
21645 1.104847
15514 1.104657
24695 1.104657
17015 1.104273
20434 1.104106
8593 1.103980
16825 1.103684
18256 1.103534
19397 1.103079
27258 1.103079
21629 1.103079
3713 1.103079
11578 1.102708
7370 1.102332
16241 1.102141
23026 1.102141
26444 1.102004
29718 1.101658
19041 1.101658
22939 1.101447
21912 1.101164
28270 1.100877
6722 1.100877
17037 1.100490
9050 1.100293
26717 1.100145
8405 1.100145
4622 1.100029
789 1.099936
1670 1.099936
8676 1.099695
26317 1.099695
4467 1.099082
26698 1.099082
10279 1.099082
16371 1.099082
12755 1.099082
10654 1.098644
18282 1.098533
17298 1.098454
3717 1.097972
23540 1.097869
4459 1.097451
10555 1.097398
559 1.097282
18582 1.097149
6661 1.096812
12939 1.096211
24186 1.096008
2907 1.095774
3083 1.095597
12209 1.095458
16636 1.094794
21485 1.094324
15272 1.093887
2426 1.093798
10505 1.093739
1789 1.093141
10976 1.092990
20566 1.092362
15175 1.091906
6092 1.091849
1157 1.091106
23634 1.090861
16786 1.090861
3029 1.090615
23525 1.090615
11071 1.090253
249 1.090116
13473 1.090116
5441 1.089701
18661 1.089608
3335 1.089195
25357 1.089138
9074 1.088565
8517 1.088565
17152 1.088565
23358 1.088565
1010 1.088565
2428 1.088565
27375 1.088565
24668 1.088565
14700 1.088565
5969 1.087981
7185 1.087981
15550 1.087569
4549 1.087385
2222 1.087116
4058 1.086930
9025 1.086930
1990 1.086930
23690 1.086777
8397 1.086593
21158 1.086593
1665 1.086366
25165 1.086013
3341 1.086013
20481 1.084931
12932 1.084809
25041 1.084809
15948 1.084488
6108 1.084488
24480 1.084376
7133 1.083648
15413 1.083381
24325 1.083172
27233 1.083004
14527 1.083004
6712 1.083004
11473 1.083004
3267 1.082165
13066 1.082106
23969 1.081450
3051 1.081450
9324 1.081450
6267 1.080781
21655 1.080719
3206 1.080645
6142 1.080645
15686 1.080098
12744 1.079821
9761 1.079702
20333 1.079402
2530 1.079209
2614 1.078691
29738 1.078691
20043 1.078691
6622 1.078429
29828 1.078112
6786 1.078112
16594 1.077966
25780 1.077569
10720 1.076579
29691 1.076579
20445 1.076579
9280 1.076470
20568 1.076317
28992 1.075698
3693 1.075698
28340 1.075457
22360 1.075249
29788 1.074909
8709 1.074909
24952 1.074725
17796 1.074725
1080 1.074566
2273 1.074428
4766 1.074251
21199 1.074103
6411 1.073978
425 1.073355
1627 1.073071
20271 1.073071
25980 1.072438
19724 1.072438
7609 1.072438
24750 1.071794
23678 1.071644
16166 1.071577
25746 1.071140
24559 1.071051
20154 1.070951
1608 1.070592
29049 1.070006
28798 1.070006
12732 1.069957
17682 1.069957
4636 1.069796
19820 1.069614
10156 1.069404
6996 1.068655
6906 1.068535
9638 1.068535
25944 1.068535
19005 1.068535
3977 1.068535
7872 1.068535
11634 1.068406
18492 1.068297
24040 1.067988
13878 1.067693
29161 1.067496
26129 1.067355
27213 1.066966
26158 1.066966
6210 1.066574
11126 1.066430
8515 1.066430
22124 1.066227
12193 1.065777
13368 1.065591
17349 1.065474
18835 1.065336
21296 1.065336
24172 1.065256
11687 1.065205
15427 1.064648
27220 1.064375
1634 1.063927
2457 1.063927
22583 1.063131
20829 1.062863
14622 1.062697
4392 1.062697
16005 1.062430
13885 1.062430
2405 1.062224
20498 1.062138
23661 1.062138
12937 1.062138
12282 1.061687
18060 1.061614
29684 1.061446
3052 1.061402
20497 1.061363
7973 1.060653
4689 1.060653
28262 1.060653
5965 1.060653
25263 1.060653
16936 1.060653
3653 1.059891
18110 1.059505
17252 1.059198
23604 1.059198
29193 1.059116
10230 1.058667
27350 1.058327
20283 1.058028
14935 1.058028
2438 1.057847
25527 1.057694
3053 1.057640
6767 1.057524
17398 1.057117
20367 1.056376
16265 1.056140
2456 1.055875
5211 1.055514
742 1.055241
12285 1.055028
6399 1.054675
4444 1.054274
27985 1.054274
23532 1.053897
18033 1.053816
15541 1.053816
13068 1.053816
17676 1.053287
25759 1.053287
6677 1.053287
17348 1.052816
23229 1.052483
3723 1.052392
5720 1.052279
11361 1.052011
10889 1.051664
27706 1.050952
8746 1.050881
5725 1.050551
24405 1.050551
7962 1.050551
10800 1.050254
10421 1.050198
24336 1.049885
11629 1.049413
17890 1.049413
29938 1.049124
5777 1.048639
22131 1.048500
4410 1.048500
23516 1.048500
15685 1.048248
25611 1.048248
24125 1.048248
13701 1.047830
24589 1.047356
10768 1.047110
26537 1.046281
5139 1.045756
24245 1.045688
21569 1.045627
21259 1.045479
27466 1.045439
7901 1.045439
26946 1.044582
20691 1.044582
26335 1.044582
16850 1.044582
6913 1.043453
27199 1.043382
14574 1.042904
27167 1.042742
12160 1.042544
23621 1.042153
24995 1.042045
27491 1.041797
15820 1.041654
24982 1.041495
9255 1.041318
28214 1.040896
1661 1.040641
3414 1.040641
4968 1.040641
8955 1.040641
8791 1.040425
9480 1.040184
12640 1.040184
9795 1.039608
18129 1.039608
2145 1.039608
12053 1.039381
5662 1.038681
25450 1.038464
2199 1.038168
7786 1.037843
19939 1.037843
26884 1.037187
21690 1.037187
20654 1.037083
3985 1.036939
1410 1.036635
9490 1.036390
3785 1.036188
878 1.035274
19880 1.035274
5172 1.034137
29924 1.034137
22347 1.034137
13674 1.034137
21680 1.033587
6775 1.033529
20977 1.033082
13985 1.032846
19625 1.032741
11457 1.032682
13510 1.032618
25559 1.032618
26156 1.031792
6334 1.031525
27453 1.031334
7712 1.031190
27156 1.031190
28279 1.030827
29847 1.030827
22028 1.030655
26633 1.030583
10891 1.029846
26710 1.029801
375 1.029741
9523 1.029741
23361 1.029457
28004 1.028992
25065 1.028992
10096 1.028848
14005 1.028665
985 1.028423
18750 1.028089
21961 1.027597
19620 1.027378
7190 1.026802
16210 1.026476
21380 1.025753
23712 1.025697
23650 1.025298
6594 1.025125
20778 1.025125
21963 1.024966
28734 1.024966
18375 1.024966
2396 1.024686
13424 1.024016
3519 1.023515
10553 1.023515
21190 1.022845
29838 1.022845
2544 1.022772
26012 1.022646
6980 1.022646
14706 1.022591
26078 1.022412
1575 1.021369
11850 1.021369
3364 1.021369
19666 1.021369
22793 1.021369
12997 1.021369
258 1.021369
14405 1.021369
5896 1.021369
20944 1.021369
8002 1.021369
7016 1.020348
6355 1.020124
5130 1.020124
22359 1.020067
2947 1.020004
26948 1.019935
21227 1.018609
14636 1.018468
374 1.018010
15754 1.017872
5129 1.016727
16838 1.016459
7035 1.015890
9008 1.015172
14058 1.014986
2416 1.014889
12198 1.014737
5279 1.014737
19136 1.014578
8603 1.014177
1035 1.013564
29067 1.013513
5449 1.013513
24926 1.013440
1446 1.013133
914 1.012250
7842 1.012250
19121 1.011999
15567 1.011999
13718 1.011912
9960 1.011549
16151 1.011156
2106 1.010774
8789 1.010602
26141 1.010602
18532 1.009617
21321 1.009562
29972 1.008602
4328 1.008191
20394 1.007930
11230 1.007533
25483 1.007378
7929 1.006778
29985 1.006260
19778 1.006187
5019 1.006187
3143 1.006125
8934 1.005411
16870 1.005411
15989 1.004829
7946 1.004551
24334 1.004459
6079 1.004117
27387 1.004016
26267 1.003760
22855 1.003529
7638 1.003529
27459 1.003529
18955 1.003223
24938 1.002976
1259 1.002976
25442 1.002799
24127 1.002799
8526 1.002355
20729 1.002007
10577 1.002007
21782 1.001457
16454 1.001144
25831 1.000341
18374 1.000341
22336 1.000002
15097 0.998699
28615 0.998347
7903 0.998024
15264 0.997851
29861 0.997851
13245 0.997281
16885 0.997101
3719 0.997101
5356 0.996617
9837 0.996278
7168 0.995482
26108 0.995482
5967 0.995151
8965 0.994840
7911 0.994114
19679 0.994114
9249 0.994054
14528 0.993765
26098 0.993494
29268 0.993364
25101 0.992998
5142 0.992998
7106 0.992860
24740 0.992662
4098 0.992353
7902 0.992123
5633 0.991329
6585 0.991116
4792 0.990728
1161 0.989309
6222 0.989240
143 0.989048
10209 0.988422
7491 0.988064
12924 0.987605
4355 0.987605
13651 0.987529
13862 0.986823
19745 0.986611
18601 0.986550
6120 0.986550
25389 0.984892
1493 0.984892
5232 0.984892
4573 0.982994
27620 0.982914
3451 0.982732
13340 0.982168
2827 0.982000
24891 0.981472
7345 0.979510
22478 0.979182
27907 0.979182
11742 0.979182
816 0.979064
6867 0.979064
10193 0.977029
15348 0.976685
29449 0.976176
13603 0.976176
17945 0.975898
17965 0.975348
29539 0.974944
22576 0.974579
6263 0.974503
17815 0.974302
3600 0.973423
12073 0.972807
19522 0.972265
25654 0.972265
28000 0.971876
3778 0.971354
6514 0.971020
23042 0.970847
18828 0.970741
9188 0.969655
571 0.968128
2158 0.967613
7782 0.966952
8067 0.966373
16171 0.966008
14485 0.966008
20512 0.964995
25790 0.964940
15998 0.964480
22185 0.964073
9160 0.963712
6809 0.963337
26956 0.962444
20217 0.962444
302 0.961988
11136 0.961016
9670 0.960836
23640 0.960574
26471 0.959958
8206 0.959841
5470 0.958558
4577 0.957534
21721 0.957534
17086 0.957534
29214 0.956667
2719 0.956499
15680 0.955227
6699 0.955047
26556 0.954588
10672 0.953459
22031 0.953181
4017 0.951435
4213 0.951299
13086 0.950930
19074 0.949717
11116 0.947372
5606 0.946810
28505 0.944767
9588 0.944417
23881 0.944025
3378 0.943855
28119 0.943855
4137 0.943583
976 0.943317
8211 0.943143
12816 0.943143
3213 0.942803
18109 0.942213
22671 0.941837
17463 0.941837
23234 0.941235
14076 0.938791
12513 0.938208
27137 0.937375
18827 0.937375
28649 0.936659
3177 0.935912
10492 0.935912
8201 0.935004
11138 0.933160
12633 0.932418
21619 0.932241
14917 0.932000
10539 0.930628
29376 0.930397
111 0.929678
9943 0.929279
9571 0.928808
24701 0.928808
18449 0.927539
1476 0.927123
9872 0.926646
9137 0.925334
20725 0.925014
2506 0.923430
7008 0.923247
28031 0.922256
10373 0.921905
15358 0.921566
24142 0.919233
9020 0.919233
27955 0.916968
7705 0.916721
20952 0.916229
28439 0.913857
11400 0.913695
8769 0.913695
3302 0.913340
26171 0.913211
24586 0.912635
10546 0.911134
28998 0.909900
17655 0.905305
8830 0.905305
26276 0.905305
21849 0.902139
7441 0.901457
14075 0.901403
2715 0.901208
13137 0.899851
15190 0.898101
21723 0.897058
6846 0.896504
20825 0.896347
300 0.895662
21699 0.895496
12046 0.891093
12470 0.888881
12316 0.888761
9015 0.878990
22611 0.871356
19467 0.871251
15919 0.871168
2541 0.870279
237 0.865511
8286 0.841128
14242 0.832468
27111 0.827309
8269 0.802944
16915 0.612822
27055 0.612822
26346 0.612822
20368 0.612822
10565 0.612822
21830 0.612822
1973 0.609917
3978 0.609130
2771 0.608763
29623 0.607422
5962 0.607040
29194 0.606600
23766 0.605483
22441 0.604758
26117 0.604758
12107 0.603246
21344 0.602775
7589 0.602775
18839 0.601037
9746 0.600806
24028 0.600743
2333 0.600504
10728 0.600055
9076 0.600055
11795 0.600055
5751 0.600055
9240 0.599942
6491 0.599026
26954 0.598894
29871 0.598317
22109 0.598261
547 0.597875
6273 0.597875
28532 0.597501
22675 0.597501
19862 0.597501
26476 0.597299
11264 0.596904
7741 0.596904
15239 0.596904
23469 0.596904
9371 0.596904
14563 0.596739
15484 0.596259
14496 0.596200
15815 0.596200
11625 0.595799
27424 0.595454
5840 0.595286
8326 0.595286
3768 0.594798
19848 0.594798
1886 0.594798
22139 0.594529
21281 0.593053
21135 0.593053
18899 0.593053
23308 0.591930
18295 0.591930
16439 0.591781
4744 0.591781
16884 0.591585
4080 0.591585
23274 0.590935
24516 0.590935
20858 0.590672
9275 0.590672
17885 0.590628
27760 0.590333
9136 0.590218
11944 0.589882
9002 0.589773
10280 0.589639
13652 0.589252
13348 0.589252
17792 0.589252
26530 0.589252
2548 0.588956
25517 0.588765
3917 0.588671
11398 0.588309
18327 0.588309
23662 0.588309
14800 0.588309
22968 0.588199
5106 0.587881
4006 0.587881
7460 0.587637
2303 0.587637
10333 0.587287
24378 0.587287
7807 0.587287
21175 0.587287
5331 0.587175
8144 0.587175
4396 0.587010
5598 0.586956
27226 0.586956
28064 0.586744
12976 0.586744
2821 0.586744
21752 0.586245
12923 0.586150
3395 0.586150
15214 0.585785
10587 0.585785
17486 0.585498
3192 0.585498
17516 0.585160
5797 0.584966
2985 0.584966
1631 0.584600
22875 0.584483
7510 0.584426
23841 0.584258
24261 0.584043
21213 0.583939
26131 0.583939
11458 0.583837
7421 0.583837
25735 0.583837
8639 0.583640
356 0.583640
2816 0.583269
16994 0.582928
27136 0.582928
9130 0.582319
313 0.582181
28022 0.582047
8492 0.581982
5160 0.581982
3811 0.581982
6938 0.581918
19366 0.581793
29122 0.581672
614 0.581555
22385 0.581442
7209 0.581279
13991 0.580834
11176 0.580834
8022 0.580698
18971 0.580698
29280 0.579992
5890 0.579696
3859 0.579696
2956 0.579516
10317 0.579431
26278 0.579431
3010 0.579431
1305 0.579191
19162 0.578325
28233 0.578325
8403 0.578227
3471 0.578227
8168 0.577961
28588 0.577880
19157 0.577803
2948 0.577803
1809 0.577593
29808 0.577593
12530 0.577528
10943 0.577528
13391 0.577407
3772 0.577243
28764 0.577144
9937 0.577097
2154 0.577051
7464 0.577007
15351 0.576924
11046 0.576924
22839 0.576924
28804 0.576885
19069 0.576885
10238 0.574520
9925 0.574520
29056 0.574520
9431 0.574520
20934 0.574520
23623 0.574520
29844 0.574520
13975 0.574520
20884 0.574520
3072 0.574520
9112 0.574520
13036 0.574520
18448 0.574520
19922 0.574520
19894 0.574520
16362 0.574520
18801 0.574520
19769 0.574520
15822 0.574520
15709 0.574520
1090 0.572175
15621 0.572055
1501 0.572012
20108 0.572012
13937 0.571921
8588 0.571921
28402 0.571921
15556 0.571921
18336 0.571873
17466 0.571771
21476 0.571771
18386 0.571771
19998 0.571718
6175 0.571718
12344 0.571544
18337 0.571544
28909 0.571544
16068 0.571415
20438 0.571415
24462 0.571199
28481 0.571038
23162 0.571038
15014 0.570952
18729 0.570861
11696 0.570861
7928 0.570861
23010 0.569924
13015 0.569525
18078 0.569049
16197 0.568942
10365 0.568942
18948 0.568832
11939 0.568597
21524 0.568597
4193 0.568473
10057 0.568473
15507 0.568207
20114 0.567917
7528 0.567761
23382 0.567427
11678 0.567427
14404 0.567427
16078 0.567248
21089 0.567059
7692 0.567059
22642 0.567059
15519 0.566860
430 0.566791
20959 0.566650
29826 0.566504
7701 0.566504
17369 0.565859
20523 0.565682
4443 0.565496
7841 0.565303
19372 0.565254
7784 0.565254
19099 0.565254
26787 0.565102
967 0.564945
3297 0.564892
19866 0.564615
20980 0.564441
16717 0.564261
4568 0.564200
7213 0.564075
27807 0.564075
11294 0.563881
392 0.563680
20098 0.563680
17738 0.563401
20817 0.563401
3933 0.563401
10670 0.563401
9931 0.563401
5913 0.563106
6825 0.563030
11594 0.562984
14433 0.562795
14227 0.562795
12662 0.562795
27689 0.562601
4815 0.562601
90 0.562551
27289 0.562551
8902 0.562400
21667 0.562400
12567 0.562297
1462 0.562297
6476 0.562031
27186 0.562031
12413 0.562031
3836 0.562031
18615 0.561522
21824 0.561522
19106 0.561463
20637 0.561283
6075 0.561034
11128 0.561034
26724 0.560732
10756 0.560508
15141 0.560508
86 0.560508
16367 0.560508
7075 0.560276
9194 0.560157
9710 0.560157
13963 0.560037
24179 0.560037
3043 0.560037
10141 0.559636
24090 0.559533
15835 0.559401
2955 0.559321
10796 0.559268
1311 0.558993
18284 0.558993
15773 0.558708
29037 0.558708
12929 0.558650
21989 0.558412
25659 0.558291
21857 0.558291
25418 0.557916
7885 0.557787
9114 0.557787
21266 0.557523
27590 0.557523
26290 0.557523
10819 0.557407
22803 0.557407
19068 0.557111
26060 0.557111
22811 0.557111
22413 0.556678
21688 0.556224
2704 0.556157
14098 0.556157
4314 0.556157
21588 0.555745
16417 0.555745
13038 0.555745
24547 0.555684
12791 0.555460
21367 0.555370
14752 0.555154
17984 0.555154
9908 0.555154
18785 0.555045
5874 0.554709
27006 0.554709
16070 0.554709
13231 0.554709
28637 0.554002
21368 0.553897
24558 0.553897
14897 0.553897
16869 0.553755
8154 0.553755
14674 0.553416
16512 0.553242
6926 0.553242
13842 0.553065
25055 0.553065
22641 0.553014
19147 0.553014
29206 0.552840
5836 0.552703
10638 0.552136
15005 0.552053
28868 0.551990
6521 0.551990
6474 0.551990
18204 0.551990
11935 0.551540
22714 0.551540
22206 0.551540
28410 0.551124
25297 0.551002
12051 0.550780
14118 0.550780
1086 0.550582
13276 0.550439
10779 0.550439
9486 0.550381
16379 0.550073
25330 0.550073
6982 0.549848
498 0.549848
24060 0.549848
27883 0.549848
23404 0.549297
13740 0.549099
4383 0.548934
4714 0.548574
1923 0.548406
28920 0.548406
5779 0.547887
16069 0.547798
9873 0.547798
21575 0.547162
17332 0.547162
24349 0.547162
7908 0.547162
23188 0.546721
27575 0.546721
16700 0.546680
25961 0.546571
12928 0.546571
26579 0.546571
25733 0.546571
3212 0.546495
9104 0.546181
6632 0.545794
8438 0.545794
24751 0.545794
9293 0.545794
27025 0.545663
11490 0.545663
11354 0.545663
18816 0.545504
28526 0.545504
28128 0.545307
21717 0.545126
21001 0.544906
23111 0.544906
4094 0.544632
24845 0.544569
20514 0.544569
3324 0.543990
16729 0.543990
3259 0.543925
7857 0.543925
29217 0.543742
12978 0.543632
891 0.543632
26574 0.543632
14689 0.543530
9535 0.543389
6426 0.543389
13360 0.543183
27166 0.543183
22663 0.543183
16202 0.542953
18760 0.542466
16877 0.542466
12665 0.542244
25470 0.542000
28246 0.542000
21932 0.541433
5330 0.540725
23315 0.540725
23047 0.540725
9792 0.540147
15881 0.540049
5682 0.540049
17235 0.539911
29771 0.539911
4770 0.539550
3265 0.539456
21632 0.539456
20322 0.539346
7998 0.539215
7436 0.539215
5469 0.539056
26454 0.539056
6434 0.538931
15917 0.538785
13829 0.538613
8375 0.538613
20693 0.538463
21600 0.538463
25294 0.538408
6606 0.538408
13682 0.538289
2531 0.538289
22253 0.538087
1971 0.537849
23208 0.537849
5069 0.537849
11920 0.537362
18537 0.537362
24782 0.536935
16467 0.536935
7603 0.536847
3830 0.536678
18296 0.536678
19575 0.536678
14494 0.536219
10020 0.536219
21836 0.536219
6862 0.536219
13735 0.536219
22323 0.536219
17481 0.536219
11547 0.535749
12180 0.535475
11440 0.535170
25671 0.535003
2784 0.534898
14104 0.534774
23952 0.534702
5169 0.534702
8577 0.534702
13180 0.534438
29041 0.534438
3794 0.534149
29335 0.533994
19868 0.533678
14667 0.533678
8187 0.533256
11602 0.532888
15422 0.532888
9531 0.532737
1511 0.532737
11311 0.532668
11309 0.532668
20872 0.532482
343 0.532324
26009 0.532068
7459 0.532068
3893 0.531963
28219 0.531787
15687 0.531431
2375 0.531160
20476 0.531069
20475 0.530326
24965 0.530326
12695 0.530326
29483 0.530326
24576 0.530326
27495 0.530326
20866 0.529558
18035 0.529558
1882 0.529460
4413 0.528847
25469 0.528762
27675 0.528762
7631 0.528667
25627 0.528436
27468 0.528436
8095 0.528295
242 0.528295
2710 0.528295
4470 0.528130
10714 0.527621
3814 0.527429
28760 0.527207
16491 0.527207
20494 0.527083
6486 0.526949
1839 0.526644
17497 0.526433
11541 0.526196
25130 0.525705
5698 0.525705
1257 0.525705
365 0.525705
19807 0.525625
29463 0.525570
1706 0.525276
29281 0.525276
2512 0.524942
22981 0.524870
25179 0.524676
28813 0.524458
26307 0.524320
22847 0.523963
21913 0.523963
13814 0.523963
9338 0.523749
1396 0.523613
28564 0.523613
16704 0.523613
28763 0.523613
8558 0.523452
16532 0.523452
18846 0.523325
20298 0.523140
2609 0.522917
530 0.522844
18843 0.522786
8631 0.522786
15892 0.522291
23002 0.522291
22826 0.522291
182 0.521787
4115 0.521727
17930 0.521727
12290 0.521727
26735 0.521650
6074 0.521650
28824 0.521077
3428 0.520560
17470 0.520560
21860 0.520506
17652 0.520506
22669 0.520320
12430 0.520092
6742 0.520092
14499 0.520092
17218 0.519804
399 0.519804
4175 0.519804
25276 0.519667
10328 0.519566
8163 0.519340
23443 0.519340
24482 0.518922
8761 0.518922
12966 0.518922
12884 0.518541
17546 0.518195
19668 0.518065
1837 0.518065
22474 0.518010
9570 0.517700
23668 0.517700
2682 0.517700
757 0.517586
17979 0.517449
14172 0.517369
1039 0.517317
1495 0.517068
17426 0.517068
1420 0.517068
1588 0.516838
10524 0.516793
21935 0.516728
22013 0.516728
3189 0.516728
3094 0.516541
2339 0.516541
29990 0.516423
7686 0.516147
17777 0.516095
8804 0.516095
12465 0.515896
16336 0.515667
15798 0.515667
12875 0.515595
28318 0.515595
876 0.515595
29502 0.515595
28406 0.515327
26837 0.515087
18806 0.515087
27869 0.515087
8075 0.514923
7081 0.514871
10023 0.514871
13533 0.514871
12173 0.514770
16269 0.514674
19055 0.514674
19255 0.514496
1449 0.514496
13855 0.514332
15045 0.514332
19202 0.514183
21631 0.513917
23979 0.513917
14769 0.513857
11243 0.513857
9125 0.513799
26457 0.513799
11426 0.513689
9085 0.513538
371 0.513277
2028 0.513277
20513 0.513164
5369 0.513060
3186 0.512877
22928 0.512877
25151 0.512311
14760 0.512311
22610 0.512223
8293 0.512223
11379 0.512223
24314 0.512008
17751 0.512008
16382 0.511949
5484 0.511800
5557 0.511719
22022 0.511719
11064 0.511719
8432 0.510685
23503 0.510685
23271 0.510685
23744 0.510685
11027 0.510685
27073 0.510685
22800 0.510685
25778 0.510685
16189 0.510685
7563 0.510685
510 0.510685
1379 0.510685
28807 0.510685
20413 0.510685
8113 0.510685
10088 0.509655
27354 0.509616
15203 0.509427
18947 0.509369
8892 0.509369
26797 0.509305
4956 0.509305
26531 0.509234
17018 0.509069
6086 0.509069
7877 0.508592
25498 0.508425
23507 0.508331
11314 0.507997
11776 0.507716
25639 0.507552
18441 0.507369
9116 0.507234
18599 0.507088
17240 0.506566
13167 0.506516
28756 0.506516
21514 0.506125
7647 0.506000
13628 0.506000
24947 0.505867
10881 0.505798
4124 0.505578
12205 0.505578
6883 0.505182
19934 0.505073
28155 0.504781
14490 0.504781
27461 0.504719
2282 0.504457
1571 0.504457
20714 0.504220
25264 0.504171
6053 0.503857
9798 0.503689
11342 0.503512
10525 0.503512
19237 0.503389
17795 0.503299
4089 0.503130
23541 0.503130
13123 0.503063
12 0.503014
5390 0.502705
9969 0.502705
22459 0.502705
25802 0.502705
24557 0.502705
11439 0.502313
2353 0.502313
24187 0.502230
17493 0.502230
2579 0.502008
29292 0.501612
13008 0.501400
17319 0.501400
28699 0.501400
12139 0.501400
16851 0.501400
17352 0.501004
26578 0.501004
4154 0.501004
22087 0.500864
11227 0.500699
9263 0.500572
10274 0.500389
9241 0.500389
27535 0.500171
16926 0.500171
15762 0.500101
16193 0.500045
4835 0.500001
18644 0.499583
9833 0.499583
8589 0.499583
28370 0.499583
15474 0.499583
15432 0.499131
7497 0.499131
4368 0.499012
12803 0.498926
4520 0.498640
6312 0.498640
494 0.498640
16510 0.498640
11364 0.498379
12441 0.498379
12400 0.498379
25507 0.498379
27542 0.498379
26564 0.498257
10030 0.497523
4901 0.497420
24154 0.497246
21897 0.497181
23278 0.497181
17811 0.496882
13006 0.496882
7606 0.496570
11450 0.496499
9412 0.496386
2892 0.496177
17036 0.496177
902 0.495665
18491 0.495458
21371 0.495395
2925 0.495395
13502 0.495276
15147 0.495167
29478 0.494654
4589 0.494524
11195 0.494355
20953 0.494211
10061 0.494211
7454 0.493886
19061 0.493886
7264 0.493803
19722 0.493803
22138 0.493453
13936 0.493453
11894 0.493305
19614 0.493305
15551 0.493305
21134 0.493247
21423 0.493247
12672 0.493247
29427 0.493196
27602 0.493196
6874 0.493151
27288 0.493151
8313 0.492446
21171 0.492446
9692 0.492446
5532 0.492446
6695 0.492446
13077 0.491770
5644 0.491729
27785 0.491568
9496 0.491497
22491 0.490736
5358 0.490736
2804 0.490257
3384 0.490257
23709 0.489946
4682 0.489755
8906 0.489532
16655 0.489532
8608 0.489532
734 0.489532
11040 0.489269
21353 0.488953
9231 0.488732
11780 0.488481
12688 0.488481
11475 0.488481
25817 0.488193
527 0.488193
16708 0.488193
24829 0.487472
12197 0.487472
20893 0.487472
15132 0.487472
25811 0.487472
115 0.487151
11834 0.487093
11672 0.487011
29761 0.487011
788 0.486366
22685 0.486366
29631 0.486316
16248 0.486316
1044 0.486133
4803 0.485880
24061 0.485773
20008 0.485677
6947 0.485510
24092 0.485309
23245 0.485309
158 0.485151
27003 0.485022
5805 0.485022
508 0.484916
17247 0.484827
18301 0.484460
29679 0.484460
7443 0.484306
24360 0.484306
25871 0.483807
20790 0.483807
1944 0.483807
15423 0.483807
21591 0.483807
13957 0.483807
26714 0.483807
28882 0.483807
9785 0.483807
4703 0.483241
14380 0.483241
14549 0.483241
7027 0.483119
7558 0.483036
18944 0.483036
387 0.482702
25031 0.482702
17397 0.482702
12019 0.482313
8768 0.482313
27524 0.482313
18368 0.482313
18638 0.481856
25675 0.481856
26218 0.481856
16888 0.481222
17839 0.480994
23920 0.480770
16711 0.480721
24155 0.480644
15070 0.480644
2411 0.480644
6773 0.480508
25524 0.480390
11033 0.480196
21343 0.479979
2867 0.479697
15094 0.479600
24645 0.479354
5597 0.479279
10428 0.478767
21226 0.478767
14011 0.478376
21035 0.478334
26520 0.478213
24393 0.478001
5241 0.477819
9196 0.477819
13186 0.477523
24705 0.477523
283 0.477523
12855 0.477523
26342 0.477523
23628 0.477197
23266 0.477144
20873 0.476431
29027 0.476431
27546 0.476431
12025 0.476431
5942 0.476286
11902 0.476286
21712 0.476179
12607 0.476179
14650 0.475934
6765 0.475934
1308 0.475934
29332 0.475465
20909 0.475465
11084 0.475465
20063 0.475465
29964 0.475131
3287 0.475084
14708 0.474937
12527 0.474937
552 0.474604
22390 0.474503
23286 0.474443
9383 0.474443
16619 0.474375
25198 0.474207
10359 0.474044
7228 0.473979
476 0.473544
2446 0.473474
22845 0.473424
8426 0.473134
13101 0.473134
27044 0.473134
23513 0.472856
25533 0.472748
12667 0.472748
25571 0.472503
28721 0.472383
8749 0.472383
15350 0.472383
8567 0.472383
956 0.472038
18371 0.471927
7927 0.471792
20055 0.471792
29259 0.471711
27141 0.471401
11950 0.471401
1498 0.471401
25819 0.471401
17876 0.471155
7557 0.471107
24728 0.471107
5454 0.470691
14175 0.470691
16213 0.470691
1880 0.470691
10060 0.470691
13266 0.470368
18378 0.470368
21237 0.470305
4822 0.470305
10022 0.470062
13736 0.469830
25049 0.469830
24987 0.469608
3123 0.469608
28858 0.469500
16977 0.469500
14053 0.469500
17099 0.469395
147 0.469242
27171 0.469242
23488 0.468996
9142 0.468809
26341 0.468809
6697 0.468541
2718 0.468128
17501 0.467935
13986 0.467873
23687 0.467873
6369 0.467873
15253 0.467751
10766 0.467751
23923 0.467406
6208 0.467406
14872 0.467406
27640 0.467406
28663 0.466798
27037 0.466616
29189 0.466616
2261 0.466120
25143 0.466120
2900 0.465970
7708 0.465827
14171 0.465560
2107 0.465434
1471 0.465434
12215 0.465314
6727 0.465314
11372 0.465314
26685 0.465256
2909 0.465256
6091 0.465256
5360 0.465256
998 0.465199
18513 0.464930
15241 0.464930
7036 0.464930
8696 0.464506
17981 0.464379
10444 0.464259
529 0.464036
20177 0.464036
14926 0.464036
29238 0.463648
5861 0.463648
4253 0.463561
10836 0.463479
19752 0.463479
4618 0.463399
7397 0.463323
29976 0.462601
27621 0.462507
17735 0.462419
22982 0.462419
11570 0.462336
14297 0.462336
28063 0.462258
13341 0.462184
18406 0.462048
7799 0.462048
15511 0.461985
28084 0.461926
15344 0.461764
20698 0.461715
11506 0.461623
19224 0.461580
29287 0.461539
13427 0.461500
3729 0.461500
19398 0.461500
26465 0.461462
21236 0.459616
24969 0.459616
24618 0.459616
2334 0.459616
24133 0.459616
23470 0.459616
23293 0.459616
22881 0.459616
18772 0.459616
22821 0.459616
21871 0.459616
3510 0.459616
3363 0.459616
10135 0.459616
25224 0.459616
14386 0.459616
28938 0.459616
11858 0.459616
8850 0.459616
1327 0.459616
5687 0.459616
26677 0.459616
11151 0.457748
26149 0.457627
25959 0.457537
25248 0.457537
17327 0.457438
7595 0.457271
28431 0.457210
29132 0.457210
20160 0.457145
29790 0.457077
16651 0.457077
9158 0.457005
16528 0.457005
18279 0.456847
18561 0.456847
477 0.456847
6101 0.456762
12143 0.456670
16399 0.456670
24425 0.456670
11235 0.456572
17073 0.455738
22885 0.455567
7789 0.455380
2045 0.455280
4445 0.455280
14728 0.455066
21969 0.454829
15338 0.454701
26580 0.454566
4661 0.454272
11787 0.454272
12251 0.454272
21570 0.454272
22148 0.454056
23710 0.453942
4306 0.453942
13319 0.453823
9978 0.453823
23731 0.453698
14267 0.453569
11223 0.453569
1830 0.453569
26973 0.453433
9684 0.453433
19273 0.453433
19341 0.453291
17435 0.452987
4477 0.452652
18121 0.452472
8080 0.452472
29146 0.452282
28174 0.452082
2343 0.452082
7507 0.452082
9115 0.451924
23571 0.451870
9014 0.451760
25030 0.451409
15792 0.451157
22900 0.450889
13270 0.450820
5835 0.450820
25245 0.450604
16062 0.450604
14088 0.450604
16211 0.450424
26892 0.450424
11933 0.449889
28880 0.449889
16486 0.449625
9307 0.449403
6349 0.449346
24472 0.449346
8618 0.449170
1922 0.449170
3044 0.449050
6519 0.449050
15774 0.448928
11756 0.448738
6452 0.448738
2275 0.448406
19495 0.448406
26964 0.448406
2764 0.448174
27070 0.448126
28110 0.448054
6528 0.448054
1358 0.447831
14246 0.447678
19737 0.447678
23412 0.447521
5770 0.447521
24800 0.447414
12159 0.447194
24398 0.447194
24860 0.447194
2943 0.447138
6564 0.446849
29494 0.446591
24954 0.446547
3069 0.446484
7838 0.446322
26210 0.446322
27868 0.446098
1787 0.446041
336 0.446041
25682 0.445749
9977 0.445749
26467 0.445689
25686 0.445689
26064 0.445253
20069 0.445253
26137 0.444790
6993 0.444790
16545 0.444790
10774 0.444790
7873 0.444485
4256 0.444074
26937 0.444074
18516 0.443835
29054 0.443689
18349 0.443489
23324 0.443489
23185 0.443128
12136 0.443128
4179 0.443004
17913 0.442859
26097 0.442750
19816 0.442750
8051 0.442750
7499 0.442663
16357 0.442488
17726 0.442411
24851 0.442354
22874 0.442309
14146 0.441939
20642 0.441939
7269 0.441939
27320 0.441939
8831 0.441553
22122 0.441503
12043 0.441439
27165 0.441439
22753 0.441439
19218 0.441232
10961 0.441232
7618 0.441150
15299 0.440911
23374 0.440911
27487 0.440565
5370 0.440565
9350 0.440466
27547 0.440351
27796 0.440287
12201 0.440058
25075 0.439756
6496 0.439524
17482 0.439339
9375 0.439189
4452 0.439124
25672 0.439064
10091 0.438959
28860 0.438830
10992 0.438725
9144 0.438362
19063 0.438294
2998 0.438193
28829 0.438193
27273 0.437730
27509 0.437730
9732 0.437730
7060 0.437730
1171 0.437730
6540 0.437135
12130 0.437135
675 0.437058
5030 0.436825
9892 0.436739
19203 0.436739
13466 0.436345
4728 0.436210
13321 0.436046
14229 0.436046
15254 0.436046
1250 0.436046
23658 0.435843
11951 0.435523
13785 0.435426
25911 0.435426
16476 0.435319
20754 0.435028
18111 0.434772
2793 0.434772
28452 0.434772
13577 0.434772
29294 0.434772
10568 0.434393
19961 0.434393
29152 0.434393
1186 0.434393
11807 0.434200
12559 0.434082
18489 0.434082
24664 0.433972
24073 0.433972
8366 0.433972
4760 0.433972
713 0.433821
8518 0.433821
1861 0.433600
14776 0.433600
24067 0.433600
4518 0.433410
29704 0.433410
10474 0.433352
22922 0.433352
10322 0.433352
806 0.433352
7130 0.433352
13143 0.433352
27757 0.433245
2340 0.433245
12034 0.433245
13745 0.433146
29265 0.433146
8056 0.432756
3221 0.432580
13765 0.432312
6363 0.432208
20738 0.432118
21399 0.432039
4976 0.431761
2683 0.431761
15974 0.431761
13333 0.431684
17445 0.431684
22367 0.431619
26744 0.431476
22882 0.430890
22220 0.430890
13934 0.430890
15958 0.430890
21082 0.430890
6855 0.430279
18963 0.430122
27599 0.430122
11757 0.430050
17170 0.429723
24880 0.429723
26351 0.429548
13904 0.429312
19062 0.429312
28936 0.429312
25550 0.429160
3402 0.429160
25208 0.429102
13754 0.428975
164 0.428975
9083 0.428975
21424 0.428975
29862 0.428829
5523 0.428829
9624 0.428456
24030 0.427834
21163 0.427834
29690 0.427550
7046 0.427207
14374 0.427207
5926 0.426966
19887 0.426648
6009 0.426448
15977 0.426341
26358 0.426257
15391 0.426257
15131 0.426257
28675 0.426134
16561 0.426049
23406 0.425986
20161 0.425571
5104 0.425571
13597 0.425145
1000 0.425079
26432 0.424855
7144 0.424645
4298 0.424261
4173 0.424261
22258 0.424109
10127 0.424109
14987 0.424051
13664 0.424051
4594 0.423918
20582 0.422960
23770 0.422847
28496 0.422636
1095 0.422636
28953 0.422517
15713 0.422517
15278 0.422350
2616 0.422297
897 0.422097
10589 0.421870
9328 0.421870
16039 0.421800
15050 0.421800
4572 0.421666
19711 0.421666
4074 0.421542
19997 0.421315
27464 0.421315
25679 0.421114
10677 0.421114
29587 0.421114
5705 0.420936
18746 0.420631
21342 0.420500
24714 0.420221
29321 0.420079
23533 0.420079
28221 0.420079
26893 0.419954
14354 0.419954
26507 0.419954
536 0.419954
29568 0.419842
25608 0.419842
6759 0.419842
23473 0.419741
20267 0.419741
21864 0.419741
19418 0.419567
18493 0.419147
1938 0.418987
1156 0.418987
7395 0.418921
24991 0.418809
26188 0.418679
17952 0.417833
667 0.417833
17160 0.417833
4034 0.417833
10324 0.417833
15310 0.417833
13051 0.417833
10166 0.417833
24534 0.417833
14904 0.416951
5867 0.416909
24414 0.416861
3887 0.416809
798 0.416809
11278 0.416751
14369 0.416751
2302 0.416751
21416 0.416751
21441 0.416685
26941 0.416611
11461 0.416611
26192 0.416611
13453 0.416611
10847 0.416527
23321 0.416032
913 0.415843
25812 0.415733
10406 0.415733
22534 0.415137
7147 0.414931
22919 0.414776
9045 0.414602
10794 0.414602
23016 0.414408
14974 0.413940
13233 0.413872
6807 0.413872
25375 0.413655
24451 0.413655
26312 0.413655
26905 0.413655
16140 0.413462
27990 0.413411
9800 0.413411
26640 0.413251
25587 0.412829
7578 0.412717
23053 0.412476
15807 0.412476
39 0.412476
608 0.412476
10883 0.412156
14863 0.411920
5592 0.411920
2185 0.411920
12827 0.411795
28627 0.411597
21332 0.411597
9534 0.411597
9213 0.411447
12882 0.411447
2656 0.411385
220 0.411385
5434 0.411385
13762 0.411125
1905 0.411125
21994 0.410915
2934 0.410721
27674 0.410372
616 0.410372
26470 0.410372
3099 0.410031
6663 0.410031
327 0.409928
26260 0.409928
26894 0.409849
16014 0.409849
20730 0.409849
11738 0.409658
7709 0.409559
14167 0.409083
5771 0.408981
12869 0.408861
8151 0.408793
26728 0.408289
22072 0.408212
15583 0.408212
29649 0.408071
1478 0.407724
6721 0.407387
20557 0.407387
9325 0.407255
1362 0.407255
5860 0.407255
20574 0.406952
29336 0.406837
16459 0.406837
12200 0.406656
24023 0.406291
15757 0.406227
10880 0.406126
22187 0.405544
29438 0.405544
7710 0.405544
6692 0.405544
17631 0.405544
1987 0.405544
23675 0.405544
20202 0.404990
21745 0.404948
6607 0.404948
17081 0.404948
20354 0.404900
26623 0.404900
17417 0.404900
12320 0.404843
24466 0.404776
5819 0.404776
28065 0.404694
719 0.404694
10418 0.404462
2625 0.404383
1279 0.404292
21523 0.404292
16899 0.404185
14458 0.404185
4997 0.404058
29395 0.403905
16662 0.403905
22904 0.403847
21200 0.403847
13702 0.403566
13870 0.403566
16607 0.403387
1949 0.403337
7191 0.403337
25430 0.402981
23077 0.402910
16840 0.402757
27565 0.402757
28645 0.402655
21374 0.402655
17538 0.402489
8530 0.402489
20602 0.402164
26079 0.402164
8711 0.402164
8330 0.401907
12589 0.401850
10039 0.401472
21506 0.401472
10607 0.401472
10463 0.401412
11923 0.401412
21747 0.401412
14651 0.400942
4028 0.400828
22472 0.400691
785 0.400691
14778 0.400583
22159 0.400311
20391 0.400311
24054 0.400228
29491 0.400163
7442 0.400112
1045 0.399666
25312 0.399666
1912 0.399140
19430 0.399140
19768 0.399140
17853 0.399068
18074 0.398647
24539 0.398647
1903 0.398458
27951 0.398458
23932 0.397936
184 0.397745
29102 0.397745
14827 0.397745
12693 0.397506
24102 0.397506
26150 0.397199
26452 0.396941
18509 0.396941
13047 0.396941
25427 0.396857
9928 0.396693
18589 0.396693
24901 0.396693
5044 0.396623
19581 0.396221
13574 0.396221
25487 0.395888
7402 0.395842
4907 0.395842
7979 0.395571
1598 0.395369
17179 0.395369
29754 0.395270
28037 0.395211
965 0.395211
23057 0.395211
15837 0.395145
1726 0.394983
810 0.394825
5098 0.394825
18927 0.394825
5697 0.394520
1033 0.394279
26839 0.394279
19561 0.393957
8429 0.393594
12993 0.393255
16456 0.393255
6430 0.393255
29737 0.393093
20087 0.392936
25677 0.392936
20659 0.392936
11929 0.392936
3623 0.392710
14218 0.392637
10434 0.392589
27556 0.392355
589 0.392090
2785 0.392090
29944 0.392090
11233 0.391839
2778 0.391718
10675 0.391718
27294 0.391718
4624 0.391601
27912 0.391601
18194 0.391431
10811 0.391431
27782 0.391376
12119 0.391163
19376 0.390911
20710 0.390911
29907 0.390767
2386 0.390767
21032 0.390767
23624 0.390674
19945 0.390524
18655 0.390524
148 0.390451
15705 0.390451
25563 0.390240
10345 0.390240
14967 0.390240
23322 0.390041
17147 0.390041
23502 0.389675
18530 0.389505
18637 0.389505
15170 0.389344
11651 0.389292
9714 0.389093
27499 0.388730
26426 0.388564
6687 0.388260
24136 0.388120
23672 0.388120
23093 0.387988
5895 0.387801
23442 0.387801
23896 0.387742
24158 0.387628
3939 0.387467
22246 0.386922
25887 0.386696
2177 0.386696
647 0.386696
16349 0.386403
27972 0.386153
13948 0.386153
24875 0.386078
16914 0.385485
3734 0.385485
1546 0.385485
22843 0.385307
20215 0.385228
17696 0.385228
21468 0.385153
18237 0.385084
15599 0.385084
3417 0.385084
14669 0.385019
23117 0.385019
1565 0.384958
29233 0.384958
5371 0.384846
14351 0.384846
14102 0.384846
25416 0.384701
17685 0.384657
4523 0.384577
8284 0.383014
13181 0.383014
19731 0.383014
10538 0.383014
7894 0.383014
18479 0.383014
484 0.383014
29001 0.383014
9836 0.383014
5039 0.383014
12338 0.383014
28584 0.383014
8584 0.383014
4561 0.383014
5328 0.383014
13294 0.383014
23847 0.383014
15942 0.383014
15857 0.383014
14111 0.383014
3731 0.383014
12598 0.381463
9770 0.381384
26748 0.381341
24536 0.381249
4598 0.381249
16757 0.381198
12885 0.381029
13057 0.380897
5463 0.380897
21620 0.380897
24932 0.380825
18549 0.380747
10484 0.380747
26573 0.380664
25471 0.380477
29945 0.380477
900 0.379848
12373 0.379848
23542 0.379768
2012 0.379683
1641 0.379683
26814 0.379594
21650 0.379500
22389 0.379065
11967 0.378939
15067 0.378939
27348 0.378805
14307 0.378805
14902 0.378508
14249 0.378399
4652 0.378165
11255 0.377974
17604 0.377907
12070 0.377619
29366 0.377463
28757 0.377463
17880 0.377463
14161 0.377463
18476 0.377463
24633 0.377297
793 0.377121
25266 0.377121
20891 0.376934
1826 0.376735
10649 0.376576
9611 0.376522
5899 0.376410
18975 0.376050
330 0.376050
8005 0.376050
15479 0.376050
26789 0.376050
28477 0.375787
16138 0.375648
18344 0.375503
999 0.375503
7467 0.375197
20347 0.375197
28096 0.375001
14360 0.375001
10988 0.375001
3509 0.374794
1114 0.374577
21537 0.374577
11045 0.374407
10645 0.374348
3314 0.374348
157 0.374106
12690 0.374106
20427 0.374106
21876 0.374106
10095 0.373851
1899 0.373784
24905 0.373672
9048 0.373438
917 0.373438
13746 0.373438
22824 0.373193
9258 0.372987
20312 0.372987
28502 0.372934
23872 0.372934
10884 0.372934
18504 0.372662
3809 0.372662
2266 0.372662
10273 0.372315
12263 0.372070
10229 0.372070
12258 0.371944
17951 0.371889
18793 0.371889
1772 0.371748
17406 0.371605
22277 0.371119
12029 0.371119
23172 0.370658
26880 0.370658
22061 0.370658
21109 0.370658
20824 0.370658
25017 0.370658
13768 0.370307
714 0.370307
26777 0.370030
19315 0.369935
8325 0.369806
23390 0.369541
21551 0.369541
13110 0.369541
6080 0.369335
27747 0.369335
23833 0.368958
10751 0.368828
6443 0.368828
15830 0.368828
4047 0.368828
22423 0.368676
24929 0.368560
18798 0.368469
7602 0.368201
6065 0.368139
12797 0.368139
29559 0.368091
9378 0.368091
23019 0.367693
16262 0.367693
19098 0.367693
8698 0.367693
25010 0.367693
17677 0.367316
8622 0.367273
2120 0.367273
21431 0.367219
3958 0.367219
17668 0.367219
28404 0.366921
18294 0.366921
23949 0.366921
6165 0.366921
16222 0.366565
16938 0.366178
2233 0.366066
12138 0.366066
18417 0.365937
21155 0.365937
4122 0.365864
27235 0.365604
18552 0.365604
12790 0.365385
17394 0.365385
21512 0.365336
24927 0.365336
13484 0.365336
15385 0.365116
21973 0.364931
14010 0.364931
24262 0.364599
22661 0.364330
22693 0.364177
11683 0.364052
6694 0.364052
11566 0.363950
16789 0.363538
23310 0.363538
16319 0.363418
9572 0.362855
24351 0.362855
20340 0.362310
21566 0.362310
3436 0.362310
7326 0.362310
13888 0.362259
29806 0.362198
9122 0.362198
18209 0.362122
3411 0.362122
22658 0.361826
29846 0.361735
27506 0.361735
14426 0.361496
437 0.361496
13464 0.361392
21192 0.361334
636 0.361270
25222 0.361127
29578 0.361127
9859 0.360955
20212 0.360955
23114 0.360955
8615 0.360856
9132 0.360856
20477 0.360483
5062 0.360483
21068 0.360483
8578 0.360483
17846 0.360483
19084 0.360292
16813 0.360068
171 0.359940
1063 0.359075
1480 0.359075
13720 0.359075
11131 0.358501
8412 0.358416
23127 0.358143
26049 0.357898
20361 0.357785
18736 0.357785
11727 0.357720
27728 0.357720
23811 0.357479
15029 0.357479
17620 0.357479
22969 0.357479
28717 0.357479
8275 0.356845
11056 0.356845
16471 0.356599
26124 0.356599
8726 0.356041
20127 0.356041
7404 0.355832
1727 0.355770
5574 0.355770
25958 0.355655
25842 0.355655
216 0.355504
14497 0.355158
15333 0.354988
7176 0.354988
29775 0.354430
7274 0.354330
22062 0.353551
8771 0.353551
1026 0.353551
14415 0.353551
6493 0.353551
2486 0.353551
10547 0.353551
9584 0.353551
9479 0.352817
13244 0.352729
13894 0.352729
5906 0.352676
1989 0.352676
17517 0.352676
16969 0.352616
15784 0.352547
9674 0.352547
22181 0.352466
132 0.352372
24448 0.352372
16288 0.352047
10120 0.352047
28808 0.351859
24621 0.351747
20678 0.351747
4226 0.351471
15661 0.351360
11297 0.351299
15405 0.351235
2257 0.350555
14838 0.350555
29879 0.350380
8562 0.350380
23994 0.350317
4008 0.350317
8258 0.349962
4927 0.349962
20901 0.349914
16436 0.349914
25345 0.349708
26975 0.349708
22494 0.349478
23919 0.349308
15184 0.349076
28576 0.349076
5433 0.349076
861 0.349076
2962 0.348923
7802 0.348923
8566 0.348585
28623 0.348524
17215 0.348194
24563 0.348194
4628 0.348194
15703 0.348194
26671 0.347875
23797 0.347875
26069 0.347609
12838 0.347384
13971 0.347106
3696 0.346880
15303 0.346880
16946 0.346880
22312 0.346638
27862 0.346444
65 0.346444
26337 0.346286
9233 0.346097
5642 0.345948
3660 0.345948
5117 0.345948
515 0.345729
16590 0.345463
679 0.345308
6543 0.345205
25246 0.344712
173 0.344712
18562 0.344712
15894 0.344206
15064 0.344206
18462 0.344157
4620 0.343638
10363 0.343638
29653 0.343220
13553 0.343220
12042 0.343220
10295 0.342571
13273 0.342503
18495 0.342503
25588 0.342503
19566 0.342267
24041 0.342267
27727 0.342267
9920 0.342040
8847 0.342040
1261 0.341976
16842 0.341863
17542 0.341863
8204 0.341863
17553 0.341766
15640 0.341766
20831 0.341766
23157 0.341482
5238 0.341429
10892 0.340924
3995 0.340864
26823 0.340817
23682 0.340817
21910 0.340456
2137 0.340456
21187 0.340075
21440 0.339716
11011 0.339489
10076 0.339241
8491 0.338888
10975 0.338888
23424 0.338665
23025 0.338557
28890 0.338246
3388 0.337953
5274 0.337953
10227 0.337953
28935 0.337953
24363 0.337677
8104 0.337633
15672 0.337218
25568 0.337218
11856 0.337052
18764 0.337052
1856 0.336892
19179 0.336892
12537 0.336662
5947 0.336305
8409 0.336305
15228 0.336305
9598 0.336040
191 0.335793
8993 0.335675
28877 0.335675
13901 0.335137
19296 0.335137
11317 0.334943
26990 0.334896
15983 0.334896
884 0.334672
19249 0.334672
20325 0.334266
23726 0.334082
12326 0.334082
7172 0.334082
2995 0.333800
10901 0.333592
4981 0.333400
5991 0.333400
22645 0.333400
21792 0.333222
7202 0.333222
23476 0.333222
18856 0.333055
2584 0.332900
1477 0.332617
22556 0.332617
24296 0.332617
24464 0.332617
277 0.332253
853 0.332253
27819 0.332253
15357 0.332093
3657 0.331682
23428 0.331682
25692 0.331564
23940 0.331564
25886 0.331454
26430 0.331351
20302 0.331080
19276 0.330999
1860 0.330924
4351 0.330924
28408 0.330924
16728 0.330443
9882 0.330443
16849 0.330349
943 0.330263
13990 0.330263
8289 0.330111
12781 0.330111
4530 0.330044
16912 0.330044
11644 0.329923
16300 0.329868
7047 0.329725
28570 0.329725
3105 0.329725
12102 0.329683
25815 0.329643
3260 0.328297
8415 0.328297
21393 0.328297
16997 0.328297
10920 0.328297
10857 0.328297
18363 0.328297
5247 0.328297
14893 0.328297
24655 0.328297
14568 0.328297
20779 0.328297
19889 0.328297
17460 0.328297
27085 0.328297
4811 0.328297
20426 0.328297
29403 0.328297
21564 0.328297
21338 0.326963
18604 0.326963
26273 0.326924
5396 0.326924
9103 0.326924
21539 0.326791
16934 0.326791
12405 0.326741
6588 0.326741
9320 0.326569
7646 0.326503
25256 0.326503
2674 0.326432
27652 0.326432
6407 0.326355
12826 0.326271
4198 0.325639
28386 0.325562
13158 0.325299
27569 0.325200
12280 0.325094
13168 0.324729
17339 0.324729
20867 0.324269
24290 0.324269
27732 0.324088
6814 0.323959
29525 0.323959
7849 0.323821
28800 0.323821
9822 0.323821
4733 0.323516
21953 0.323348
11275 0.323348
23307 0.323168
4417 0.323023
958 0.323023
11554 0.323023
16555 0.322974
9551 0.322764
22713 0.322709
5243 0.322709
24538 0.322355
26274 0.322355
6195 0.322292
2271 0.322292
9456 0.322161
6251 0.322024
24925 0.322024
24988 0.321953
21177 0.321731
24442 0.321731
5831 0.321731
23256 0.321542
12003 0.321493
5272 0.321342
12175 0.321237
9728 0.321237
27648 0.320961
22562 0.320961
26412 0.320961
8324 0.320903
15483 0.320663
28171 0.320663
4447 0.320663
2944 0.320663
24727 0.320663
21095 0.320663
13734 0.320663
6078 0.320663
9683 0.319986
4804 0.319836
3353 0.319836
19137 0.319836
15052 0.319733
19759 0.319601
17306 0.319464
28366 0.319178
26995 0.319178
13413 0.318917
8667 0.318917
9839 0.318917
9088 0.318873
1907 0.318642
11284 0.318642
19114 0.318546
24666 0.318349
15602 0.317974
7198 0.317974
12459 0.317820
25462 0.317707
2010 0.317707
24338 0.317707
7682 0.317498
2146 0.317498
1553 0.317415
11459 0.316977
14738 0.316502
7352 0.316502
24564 0.316138
15308 0.316138
21030 0.315986
16289 0.315986
21530 0.315986
29379 0.315423
22 0.315423
19884 0.315423
18245 0.315423
14414 0.315423
26879 0.315224
978 0.315165
26667 0.315060
18338 0.314618
6878 0.314474
16999 0.314360
12548 0.314360
28324 0.314024
729 0.313946
14237 0.313835
14915 0.313375
27188 0.313375
11783 0.313375
11818 0.313375
29089 0.313375
19654 0.313375
11148 0.313375
569 0.313375
5411 0.312930
12056 0.312828
9729 0.312828
19122 0.312828
16502 0.312539
15176 0.312539
20257 0.312539
10980 0.312539
24739 0.312539
14191 0.312458
12551 0.312458
13212 0.312239
6155 0.312085
23880 0.312085
28784 0.312085
28644 0.312085
12915 0.311957
11220 0.311604
26549 0.311353
11301 0.311199
26058 0.310806
1847 0.310552
16535 0.310241
10165 0.310241
25974 0.309974
26311 0.309854
20529 0.309854
16752 0.309854
6016 0.309854
25465 0.309854
7217 0.309741
20048 0.309586
4039 0.309586
8649 0.309586
2611 0.309357
15223 0.309159
16089 0.308986
29003 0.308882
4737 0.308539
17304 0.308279
8020 0.308279
21884 0.307990
16420 0.307990
4499 0.307387
2653 0.307302
17731 0.307230
25891 0.307169
28341 0.307169
889 0.307169
14186 0.307031
23778 0.307031
16048 0.306411
11832 0.306411
29560 0.306411
4639 0.306411
26003 0.306411
24208 0.306411
14958 0.306411
22240 0.306411
26054 0.306411
24917 0.305793
19451 0.305708
19351 0.305656
19546 0.305656
7343 0.305596
1895 0.305525
22547 0.305525
1747 0.305441
4083 0.305441
28421 0.305055
24490 0.304718
11598 0.304565
2953 0.304565
7724 0.304447
3650 0.304447
14254 0.304382
1573 0.304312
21313 0.304312
5190 0.304312
7278 0.304158
3415 0.303769
10691 0.303711
1342 0.303520
15482 0.303520
7580 0.303347
10009 0.303300
2313 0.303300
25175 0.303151
26552 0.303044
1543 0.302929
8346 0.302741
19305 0.302379
9790 0.302379
11075 0.302034
16790 0.302034
22412 0.301768
17225 0.301623
29893 0.301623
11515 0.301623
7145 0.301558
28845 0.301558
8819 0.301388
19275 0.301059
28750 0.301059
2520 0.301059
1025 0.301059
20989 0.300939
23190 0.300939
29643 0.300684
21412 0.300684
4319 0.300317
8137 0.300317
24201 0.300252
26807 0.299750
18616 0.299750
10835 0.299750
19494 0.299750
17588 0.299330
28989 0.299285
3868 0.299229
6000 0.298937
6827 0.298937
2639 0.298854
25259 0.298854
13196 0.298452
21154 0.298452
2605 0.298309
1216 0.297899
2322 0.297899
26285 0.297899
27282 0.297727
25858 0.297727
93 0.297399
29305 0.297264
20400 0.297166
11814 0.296881
19319 0.296836
9182 0.296836
28741 0.296836
22208 0.296527
21311 0.296527
9062 0.296527
23411 0.296527
575 0.296527
980 0.296197
11766 0.296072
2791 0.295890
7091 0.295890
18125 0.295660
16523 0.295604
13725 0.295468
22701 0.295336
2431 0.295336
14417 0.295166
6066 0.294941
6130 0.294941
12495 0.294626
18271 0.294626
1284 0.294626
10610 0.294382
26845 0.294336
14522 0.294267
20527 0.294267
20586 0.294067
9620 0.293941
17026 0.293587
1648 0.293372
19815 0.293372
29743 0.293171
16687 0.293123
8102 0.293123
17258 0.292893
16119 0.292680
13978 0.292483
26641 0.292483
16412 0.292129
3791 0.291820
3652 0.291820
15574 0.291464
12503 0.291306
17956 0.291160
24345 0.291023
14759 0.291023
11853 0.290896
19637 0.290896
10478 0.290778
24350 0.290778
21892 0.290778
14953 0.290284
16103 0.290049
7763 0.289945
14456 0.289848
26850 0.289674
21289 0.289596
6242 0.289163
4449 0.289163
8549 0.289067
27065 0.289067
13412 0.288980
1617 0.288980
17109 0.288902
24822 0.288830
13386 0.288830
17615 0.288830
18544 0.288704
28676 0.288648
11099 0.288596
14807 0.288596
4914 0.288596
11378 0.288548
1834 0.288504
3236 0.288462
9981 0.288423
13406 0.287260
7825 0.287260
28407 0.287260
14607 0.287260
10284 0.287260
2809 0.287260
11032 0.287260
25334 0.287260
357 0.287260
7175 0.287260
26643 0.287260
8812 0.287260
28785 0.287260
17579 0.287260
21707 0.287260
19968 0.286107
12224 0.286107
16038 0.286107
14115 0.286068
10690 0.286068
3570 0.286027
23372 0.285936
17478 0.285772
9239 0.285772
4055 0.285707
15604 0.285637
23597 0.285560
1864 0.285560
18186 0.285560
5318 0.285476
22362 0.285383
7693 0.284962
9895 0.284805
16212 0.284524
29760 0.284524
12347 0.284416
16621 0.284171
1998 0.284171
1770 0.284033
26145 0.283881
14078 0.283714
11498 0.283714
8496 0.283714
29949 0.283714
17192 0.283714
13544 0.283593
495 0.283530
22840 0.283530
10604 0.283530
332 0.283325
7376 0.283176
15609 0.282841
25458 0.282391
13476 0.282391
15843 0.281973
27435 0.281840
19199 0.281398
29758 0.281398
5018 0.281398
142 0.281148
1227 0.280988
3312 0.280877
10372 0.280877
7650 0.280877
1425 0.280761
3028 0.280254
18717 0.280254
21879 0.280254
22623 0.280018
27219 0.280018
4871 0.279969
4724 0.279969
9257 0.279895
20929 0.279766
16376 0.279766
16441 0.279661
2224 0.279661
25967 0.279496
19650 0.279325
17082 0.279119
2945 0.278893
8718 0.278555
14660 0.278555
9380 0.278555
20684 0.278189
23976 0.277994
12653 0.277790
3801 0.277790
2811 0.277685
5163 0.277685
20349 0.277685
7539 0.277355
8986 0.277355
22807 0.277355
13974 0.277355
5398 0.277355
14304 0.277156
1750 0.277156
9453 0.277156
24953 0.277001
22198 0.277001
7575 0.276877
2286 0.276732
6228 0.276533
23391 0.276533
15504 0.276352
19915 0.276272
15449 0.276272
2917 0.276212
23582 0.275770
4908 0.275770
3619 0.275390
14732 0.275390
7233 0.275390
6737 0.275390
20241 0.275346
6085 0.275291
3492 0.275291
26812 0.275219
26028 0.275219
16760 0.274984
29963 0.274984
21649 0.274771
6656 0.274771
13218 0.274550
18519 0.274257
2479 0.274083
19797 0.273865
11445 0.273865
14477 0.273581
29426 0.273340
12830 0.273285
17467 0.273133
1197 0.273133
19064 0.273039
27146 0.272897
24358 0.272897
18166 0.272832
27733 0.272832
8447 0.272654
16507 0.272453
23561 0.272453
7400 0.272285
24337 0.272141
2777 0.272141
16779 0.271816
2316 0.271694
2776 0.271503
6049 0.271202
12579 0.271202
9224 0.271202
24011 0.271202
26127 0.271202
21958 0.271202
11872 0.271122
12312 0.271122
11903 0.271000
24553 0.271000
11202 0.270953
605 0.270363
21265 0.270363
19172 0.270363
27074 0.270363
25115 0.269815
7922 0.269145
28678 0.268781
28881 0.268607
61 0.268607
17644 0.268607
12358 0.268467
5707 0.268304
9793 0.268304
9475 0.268109
22545 0.267875
10908 0.267875
6593 0.267648
15668 0.267449
28002 0.267449
11503 0.267219
19076 0.266949
19837 0.266949
11812 0.266742
6733 0.266742
23300 0.266628
5027 0.266577
15910 0.265982
17157 0.265894
11497 0.265674
1635 0.265607
2095 0.265556
9003 0.265163
11770 0.265163
4643 0.265163
10991 0.264756
18003 0.264700
13930 0.264381
21957 0.264279
11752 0.264279
3122 0.264279
1921 0.264147
17947 0.264147
26007 0.264147
10777 0.263714
28196 0.263322
9961 0.263322
4061 0.263322
2280 0.263216
24327 0.263033
13559 0.263033
19621 0.263033
16606 0.263033
27815 0.262965
23355 0.262638
23514 0.262638
29940 0.262638
21152 0.262638
18434 0.262281
8305 0.262062
3198 0.261957
4586 0.261663
27179 0.261570
8546 0.261146
8701 0.260918
20418 0.260863
26841 0.260374
21406 0.260160
14272 0.260160
16866 0.259964
24183 0.259783
15903 0.259670
9515 0.259670
6025 0.259616
4779 0.259616
9352 0.259461
349 0.259271
18923 0.259271
22816 0.259271
1312 0.259097
27737 0.259097
16414 0.258939
18603 0.258939
20592 0.258939
22592 0.258724
7085 0.258724
274 0.258659
28618 0.258534
22210 0.258534
9358 0.258534
8046 0.258534
6126 0.258419
5276 0.258419
26258 0.258364
16931 0.258211
180 0.257948
4665 0.257948
14019 0.257729
22415 0.257632
12482 0.257632
21385 0.257544
12652 0.257461
9559 0.257385
16410 0.256928
4793 0.256928
7196 0.256928
3404 0.256928
2043 0.256844
3152 0.256701
18567 0.256701
9411 0.256582
15898 0.256530
1960 0.256398
513 0.256398
2735 0.255342
29789 0.255342
8188 0.255342
16593 0.255342
26481 0.255342
28335 0.255342
27512 0.255342
20978 0.255342
28397 0.255342
11555 0.255342
9777 0.255342
7959 0.255342
19832 0.255342
26257 0.255342
5505 0.255342
25814 0.255342
20520 0.255342
28585 0.255342
18131 0.255342
9718 0.254256
10015 0.254256
304 0.254256
4915 0.254166
6705 0.253998
4125 0.253932
25985 0.253858
8395 0.253776
16612 0.253684
19043 0.253258
13320 0.253258
11699 0.252899
20848 0.252899
21543 0.252789
13730 0.252536
2877 0.252536
26186 0.252390
17820 0.252228
25784 0.252228
26035 0.252228
13159 0.252228
7975 0.252228
23791 0.252110
29868 0.252110
15156 0.252110
2883 0.252048
22101 0.251983
28872 0.251983
8502 0.251983
28975 0.251845
28753 0.251845
25316 0.251353
15955 0.251353
10623 0.251353
15782 0.251207
7024 0.251051
25233 0.250882
4402 0.250432
28955 0.250194
9012 0.250050
2504 0.250050
19881 0.250000
5057 0.250000
15534 0.249565
29464 0.249053
12768 0.248761
24789 0.248193
7506 0.248088
23739 0.247832
9407 0.247697
10614 0.247697
11768 0.247697
443 0.247638
29050 0.247486
17079 0.246901
25739 0.246687
3124 0.246223
9421 0.245885
24499 0.245885
2502 0.245885
22166 0.245841
9763 0.245784
8645 0.245707
19486 0.245522
21287 0.245426
29779 0.245129
7897 0.245129
13317 0.245129
29299 0.245129
23349 0.245129
6917 0.244973
1492 0.244973
18542 0.244766
11610 0.244477
28168 0.244477
24196 0.244477
13284 0.244477
22444 0.244044
2582 0.243930
2713 0.243505
13744 0.243505
13208 0.243441
13613 0.243326
25113 0.243183
23732 0.243183
15154 0.242969
1297 0.242969
4885 0.242655
22128 0.242458
17455 0.242414
19036 0.241903
720 0.241903
20471 0.241903
15909 0.241903
3390 0.241395
23376 0.241395
1346 0.241395
10161 0.241351
19661 0.241235
14795 0.240847
8414 0.240751
18745 0.240637
8717 0.240497
5395 0.240385
21812 0.240322
18987 0.240254
7169 0.240254
3925 0.239960
19715 0.239910
26005 0.239677
16493 0.239677
14491 0.239610
2068 0.239383
3473 0.239167
12624 0.239167
4374 0.238762
19725 0.238762
18970 0.238599
19697 0.238599
26700 0.238480
25832 0.238390
3896 0.238390
25076 0.238390
21141 0.238216
6756 0.238143
2815 0.238143
19120 0.237733
5736 0.237733
25013 0.237733
29416 0.237361
21954 0.237302
82 0.237302
24163 0.237221
5430 0.237022
1386 0.237022
18063 0.236712
17134 0.236567
19250 0.236428
10304 0.236428
9919 0.236374
29012 0.236374
13868 0.236019
18586 0.235964
19842 0.235701
3960 0.235701
23389 0.235701
15867 0.235459
25650 0.235459
13023 0.235413
3647 0.235413
11491 0.235413
21354 0.235346
12523 0.235346
26621 0.235346
8189 0.235031
1082 0.234750
12806 0.234698
506 0.234270
1740 0.234270
1388 0.234270
3907 0.234199
23305 0.234199
2742 0.234199
1268 0.233936
10028 0.233936
7378 0.233936
29726 0.233936
7166 0.233703
10414 0.233703
12116 0.233703
18275 0.233545
13438 0.233495
18993 0.233495
21556 0.233495
27962 0.233495
4881 0.233308
4809 0.232985
15606 0.232985
16990 0.232717
1592 0.232717
11819 0.232717
21239 0.232599
27321 0.232390
13752 0.232390
22315 0.232390
17314 0.232129
25022 0.232018
13488 0.232018
1307 0.232018
12948 0.231916
4150 0.231824
8241 0.231824
3440 0.231661
28444 0.231661
21725 0.230963
18819 0.230908
8321 0.230857
27677 0.230857
22530 0.230812
29363 0.230770
5404 0.230770
23380 0.230731
8994 0.230731
15515 0.229808
20102 0.229808
6501 0.229808
15871 0.229808
9472 0.229808
24834 0.229808
6207 0.229808
12661 0.229808
25667 0.229808
11618 0.229808
16250 0.229808
1013 0.229808
1062 0.229808
25459 0.228813
13248 0.228813
1541 0.228665
27773 0.228605
1762 0.228464
8560 0.227533
15655 0.227414
25970 0.227283
24381 0.227136
10266 0.226971
12254 0.226971
15268 0.226971
12524 0.226971
9540 0.226784
20615 0.226784
1749 0.226717
13767 0.226717
27704 0.226412
17094 0.226041
15607 0.226041
9162 0.226041
25311 0.225823
29531 0.225823
29705 0.225823
21063 0.225579
26377 0.225579
3089 0.225513
20903 0.225302
27072 0.225302
29620 0.225118
3166 0.224919
28746 0.224701
20320 0.224203
1325 0.224203
10717 0.224203
14542 0.224203
26240 0.223966
20623 0.223839
2578 0.223707
9922 0.223425
1991 0.223425
19404 0.223115
26243 0.223021
22914 0.223021
27890 0.222722
9390 0.222722
17675 0.222722
1527 0.222395
20593 0.222395
25228 0.222395
4277 0.222395
4275 0.222083
17138 0.222037
8594 0.222037
7406 0.221974
2980 0.221745
11080 0.221745
17107 0.221375
14424 0.221154
4322 0.221154
17021 0.221154
10185 0.220969
18437 0.220969
3560 0.220720
14024 0.220523
16483 0.220523
24657 0.220523
28688 0.220364
3961 0.220364
1530 0.220233
1489 0.220175
25338 0.220029
14077 0.220029
7596 0.220029
3870 0.219912
20194 0.219912
13067 0.219816
7086 0.219562
26655 0.219562
17141 0.219415
9297 0.219362
29827 0.219319
14559 0.219319
6667 0.218865
24653 0.218370
11982 0.218318
5884 0.217922
5856 0.217828
10757 0.217713
22972 0.217570
17163 0.217232
22111 0.216986
25148 0.216800
10082 0.216800
24688 0.216800
19481 0.216800
21075 0.216800
19171 0.216573
16765 0.216156
7796 0.216059
20613 0.215782
10522 0.215738
18480 0.215445
13954 0.215445
11124 0.215140
7020 0.215140
14176 0.215140
6963 0.215091
4009 0.215025
28223 0.215025
11451 0.214774
14298 0.214656
18073 0.214329
1712 0.214329
28850 0.214228
28680 0.214228
10528 0.214107
14789 0.214107
28198 0.214037
28552 0.213991
20352 0.213775
8381 0.213539
2121 0.213324
7942 0.213324
25573 0.213224
10984 0.212785
13590 0.212785
7195 0.212598
9695 0.212598
9447 0.212539
24277 0.212539
15744 0.212539
10294 0.212428
1584 0.212428
23857 0.212323
1484 0.212323
29357 0.211959
28901 0.211805
12651 0.211805
16214 0.211480
11661 0.211423
24198 0.211423
11258 0.211423
964 0.211318
28014 0.211318
20881 0.211175
13183 0.211175
17780 0.210935
24251 0.210935
16056 0.210741
2686 0.210657
9543 0.210657
4093 0.210282
19302 0.210190
17115 0.210190
14849 0.210110
23435 0.210040
24474 0.210040
7740 0.210040
9984 0.209977
21018 0.208916
780 0.208916
432 0.208916
25301 0.208916
29588 0.208916
12269 0.208916
20047 0.208916
24394 0.208057
17167 0.208016
22451 0.207971
28285 0.207971
15420 0.207971
2281 0.207971
15198 0.207922
29140 0.207736
16369 0.207736
17505 0.207658
15870 0.207658
21541 0.207034
18572 0.206827
245 0.206827
8646 0.206706
14668 0.206706
14168 0.206706
16827 0.206569
20207 0.206238
21728 0.206106
6986 0.205798
16630 0.205798
13408 0.205618
7639 0.205618
20166 0.205618
3234 0.205519
12971 0.205415
17064 0.205186
18755 0.205186
17472 0.205186
10177 0.205186
6495 0.204993
26304 0.204924
15864 0.204780
12596 0.204780
29482 0.204687
25931 0.204687
15553 0.204541
22705 0.204274
7620 0.203972
10957 0.203862
8467 0.203862
23981 0.203627
19024 0.203370
9435 0.203145
9288 0.203145
10572 0.203145
21646 0.203086
22862 0.202772
12986 0.202772
27334 0.202772
9554 0.202474
27627 0.202422
24651 0.202146
22420 0.202029
10580 0.201923
8557 0.201923
19962 0.201783
2792 0.201378
10493 0.201082
14478 0.201082
5739 0.201082
7805 0.200925
13491 0.200925
27598 0.200706
8991 0.200248
27017 0.200248
29236 0.200248
3627 0.199833
22469 0.199833
10191 0.199833
7930 0.199377
3998 0.199323
14346 0.199323
11472 0.199323
10312 0.199256
21624 0.199256
13792 0.199256
2228 0.199167
29825 0.199167
28571 0.198968
17438 0.198872
6918 0.198872
28611 0.198872
8254 0.198753
24744 0.198753
3304 0.198600
15457 0.198600
19434 0.198471
8458 0.198471
11133 0.198312
23823 0.198312
10803 0.198312
8510 0.198110
3362 0.197848
9784 0.197848
19058 0.197848
17578 0.197786
22345 0.197684
17068 0.197381
20799 0.196546
14699 0.196546
2698 0.196546
3948 0.196319
18024 0.196178
6886 0.196178
1091 0.196178
5141 0.196178
7546 0.196045
13649 0.195859
18533 0.195801
19313 0.195581
7543 0.195581
19512 0.195581
3591 0.195337
28207 0.195262
21168 0.195262
5563 0.195120
244 0.194927
13793 0.194927
3954 0.194753
1512 0.194753
13189 0.194753
23170 0.194753
13923 0.194596
22666 0.194596
16184 0.194547
18671 0.194365
13582 0.194060
22676 0.193931
28638 0.193931
14274 0.193931
15517 0.193814
27601 0.193659
23520 0.193523
26245 0.193523
12723 0.193403
6003 0.193403
5903 0.193403
748 0.193202
21139 0.193202
5799 0.193039
2681 0.192742
16629 0.192742
15791 0.192509
16256 0.192450
23501 0.192350
16142 0.192308
9514 0.192308
3521 0.191507
4243 0.191507
7999 0.191507
17868 0.191507
14733 0.191507
16377 0.191507
8677 0.191507
15380 0.191507
7937 0.190712
10188 0.190624
19526 0.190624
4453 0.190573
8157 0.190515
7055 0.190374
27881 0.190374
1797 0.190374
518 0.189924
24449 0.189924
1587 0.189924
4177 0.189924
4597 0.189842
19664 0.189842
18364 0.189750
7533 0.189647
27984 0.189532
8774 0.189254
6500 0.189083
2766 0.188883
10346 0.188561
18056 0.188367
19206 0.188205
1669 0.188205
5088 0.187893
29961 0.187824
25732 0.187824
15808 0.187397
11855 0.187397
28501 0.187344
4983 0.187344
13666 0.187174
28211 0.187053
3983 0.186925
27093 0.186925
17822 0.186836
29304 0.186836
28158 0.186719
24237 0.186719
3330 0.186596
14910 0.186331
28729 0.185972
15425 0.185972
28728 0.185704
12564 0.185329
21937 0.185329
3449 0.185329
212 0.185153
10739 0.185153
24765 0.185015
29561 0.184667
18134 0.184414
10458 0.184414
14999 0.184280
651 0.183847
13366 0.183847
5619 0.183847
17234 0.183847
28045 0.183415
7023 0.183415
18731 0.183415
14611 0.183415
15611 0.183358
13262 0.183283
28708 0.183283
25362 0.183283
17917 0.183283
17316 0.182693
3365 0.182693
11654 0.182693
13515 0.182558
16304 0.182558
4310 0.182387
5871 0.182227
1131 0.182227
9801 0.182165
8633 0.182165
805 0.182026
28375 0.181931
13546 0.181931
3125 0.181931
20083 0.181709
23643 0.181427
5708 0.181427
29574 0.181427
15323 0.181427
5617 0.181177
10131 0.181177
17196 0.181061
7664 0.180868
12208 0.180748
18726 0.180428
2637 0.180242
19294 0.180034
17863 0.179970
20130 0.179738
14081 0.179738
20196 0.179685
22293 0.179538
224 0.179538
28848 0.179362
11895 0.179362
8232 0.178949
9555 0.178893
9975 0.178740
21123 0.178740
217 0.178740
21936 0.178492
12099 0.178219
6679 0.178219
10529 0.178219
11009 0.177629
626 0.177629
6902 0.177629
25093 0.177629
4090 0.177579
28512 0.177579
18903 0.177579
22411 0.177579
6468 0.176775
11514 0.176775
832 0.176775
9517 0.176775
13414 0.176775
5281 0.176775
23034 0.176775
26544 0.176775
21258 0.175979
3332 0.175930
1138 0.175930
11831 0.175930
4170 0.175874
18446 0.175874
18992 0.175810
10657 0.175736
690 0.175736
6611 0.175650
29088 0.175650
20598 0.175650
11870 0.175356
6446 0.175190
10534 0.174981
22033 0.174854
29579 0.174708
28455 0.174654
28869 0.174538
9468 0.174408
9541 0.174097
23748 0.173804
27626 0.173804
15028 0.173804
26333 0.173692
20343 0.173633
16666 0.173440
4992 0.173222
10652 0.173077
25740 0.172974
2119 0.172974
7923 0.172865
13929 0.172688
14843 0.172688
5989 0.172626
4077 0.172356
27285 0.172103
18341 0.172049
16933 0.171819
25468 0.171819
13900 0.171819
26953 0.171819
27723 0.171348
20339 0.171286
29402 0.171134
27669 0.171020
4889 0.171020
15049 0.171020
29503 0.170650
14266 0.170650
21346 0.170600
12105 0.170228
15039 0.169809
28401 0.169809
1437 0.169809
20220 0.169745
18653 0.169332
12748 0.168977
17365 0.168667
10397 0.168446
26827 0.168446
24420 0.168394
19630 0.168152
10913 0.167837
18414 0.167568
21262 0.167472
156 0.167410
1521 0.167336
25982 0.167336
4192 0.167133
10348 0.167133
14753 0.167133
27212 0.167133
11679 0.167133
7933 0.166900
1289 0.166900
11187 0.166700
21928 0.166377
19860 0.166377
29099 0.166244
22570 0.166126
17326 0.165973
26038 0.165973
6949 0.165973
3391 0.165841
12778 0.165727
24169 0.165462
210 0.165462
10562 0.165222
16113 0.165132
24515 0.165132
25846 0.165056
24235 0.164934
18867 0.164934
4743 0.164934
20110 0.164885
8872 0.164149
25211 0.164149
13130 0.164149
4893 0.164149
6019 0.164149
12576 0.164149
21584 0.163419
15821 0.163419
7186 0.163371
19033 0.163177
2697 0.163177
12670 0.163090
12033 0.163090
12726 0.162781
6555 0.162781
5191 0.162600
13670 0.162600
10816 0.162491
2745 0.162218
4014 0.162044
14558 0.161487
18420 0.161435
3484 0.161435
11623 0.161269
29889 0.161269
20478 0.161269
11408 0.161012
20658 0.161012
14822 0.160771
8332 0.160565
17459 0.160331
18598 0.160331
20078 0.160331
17638 0.160112
14853 0.159993
9742 0.159760
6478 0.159760
1977 0.159760
23648 0.159589
8810 0.159589
3006 0.159589
16485 0.159174
7277 0.158987
22880 0.158987
22363 0.158910
4583 0.158810
12397 0.158810
10899 0.158488
25688 0.158069
27544 0.157993
8180 0.157993
27063 0.157808
6420 0.157711
26614 0.157583
19749 0.157583
25134 0.157530
22154 0.157403
4540 0.157403
9864 0.157237
12230 0.157134
9613 0.157134
14358 0.157134
3145 0.157012
15944 0.156942
14067 0.156942
18550 0.156897
25937 0.156687
13162 0.156465
15596 0.156465
3865 0.156414
25234 0.155802
87 0.155802
7450 0.155426
29442 0.155426
8134 0.155276
27203 0.155276
6898 0.155276
25885 0.155145
6218 0.155145
11036 0.155085
9245 0.155085
11246 0.154927
3406 0.154793
22507 0.154579
1381 0.154493
27161 0.154140
19040 0.154140
5985 0.153995
11580 0.153995
27697 0.153938
23852 0.153938
27492 0.153938
24421 0.153889
16052 0.153889
12026 0.153205
3900 0.153205
20906 0.153205
28264 0.153205
10237 0.153205
13616 0.153205
28085 0.153205
11507 0.153205
21318 0.153205
1369 0.152570
2090 0.152528
7904 0.152424
13839 0.151939
7249 0.151856
2652 0.151650
5452 0.151522
2184 0.151371
12232 0.150694
21789 0.150470
12304 0.150201
19627 0.150126
29580 0.150079
16731 0.149875
1497 0.149579
22405 0.149375
24085 0.149226
16971 0.148864
20261 0.148699
11079 0.148632
21603 0.148583
15935 0.148263
24811 0.148263
5931 0.148263
25921 0.148263
14064 0.147896
17760 0.147896
7359 0.147830
22170 0.147830
28628 0.147668
24042 0.147583
21366 0.147470
27467 0.147313
21508 0.147168
10321 0.147168
6320 0.146970
29270 0.146375
5200 0.146375
3448 0.146375
8540 0.145910
17189 0.145448
16707 0.145142
13217 0.145142
1391 0.144924
20190 0.144837
28003 0.144837
21363 0.144533
25220 0.144382
19093 0.144382
20832 0.144324
12416 0.144274
14502 0.144231
15675 0.143630
29750 0.143630
22752 0.143630
20750 0.143630
26649 0.143630
23177 0.143630
21972 0.143630
24677 0.143630
25149 0.143034
16868 0.143034
461 0.142943
14434 0.142943
9876 0.142819
9355 0.142738
7151 0.142738
14670 0.142359
8070 0.142262
1793 0.142016
1768 0.141857
21280 0.141857
5665 0.141857
15832 0.141857
14281 0.141420
26032 0.141420
29015 0.141420
5621 0.141223
14566 0.141223
683 0.141223
27319 0.141110
16312 0.140987
26660 0.140987
13911 0.140987
7171 0.140987
5080 0.140920
9388 0.140920
6795 0.140920
23646 0.140699
12800 0.140699
8806 0.140494
9665 0.140494
24094 0.140127
6824 0.140127
1084 0.139603
29849 0.139603
3409 0.139278
4722 0.139278
4354 0.139278
19574 0.138997
21462 0.138677
24221 0.138578
14677 0.138578
28326 0.138439
25045 0.138439
15593 0.138310
17512 0.138310
20137 0.138136
11028 0.138082
11076 0.138082
26592 0.137885
6011 0.137885
2231 0.137885
5547 0.137885
3572 0.137610
10170 0.136907
24068 0.136791
918 0.136643
4855 0.136520
16353 0.136416
12264 0.135981
16351 0.135796
19689 0.135796
5727 0.135181
5004 0.135181
5536 0.135181
5792 0.135181
21054 0.135181
20945 0.135181
20763 0.135181
660 0.134616
28315 0.134572
4304 0.134522
13492 0.134522
7835 0.134391
18095 0.134391
28423 0.134303
29602 0.134303
6748 0.134055
5179 0.133869
9843 0.133869
10502 0.133869
27863 0.133751
28286 0.133751
7794 0.132582
20131 0.132582
15545 0.132191
23058 0.131857
5066 0.131661
23204 0.131661
9867 0.131608
14296 0.131319
18020 0.131319
10283 0.131319
13961 0.131319
25419 0.130979
9567 0.130903
17263 0.130573
20601 0.130573
16178 0.130459
1286 0.130459
28709 0.130256
15224 0.129469
21715 0.129469
14329 0.129267
24274 0.129267
10495 0.129209
14308 0.129209
8663 0.128772
8279 0.128772
17573 0.128772
15737 0.128772
3661 0.128693
23187 0.128464
161 0.128464
14222 0.128319
6239 0.128319
19699 0.128265
14804 0.128219
25743 0.128219
23703 0.127671
25081 0.127671
19244 0.127671
16228 0.127671
25281 0.127671
20777 0.127671
18610 0.127128
25803 0.127083
6162 0.127083
2613 0.127083
22055 0.127030
7420 0.127030
17706 0.126966
29569 0.126966
18481 0.126966
969 0.126888
29191 0.126114
3914 0.126114
9681 0.126055
26322 0.126055
7545 0.125922
7025 0.125922
21256 0.125350
16993 0.125143
24900 0.125000
4202 0.125000
2299 0.124896
12785 0.124783
6813 0.124527
14453 0.124221
10810 0.124221
25918 0.124221
14476 0.123916
17911 0.123849
19844 0.123553
8059 0.123553
24993 0.123112
25411 0.123112
17812 0.123112
1897 0.123112
26367 0.122564
23430 0.122564
18677 0.122564
19701 0.122383
12840 0.122383
8334 0.122238
22153 0.122120
3748 0.122120
4629 0.122022
20835 0.122022
14149 0.121939
3807 0.121753
16034 0.121663
6683 0.121663
28844 0.121663
21997 0.121592
20415 0.121592
6768 0.121484
25258 0.120952
24239 0.120952
22728 0.120952
5000 0.120952
4227 0.120952
29477 0.120952
24493 0.120952
19572 0.120952
13690 0.120952
9671 0.120464
13645 0.120423
12930 0.120376
26387 0.120376
2825 0.120318
27925 0.120318
3976 0.120318
899 0.120318
19196 0.120248
21587 0.119980
9893 0.119980
8829 0.119553
3496 0.119500
13344 0.119500
22751 0.119381
12256 0.119381
23673 0.119381
14885 0.119240
777 0.119240
9653 0.119072
17492 0.118866
13501 0.118866
2765 0.118680
28514 0.118680
7275 0.118611
23279 0.118611
2059 0.118458
22237 0.118458
10360 0.118356
29218 0.118187
2820 0.118187
21978 0.118126
24441 0.117850
2921 0.117850
3224 0.117850
28368 0.117850
8732 0.117850
15453 0.117576
11745 0.117249
29260 0.117100
26694 0.117100
12958 0.117032
9573 0.116852
13354 0.116852
17350 0.116493
15933 0.116493
19940 0.116359
5936 0.116359
16705 0.116195
22268 0.115958
12471 0.115627
28553 0.115546
19655 0.115546
16569 0.115481
2963 0.115481
13844 0.115481
4603 0.115429
14106 0.114904
29870 0.114904
8158 0.114904
10692 0.114904
4313 0.114904
20875 0.114904
24518 0.114332
2284 0.114190
26365 0.113869
26438 0.113766
27295 0.113641
26984 0.113485
11135 0.113485
28977 0.113020
20928 0.113020
20802 0.112852
29745 0.112852
24602 0.112789
1236 0.112789
15465 0.112789
23987 0.112789
3196 0.112789
28640 0.112406
10223 0.112102
17217 0.112102
4438 0.112102
29144 0.111648
21909 0.111557
4562 0.111422
2143 0.111422
1389 0.111197
29664 0.111197
15872 0.110751
21658 0.110751
3632 0.110751
12617 0.110485
11660 0.110388
29252 0.110388
20874 0.110308
27710 0.110308
7000 0.110088
13772 0.110015
26963 0.110015
12625 0.110015
10510 0.110015
9992 0.109956
3821 0.109908
20559 0.109432
5845 0.109432
14516 0.109432
15753 0.109432
11669 0.109432
26484 0.109432
20111 0.109432
10354 0.108961
1193 0.108914
3220 0.108914
16769 0.108914
4605 0.108400
16299 0.108400
1443 0.108400
6166 0.108287
3815 0.108145
19864 0.108029
7610 0.108029
28403 0.107891
8433 0.107723
26985 0.107244
23202 0.107164
18438 0.106888
29562 0.106888
13733 0.106888
13109 0.106662
28694 0.106662
16253 0.106612
11709 0.106612
8857 0.106270
14121 0.106214
9740 0.106065
6710 0.106065
205 0.105902
29123 0.105902
26146 0.105833
22607 0.105659
18568 0.105524
904 0.105141
16128 0.105055
9731 0.105055
6333 0.104892
15470 0.104458
15092 0.104028
4492 0.103933
20880 0.103868
4276 0.103868
18137 0.103868
13191 0.103868
25834 0.103868
24974 0.103602
10947 0.103517
15800 0.103179
5982 0.103119
2496 0.103119
8643 0.103053
4897 0.102899
10453 0.102760
6346 0.102593
15464 0.102137
5196 0.101931
7317 0.101931
3899 0.101931
3185 0.101814
27906 0.101814
23953 0.101814
16962 0.101814
6525 0.101685
27276 0.101685
11531 0.101573
20056 0.101522
24206 0.101386
7220 0.101237
17933 0.101173
27332 0.101116
20964 0.101116
15178 0.101015
18028 0.101015
9180 0.101015
29445 0.100793
23576 0.100541
3102 0.100463
10042 0.100463
13606 0.100463
28487 0.100463
7744 0.100463
17723 0.100402
10138 0.100402
22593 0.099917
4936 0.099917
29729 0.099917
14942 0.099484
20855 0.099484
24736 0.099300
28443 0.098960
6503 0.098489
25099 0.098314
821 0.098314
18878 0.098089
910 0.098022
23233 0.097791
1009 0.097791
19849 0.097791
28354 0.097560
1651 0.097494
5897 0.097376
28918 0.097376
9151 0.097273
14420 0.096907
16111 0.096761
20398 0.096648
5364 0.096648
2856 0.096558
25428 0.096558
629 0.096327
9381 0.096255
11572 0.096199
16405 0.096199
9017 0.095753
16290 0.095753
4886 0.095187
7770 0.094962
3565 0.094766
4234 0.094627
13817 0.094571
4736 0.094442
3486 0.094184
3968 0.094184
4110 0.094012
8882 0.093799
10110 0.093799
18619 0.093587
17153 0.093527
2276 0.093323
19429 0.093323
13304 0.093323
9723 0.093165
38 0.093040
6839 0.092852
20279 0.092852
16929 0.092452
8343 0.092452
26071 0.092334
27023 0.092292
8894 0.091923
22310 0.091923
25056 0.091923
29810 0.091923
19594 0.091923
11810 0.091401
1664 0.091401
28704 0.091314
14399 0.091314
22626 0.091113
13806 0.091013
27032 0.091013
16107 0.091013
16509 0.091013
11750 0.090714
9215 0.090374
2573 0.090318
25730 0.090121
29231 0.089925
11932 0.089869
2726 0.089869
5595 0.089681
13010 0.089681
13222 0.089536
4117 0.089536
2570 0.089370
10733 0.089246
28189 0.089246
11245 0.089246
27609 0.089246
12473 0.088958
23032 0.088958
27346 0.088958
13872 0.088958
25917 0.088876
19352 0.088876
25457 0.088388
15557 0.088388
25555 0.088388
4324 0.088012
14603 0.087965
29947 0.087905
26764 0.087905
29017 0.087825
27688 0.087546
1780 0.087427
26878 0.087131
23264 0.087131
16921 0.087131
18869 0.086954
19299 0.086902
23394 0.086720
27476 0.086178
5231 0.086024
14152 0.086024
28765 0.086024
25344 0.085910
12185 0.085820
8997 0.085567
22053 0.085510
1533 0.085510
20965 0.085114
3480 0.084722
18718 0.084722
12425 0.084722
28028 0.084666
7265 0.084666
14792 0.084666
28154 0.084592
11977 0.084592
9525 0.084419
9632 0.084333
9814 0.084076
2392 0.084076
15473 0.084076
7667 0.084076
4993 0.083784
28075 0.083567
10093 0.083567
18128 0.083398
24942 0.083350
2665 0.083350
16285 0.083350
18951 0.083188
16134 0.082920
13808 0.082920
14028 0.082920
28259 0.082814
3025 0.082814
14051 0.082731
19267 0.082074
29172 0.082074
14286 0.082074
25280 0.082074
16141 0.082074
19102 0.082074
841 0.081589
26077 0.081245
6114 0.081109
6458 0.080990
5503 0.080634
2412 0.080634
17159 0.080433
15513 0.080033
20735 0.079702
4896 0.079702
4894 0.079702
10037 0.079636
24893 0.079587
10695 0.079244
27775 0.078856
13976 0.078856
7675 0.078791
6171 0.078344
11082 0.078090
18313 0.077901
6313 0.077901
14876 0.077901
17059 0.077713
3602 0.077713
4979 0.077572
19241 0.077463
17903 0.077339
12212 0.077339
23692 0.077246
19800 0.077246
21000 0.077031
15115 0.077031
11543 0.077031
10749 0.076969
1098 0.076969
8961 0.076969
20119 0.076603
12354 0.076179
21261 0.075970
2019 0.075880
28122 0.075880
21117 0.075761
3257 0.075595
17802 0.075347
15182 0.075347
13602 0.075101
18251 0.074821
23303 0.074821
848 0.074432
25217 0.074132
9778 0.074132
26352 0.073834
7150 0.073792
25490 0.073735
19653 0.073656
21304 0.073539
5010 0.073455
7544 0.073455
21116 0.073343
23567 0.072955
18794 0.072571
17558 0.072571
7513 0.072571
24554 0.072571
13187 0.072267
3140 0.072267
29204 0.071815
10809 0.071815
25663 0.071815
22518 0.071815
19350 0.071815
10936 0.071815
21329 0.071496
7790 0.071443
6306 0.071443
15496 0.071075
20653 0.070928
949 0.070493
16610 0.070349
11368 0.070247
24946 0.070063
23737 0.070063
834 0.070063
20049 0.069992
4343 0.069942
6122 0.069942
1807 0.069942
5789 0.069942
23894 0.069639
26176 0.069639
21378 0.069639
20431 0.069339
5956 0.069041
16800 0.068942
27075 0.068942
975 0.068746
24489 0.068599
29446 0.068260
9021 0.068260
4836 0.067991
23432 0.067924
240 0.067924
21335 0.067591
6410 0.067591
8367 0.067591
10034 0.067591
27183 0.066749
26849 0.066749
23183 0.066611
11118 0.066200
25806 0.066037
24805 0.066037
19184 0.065929
12121 0.065659
6301 0.065659
9672 0.065659
7687 0.065393
16401 0.065393
6385 0.065286
5577 0.065040
6745 0.064918
15194 0.064735
2066 0.064605
668 0.064553
26019 0.064432
25776 0.064192
16920 0.064192
24700 0.063836
20707 0.063836
12381 0.063836
19424 0.063836
678 0.063250
12047 0.063134
26705 0.063134
26732 0.063134
10886 0.062961
13495 0.062675
20262 0.062448
9321 0.062448
7369 0.062110
7161 0.062110
19174 0.062110
25510 0.062110
10939 0.061776
16549 0.061776
18931 0.061776
3721 0.061446
28173 0.061446
26856 0.061446
2549 0.061282
11418 0.061282
17496 0.061119
3538 0.061011
5150 0.060876
29869 0.060742
22924 0.060212
10000 0.060159
1083 0.060159
3157 0.060081
8041 0.059950
8463 0.059690
21733 0.059690
12654 0.059690
8739 0.059690
29710 0.059536
17662 0.059536
13384 0.059536
18851 0.059305
5340 0.059229
3577 0.059229
22079 0.059229
2455 0.059229
15524 0.058925
12007 0.058674
6835 0.058674
26895 0.058625
3678 0.058550
16230 0.057935
5740 0.057935
19776 0.057813
21734 0.057741
20838 0.057692
3953 0.057692
18483 0.057452
28945 0.057452
2986 0.057452
2897 0.057452
12133 0.057214
28978 0.056977
11680 0.056743
6556 0.056743
5939 0.056743
9989 0.056510
13185 0.056326
19389 0.056051
4663 0.056051
5703 0.056051
16408 0.055779
29195 0.055599
16243 0.055599
13012 0.055375
6462 0.055154
6040 0.054457
13805 0.054457
6821 0.054457
8470 0.054392
11100 0.054392
25423 0.054073
11564 0.054073
18593 0.053756
11962 0.053693
20569 0.053693
27328 0.053693
7630 0.053444
29805 0.053444
1718 0.053196
24832 0.053196
16661 0.052951
21796 0.052951
857 0.052829
9091 0.052708
14601 0.052528
20468 0.052528
28542 0.052468
2906 0.052229
2055 0.052229
13091 0.052229
14711 0.052229
27700 0.051934
4537 0.051642
2435 0.051526
11018 0.051526
17992 0.051354
3183 0.051354
7594 0.051354
10871 0.051296
27278 0.051068
14541 0.051068
8736 0.050786
24793 0.050619
14271 0.050231
20546 0.050176
23191 0.050176
24278 0.049958
27343 0.049958
6390 0.049958
4649 0.049958
12888 0.049958
26323 0.049958
27301 0.049742
3908 0.049742
18045 0.049688
17707 0.049688
21264 0.049688
20173 0.049528
24850 0.049157
1940 0.049104
18030 0.049104
25816 0.048895
16333 0.048895
12343 0.048895
16172 0.048895
2930 0.048279
8727 0.048127
29417 0.048077
21750 0.047877
264 0.047678
6853 0.047629
14547 0.047629
24897 0.047629
20665 0.047383
23738 0.047383
16031 0.047286
17449 0.047140
28298 0.047092
2787 0.047092
20059 0.046520
10870 0.046520
28562 0.046520
6861 0.046426
963 0.046193
13928 0.046193
28621 0.045962
9173 0.045962
28299 0.045962
17480 0.045962
11470 0.045733
21984 0.045507
26908 0.045507
12563 0.045282
24366 0.045282
23664 0.045282
4364 0.045282
29670 0.045060
25791 0.045060
25190 0.044841
26794 0.044768
22637 0.044768
8524 0.044623
3060 0.044407
28226 0.044407
24555 0.044194
12090 0.043982
6751 0.043982
24043 0.043634
21722 0.043566
10065 0.043360
5153 0.043156
19153 0.043089
26082 0.042955
22057 0.042821
28257 0.042755
24323 0.042755
2109 0.042557
5306 0.042557
8824 0.042296
16756 0.042167
24185 0.042038
12831 0.041783
18061 0.041532
27089 0.041532
16341 0.041283
10597 0.041037
3873 0.041037
28113 0.041037
16855 0.041037
22565 0.041037
2720 0.040855
7577 0.040855
13642 0.040674
16500 0.040674
3793 0.040317
16478 0.040317
595 0.039967
26391 0.039967
6253 0.039851
23782 0.039794
4180 0.039622
5381 0.039622
23169 0.039622
13906 0.039396
18739 0.039396
17623 0.039283
3439 0.039283
20580 0.038951
9189 0.038951
17599 0.038951
20416 0.038786
29331 0.038786
11835 0.038732
9745 0.038732
4116 0.038623
18904 0.038623
7258 0.038301
24521 0.038301
11353 0.037985
11926 0.037828
13636 0.037520
17912 0.037520
7231 0.037469
2756 0.037469
18998 0.037469
3499 0.037367
12739 0.037266
16749 0.037216
11416 0.037216
12165 0.037066
14770 0.037066
5850 0.036917
9086 0.036868
6974 0.036769
19966 0.036769
19156 0.036477
14503 0.036477
22886 0.036285
9635 0.036096
16195 0.036096
16384 0.035537
19438 0.035537
2058 0.035537
14751 0.035537
25538 0.035355
16831 0.035175
5317 0.035175
2078 0.034996
23146 0.034819
24460 0.034819
89 0.034644
19192 0.034644
2806 0.034300
8665 0.034300
29716 0.033795
12631 0.033795
19793 0.033467
9119 0.033145
1522 0.033145
12080 0.032987
24165 0.032520
22067 0.032520
14056 0.032367
22499 0.032216
17739 0.032216
13404 0.032066
28696 0.031337
14951 0.031337
1767 0.031196
811 0.031196
6808 0.031196
24097 0.031196
6635 0.031055
22254 0.030641
29112 0.030641
3520 0.030438
24404 0.030238
28220 0.030106
6342 0.029845
11747 0.029845
9592 0.029589
4769 0.029463
3711 0.029463
22760 0.029337
11016 0.029275
24362 0.029213
13385 0.029090
23197 0.029090
18646 0.029090
10140 0.029090
8222 0.029090
915 0.028967
27708 0.028907
17259 0.028726
23460 0.028726
10252 0.028726
17740 0.028607
2379 0.028548
10966 0.028371
24681 0.028371
18149 0.028025
16461 0.028025
2928 0.028025
5145 0.027912
10854 0.027577
7335 0.027577
15684 0.027577
5459 0.027522
29406 0.027358
4840 0.027196
7750 0.026722
983 0.026567
19531 0.026415
14429 0.026264
4994 0.026264
22272 0.026115
21701 0.025967
4501 0.025967
24762 0.025677
6037 0.025534
10761 0.025534
23182 0.025534
9261 0.025393
15833 0.025393
25604 0.025254
21779 0.025116
6797 0.024979
15343 0.024844
2395 0.024578
2153 0.024578
18312 0.024448
21982 0.024448
22925 0.024190
17474 0.024064
11443 0.024064
15096 0.024064
12793 0.023938
23301 0.023814
970 0.023814
14871 0.023814
13367 0.023692
7007 0.023213
26524 0.023096
11611 0.022981
16973 0.022981
28310 0.022866
8568 0.022753
21939 0.022753
11980 0.022530
22284 0.022530
3016 0.022530
28916 0.021783
2248 0.021680
27897 0.021680
27443 0.021680
489 0.021477
29495 0.021378
10232 0.021378
18705 0.021279
18711 0.021180
9708 0.021083
17757 0.020797
3608 0.020611
24294 0.020519
21026 0.020337
23728 0.020247
3055 0.020247
1556 0.020159
26687 0.020071
475 0.019897
13935 0.019726
6658 0.019475
23535 0.019393
15775 0.019231
661 0.019231
21439 0.019151
1093 0.018837
29462 0.018760
5604 0.018684
27613 0.018684
13020 0.018385
26120 0.015219
26882 0.015219
7703 0.014923
29275 0.014923
28429 0.014363
8927 0.014363
19995 0.014363
11778 0.014186
6343 0.014186
25754 0.014013
8489 0.013761
8087 0.013679
2162 0.013598
10997 0.013598
14812 0.013598
14739 0.013598
20809 0.013598
28957 0.013518
12335 0.013439
7779 0.013439
25496 0.013207
24853 0.013207
5545 0.013132
11943 0.013057
11759 0.013057
5005 0.013057
9004 0.012911
1702 0.012911
8442 0.012767
5914 0.012767
6441 0.012767
12681 0.012697
24436 0.012490
10925 0.012422
9603 0.012422
8410 0.012422
27425 0.012159
18135 0.012095
5572 0.012032
13437 0.011969
6082 0.011907
14384 0.011846
19806 0.011725
4201 0.011606
15700 0.011606
12436 0.011606
28819 0.011490
29419 0.011490
12379 0.011433
4567 0.011377
8390 0.011265
10433 0.011048
7512 0.010996
3736 0.010996
10475 0.010943
26703 0.010891
16364 0.010840
5111 0.010739
26925 0.010446
13751 0.010352
11557 0.010305
1275 0.010169
22304 0.010079
6396 0.010035
18359 0.009992
10001 0.009906
14960 0.009779
1531 0.009697
27643 0.009615
15160 0.009615
421 0.009575
19095 0.009536
17098 0.009536
16480 0.009536
7728 0.009496
27227 0.009496
6394 0.009457
11577 0.009457
9066 0.009457
13895 0.009418
6871 0.009342
1805 0.009266
17042 0.009229
