6065
2 0.118886
10 0.584284
13 0.292874
15 0.405923
22 0.180893
28 0.128132
30 1.139936
32 0.306760
36 1.219606
39 0.266121
49 0.193439
50 1.185404
51 0.484056
54 0.213837
65 0.127489
72 0.333453
73 0.497184
76 0.478921
78 0.260722
81 0.228732
82 0.125347
86 0.303768
88 0.559421
89 1.112627
97 0.573338
99 0.524178
103 0.476217
109 0.054140
110 0.525216
111 0.440309
112 0.486579
114 1.041592
121 0.441221
122 0.414631
128 0.196567
133 0.324843
137 0.266121
138 0.041370
145 0.991173
165 0.489233
167 0.295690
182 0.178271
183 0.013567
184 0.576596
186 0.029953
188 0.510262
190 0.066658
193 0.277162
195 0.297598
201 0.201138
221 0.237282
222 0.402702
228 0.194358
232 0.403057
241 0.136909
258 0.189413
259 0.576596
263 0.547766
267 0.527173
268 1.219722
277 1.111510
282 0.186644
284 0.282718
292 0.393773
293 0.341686
296 0.084898
300 0.307518
302 0.118001
305 1.051615
317 0.299933
324 0.500326
325 0.497693
330 0.471760
333 0.371367
336 1.148326
339 0.147845
346 1.058223
362 0.043312
369 1.057092
370 0.154495
371 0.011708
376 0.579278
377 0.569968
382 0.256265
383 1.132781
394 0.144149
401 0.488123
402 1.124362
403 0.124364
407 1.256849
411 0.116377
412 0.013811
417 1.107064
420 0.310656
421 1.133972
427 0.875314
428 0.591769
434 1.127101
436 0.980213
439 1.090518
453 0.457384
459 0.272484
460 0.329483
469 0.461277
471 0.126570
473 0.278357
474 0.393016
477 0.972571
483 0.210583
488 0.411409
490 1.195902
493 1.101556
495 0.029953
496 0.160337
498 0.056598
505 0.087269
513 0.562300
516 0.371645
526 0.386137
531 0.232661
535 0.207315
537 0.024025
540 0.183694
541 0.238159
542 0.309653
543 1.012558
544 1.007643
546 0.343740
547 0.450026
552 0.100278
554 0.276766
555 0.548469
556 0.512530
559 0.322062
568 0.442743
574 0.315812
575 0.495996
577 0.396639
579 0.392845
581 0.566480
586 0.379531
592 0.270702
595 0.421166
602 0.091796
608 0.068994
611 0.193439
613 0.015074
619 1.153191
628 0.105521
631 0.014690
635 0.608277
636 0.040286
638 0.271339
644 0.381140
651 0.013179
655 1.251104
658 0.281266
677 0.070317
684 0.400582
686 0.555240
690 0.325607
693 0.248728
699 0.252893
711 0.179718
712 0.313084
715 0.128928
716 0.021555
717 0.018600
719 0.203078
724 0.319559
734 0.136472
740 1.020131
746 0.381140
747 0.059138
749 0.392576
757 0.259728
764 0.161662
767 0.218171
772 0.264989
773 1.042780
775 0.124669
781 0.257457
803 0.123556
817 0.153759
819 0.178559
821 0.345341
826 0.240248
843 1.020400
845 0.155051
852 0.455752
856 0.374008
857 0.212081
863 0.248728
866 0.450026
872 0.355842
878 0.148431
879 1.095269
880 1.282764
881 0.261806
886 0.552427
892 0.242028
896 0.145448
912 0.604053
916 1.054346
919 1.087085
921 0.381851
923 0.182365
932 1.167085
934 0.528987
936 0.086799
946 0.442743
947 0.113429
948 0.060962
949 0.339590
952 0.595196
958 0.222302
965 1.175227
978 0.487635
979 0.222175
980 0.082005
982 0.588864
987 0.340466
988 0.264667
989 1.040133
994 0.238078
997 1.093025
998 0.438866
1007 1.012558
1015 0.378660
1017 0.469819
1020 1.136795
1026 0.272035
1028 0.067835
1030 0.340286
1035 0.412933
1044 0.192199
1046 0.252958
1050 0.176565
1055 0.307518
1057 0.465414
1062 0.100904
1065 0.010116
1070 0.546772
1071 0.544915
1078 0.357887
1088 0.117673
1089 0.083489
1099 1.195126
1101 0.332548
1109 0.245123
1110 0.252115
1111 0.550623
1114 0.091442
1118 0.344460
1120 1.068219
1125 0.107901
1126 0.018525
1129 1.211581
1135 0.458728
1139 1.055934
1150 0.579181
1155 0.413966
1165 0.426020
1169 0.241253
1176 0.151861
1180 1.230935
1183 0.440926
1196 1.088405
1204 0.010343
1206 1.040829
1210 0.280334
1211 0.322894
1214 0.524178
1219 0.174320
1224 1.003814
1233 0.510168
1237 0.136286
1240 0.947487
1247 0.052418
1254 0.561811
1271 0.384397
1272 0.052418
1275 0.336773
1276 0.495670
1286 0.453219
1291 0.595196
1295 0.286740
1297 0.335289
1303 0.036037
1304 0.347197
1306 0.229491
1310 0.235880
1312 0.305257
1317 0.061504
1320 0.045822
1324 0.143254
1326 1.158872
1330 0.997864
1334 0.124364
1338 1.103053
1346 0.998141
1350 0.452232
1355 0.606373
1356 0.080926
1363 0.437158
1365 0.061504
1368 0.024151
1370 0.550058
1381 0.397318
1387 0.968681
1393 1.015389
1401 0.481552
1402 0.009491
1405 0.498364
1408 0.029195
1417 0.117274
1424 0.373414
1431 0.029953
1434 0.413645
1435 0.437158
1436 0.012535
1438 0.228236
1452 0.427476
1456 0.013332
1459 0.107552
1461 1.081860
1462 1.177727
1464 1.116993
1471 0.340605
1484 0.413645
1494 0.271979
1496 0.140946
1500 0.282992
1501 0.221574
1507 0.532242
1519 0.588864
1526 0.528546
1536 0.158696
1538 0.972835
1550 0.514647
1552 0.339590
1554 1.101363
1567 1.094053
1568 1.193654
1572 0.080455
1577 0.308340
1586 0.430525
1598 1.029192
1602 0.130726
1606 1.139128
1612 0.023415
1613 0.069890
1614 1.109399
1615 0.398056
1617 0.400510
1620 0.907429
1621 0.428328
1624 0.239970
1630 0.304138
1638 0.056948
1639 0.303721
1646 0.390912
1649 1.064484
1652 0.199317
1654 0.072452
1662 0.121389
1664 0.248985
1666 0.244616
1667 0.576596
1673 0.601665
1675 0.487889
1678 0.208556
1685 1.037321
1687 0.502813
1695 0.114052
1697 0.072398
1722 0.281266
1737 0.402529
1744 0.502673
1745 0.076879
1753 0.375700
1761 0.279248
1762 0.323703
1767 0.553114
1769 0.922553
1770 0.077743
1773 0.147216
1778 0.063189
1780 0.188020
1783 0.348133
1784 0.198636
1788 0.276766
1790 0.087743
1792 0.948180
1799 0.308226
1804 0.091342
1808 0.435389
1811 0.257509
1813 1.125865
1824 0.358505
1825 0.391650
1830 0.910414
1836 0.423621
1837 1.053204
1838 0.238591
1845 1.138215
1850 0.125803
1858 1.100774
1861 1.000883
1865 0.450026
1872 0.498179
1873 0.453278
1876 0.298976
1885 0.263228
1887 0.488640
1889 0.329483
1898 0.461277
1909 1.070821
1913 0.013409
1914 0.450359
1924 0.281593
1926 0.057660
1927 0.302957
1930 0.159384
1934 0.235345
1935 0.235117
1936 0.353645
1938 0.509698
1945 0.360372
1946 0.531373
1953 0.434976
1956 0.348360
1957 0.259468
1961 0.272573
1966 0.377594
1973 0.295130
1983 0.316304
1991 1.195902
2000 0.093864
2002 0.502673
2008 0.459189
2009 0.054914
2021 1.099304
2022 0.230638
2029 0.162804
2032 0.463928
2033 0.297954
2035 0.243531
2036 0.535183
2039 0.226116
2042 0.377212
2043 0.027134
2047 0.398126
2049 0.546536
2062 0.391450
2067 0.918725
2068 0.615035
2075 0.579278
2079 0.551955
2101 0.386475
2109 1.167428
2112 1.134287
2115 1.198513
2130 1.088140
2133 0.079530
2151 0.052418
2152 0.562757
2157 0.492028
2159 0.153759
2167 0.065152
2173 0.572923
2175 0.345957
2176 0.184511
2177 1.075573
2179 0.567539
2190 0.258765
2191 0.085422
2192 0.144973
2196 0.583379
2200 0.218960
2206 0.228236
2208 0.131504
2209 0.413966
2215 0.132424
2217 0.503424
2227 0.013488
2236 0.368040
2237 1.137394
2239 0.015274
2243 1.075369
2251 0.333819
2252 0.567539
2253 0.407758
2255 0.322289
2256 1.126373
2260 0.527967
2261 0.163187
2264 0.073452
2267 0.153759
2271 0.464089
2273 0.469264
2276 0.433179
2286 0.422636
2293 0.371367
2297 0.202876
2299 0.363506
2304 0.510908
2307 0.319697
2312 0.110305
2315 1.066702
2319 0.448160
2324 1.176535
2327 0.541937
2340 0.018905
2341 0.012012
2345 0.185004
2349 0.565984
2356 0.518011
2362 0.107775
2367 0.394675
2368 0.190610
2374 0.583543
2375 0.087033
2384 0.030616
2385 0.421471
2386 0.578930
2393 0.157464
2419 1.070162
2423 0.012334
2425 0.284037
2441 0.176509
2443 0.595545
2445 0.177414
2464 0.345449
2471 0.485554
2475 0.044640
2476 0.132084
2477 1.132781
2481 0.183694
2483 0.052418
2488 0.185822
2491 0.347405
2498 0.947065
2501 0.595196
2502 0.123387
2527 0.257365
2538 0.010580
2541 0.450359
2543 1.132960
2551 0.169135
2552 0.023415
2555 0.461277
2558 0.164742
2562 0.193145
2572 1.086916
2575 0.163369
2576 0.263587
2577 0.504044
2593 0.485033
2599 0.134453
2604 1.070821
2614 0.329483
2621 1.256918
2629 0.318122
2630 0.497854
2634 0.355567
2642 0.280981
2645 0.253581
2657 0.972112
2659 0.453715
2660 0.059751
2664 0.012603
2668 1.130872
2679 0.048050
2684 0.313958
2694 0.546536
2699 0.558233
2701 0.356542
2704 1.158457
2719 0.423876
2731 0.455752
2739 0.537230
2749 0.251958
2752 0.357327
2761 0.184946
2782 1.055658
2789 0.443098
2795 0.496590
2796 0.077743
2798 0.364166
2809 0.985793
2818 0.424162
2822 0.209671
2823 0.118276
2827 0.426732
2828 0.256265
2835 0.022723
2836 0.377653
2838 0.122561
2845 0.507404
2846 0.449793
2848 0.527732
2858 0.117523
2860 0.443535
2864 0.165437
2878 0.195249
2884 0.151861
2885 0.338437
2893 1.076312
2901 0.607670
2907 0.366577
2916 0.071701
2918 0.528780
2919 1.041592
2921 0.425794
2922 0.165818
2935 0.447934
2942 1.221026
2953 1.046672
2954 0.555629
2957 0.106654
2966 0.144149
2968 0.260398
2969 0.354828
2972 0.203504
2976 0.041744
2984 1.130356
2987 1.234833
2989 0.455913
2994 0.317478
3010 0.443535
3013 0.346555
3014 0.065152
3019 0.259468
3024 0.573101
3030 1.079807
3031 0.256265
3059 0.576596
3063 0.461277
3064 0.563061
3068 0.314015
3069 0.329483
3071 0.211042
3077 0.314507
3078 1.276924
3088 0.105709
3093 0.299386
3100 0.111825
3103 0.354828
3108 1.145752
3112 0.485554
3113 0.207452
3118 0.170843
3122 1.060936
3123 0.200555
3124 1.221834
3126 0.360372
3134 0.573263
3137 0.413084
3149 0.347890
3152 1.177727
3158 0.318122
3159 1.100431
3160 0.366308
3163 0.386619
3166 0.981440
3167 1.046976
3170 0.164742
3180 1.042780
3181 0.333819
3183 0.270581
3184 0.046830
3187 0.380965
3193 0.387799
3199 0.114797
3203 0.455582
3213 0.378483
3218 0.279854
3221 0.474844
3229 0.217583
3241 0.072074
3255 0.443148
3262 0.559931
3263 0.100278
3268 1.075515
3276 0.020410
3278 0.584084
3280 0.481552
3286 0.234781
3287 0.321563
3291 0.256265
3299 0.153759
3306 0.095531
3314 0.156542
3318 0.042319
3325 0.030752
3330 1.113766
3336 0.180387
3338 0.255084
3353 0.059443
3359 0.531246
3361 0.481654
3375 0.263984
3376 0.594068
3377 0.198826
3384 0.230638
3389 0.242106
3394 1.040133
3397 1.063024
3402 1.042040
3409 0.299530
3420 0.215002
3427 1.302569
3428 0.101940
3432 1.175511
3434 0.275606
3436 0.124669
3445 0.569297
3446 0.845674
3448 0.367258
3460 0.527469
3463 0.034945
3466 0.097453
3485 0.329483
3486 0.160691
3490 1.160354
3494 0.321142
3495 0.308279
3498 0.210629
3499 0.281266
3504 0.913567
3507 0.306700
3509 1.098749
3514 0.501388
3515 0.434711
3527 0.011828
3529 0.253302
3532 1.180325
3538 1.194012
3542 0.537282
3548 0.125347
3549 1.079584
3554 0.337519
3555 0.588363
3561 0.524675
3569 0.098669
3571 0.306812
3577 1.058083
3588 0.249046
3589 0.123757
3593 0.042909
3599 0.128682
3600 0.574078
3603 1.060936
3611 1.236756
3613 0.039937
3630 1.076312
3632 0.296403
3633 1.011571
3639 0.513857
3644 0.516948
3659 0.099318
3684 0.521216
3685 0.525505
3686 0.052418
3689 0.253302
3694 0.420501
3699 0.455752
3701 1.252036
3706 0.215431
3707 0.052657
3709 0.167503
3716 0.137013
3727 0.377144
3731 0.535410
3735 0.093660
3743 0.254693
3744 0.045822
3746 0.406155
3751 0.256265
3756 0.178221
3759 0.012012
3773 1.081416
3776 0.284554
3784 0.241122
3788 0.487431
3796 0.560430
3797 0.571306
3805 0.200555
3809 0.519456
3814 1.011406
3822 0.146592
3825 0.278357
3838 1.124362
3842 1.180780
3843 0.275606
3845 0.319499
3846 1.030035
3853 0.429095
3855 0.964250
3858 0.278549
3859 0.249339
3862 0.362575
3876 0.516783
3883 0.376355
3886 0.036037
3894 0.206542
3898 1.051439
3901 0.161662
3908 0.499217
3920 0.526571
3923 0.290111
3930 0.258391
3935 0.219106
3936 1.136316
3937 1.186780
3942 0.599456
3945 1.007744
3946 0.424044
3947 0.162019
3953 0.521107
3964 0.525505
3966 0.106152
3972 1.280098
3982 0.403617
3985 0.131258
3986 1.226178
3990 0.444010
3993 0.512530
3998 1.106122
4008 0.196886
4009 0.499042
4017 0.337878
4020 0.341686
4022 1.061668
4025 0.160165
4027 0.014325
4028 0.563187
4037 0.012075
4041 0.168760
4047 0.607442
4052 1.191377
4055 0.548545
4059 1.128013
4060 1.092002
4061 0.576596
4066 0.028241
4069 0.503211
4070 0.211938
4071 0.407009
4073 0.043931
4086 0.423394
4087 0.568839
4088 0.432447
4090 0.440309
4096 1.063720
4099 0.202314
4100 1.057092
4107 1.186911
4108 0.455697
4114 0.171904
4120 0.428873
4129 0.309393
4130 0.464178
4136 0.480104
4143 0.024667
4144 0.079141
4145 0.106285
4150 0.354050
4151 0.271979
4153 1.136795
4159 0.160165
4164 0.559123
4168 0.105435
4181 0.585202
4187 0.135670
4200 0.281775
4209 0.527829
4218 0.389522
4220 0.478503
4222 1.163771
4225 0.341303
4228 0.399773
4229 1.183067
4232 0.962756
4236 0.366308
4238 0.981691
4246 0.945936
4251 1.093129
4259 1.088800
4262 0.094783
4265 0.251190
4267 1.077093
4270 0.994307
4273 0.033265
4274 0.492625
4292 0.429826
4298 0.130104
4299 0.481713
4301 0.250904
4312 0.319697
4318 0.348133
4322 0.115802
4323 0.083220
4339 0.158739
4348 1.199319
4355 0.571830
4361 0.009226
4373 0.271339
4388 1.053533
4395 0.069053
4401 0.237422
4415 0.193045
4423 0.377653
4426 0.042190
4429 0.340112
4446 0.270016
4447 1.051282
4450 0.142099
4452 0.587613
4453 0.483778
4456 0.334102
4457 0.271932
4458 0.360669
4462 0.353645
4467 0.044568
4468 0.347197
4478 0.395703
4481 0.434386
4483 0.267838
4485 0.576596
4486 0.024934
4487 1.213886
4488 0.242106
4517 1.008255
4537 0.336887
4539 0.414320
4543 0.081883
4544 0.440415
4546 0.310475
4551 1.012856
4563 0.226116
4572 0.095218
4576 1.197976
4578 0.470381
4584 0.157805
4587 0.129572
4593 0.364166
4604 0.437158
4611 0.398291
4618 0.275247
4624 0.517126
4628 0.209671
4629 1.000113
4637 0.548545
4645 1.109080
4649 0.438714
4655 0.261648
4661 0.241366
4672 1.030729
4680 0.579968
4685 1.062150
4688 0.126957
4692 0.432447
4693 0.461277
4707 1.317933
4709 0.064424
4723 0.515393
4724 0.444886
4736 0.484446
4738 0.210869
4749 0.117523
4751 0.305665
4758 0.100278
4761 0.115319
4766 0.272945
4781 0.148799
4782 0.040286
4786 0.267705
4787 0.350076
4791 0.155837
4798 0.255215
4805 0.449295
4807 0.427881
4809 0.063771
4810 1.008088
4812 0.371142
4818 0.477183
4821 0.348992
4822 0.311094
4824 0.053020
4827 0.898470
4835 0.347405
4836 0.382123
4847 0.201069
4849 0.070748
4852 0.009531
4857 0.598354
4862 0.918559
4865 0.055177
4880 0.268468
4882 0.395380
4884 1.153191
4891 0.538156
4898 0.408422
4899 0.264167
4912 1.023809
4913 0.198286
4915 0.021257
4916 0.279562
4926 0.331637
4927 0.573669
4929 0.202759
4939 1.142895
4945 1.050325
4951 1.159634
4952 0.028127
4959 0.270016
4964 0.300833
4965 0.258765
4969 1.210590
4970 0.181521
4971 0.402139
4973 0.579747
4976 0.013978
4984 0.023297
4986 0.377005
4990 1.131156
4995 0.041185
5001 0.117940
5004 0.431676
5009 0.114682
5026 0.999763
5037 0.010777
5039 1.072266
5040 0.429761
5050 1.181665
5058 0.938779
5063 0.502988
5068 0.313084
5078 0.256265
5080 1.022641
5081 0.338791
5085 1.113814
5095 0.013104
5097 0.497693
5099 1.143892
5102 0.481086
5107 0.542099
5108 0.101888
5117 1.091192
5121 0.341686
5131 1.025059
5134 0.466057
5135 0.223198
5139 0.492374
5143 0.409014
5144 0.410560
5145 1.064484
5152 0.478007
5154 0.492625
5163 0.365177
5170 0.511370
5187 1.112964
5189 0.125452
5197 0.364166
5201 0.585202
5202 0.207684
5205 0.216937
5208 1.054346
5209 0.058144
5216 0.093925
5217 0.566823
5223 1.050551
5226 0.179856
5228 0.562300
5229 0.094138
5235 0.423064
5237 0.027956
5243 0.127587
5245 0.571582
5256 0.062335
5262 0.084638
5279 0.494225
5289 0.242777
5294 0.334605
5303 0.927434
5308 0.012012
5315 0.410726
5317 0.223578
5320 0.012268
5324 1.123622
5325 1.190391
5327 1.069627
5335 0.374641
5339 0.282414
5341 0.263866
5344 0.498092
5345 0.349845
5352 0.108112
5354 0.102964
5366 0.339468
5369 0.214547
5378 0.156161
5379 0.337519
5383 1.128863
5409 1.040379
5413 0.579747
5417 0.377144
5425 1.057974
5426 0.512530
5436 1.111510
5439 0.488411
5441 0.541404
5450 0.384397
5470 0.111002
5472 1.170753
5473 0.443535
5478 0.247112
5482 0.070317
5495 0.139781
5496 0.451026
5502 0.220273
5504 0.473104
5514 0.149603
5517 0.074802
5520 0.410458
5536 0.180893
5537 0.172316
5540 0.172440
5545 0.579891
5553 1.003814
5554 0.965226
5560 1.044881
5561 0.114841
5562 0.278357
5567 0.246408
5579 0.157805
5584 0.497065
5586 0.988450
5587 0.050579
5588 0.604292
5590 0.449745
5600 0.540102
5602 0.124669
5612 0.261390
5616 0.586048
5629 0.429826
5631 0.119109
5636 0.482731
5641 0.333144
5657 0.476088
5658 0.167941
5664 0.048050
5671 0.413645
5680 0.080572
5686 0.119932
5689 0.174892
5691 0.243452
5694 1.118841
5696 0.121882
5707 0.468301
5712 0.084380
5713 0.175038
5714 0.561012
5715 0.442639
5718 1.123003
5744 0.179718
5745 0.345957
5747 0.399773
5750 0.103891
5765 0.281266
5769 0.139178
5771 0.019546
5781 1.168567
5787 0.565064
5789 0.581610
5794 0.447652
5797 0.146770
5802 1.201241
5803 0.203504
5815 0.439311
5822 0.351821
5829 1.014253
5833 0.139781
5841 0.583543
5842 0.222302
5843 0.461277
5845 0.178470
5849 1.206090
5858 0.333689
5860 0.447652
5869 0.342716
5871 0.508014
5876 0.149765
5879 0.443148
5881 1.138777
5883 0.406411
5884 1.103485
5887 1.153191
5890 0.218171
5894 0.045223
5901 0.437621
5907 0.148799
5909 0.218614
5915 0.528546
5917 1.165864
5918 0.415149
5926 0.239461
5928 0.399182
5933 0.205927
5935 0.009570
5939 0.270502
5941 1.210139
5942 1.206967
5945 0.559802
5953 0.099318
5955 1.126373
5960 0.476088
5963 0.149169
5971 0.166326
5972 1.166920
5974 0.055575
5983 0.352741
5984 0.960073
5986 1.147674
5992 0.595196
5995 0.370876
6000 0.065629
6004 0.542678
6006 0.421358
6012 0.057420
6016 1.166149
6023 0.489957
6028 0.227791
6033 0.388093
6036 0.513649
6062 0.374929
6065 0.559802
6068 0.284739
6069 0.274119
6076 0.375458
6090 0.184511
6092 0.062617
6098 0.588864
6111 0.118276
6113 0.384397
6116 0.146975
6118 0.011196
6121 0.146903
6140 0.867994
6172 0.303125
6174 0.471527
6175 1.125065
6179 1.002775
6180 0.207104
6181 0.155486
6185 1.100508
6195 0.168760
6196 0.352568
6200 0.105709
6203 0.350678
6205 0.943520
6208 1.084782
6211 0.297598
6213 0.591380
6217 0.067504
6225 0.449138
6234 0.279562
6235 1.199319
6238 0.505331
6239 0.409763
6241 0.246408
6243 0.085422
6248 0.512530
6252 0.461277
6254 0.324516
6260 0.121389
6261 0.103079
6266 0.563061
6267 0.205519
6268 1.130872
6269 0.396188
6271 0.986465
6277 0.044141
6278 0.478007
6281 0.414905
6282 0.341181
6291 0.150885
6293 0.984057
6294 0.494225
6300 0.060962
6303 0.504521
6304 1.107671
6309 0.234781
6310 0.185571
6313 0.498413
6314 0.028013
6326 0.436599
6328 0.301679
6331 0.326375
6333 0.478503
6336 0.564828
6339 0.571582
6342 0.314507
6348 1.184931
6356 0.513922
6359 0.452787
6360 0.579679
6361 0.566112
6363 0.581886
6364 0.179856
6365 0.207452
6366 0.163767
6368 0.947435
6369 0.069053
6371 0.369469
6382 0.192199
6390 0.491360
6394 0.427108
6397 0.537758
6398 0.113058
6399 0.033426
6400 0.456925
6411 0.057949
6422 0.507404
6424 0.179539
6436 0.278998
6437 0.426390
6441 0.243452
6443 1.006077
6464 1.008179
6465 0.301336
6466 0.260207
6468 0.342156
6479 0.271979
6502 0.485554
6503 0.988450
6504 0.996585
6511 0.346555
6518 0.555063
6522 1.041167
6525 0.398004
6527 0.520342
6529 0.025914
6536 0.163841
6539 0.188020
6542 0.446397
6547 1.045560
6549 0.139499
6558 0.561288
6562 0.310656
6564 0.886249
6571 0.410270
6572 1.190877
6573 0.576596
6584 0.955066
6592 0.029443
6597 0.218960
6601 1.128013
6603 0.071627
6605 0.416699
6610 0.342663
6612 1.194748
6615 0.276766
6620 0.009773
6627 0.505916
6628 0.204363
6643 0.391082
6651 0.019463
6652 0.444262
6654 0.273124
6656 0.401110
6657 1.148284
6659 0.408559
6661 0.484865
6664 0.541404
6673 1.213358
6682 0.565018
6691 0.454929
6694 0.205519
6699 0.209671
6701 0.609233
6702 0.014785
6703 0.437097
6704 0.519238
6706 0.012334
6713 0.254693
6715 0.481332
6727 0.038122
6730 0.524178
6735 0.312926
6738 0.959799
6739 0.948180
6749 0.485554
6762 0.167737
6763 0.374929
6764 0.463928
6774 0.310475
6775 0.427108
6782 0.564583
6802 0.526571
6806 0.410726
6814 0.518174
6816 1.166920
6823 0.579553
6827 0.365646
6834 0.384397
6838 1.147926
6844 0.170143
6852 0.149169
6861 0.535826
6874 0.316756
6877 0.495236
6884 0.129330
6894 0.081953
6897 0.486903
6899 0.454460
6900 0.015174
6917 0.608791
6918 0.421358
6923 0.239003
6928 0.546249
6929 1.050686
6937 0.538992
6965 0.380029
6966 1.226576
6967 0.484865
6978 0.041185
6979 0.030616
6985 0.469625
6986 1.170403
6992 0.181521
7007 0.174726
7008 0.040286
7021 0.507625
7026 0.241366
7027 0.222776
7035 0.108885
7039 1.081524
7045 0.059751
7049 0.335474
7052 0.372331
7053 0.156161
7054 1.019099
7059 0.073452
7061 1.140923
7094 0.458923
7099 0.240666
7108 1.202898
7110 1.112371
7113 0.207684
7116 0.416816
7118 0.192199
7133 0.412524
7142 0.463291
7145 0.208722
7152 0.281593
7156 0.285653
7160 0.546772
7171 0.339590
7175 1.100774
7177 1.001308
7179 0.286918
7182 0.052717
7196 0.114603
7198 0.217583
7200 0.507007
7216 0.448463
7217 0.300833
7221 0.387892
7227 1.191377
7228 1.153191
7238 1.077093
7242 1.020131
7244 0.479545
7246 1.065385
7254 0.223198
7260 0.329483
7265 0.291333
7266 0.360372
7268 0.021063
7277 0.145056
7281 0.157509
7283 0.061778
7285 0.519936
7286 0.242106
7291 1.081117
7297 1.225266
7300 0.199317
7306 1.124505
7315 0.579436
7323 1.109027
7327 0.259874
7342 0.182083
7353 1.136316
7356 0.064579
7359 0.526017
7362 0.451249
7363 0.944519
7366 1.096938
7373 0.416430
7375 0.277732
7389 0.255033
7391 0.521971
7399 1.113426
7402 0.198636
7404 0.119039
7406 0.327611
7412 0.256265
7429 0.179385
7432 0.191203
7436 0.231927
7438 0.199028
7447 0.223198
7453 0.368475
7456 1.138018
7458 0.474564
7461 0.430710
7463 0.450549
7465 0.142369
7474 0.574121
7476 0.318122
7489 0.316562
7493 0.466459
7503 0.233686
7507 0.491524
7515 0.469264
7517 0.321563
7520 1.119926
7523 1.158709
7532 0.346895
7536 0.528278
7543 0.576596
7547 0.395656
7549 0.261452
7551 0.993519
7552 1.069828
7554 0.141733
7557 0.253702
7571 0.065629
7583 0.402529
7600 0.179385
7607 0.330834
7611 0.519186
7614 0.214880
7615 0.032332
7622 0.386410
7625 0.400582
7628 1.037369
7634 0.158152
7638 0.433076
7642 1.057512
7653 1.206715
7658 0.331377
7660 0.524806
7674 0.105521
7680 0.287017
7681 0.045898
7683 0.394253
7687 0.215637
7688 0.137695
7696 0.298338
7698 0.179253
7699 0.038872
7701 0.997645
7720 0.302957
7723 0.395380
7724 0.167558
7732 0.074058
7736 0.501388
7740 0.483596
7757 0.260554
7758 0.515901
7760 0.496310
7763 0.894532
7764 0.009899
7775 1.081524
7789 0.446397
7794 0.236552
7800 0.576596
7803 1.102065
7819 0.249339
7833 0.429095
7838 0.247793
7841 0.937353
7843 0.226639
7849 0.062901
7850 0.999811
7851 0.455697
7854 0.025770
7857 0.177414
7858 0.513649
7860 0.076035
7863 0.570887
7869 0.992281
7880 0.042711
7882 0.475920
7884 0.267705
7889 0.417345
7892 1.171304
7893 0.093083
7900 0.544563
7902 0.396251
7909 1.091852
7912 0.377937
7914 0.281030
7915 0.374641
7920 0.028474
7926 1.021398
7944 0.490720
7952 0.170843
7966 0.217071
7967 0.366308
7969 0.476800
7974 0.255215
7992 0.355772
7993 0.442156
7997 0.570396
8000 1.073871
8013 0.500934
8015 0.504044
8016 0.123007
8021 0.355711
8024 0.201431
8026 0.115319
8030 0.433179
8036 0.171266
8038 0.538786
8041 1.103053
8042 1.106692
8045 0.015074
8049 0.239772
8052 0.162951
8057 1.008179
8058 0.263984
8060 0.329483
8061 0.138383
8063 0.433997
8072 1.179282
8088 1.025059
8089 0.121389
8092 0.327811
8101 0.266121
8111 0.444604
8112 1.122024
8127 0.114603
8137 0.445551
8146 0.096907
8148 0.373660
8149 0.442826
8153 0.435167
8155 0.471527
8167 0.168174
8174 0.596676
8175 0.599061
8179 0.464178
8182 0.262403
8185 0.331173
8194 1.044595
8202 0.361369
8210 0.561422
8215 0.509326
8219 1.044933
8229 0.384397
8230 0.164742
8231 0.031451
8234 0.211938
8239 0.236264
8247 0.342532
8250 1.040133
8258 0.081953
8264 0.341686
8267 0.317478
8274 0.601057
8288 0.599456
8302 1.194873
8323 0.447156
8324 0.062335
8333 0.389968
8342 0.488953
8344 0.568839
8345 0.177414
8349 0.550778
8350 0.314507
8355 0.264989
8372 0.494932
8374 0.222005
8380 1.163133
8381 1.000113
8390 1.209720
8391 0.315812
8392 0.262904
8393 0.019061
8409 0.464089
8423 0.188704
8425 0.544968
8434 0.573889
8438 0.259468
8448 0.474296
8453 0.180620
8462 0.272945
8465 0.198399
8468 0.049600
8475 0.344522
8476 0.150009
8477 0.079076
8479 0.216937
8481 0.182365
8482 0.153759
8490 0.482458
8494 0.344460
8504 1.091192
8510 0.407594
8516 1.121158
8542 0.536831
8556 0.244759
8567 0.076879
8581 0.570651
8582 0.545145
8583 1.196617
8588 0.031308
8589 0.267407
8591 0.242170
8604 0.485033
8607 0.151917
8611 0.496310
8621 0.051946
8622 0.452851
8626 0.422295
8627 0.149765
8630 1.226178
8632 0.269078
8654 0.027788
8665 0.183593
8680 1.119862
8684 0.078755
8685 0.944783
8700 0.075442
8707 0.165437
8714 0.395016
8715 0.404629
8717 0.496141
8720 0.161851
8725 0.444262
8730 0.426614
8731 1.289754
8733 0.386877
8736 1.146820
8737 0.342095
8739 0.239624
8740 1.016028
8742 0.505992
8743 1.250920
8746 0.521544
8750 1.125065
8751 0.384397
8752 0.135670
8758 0.266121
8766 0.513567
8771 1.029002
8776 0.376785
8781 0.249089
8783 0.408307
8785 0.171904
8787 1.018403
8789 0.069469
8791 0.390134
8797 0.271339
8801 0.405753
8805 0.293807
8811 0.185080
8818 0.099413
8820 0.436645
8821 1.327258
8851 0.321496
8853 1.025059
8860 0.514162
8875 1.167667
8877 0.013179
8878 1.066392
8884 0.176284
8892 0.416100
8900 0.207782
8901 0.029760
8903 0.184511
8905 0.386699
8907 0.281266
8919 0.216223
8921 0.413966
8926 0.371690
8941 0.067270
8944 0.444604
8945 0.249953
8946 0.502508
8947 1.058905
8952 0.522200
8954 0.199317
8956 0.190435
8959 0.522200
8964 0.580048
8970 0.210798
8971 0.107274
8997 0.466184
9000 1.112964
9001 0.493405
9005 0.385966
9013 0.162421
9017 0.370669
9026 0.213554
9030 0.104159
9038 0.087584
9041 0.418415
9045 0.059443
9046 0.305411
9048 0.144149
9059 0.343098
9060 0.221160
9068 0.501388
9069 0.279901
9072 1.104854
9087 0.526457
9090 0.152404
9091 0.253914
9093 0.058886
9098 0.482731
9099 0.128848
9100 1.176027
9101 1.009895
9112 0.216223
9113 0.088707
9119 1.252987
9122 0.551526
9123 0.335881
9128 0.357725
9130 0.313084
9131 0.590324
9132 0.552769
9135 0.584084
9139 0.389028
9148 0.587902
9152 0.167503
9172 0.223198
9174 1.085357
9178 0.341686
9188 0.398995
9193 0.161851
9197 0.547634
9209 0.384397
9217 0.344632
9218 0.359796
9219 0.123556
9220 0.245360
9227 0.592350
9260 0.263228
9266 0.285915
9269 0.371271
9281 0.510995
9296 0.233558
9297 0.125803
9298 0.283240
9303 0.100825
9304 0.463717
9314 1.132599
9320 0.449138
9321 0.952636
9324 0.030149
9332 0.365368
9339 0.438775
9345 0.450026
9347 0.429620
9359 1.222661
9367 0.160035
9368 0.119812
9378 0.539154
9381 0.495087
9382 0.369021
9385 0.302146
9387 0.570260
9397 0.208673
9400 0.182083
9402 0.430004
9407 0.096675
9409 0.176445
9420 0.554540
9425 0.285552
9437 0.587273
9440 0.976190
9442 0.450793
9443 1.056619
9446 0.130104
9450 0.378660
9451 0.104361
9452 0.077743
9459 0.280334
9460 1.113426
9461 0.262403
9465 0.418116
9475 0.538156
9483 0.025914
9488 1.237571
9496 1.039872
9499 0.538156
9502 0.139781
9503 0.067438
9505 0.291333
9506 0.599660
9516 0.015074
9520 0.495236
9523 0.302476
9524 0.150885
9528 1.094555
9529 0.065152
9532 0.430525
9533 0.137882
9540 0.106215
9544 0.287140
9547 1.075448
9551 1.140234
9552 0.493273
9557 0.197690
9560 0.576596
9563 0.576596
9569 1.123873
9580 0.586595
9581 0.313886
9586 0.337519
9587 1.266718
9588 0.115846
9592 0.346452
9596 1.115992
9599 0.177414
9601 0.117673
9605 0.124364
9611 0.130304
9619 0.072724
9620 1.005690
9622 1.085357
9642 0.357117
9652 0.215002
9653 1.063565
9656 0.570526
9669 0.262904
9673 0.297214
9681 0.476847
9684 0.227536
9688 0.074744
9690 0.026975
9691 1.043942
9694 0.501388
9702 1.057092
9706 1.116928
9713 0.561658
9716 1.202056
9717 0.399897
9720 0.078851
9727 0.061504
9733 0.244812
9738 1.210375
9741 1.249291
9745 1.179106
9753 0.459280
9754 0.097847
9758 0.569812
9759 0.458498
9760 0.996953
9764 1.080205
9768 0.336348
9769 1.047440
9773 0.141002
9774 0.208808
9779 0.472809
9803 0.014325
9804 0.426079
9806 1.153191
9809 0.147845
9811 0.942861
9824 0.302293
9828 0.395380
9839 0.056483
9862 0.440222
9863 1.038419
9864 1.165330
9877 0.181401
9885 0.478921
9886 0.307518
9895 0.423823
9896 0.019546
9897 0.362259
9899 0.219106
9900 0.415685
9902 1.025059
9907 1.071846
9912 0.117274
9913 0.055575
9915 0.272676
9918 0.377937
9921 0.551211
9922 0.042711
9923 0.020321
9927 0.009570
9931 0.371997
9939 0.277532
9945 0.306545
9947 0.296403
9951 0.397652
9954 0.490917
9961 1.045080
9962 0.266854
9963 0.336773
9977 0.546772
9980 0.135008
9990 0.064786
9992 0.231742
9999 0.399621
10005 0.579968
10014 0.162421
10015 1.109027
10022 0.406238
10027 0.174432
10030 0.297214
10038 1.037872
10044 0.483596
10060 0.375135
10066 0.255215
10071 0.153079
10075 0.529334
10080 0.331114
10085 0.216562
10088 0.176699
10094 1.126121
10099 0.130726
10108 0.267838
10112 0.570651
10116 0.491716
10122 0.044640
10130 0.163905
10134 0.149401
10136 0.379131
10137 0.142873
10146 0.401609
10150 0.202314
10152 0.253302
10155 1.086075
10160 1.012558
10163 1.047151
10170 0.363133
10172 0.106285
10177 0.483929
10179 1.103053
10183 1.135630
10184 0.142369
10197 0.500881
10202 0.282992
10204 0.360068
10206 1.183067
10208 0.232003
10209 0.421597
10212 0.407836
10213 0.318855
10215 1.228526
10226 0.507694
10231 0.077743
10237 0.164009
10247 1.137951
10252 0.172979
10255 1.273123
10257 1.040326
10265 0.395380
10275 0.474844
10279 0.260722
10297 0.362159
10302 0.173312
10307 0.984189
10310 0.553114
10311 0.074399
10315 0.220207
10317 1.064484
10321 0.545352
10322 0.474456
10327 0.484056
10349 0.040701
10363 1.174746
10368 0.275073
10370 1.102065
10372 0.474090
10378 1.022289
10384 0.482458
10401 0.160691
10407 0.446046
10415 0.390912
10431 0.161851
10447 1.061344
10448 0.591769
10454 0.266942
10457 0.313489
10460 0.439822
10461 1.137816
10464 0.144752
10466 0.497455
10473 1.057092
10484 0.245650
10486 1.276980
10489 0.027900
10494 0.432447
10497 1.228400
10501 0.340044
10509 0.468484
10511 0.550058
10519 0.541861
10540 1.081416
10541 0.314928
10544 0.492028
10545 0.472809
10547 0.191061
10550 0.087584
10555 0.051829
10556 0.068169
10557 0.306760
10559 0.333292
10588 1.183067
10590 0.492028
10594 0.080455
10595 0.297214
10599 0.302713
10602 0.046878
10612 0.599660
10615 0.342432
10618 0.014785
10629 1.122684
10647 1.119862
10654 0.354050
10659 0.136562
10665 0.123757
10668 0.404366
10670 0.059520
10673 0.615035
10677 0.966024
10679 0.106918
10680 0.394513
10683 0.417617
10686 0.233558
10690 0.411512
10691 0.030481
10698 0.361241
10703 1.192617
10710 1.264075
10718 0.267591
10720 0.197393
10722 0.155138
10723 0.103492
10724 1.180868
10725 0.130304
10729 0.484446
10732 0.427108
10739 0.568398
10743 0.236310
10746 0.595196
10747 0.438637
10757 0.097111
10767 1.065607
10773 0.350184
10782 0.093083
10798 1.090857
10799 0.045223
10804 0.412933
10805 0.394253
10806 0.072452
10822 1.110024
10830 0.174726
10831 0.235880
10841 1.096662
10844 0.080322
10846 0.130774
10856 0.539396
10857 1.032381
10858 0.351226
10862 0.115963
10864 0.261100
10867 0.053637
10874 0.510995
10877 0.597084
10881 1.059391
10888 1.243756
10892 1.178536
10896 1.034378
10901 1.215191
10921 0.374787
10926 1.185225
10928 0.229640
10930 0.019629
10931 0.323187
10933 0.150416
10940 0.159427
10943 1.038476
10945 0.053388
10946 0.012203
10952 0.155645
10959 1.185048
10962 0.375930
10963 0.513649
10964 1.048356
10968 0.009856
10971 0.087033
10974 0.357327
10976 0.126570
10981 1.043014
10986 0.093660
10989 0.210735
10999 0.080322
11013 0.058886
11014 0.305665
11015 0.499906
11020 1.098853
11022 0.303125
11024 1.121741
11026 0.204598
11029 1.153191
11030 0.094413
11058 0.178862
11059 0.550495
11062 1.148326
11066 1.133810
11067 1.120615
11069 0.055177
11077 0.542678
11088 1.278668
11096 0.085422
11102 0.230638
11104 0.224648
11105 1.139298
11109 0.242170
11111 0.491174
11113 0.084380
11114 0.090644
11117 1.097211
11127 0.158640
11130 0.538156
11131 0.498179
11139 1.205952
11145 0.324190
11158 1.135630
11162 0.554419
11164 0.423394
11181 0.425641
11182 0.023900
11183 0.058389
11189 0.080572
11198 0.482731
11206 0.330916
11208 1.119862
11212 0.470021
11213 0.402702
11216 0.466459
11220 0.068410
11224 0.042976
11225 0.823708
11227 0.244812
11230 0.409014
11234 0.226857
11237 0.397210
11240 1.007744
11250 0.197690
11251 0.348639
11259 0.084898
11264 0.279562
11265 0.532242
11268 0.406155
11283 0.306060
11286 0.184946
11296 0.385966
11304 0.323116
11308 1.084197
11310 0.579328
11321 0.053327
11322 0.367889
11326 1.153191
11332 0.151593
11335 0.392576
11340 0.310973
11358 0.198023
11360 0.079189
11382 0.313958
11383 0.176284
11393 0.526214
11395 0.357725
11405 0.324190
11429 0.388320
11431 0.318122
11434 0.134789
11437 0.293737
11439 0.025206
11454 0.960993
11462 0.538495
11463 0.018828
11469 0.234547
11474 0.985138
11479 0.044354
11483 0.532242
11486 1.195211
11488 0.579092
11501 0.186474
11508 0.187601
11510 0.922553
11511 0.263587
11518 0.131258
11522 0.267055
11525 0.327749
11527 0.029569
11534 0.211418
11535 1.174746
11566 0.187850
11567 0.932804
11573 0.504880
11581 0.539154
11582 0.270502
11583 0.421899
11585 0.433679
11587 0.509832
11589 0.103079
11592 0.024406
11595 0.529977
11597 0.415743
11617 0.068410
11624 0.395703
11627 0.108112
11634 0.242777
11636 0.169395
11637 0.589296
11656 0.224405
11659 0.300833
11663 0.566932
11664 0.367388
11678 1.025059
11689 0.234547
11695 1.233988
11696 0.190974
11697 0.269078
11708 0.246014
11721 0.553984
11722 0.265756
11728 0.070748
11735 0.497455
11736 0.358555
11744 0.393773
11745 0.188276
11751 0.205734
11762 0.013978
11763 0.555240
11771 1.085357
11772 0.418367
11786 0.252261
11794 0.046128
11799 0.102506
11801 0.097625
11806 0.984057
11808 0.024536
11809 0.380308
11811 0.440775
11815 1.145752
11819 0.107047
11827 0.374008
11833 0.523097
11852 0.453219
11860 0.256265
11863 0.161145
11864 1.083160
11869 0.102760
11870 0.490917
11873 0.132424
11874 0.130304
11876 0.509832
11896 0.162804
11897 0.410338
11926 0.170843
11931 0.254693
11939 0.404211
11943 0.524178
11944 0.135670
11945 0.420501
11947 0.418116
11951 0.167399
11971 0.541580
11979 0.519186
11982 1.130128
11989 0.596676
11992 0.539792
11999 0.166326
12002 0.114745
12028 0.117940
12042 0.029953
12045 0.290805
12049 0.028651
12050 0.327868
12059 1.255832
12064 1.090466
12070 0.595545
12077 0.337254
12078 0.358134
12085 1.178370
12089 1.216865
12091 0.237627
12092 0.474844
12094 1.295854
12097 0.254849
12102 1.284568
12105 0.541003
12106 1.065449
12115 0.083489
12117 0.506542
12118 0.545145
12132 0.493273
12139 0.293540
12144 0.157253
12148 1.058340
12156 1.172519
12164 0.401110
12171 0.319961
12182 0.059751
12186 0.401110
12188 1.131836
12191 0.217583
12193 0.490246
12196 0.512530
12201 0.539792
12203 0.123897
12204 0.052181
12212 0.277209
12220 0.174537
12222 0.428328
12223 0.321496
12225 1.181046
12227 0.584084
12236 0.555415
12237 0.319122
12238 0.360775
12244 0.472737
12245 0.236310
12249 0.153759
12253 0.521971
12256 0.309515
12258 0.293297
12261 0.583379
12262 0.471760
12265 0.563491
12266 1.187310
12271 0.031885
12281 0.184078
12282 0.148364
12285 0.345957
12298 0.447359
12303 1.086015
12313 0.430652
12330 0.103131
12334 0.414631
12348 0.111419
12366 0.085876
12370 0.440545
12371 0.521971
12378 0.117940
12380 0.376305
12387 1.110481
12401 0.116779
12408 1.153191
12414 0.068169
12418 0.153759
12420 0.450673
12422 0.414208
12438 0.114797
12443 0.470456
12445 0.054589
12449 0.378983
12450 1.167312
12452 0.277209
12456 0.157971
12458 0.135670
12459 0.552060
12469 0.492374
12472 0.591380
12474 0.207574
12481 0.011708
12485 0.218709
12507 0.178329
12508 0.560255
12509 1.073822
12515 0.404844
12516 0.132551
12519 0.096907
12520 0.086489
12524 0.526766
12535 0.451249
12540 0.441877
12541 1.077093
12544 0.413966
12555 0.223826
12560 0.283466
12564 1.060192
12568 1.146890
12569 0.466936
12570 0.124296
12574 0.089859
12576 0.096907
12577 0.316811
12579 0.515713
12581 0.388867
12595 0.565717
12609 0.293076
12614 1.053533
12616 0.198399
12618 0.458728
12619 0.318455
12631 0.305257
12632 0.183046
12638 0.295690
12644 0.476088
12646 0.603208
12649 1.063565
12654 1.258027
12660 1.059053
12684 0.559123
12685 0.069539
12689 0.421899
12694 0.471760
12698 0.337519
12711 0.427989
12723 0.034253
12724 0.337190
12725 0.169795
12728 0.200555
12743 0.282164
12750 0.381949
12753 0.091731
12757 0.445901
12758 0.170843
12764 0.391141
12770 0.174432
12777 0.523097
12778 1.186457
12779 0.259006
12780 0.363506
12781 0.560668
12789 0.443098
12792 0.084380
12802 0.237422
12803 0.986282
12817 0.170422
12818 1.058223
12823 1.052034
12824 0.346978
12832 0.445292
12836 0.576596
12839 0.149765
12842 1.051010
12843 0.273639
12844 0.151013
12847 0.388443
12856 1.208767
12860 0.477183
12862 0.937642
12868 0.536634
12879 0.119812
12880 0.293184
12896 0.183593
12900 0.028830
12911 0.042909
12926 1.153191
12929 0.891971
12936 0.141620
12940 1.153191
12944 0.356657
12946 0.229431
12964 0.197338
12965 0.039538
12966 0.435768
12967 0.027457
12968 0.164742
12972 0.539567
12976 0.245360
12982 0.206983
12987 0.299933
12988 0.104243
12989 0.262515
12994 0.525030
13005 0.538786
13013 0.073053
13019 0.065897
13021 0.518660
13022 0.030215
13040 0.978872
13047 0.188704
13054 0.119296
13059 0.576596
13069 0.169002
13074 0.523611
13076 0.210629
13077 0.294230
13086 0.124976
13087 0.360372
13097 0.347890
13100 0.217770
13112 0.326155
13117 0.593070
13127 0.246014
13128 1.163969
13136 0.206262
13142 0.064066
13148 0.375700
13149 1.061460
13151 0.322289
13153 0.499320
13154 0.238218
13155 1.089398
13164 0.114052
13167 0.225931
13170 0.424162
13171 0.478683
13176 0.492509
13182 0.148799
13190 0.526766
13194 0.222005
13199 0.524178
13205 0.331456
13207 0.503038
13208 0.410458
13220 1.206828
13225 0.458797
13229 0.253140
13232 1.141053
13233 1.082142
13236 1.011173
13242 0.117523
13253 0.567903
13259 0.324843
13265 0.058761
13273 0.487889
13275 0.354828
13280 0.182083
13294 0.456472
13297 1.110829
13299 0.487062
13302 0.516534
13313 1.079133
13345 0.180684
13347 0.083030
13350 1.074460
13351 0.356657
13353 0.400639
13356 0.358273
13358 1.173602
13363 0.261549
13365 0.325259
13374 0.421471
13375 0.130550
13378 1.181046
13384 0.418256
13390 0.490106
13398 0.463654
13411 0.586537
13418 0.103658
13421 0.348639
13430 0.163905
13437 0.540559
13442 0.145548
13450 0.105797
13462 0.315158
13464 1.162491
13466 0.525505
13474 1.019560
13476 0.107501
13480 0.163841
13488 0.532242
13490 1.103053
13502 0.178944
13506 0.576596
13507 0.044568
13512 0.448097
13521 0.513857
13522 0.332452
13525 0.243334
13527 0.505678
13528 0.132668
13529 0.440309
13533 0.075619
13539 1.169904
13540 0.354003
13541 1.055934
13542 0.978872
13544 0.314061
13567 0.024536
13571 1.153191
13573 0.206157
13587 0.591380
13590 1.025059
13592 0.404110
13599 1.029458
13604 1.198712
13608 0.286918
13612 0.261390
13614 0.521544
13616 0.922553
13623 0.230638
13629 0.293076
13634 0.400281
13636 0.216518
13638 1.158986
13648 0.401558
13663 0.413408
13667 0.556313
13668 1.072468
13670 0.402529
13675 0.201138
13677 0.257409
13683 0.269577
13685 0.212303
13691 0.027294
13692 0.495670
13701 0.083651
13706 0.233558
13719 0.458412
13720 0.444459
13724 0.174067
13739 0.478007
13751 1.122024
13768 1.125865
13777 0.111763
13781 0.581441
13788 0.443952
13795 1.212329
13799 0.422456
13806 0.216937
13807 0.259144
13818 1.226996
13827 1.147025
13835 1.053204
13836 0.346555
13837 0.587902
13840 0.463484
13842 0.019140
13845 0.448463
13849 0.505509
13869 0.227956
13872 0.952313
13874 0.539303
13875 0.479646
13882 0.146649
13887 1.159425
13890 0.332651
13893 0.156161
13897 0.032792
13901 0.240248
13911 0.565984
13917 1.047394
13920 0.491174
13927 0.531246
13928 0.278157
13929 1.159857
13940 0.562802
13944 1.120243
13946 0.398767
13951 0.197690
13952 0.215002
13954 0.533351
13961 0.303125
13963 1.114429
13964 0.057089
13966 1.153191
13972 1.110481
13976 0.553984
13988 0.327749
13989 0.067046
13994 0.447052
13995 0.076370
14002 0.433243
14008 0.430710
14013 0.535081
14016 0.567346
14022 1.098853
14023 1.084549
14026 0.127489
14033 0.439776
14041 0.195967
14043 0.551834
14045 0.467241
14050 0.423064
14057 0.502196
14058 0.403617
14062 0.229595
14066 0.021861
14069 0.573727
14071 0.376041
14081 0.090194
14084 0.205012
14089 1.095532
14091 0.444349
14093 0.410726
14097 0.199317
14103 0.029953
14104 0.072528
14106 1.130128
14107 0.541580
14110 0.042909
14117 0.142873
14120 0.444604
14131 0.540353
14143 0.441413
14145 0.359286
14162 0.069053
14167 0.193205
14168 0.524733
14170 0.086489
14176 0.559421
14190 0.054914
14193 0.483012
14201 0.590005
14214 1.157823
14219 1.075448
14220 0.125452
14226 0.044354
14230 0.219656
14238 0.382466
14244 0.330916
14248 0.200555
14251 1.040133
14255 0.362259
14257 0.363662
14258 0.101940
14262 1.112491
14265 0.571306
14281 1.076312
14282 0.170143
14283 0.242106
14285 0.502380
14291 0.371997
14299 0.263228
14303 0.309813
14307 1.089829
14308 1.120772
14312 1.037872
14315 0.295330
14316 0.010389
14330 0.372385
14334 0.073923
14337 0.218960
14340 0.239864
14342 0.083868
14349 1.060742
14353 0.580414
14354 0.561961
14358 0.492817
14361 0.505331
14365 0.095656
14367 0.043312
14370 1.067526
14372 1.107064
14374 0.547027
14377 0.427108
14381 0.029381
14385 0.063771
14392 0.576596
14401 1.086661
14405 0.581524
14408 0.588460
14420 0.236196
14423 0.473104
14427 0.013894
14462 0.464178
14472 0.442504
14477 0.911570
14478 0.504521
14483 0.225013
14484 1.013084
14500 0.543863
14509 0.230638
14510 0.243531
14511 0.476217
14528 0.274273
14529 0.397272
14530 0.169734
14531 0.467962
14555 1.130128
14556 0.073923
14561 1.032858
14563 0.318561
14576 1.107521
14580 0.439877
14582 0.137467
14583 0.144904
14587 0.041556
14589 0.072987
14593 0.615035
14597 0.463432
14613 1.213398
14616 0.374008
14623 0.349131
14627 0.972692
14631 0.138939
14633 0.178271
14637 0.565140
14648 0.336153
14654 0.441221
14655 0.457212
14657 1.101416
14661 0.064665
14664 0.615035
14678 0.454460
14680 1.205137
14683 0.441413
14689 1.062276
14694 0.055575
14696 0.515544
14699 0.409686
14708 1.168567
14710 0.024025
14712 0.425140
14714 0.584084
14716 0.473496
14725 0.208408
14731 0.372647
14747 0.233558
14750 0.173312
14751 0.178329
14753 0.111825
14768 0.101752
14772 0.200043
14783 0.570651
14791 0.219656
14795 0.503577
14797 0.039091
14798 0.172670
14802 0.599061
14803 0.212430
14808 0.507404
14817 0.169449
14831 0.467962
14833 0.196753
14834 0.530096
14845 0.323116
14848 1.111510
14849 1.146602
14852 0.426614
14853 0.394129
14855 0.261390
14858 0.214547
14859 0.256265
14860 0.235117
14864 0.211595
14882 0.931872
14884 0.010028
14890 0.013332
14903 0.321381
14906 0.251407
14913 0.469095
14921 0.259352
14925 0.246014
14932 0.306157
14954 0.012742
14955 0.377005
14957 0.563551
14966 0.405923
14967 0.130550
14984 0.053020
14986 0.444604
14990 0.225013
14991 1.090290
14993 0.567296
15003 0.332195
15004 0.074058
15006 0.068994
15008 0.369021
15030 0.110353
15031 0.478007
15033 0.569235
15034 0.323456
15047 0.590005
15056 0.113895
15057 0.238591
15059 0.497969
15060 0.132668
15062 0.505117
15064 0.304808
15066 1.023862
15073 0.306760
15076 0.123156
15082 0.079530
15084 1.097211
15085 0.288298
15090 0.304867
15093 0.155138
15095 0.065522
15102 0.360775
15104 0.541294
15108 0.453392
15112 0.449745
15118 0.534986
15121 0.235880
15125 0.050139
15134 0.405753
15135 0.445091
15138 0.021555
15144 0.052418
15148 0.371367
15156 0.457384
15168 1.072395
15169 0.258315
15174 1.122024
15176 0.516630
15202 0.384397
15222 0.357055
15225 0.300833
15231 0.437786
15235 0.321142
15239 0.079875
15240 0.486903
15246 0.566238
15247 1.194377
15250 0.569107
15251 0.068236
15259 1.015203
15264 0.257951
15275 0.086489
15277 0.404110
15280 0.009531
15285 0.288298
15291 0.579229
15293 0.297598
15295 1.255491
15298 1.139782
15312 1.167913
15313 0.210869
15315 0.013409
15317 0.215550
15321 0.011950
15322 1.171304
15326 1.164497
15327 0.446786
15330 0.416973
15332 0.475184
15333 0.131258
15335 1.160181
15339 0.453278
15348 0.490106
15353 0.960168
15356 0.187320
15358 0.105368
15361 0.576596
15372 0.554324
15373 1.131015
15378 0.570772
15380 0.137285
15381 0.193439
15386 0.173489
15387 0.579968
15388 0.077309
15437 0.530468
15438 0.250090
15440 0.111599
15441 0.391386
15442 1.173602
15453 1.147828
15458 0.355923
15460 0.169002
15462 0.339888
15470 0.194695
15476 0.064665
15495 0.014597
15499 0.553157
15507 0.190087
15509 0.532242
15528 0.368643
15532 0.448810
15540 0.152974
15545 0.398004
15550 0.132878
15553 0.301883
15555 0.248821
15565 0.073923
15573 0.409197
15575 0.242267
15579 1.141303
15581 0.110787
15584 0.574163
15604 0.091213
15610 0.009610
15613 1.018244
15614 0.284739
15633 0.441877
15635 1.053778
15639 0.521544
15643 0.185999
15644 0.557691
15645 1.213398
15662 0.596478
15671 0.142369
15672 0.175486
15673 0.291947
15678 0.536705
15681 0.039995
15682 0.304138
15685 0.414744
15686 0.345957
15690 0.098845
15691 0.212244
15692 0.342237
15696 0.123336
15701 0.379339
15709 0.125803
15711 0.430525
15712 0.436343
15722 0.554540
15724 0.304138
15725 0.481086
15728 0.305411
15730 0.504127
15733 0.124411
15745 1.107064
15756 0.288298
15757 0.174726
15764 0.281775
15766 1.101556
15772 0.211938
15776 0.029443
15779 0.216518
15783 1.089398
15788 0.315403
15790 0.441942
15800 1.148485
15803 0.372385
15806 1.182510
15819 0.550917
15823 0.268184
15825 0.544203
15828 0.420375
15851 0.364166
15852 0.978100
15855 0.993911
15860 1.142708
15868 0.233981
15878 0.392576
15882 0.433124
15896 1.195126
15897 0.063712
15899 0.116044
15907 0.606943
15908 0.592013
15913 0.615035
15916 0.305481
15924 0.478282
15925 0.847243
15929 0.024934
15933 0.233827
15936 0.323703
15939 0.159848
15946 0.088283
15954 0.392323
15955 0.084087
15956 0.126957
15970 0.442057
15972 0.068506
15978 0.330961
15980 0.184511
15981 1.051812
15984 1.153191
15994 0.456064
15995 0.152308
15997 0.062617
16009 0.273000
16012 0.580048
16022 1.111002
16024 0.038122
16029 0.293951
16044 0.548154
16048 1.021398
16049 0.422636
16052 0.113260
16055 0.213307
16066 1.141179
16090 0.200141
16091 0.366577
16096 0.044071
16100 0.249736
16106 0.092626
16107 0.182684
16123 0.058242
16126 1.113426
16131 0.384397
16133 0.968426
16143 0.393773
16144 1.065975
16148 0.609233
16160 0.231691
16167 0.107274
16174 0.551766
16179 0.432447
16198 0.291771
16202 0.038017
16203 0.458412
16204 1.101775
16205 0.185438
16210 0.184511
16212 0.076879
16213 0.430710
16226 0.493506
16228 0.275977
16234 0.174432
16240 0.250090
16251 0.597084
16255 0.391082
16261 0.508396
16266 0.208618
16271 0.314928
16274 0.297598
16284 1.292750
16292 0.286969
16294 0.304617
16304 0.549652
16310 0.446091
16315 0.040942
16325 0.450673
16334 0.490106
16338 0.009941
16341 0.441942
16349 0.183694
16358 0.142958
16371 0.085952
16376 0.360999
16377 1.122844
16379 0.331236
16382 0.365368
16384 0.404211
16387 0.289873
16389 0.992621
16390 0.303768
16392 0.586048
16396 0.041432
16402 0.466609
16409 0.600732
16411 0.314928
16421 1.037872
16425 0.907177
16430 0.351303
16433 0.095601
16445 0.178394
16448 0.209671
16451 0.971625
16462 0.468933
16467 0.010777
16468 0.561012
16469 1.039357
16470 0.196288
16481 1.131636
16494 0.142369
16496 0.139499
16499 0.590259
16501 0.069191
16507 1.010529
16511 0.459037
16513 0.083868
16514 0.481429
16516 0.327358
16525 0.484446
16526 0.483012
16527 0.529334
16537 0.079530
16540 0.513744
16560 1.153191
16568 0.067504
16577 0.518288
16578 0.158739
16587 0.351178
16592 1.147726
16594 0.059443
16597 0.047850
16605 0.283466
16610 0.505992
16615 1.247478
16618 0.935521
16623 0.250221
16627 0.152198
16638 0.559123
16639 0.392576
16640 0.094524
16641 0.401673
16643 0.178221
16645 1.127847
16646 0.384397
16647 1.114429
16648 0.227604
16653 0.128728
16658 1.264791
16660 1.102502
16663 0.239772
16666 0.116044
16667 0.287102
16672 0.221320
16686 0.981834
16689 0.096099
16690 0.420501
16702 0.480496
16703 0.288298
16705 0.285059
16707 0.485554
16736 1.244868
16737 0.157253
16740 1.094555
16747 0.413282
16748 0.133919
16755 0.322503
16757 1.005627
16762 0.316362
16774 1.224241
16778 0.015174
16804 0.109307
16808 0.213554
16809 1.080358
16814 0.145448
16819 0.958620
16820 0.144752
16823 0.465073
16833 0.463248
16843 0.394513
16853 0.423621
16859 0.315018
16866 1.064484
16872 0.357674
16873 0.576596
16876 0.247578
16886 0.543458
16889 0.258880
16892 0.114797
16909 0.131793
16911 1.216554
16919 0.532242
16931 1.166149
16939 0.075004
16951 0.195456
16964 0.059138
16966 0.420434
16977 0.223198
16978 1.191954
16979 0.273639
16980 0.308226
16985 0.359796
16990 1.021815
16993 1.004761
16994 1.181318
16995 1.097690
17004 0.104836
17005 0.019629
17011 0.466768
17027 1.063422
17052 0.070245
17055 0.454106
17058 0.408726
17059 1.103053
17060 1.178261
17062 1.158555
17069 0.261549
17077 0.604053
17087 0.474296
17092 1.122357
17098 0.373232
17107 1.153191
17109 0.421739
17113 0.216223
17116 0.071122
17125 0.481713
17144 0.553157
17150 0.202314
17151 0.225883
17158 1.165330
17161 0.173489
17173 1.038825
17174 0.254601
17176 0.173599
17178 0.553532
17179 0.483596
17195 0.354828
17196 0.349452
17200 0.027457
17203 0.495670
17204 0.043931
17206 0.473415
17212 0.526839
17214 0.443906
17216 0.435963
17219 0.512530
17222 0.306760
17223 0.009300
17224 0.226393
17227 0.135670
17228 0.361100
17266 0.047554
17268 0.076515
17272 0.545955
17275 0.275977
17277 1.033260
17280 0.184511
17290 0.062335
17295 0.549652
17299 0.983765
17302 0.161447
17303 0.908266
17315 1.134887
17331 1.056669
17337 0.413701
17338 0.033752
17351 0.304617
17356 1.206967
17357 1.138407
17360 0.328144
17363 0.896319
17367 0.945617
17372 0.566711
17386 0.218171
17388 0.072724
17400 0.193736
17401 0.311291
17409 0.192199
17415 0.321381
17418 0.284349
17423 0.423394
17424 0.344522
17426 1.109947
17430 1.071352
17435 0.221768
17437 0.262752
17439 0.428328
17440 0.333689
17446 0.073923
17453 1.120243
17454 0.349452
17459 0.472004
17465 0.480496
17467 0.595501
17484 1.159493
17506 1.023362
17507 0.012334
17513 0.038440
17517 0.285443
17522 1.241899
17528 0.542678
17533 0.291947
17541 0.522780
17547 0.506542
17548 1.205609
17551 0.180334
17554 0.083030
17559 0.413966
17561 0.331543
17564 1.282428
17571 0.258660
17573 0.288298
17585 0.263984
17592 0.410560
17594 0.377408
17598 0.010777
17603 1.124119
17605 0.099795
17620 0.471527
17621 0.559802
17631 0.592013
17633 0.025485
17636 0.393016
17638 0.311929
17639 1.101710
17647 0.323116
17649 0.081282
17655 0.419342
17657 0.208673
17660 0.600732
17662 1.147216
17667 1.090081
17674 1.125404
17681 0.401110
17690 1.003614
17694 1.060280
17695 0.203153
17709 0.120683
17710 0.592013
17711 0.104159
17715 0.423394
17721 0.387548
17724 0.290207
17727 0.098144
17728 0.401516
17747 0.559421
17757 0.573987
17767 0.104361
17769 0.064838
17770 1.104119
17772 0.126032
17780 0.389968
17785 0.070966
17786 0.563491
17797 0.380308
17799 0.345491
17800 0.171638
17802 0.491524
17805 1.112006
17811 1.163581
17812 1.057092
17819 0.400194
17820 0.965681
17824 1.167428
17825 0.031885
17830 0.102182
17841 0.578930
17844 0.390311
17845 0.386348
17848 0.114797
17850 0.418190
17854 0.127346
17855 0.162258
17856 0.263587
17867 0.561288
17883 0.537758
17887 1.018244
17890 0.346624
17894 0.254916
17901 0.259659
17902 0.040463
17903 0.377005
17905 0.013332
17908 0.093925
17914 1.050892
17917 0.565984
17919 0.129572
17922 0.545493
17923 0.467116
17929 0.346711
17931 0.094413
17933 1.203961
17934 0.272676
17939 0.576596
17946 0.431737
17948 0.124669
17949 1.039932
17956 0.323520
17959 0.238159
17963 1.065607
17964 0.058389
17965 0.281593
17968 0.518705
17970 0.595604
17972 1.005976
17973 0.160571
17974 1.237571
17975 0.461277
17976 0.388093
17977 1.174416
17978 1.272077
17983 0.392576
17986 0.221413
17987 0.536705
17993 1.115689
17994 0.429095
17995 0.042976
17998 0.317392
17999 0.198286
18001 0.126957
18010 0.536634
18016 1.288586
18017 0.030548
18018 1.158099
18021 0.223198
18026 0.960123
18038 0.318455
18040 0.256265
18047 0.392372
18049 0.178944
18052 1.113766
18057 0.069890
18058 0.139078
18072 1.029192
18076 0.597084
18088 0.533196
18090 1.082325
18091 0.364852
18102 0.421597
18109 0.565064
18113 0.059520
18116 0.184511
18118 1.067132
18120 0.959882
18127 1.063024
18129 0.041185
18131 0.341686
18148 0.138170
18151 0.107274
18156 0.075930
18167 0.329483
18173 0.586153
18176 1.067316
18186 1.064484
18187 0.236196
18193 0.569107
18200 0.454780
18202 0.561811
18203 1.054346
18205 1.147338
18210 1.153191
18212 0.075372
18214 1.163675
18216 0.197028
18224 0.010777
18229 0.243452
18243 0.185080
18248 0.345400
18258 0.198826
18265 0.525505
18270 0.351821
18275 0.112506
18284 0.322062
18285 0.481654
18290 0.389202
18291 0.240248
18297 0.201651
18298 0.340944
18307 0.029569
18308 0.364934
18314 1.119274
18320 0.422837
18324 0.077994
18329 0.327922
18340 0.478153
18348 0.242777
18349 0.526017
18353 0.123007
18360 0.322704
18364 0.402030
18365 0.382466
18366 0.445901
18369 0.138581
18377 1.048356
18378 1.186911
18382 0.361594
18387 0.394129
18398 1.053143
18399 0.190527
18403 1.068812
18404 0.615035
18407 0.180186
18408 0.236264
18410 0.128928
18413 0.045898
18416 0.542678
18417 0.014690
18418 0.138383
18421 0.314507
18430 0.507404
18435 0.188827
18436 0.212570
18441 0.009984
18442 1.113766
18443 0.370008
18445 0.052899
18446 1.270864
18448 0.356441
18450 0.315943
18451 1.015907
18452 0.415743
18456 0.131504
18458 1.230868
18459 0.527469
18462 0.033426
18463 0.190435
18472 0.924421
18475 0.109828
18478 0.252604
18480 1.052287
18484 0.047653
18485 1.050325
18489 0.179385
18490 0.022612
18494 0.494225
18499 0.176370
18507 0.248380
18510 0.073452
18512 0.446091
18521 0.423394
18526 0.507163
18528 0.327449
18538 0.998943
18541 0.461277
18544 0.602673
18546 0.271339
18559 0.569968
18560 1.125735
18578 0.120683
18581 0.390699
18583 0.426614
18584 0.570651
18587 1.006653
18589 1.043364
18594 0.564061
18595 1.086661
18598 0.321821
18605 0.023415
18613 1.123873
18614 1.126620
18617 0.063478
18618 1.168168
18619 0.333956
18624 0.228236
18627 1.114320
18632 0.457121
18634 0.031451
18636 0.446732
18648 1.174416
18656 0.421899
18662 0.434143
18663 0.169054
18665 0.157253
18677 0.353645
18682 1.069828
18685 1.126983
18692 0.408559
18712 1.188137
18719 0.018525
18723 0.273883
18726 1.191314
18729 0.381949
18732 1.104738
18734 0.014597
18737 0.038763
18742 0.336029
18743 0.265101
18746 0.257409
18751 0.087862
18759 0.194222
18763 0.072074
18767 0.250954
18768 0.978465
18779 1.083722
18786 0.190974
18794 0.230638
18810 0.114603
18811 0.480905
18813 0.106152
18822 0.566480
18824 0.521971
18827 0.273124
18829 0.364166
18831 0.165586
18832 0.312323
18838 0.011196
18840 0.147501
18848 0.221574
18853 1.064484
18854 0.112258
18860 0.121972
18862 0.562253
18865 1.191090
18877 1.049611
18895 0.229681
18914 0.473104
18915 0.435389
18923 1.017174
18931 0.396797
18937 0.564583
18939 0.461277
18940 0.180387
18946 0.071122
18956 0.098845
18970 0.340286
18978 0.376785
18980 0.311975
18990 0.130550
18993 0.493344
19002 0.237627
19005 0.117523
19009 0.034770
19013 0.105905
19015 0.210869
19020 0.236552
19026 0.430525
19030 0.315158
19032 0.368600
19035 0.390912
19037 0.442320
19051 0.266121
19058 0.045822
19060 0.370503
19070 0.151013
19078 0.267407
19086 0.391650
19088 0.513922
19090 0.565290
19092 0.029569
19095 1.234537
19098 0.102506
19104 0.400087
19105 1.128914
19106 0.969729
19111 0.009531
19122 0.470937
19127 0.950230
19137 0.213994
19139 0.530576
19143 1.121684
19144 0.040463
19148 1.153191
19149 0.196089
19153 0.360372
19157 0.131793
19160 0.037200
19161 0.181784
19173 0.424287
19177 0.219656
19178 0.491716
19182 0.244385
19183 0.041934
19195 0.363506
19197 0.010116
19203 1.106229
19205 0.067835
19206 1.163133
19208 0.055912
19218 0.064579
19220 1.101246
19224 1.271468
19228 0.030752
19229 0.507404
19239 0.450026
19243 0.207160
19245 0.463291
19247 0.573184
19250 0.436599
19256 0.231603
19258 0.562532
19269 0.559123
19273 0.393016
19274 0.097453
19282 0.054914
19283 0.556245
19288 0.057089
19291 1.011355
19293 0.280981
19307 0.552369
19310 0.450026
19311 0.435341
19315 0.022501
19316 0.560308
19319 0.336348
19334 0.336773
19335 0.386236
19340 0.013567
19342 0.461277
19349 0.357117
19353 0.084380
19354 1.010662
19359 0.194631
19362 0.155486
19369 0.079530
19370 0.382201
19371 0.117523
19376 0.285326
19379 0.319345
19380 0.299386
19384 0.185571
19385 0.250467
19386 0.088142
19392 1.039872
19395 0.497854
19399 0.149765
19403 0.487889
19405 0.109250
19415 1.225266
19417 0.210541
19420 0.177414
19427 0.373660
19433 0.496590
19444 1.204318
19448 0.169002
19449 1.169904
19453 0.488770
19454 1.111795
19455 0.265336
19457 0.359436
19467 0.304138
19468 0.290207
19469 1.043364
19472 1.209445
19474 0.525114
19475 0.270702
19480 1.055658
19484 0.201941
19490 0.064969
19493 0.052418
19496 0.526839
19507 1.204608
19508 0.053887
19512 0.431833
19515 0.300833
19516 0.332452
19521 0.534247
19522 0.251337
19523 0.430525
19527 0.472392
19532 0.397000
19535 0.573939
19543 0.292517
19544 0.376305
19555 0.313489
19561 0.997864
19567 0.336153
19569 0.404437
19570 1.037321
19576 0.433769
19577 0.064665
19581 0.516948
19585 1.159935
19589 0.119812
19592 0.467962
19595 1.176969
19607 0.384397
19613 0.941773
19634 0.950509
19643 0.263009
19649 0.131044
19650 0.369531
19653 0.576596
19655 0.180387
19656 1.122357
19658 0.455752
19665 1.062276
19671 1.063760
19674 1.069184
19680 0.301679
19686 1.163307
19687 0.348360
19690 0.088707
19692 1.206828
19702 0.426614
19707 0.093083
19710 0.480104
19712 1.073478
19713 0.518288
19721 0.309103
19732 0.491301
19734 0.062617
19739 0.276766
19743 1.170234
19744 0.360068
19763 0.214547
19766 0.327358
19775 0.346452
19781 0.337006
19786 0.494225
19788 0.164742
19789 1.140234
19796 0.235764
19801 1.058485
19804 0.013894
19812 0.042126
19820 0.488911
19829 0.249339
19830 0.031885
19833 0.387627
19834 1.219722
19835 0.593455
19837 0.594068
19840 0.584149
19846 0.162691
19848 0.081402
19850 0.023064
19859 0.276766
19861 1.111510
19864 0.344972
19868 0.448160
19872 0.436081
19877 1.232972
19878 0.025770
19879 0.195967
19881 0.386006
19888 0.175339
19897 0.068506
19912 0.018600
19919 0.311410
19921 0.150744
19922 0.306700
19923 0.285991
19924 0.168760
19927 0.500815
19931 0.426614
19941 0.166060
19952 0.353130
19956 0.162258
19958 0.470690
19961 1.251635
19970 0.412721
19971 0.305257
19977 0.240827
19982 0.318768
19986 0.273883
19987 0.175285
19993 0.394129
20000 0.203078
20004 0.098986
20005 0.309103
20006 0.598895
20009 1.073411
20014 0.131793
20018 0.116779
20023 1.056194
20030 0.419342
20042 1.091688
20052 0.102964
20061 0.465712
20063 1.170234
20070 1.091911
20071 0.499716
20074 0.298976
20077 0.018828
20088 0.158281
20089 0.236310
20098 1.189455
20109 0.476738
20111 0.538156
20116 0.466609
20118 0.134539
20126 0.193814
20129 0.453556
20136 0.081402
20143 0.415905
20145 0.602222
20150 0.326567
20157 0.477183
20167 0.236196
20168 1.084782
20176 0.240248
20179 0.122192
20188 0.170843
20191 0.522386
20196 0.436599
20198 0.507694
20200 0.912686
20209 0.223198
20213 0.333819
20214 0.149765
20220 0.327611
20224 0.422837
20225 0.570396
20227 0.437417
20236 0.478153
20242 0.573479
20247 1.167428
20249 0.436712
20252 0.471304
20253 0.141429
20254 0.090446
20256 0.109178
20257 0.101481
20265 0.437097
20269 0.164742
20280 0.431604
20284 0.077743
20286 1.023543
20295 0.959954
20307 0.117075
20308 1.008088
20310 0.328144
20315 0.595604
20316 0.557753
20324 0.039595
20335 0.381949
20336 0.068410
20345 0.387472
20346 0.211938
20363 1.037872
20369 0.539567
20375 0.215262
20377 0.386475
20379 0.433679
20387 1.103910
20396 0.511496
20403 0.543863
20410 0.516783
20414 0.537758
20416 0.574163
20425 1.158709
20447 0.358134
20450 0.479941
20457 0.428189
20461 0.015174
20462 0.159061
20467 1.146286
20470 0.488123
20473 0.198094
20483 0.557097
20485 0.387799
20492 0.243452
20494 1.110873
20497 0.111151
20499 0.336106
20509 0.036804
20514 0.251407
20522 0.325259
20530 1.239554
20536 0.229491
20542 0.958360
20543 1.209906
20544 0.515256
20545 0.193045
20547 0.611637
20548 0.563061
20554 0.535606
20564 1.253240
20573 0.189826
20580 0.430004
20582 0.551834
20583 1.146820
20587 0.615035
20588 0.569107
20597 0.316811
20599 0.520796
20609 0.999078
20616 0.323520
20619 0.428873
20625 0.188827
20628 0.445091
20639 0.382342
20642 0.177414
20643 0.178271
20652 0.530576
20662 0.178221
20672 0.317716
20673 0.301402
20675 0.544915
20689 0.057901
20690 0.438213
20692 0.074701
20693 1.080815
20701 1.019396
20712 0.231565
20715 1.073023
20718 0.130930
20724 0.345957
20725 0.435167
20729 0.349783
20737 0.461277
20751 0.590891
20762 0.420661
20769 0.514913
20771 1.058340
20772 0.260608
20776 1.109947
20778 0.429620
20791 0.420322
20800 0.544968
20801 0.119932
20802 0.473632
20804 0.952937
20810 0.153759
20812 0.472737
20817 0.059520
20825 0.296672
20826 0.341303
20830 0.114745
20840 0.420434
20841 0.203820
20844 1.241899
20850 1.153191
20862 0.156744
20865 0.184511
20866 0.320888
20872 1.031309
20874 0.405923
20889 0.150416
20894 1.031803
20896 0.922553
20898 0.957893
20913 0.311410
20921 0.298976
20925 0.570117
20935 0.158281
20942 1.037409
20955 0.438317
20957 0.030149
20958 0.543281
20963 1.078132
20964 0.341345
20980 0.182083
20981 0.182365
20983 0.351821
20990 1.088405
20995 0.564328
21003 0.528546
21004 0.174537
21006 0.230638
21011 0.247514
21016 0.104361
21019 0.101157
21022 0.441648
21023 0.184020
21030 0.115319
21036 0.259874
21044 0.178470
21048 0.345957
21059 0.528780
21064 0.425358
21074 0.199317
21081 0.499716
21097 0.049922
21102 0.466609
21106 0.150120
21121 0.479417
21122 0.466057
21131 0.509385
21134 0.427525
21139 0.969497
21142 1.115505
21146 0.419342
21154 0.429327
21164 0.224232
21166 1.187252
21168 0.452232
21170 0.357725
21176 0.257696
21182 0.354828
21191 0.989784
21195 0.947487
21198 0.330961
21202 0.219159
21209 0.413282
21210 0.055575
21213 0.406453
21215 0.127346
21217 0.310475
21227 0.099735
21232 0.159061
21239 0.588268
21241 0.115319
21242 0.329483
21245 0.149169
21247 0.065584
21253 0.045898
21254 0.350337
21256 0.513694
21260 0.235045
21263 1.098924
21264 0.548545
21266 0.245650
21270 0.987011
21271 0.998434
21273 0.566480
21279 0.316198
21294 1.042308
21296 0.259659
21304 0.470502
21305 0.423190
21306 0.263984
21308 0.191313
21309 0.599660
21310 0.073452
21318 0.461277
21319 0.299530
21322 0.405023
21329 0.430525
21332 0.195067
21342 0.225731
21343 0.379531
21344 0.025206
21352 0.459401
21355 1.219722
21357 1.101246
21359 0.133258
21360 0.083220
21372 0.579278
21373 0.483242
21385 0.149120
21386 0.410024
21392 0.012203
21395 0.199591
21396 0.114682
21405 0.948310
21410 0.039258
21411 0.389028
21414 1.137816
21415 0.086489
21423 0.146258
21427 0.532242
21428 0.029569
21439 1.047482
21449 0.217071
21451 0.499471
21452 0.492727
21458 0.479646
21463 1.006847
21465 0.207953
21466 0.418116
21467 0.113429
21474 0.040463
21479 0.227604
21482 0.103891
21483 0.237282
21486 0.364166
21491 0.225513
21493 0.055912
21494 0.065363
21495 1.062009
21497 0.286740
21500 0.107274
21502 0.204772
21504 0.350337
21511 1.236943
21519 1.074921
21530 0.509326
21532 0.384397
21533 0.286592
21537 0.589296
21538 0.334798
21540 0.520342
21542 1.148242
21544 0.397652
21545 0.426614
21548 0.508014
21553 0.278794
21557 1.007218
21560 0.382575
21570 0.040228
21583 0.430652
21592 0.546772
21595 0.478007
21596 0.280777
21597 0.276766
21600 0.183353
21601 0.414253
21603 0.397652
21607 0.369421
21610 0.221320
21612 1.098278
21618 0.175168
21619 0.304617
21621 0.529111
21628 0.075004
21630 0.315610
21633 0.562253
21635 0.322062
21637 0.242223
21645 0.118276
21652 0.525505
21654 0.157464
21655 0.336607
21656 1.146602
21659 0.309813
21666 0.244205
21673 0.114682
21675 0.205427
21678 0.391082
21680 0.573837
21682 0.420434
21693 0.117274
21698 0.583379
21701 0.286669
21707 0.415149
21709 0.096546
21717 0.868916
21718 1.099967
21720 0.106997
21723 0.445091
21734 0.440415
21735 1.101939
21739 0.602673
21741 0.345957
21744 0.476217
21745 0.010160
21750 0.540559
21752 0.247112
21755 1.105637
21757 0.555755
21758 0.141207
21759 0.407009
21761 0.286918
21762 0.218016
21775 0.123007
21777 0.536936
21781 1.141660
21785 0.387548
21788 0.103079
21791 0.416571
21796 0.393254
21798 0.053020
21799 0.110305
21801 0.404366
21806 0.375458
21808 0.396639
21810 0.161352
21814 0.067835
21817 0.963426
21820 0.077201
21823 1.258027
21828 1.075369
21833 0.206983
21834 0.569358
21835 0.307518
21838 0.573014
21848 0.170843
21861 0.054914
21862 0.444010
21870 0.195631
21876 0.187729
21878 0.513922
21879 0.427525
21880 0.398634
21883 0.051946
21886 0.227053
21887 0.165530
21894 0.455582
21898 0.039313
21911 0.028127
21913 0.285991
21925 0.196288
21928 0.313084
21930 0.178176
21933 0.102964
21934 1.153191
21950 0.404629
21961 0.075004
21967 0.062901
21968 0.256265
21969 0.216223
21970 0.496955
21975 0.610962
21980 0.371142
21985 0.534592
21990 0.306060
21998 0.282164
22012 0.318122
22013 0.272945
22035 0.548696
22036 0.273000
22039 0.337190
22041 0.488770
22042 1.100989
22045 0.290207
22064 1.222383
22069 0.531246
22084 0.125595
22085 1.169588
22086 1.138470
22105 0.489851
22108 0.508186
22111 0.029696
22116 1.236304
22124 0.425954
22126 0.992621
22127 0.387799
22131 0.518936
22132 0.167503
22134 0.076035
22137 0.065897
22138 0.353740
22142 0.581284
22146 1.134078
22148 0.009300
22160 0.345400
22161 0.227390
22162 0.077201
22171 0.096602
22180 0.277877
22186 0.455207
22194 1.019339
22196 0.076879
22201 1.208693
22203 0.380665
22219 0.164742
22225 0.398291
22227 0.129796
22233 0.545145
22234 0.538546
22235 0.192199
22258 0.148480
22264 0.994910
22266 1.041231
22267 0.509201
22272 0.393133
22273 0.277209
22274 0.156542
22275 0.554540
22276 0.992621
22288 1.139071
22297 0.954735
22302 0.170422
22305 0.239003
22307 0.564583
22319 0.445986
22325 0.518595
22327 0.021758
22334 0.148364
22338 1.134491
22343 0.523671
22345 1.029192
22346 0.410726
22355 0.322894
22358 1.148446
22366 1.237199
22370 1.127791
22375 0.080322
22380 1.116775
22386 0.579891
22393 0.861982
22394 0.436892
22396 0.373091
22399 0.415368
22405 0.161447
22406 0.018828
22410 1.056669
22427 0.058538
22431 0.298473
22433 0.355657
22434 0.964250
22435 0.500179
22436 0.523671
22440 0.550387
22445 1.039932
22446 0.323703
22451 0.375700
22458 0.246729
22466 0.237422
22474 0.085072
22477 1.126058
22485 0.469441
22501 0.606373
22503 0.086851
22504 1.255373
22506 0.118886
22512 0.092255
22524 0.403617
22526 0.550254
22527 1.073661
22530 0.141002
22532 0.422837
22536 1.114568
22541 0.303125
22545 0.382039
22548 0.196288
22551 1.120554
22553 0.150120
22566 0.579493
22571 0.591380
22581 1.069323
22588 0.051713
22590 0.432447
22598 0.069890
22599 1.228074
22603 0.069890
22605 0.573014
22618 0.209671
22625 0.583379
22628 0.022392
22631 0.968246
22632 1.141179
22638 0.465153
22639 0.146975
22645 1.159167
22654 0.405645
22658 1.040326
22660 0.499716
22667 0.023180
22677 1.237571
22678 0.309998
22682 0.176615
22684 1.061219
22689 1.053533
22690 0.603208
22693 0.025206
22706 1.127101
22723 0.498977
22725 0.403057
22730 0.446397
22736 1.078309
22738 0.285915
22739 0.207953
22746 0.060962
22752 0.545707
22755 0.161145
22757 0.426681
22758 0.240965
22760 0.480905
22762 0.573939
22765 0.333144
22767 1.226576
22770 0.292075
22775 0.332651
22780 0.288298
22792 0.992814
22801 0.128682
22803 0.422019
22804 0.084380
22813 0.359796
22814 0.561658
22815 0.273000
22825 0.533885
22830 0.511073
22833 0.420661
22839 0.897463
22846 1.106650
22849 0.075004
22861 0.278549
22867 0.443148
22869 1.162964
22877 1.212634
22884 0.364852
22887 1.066392
22894 1.086232
22896 0.373503
22901 0.344972
22905 1.153191
22909 0.203504
22915 0.461277
22924 0.221574
22928 0.306858
22931 1.138594
22939 0.491301
22946 0.400087
22947 0.371997
22948 1.130580
22950 1.267087
22955 0.437417
22963 0.128132
22966 0.435341
22967 0.969622
22972 0.040942
22980 0.453556
22987 0.239003
22988 1.133972
22989 0.242028
22992 0.443098
22994 0.444604
23002 0.244616
23004 0.319559
23006 0.438825
23009 0.377937
23015 1.171692
23022 0.121389
23025 0.463336
23042 0.074002
23045 1.086916
23047 0.052181
23048 0.489233
23051 0.454780
23055 0.470456
23061 0.284739
23062 0.300833
23066 0.386236
23067 0.541294
23069 0.207315
23072 0.366705
23073 0.225513
23083 1.104854
23088 0.417112
23096 0.214547
23097 0.067835
23098 0.371584
23100 0.288298
23101 0.471091
23102 0.473632
23103 0.482961
23109 0.295002
23117 0.990175
23130 0.421166
23131 0.046500
23142 1.241899
23149 1.027213
23161 0.179137
23168 1.072156
23180 0.545145
23181 0.490917
23182 0.512530
23190 0.507953
23193 0.599660
23195 0.515713
23196 0.046128
23197 0.394129
23203 1.058839
23204 0.300310
23207 0.491360
23209 0.074399
23212 1.098278
23213 1.033521
23217 0.467306
23221 0.407836
23222 0.532242
23226 0.380665
23229 0.455462
23235 0.310973
23237 0.012603
23238 1.196984
23246 0.472392
23247 0.193899
23251 1.032138
23258 1.201241
23262 0.466768
23267 0.437921
23272 0.322894
23277 0.417445
23292 0.236552
23302 0.320331
23304 0.223198
23307 1.045080
23308 0.430991
23312 0.097316
23316 0.183217
23317 0.366250
23323 0.134453
23330 0.484781
23331 0.499716
23332 0.559708
23337 0.333292
23339 0.354828
23341 1.058668
23354 0.181080
23357 0.461277
23373 0.526017
23374 0.992281
23380 0.333453
23382 0.982348
23385 0.491036
23395 1.017101
23399 0.323187
23401 0.070966
23408 1.192063
23411 0.595196
23414 1.066702
23417 0.154495
23418 0.118276
23431 0.409014
23438 0.596827
23446 0.204598
23465 0.444459
23470 0.153759
23473 0.968891
23478 1.217533
23481 0.557376
23484 0.070245
23485 0.297954
23487 0.348133
23491 0.210735
23495 0.935307
23496 0.126032
23498 0.050801
23510 0.393773
23518 0.300310
23520 0.024278
23521 0.129796
23523 0.369021
23525 0.420231
23526 0.286918
23528 1.098796
23536 0.286507
23540 0.560255
23544 0.499320
23547 1.137816
23555 1.308429
23557 0.105905
23572 0.150744
23574 0.381851
23588 0.398995
23592 0.168076
23599 0.226116
23600 0.342532
23601 0.359436
23602 0.582087
23604 0.322704
23624 0.518936
23633 0.072987
23635 0.239772
23637 1.126058
23644 0.009856
23651 0.225275
23655 0.266121
23657 0.130550
23662 0.977906
23673 0.369421
23686 0.338552
23688 0.263009
23693 0.405645
23694 0.092255
23699 1.073661
23701 0.257856
23706 0.394253
23710 1.224376
23711 0.082005
23715 0.282645
23716 0.428131
23721 1.158817
23729 0.507404
23737 0.323456
23742 0.463928
23745 0.552060
23754 0.010931
23759 0.949687
23760 0.523535
23763 1.025059
23764 0.339590
23766 0.165728
23773 0.166440
23777 1.121158
23780 0.488953
23783 1.050228
23784 0.278911
23797 0.497248
23798 0.142529
23799 0.986465
23806 0.199317
23810 0.318645
23812 0.134789
23817 0.522780
23823 0.362933
23824 0.328019
23830 0.463784
23831 0.188572
23834 0.436892
23847 0.922553
23848 0.331009
23851 0.120124
23853 0.020143
23855 1.114752
23863 0.323456
23864 0.527604
23873 1.043942
23879 0.553157
23881 0.421082
23883 0.429761
23884 0.254916
23889 0.318768
23891 0.039765
23898 0.963862
23900 0.457212
23903 0.323930
23920 0.299154
23921 0.297598
23923 1.172737
23926 0.597084
23938 0.458579
23947 0.275073
23948 0.104361
23951 0.294704
23952 0.091342
23954 0.257457
23958 0.280671
23959 0.379709
23965 1.133479
23968 0.562253
23973 0.342432
23978 1.295854
23985 0.249858
23991 1.085357
23993 0.193995
23994 0.154696
23998 1.045560
23999 0.337804
24013 0.505509
24014 0.382405
24015 0.576596
24019 0.049282
24022 0.105435
24023 1.044881
24028 0.354092
24045 1.031219
24048 0.268184
24053 0.038017
24064 0.337190
24069 0.202314
24080 0.452518
24086 0.241366
24090 0.210583
24094 0.975056
24102 1.047223
24111 1.049534
24116 0.342095
24120 0.298803
24123 0.474296
24128 0.298016
24129 1.297340
24130 0.556364
24132 0.576596
24133 0.531167
24141 0.259728
24142 0.416637
24143 0.263286
24145 0.152909
24146 0.041934
24151 0.011142
24155 0.271339
24168 0.331543
24170 0.144149
24173 0.475543
24178 0.069469
24183 0.962664
24184 0.260033
24186 0.236552
24187 0.458222
24192 1.039872
24200 0.227791
24202 0.576596
24203 0.527173
24204 0.595196
24205 0.093083
24206 0.158281
24227 1.167085
24231 0.185683
24232 0.449549
24234 0.975336
24244 0.418190
24260 0.036609
24262 1.131015
24264 1.142514
24269 0.292142
24274 0.403617
24290 0.537684
24292 0.538156
24293 0.092667
24297 0.604953
24299 0.138635
24303 0.556364
24306 0.009856
24325 0.455400
24343 0.118552
24351 0.145666
24352 0.318561
24353 0.353318
24372 0.091644
24374 0.453040
24377 0.185080
24381 0.308412
24384 0.425583
24387 0.250694
24392 0.303471
24397 0.116779
24401 0.222302
24411 0.447052
24422 0.409197
24439 0.486099
24445 0.428620
24447 0.305665
24467 0.499320
24468 0.327811
24472 0.425199
24473 1.153191
24478 0.087862
24481 0.380553
24490 0.981168
24493 0.430378
24496 0.553532
24498 0.531471
24500 0.579381
24501 1.121452
24502 0.342156
24505 1.063024
24507 0.360372
24515 0.580048
24526 0.337755
24529 0.551955
24544 0.021063
24550 0.235345
24556 1.130280
24557 0.204211
24565 1.093025
24568 0.230638
24571 0.407554
24574 0.597084
24584 1.133194
24609 1.013795
24611 0.265756
24622 0.049072
24623 0.323520
24628 0.037810
24631 0.285747
24632 0.478503
24644 0.516948
24655 0.532988
24659 0.565140
24661 0.314928
24664 0.049493
24666 0.569107
24667 1.178536
24670 1.074921
24672 0.561658
24684 1.037409
24685 0.224515
24687 0.315403
24689 0.202962
24692 0.463383
24694 0.243847
24702 0.597437
24703 0.306700
24710 0.421597
24717 0.459322
24719 0.567903
24724 0.220155
24734 0.335474
24737 0.232856
24743 0.419342
24745 0.541003
24746 0.423621
24750 0.009691
24756 0.587079
24758 0.028299
24767 0.310860
24776 0.286918
24777 0.427525
24783 0.991432
24788 0.993519
24801 0.276766
24802 0.323116
24805 1.086916
24806 0.175613
24814 0.382673
24815 0.047653
24822 0.012603
24824 0.051713
24829 0.461277
24830 0.914365
24843 0.416100
24852 0.955066
24864 0.050139
24867 0.190087
24868 0.341686
24877 0.226327
24881 0.192199
24884 0.273639
24887 0.250467
24888 0.521216
24894 0.101888
24901 0.082371
24902 1.019908
24904 0.032332
24905 0.028127
24906 0.289807
24914 0.459037
24916 0.134453
24921 0.084724
24932 0.105435
24936 0.531075
24941 1.269911
24944 0.148480
24948 0.403617
24949 0.183945
24952 0.103271
24953 0.350076
24954 0.513744
24970 0.128132
24972 0.481086
24976 0.266567
24978 0.240666
24987 1.183275
24991 1.077749
24993 0.391261
24995 0.261452
25003 0.332276
25016 0.991529
25019 0.223921
25023 0.172316
25034 0.133703
25035 1.119472
25036 0.245053
25046 0.504044
25047 0.252604
25048 1.088293
25053 0.009814
25055 0.957005
25057 0.478007
25062 0.263009
25063 0.258660
25072 1.018133
25074 0.227536
25080 0.407640
25088 0.407554
25099 0.320674
25100 0.066439
25108 0.960017
25114 1.080062
25118 1.116331
25124 0.321496
25126 0.337006
25127 1.052034
25129 0.021966
25130 1.025059
25132 0.275247
25144 1.110829
25148 0.565717
25157 1.052034
25163 0.231565
25167 0.082371
25173 0.435167
25175 0.490720
25178 0.517189
25182 0.241717
25184 0.537505
25187 1.170234
25188 0.557467
25195 1.076312
25207 0.011828
25208 0.172261
25209 0.289591
25212 0.147440
25227 1.264791
25232 0.010389
25233 1.067583
25236 0.465414
25237 0.010116
25242 0.407836
25243 0.081883
25247 1.195381
25253 0.391450
25257 0.534406
25272 0.123556
25278 0.302476
25279 0.075442
25280 1.204673
25281 1.025059
25294 1.159781
25300 1.060936
25301 0.592013
25306 0.352504
25315 0.324335
25317 1.121158
25325 0.542678
25328 0.293540
25330 0.417112
25335 0.402276
25336 0.356542
25342 0.562300
25352 0.309236
25363 0.527604
25376 0.353950
25379 1.114568
25394 0.234547
25402 0.199591
25403 0.482961
25410 0.057301
25415 1.257083
25418 1.119862
25422 0.270749
25428 0.416699
25431 0.093322
25435 0.263587
25443 1.236943
25445 0.013332
25448 0.077201
25451 0.142529
25455 0.503424
25457 1.094053
25461 0.237567
25462 1.115992
25476 0.470690
25480 0.093925
25483 0.431789
25490 0.505678
25493 0.409763
25502 0.615035
25505 0.554047
25509 0.394356
25511 1.183275
25513 0.963426
25518 0.208618
25521 0.061778
25524 0.091213
25534 0.043110
25539 0.521806
25551 0.538495
25555 0.384397
25556 0.598354
25557 0.194102
25558 0.419342
25564 1.129414
25567 0.344880
25570 0.285747
25571 0.280215
25574 0.352504
25578 0.249736
25579 0.519748
25584 0.279966
25595 0.194761
25599 0.062901
25603 0.146975
25609 0.492509
25610 0.406411
25618 0.384397
25621 0.394356
25630 0.528546
25637 0.245858
25641 0.313212
25643 0.104836
25645 0.364684
25646 0.470502
25648 0.469441
25650 0.132333
25654 0.591380
25657 0.120595
25663 1.237278
25673 0.243289
25674 0.417617
25676 0.476847
25677 0.167302
25683 0.120753
25687 0.538156
25690 0.427108
25694 1.231981
25712 0.571207
25714 1.089829
25727 0.130774
25731 0.192199
25736 0.461277
25739 0.534247
25748 0.545145
25758 0.243944
25761 0.262337
25762 0.254601
25768 0.071701
25770 0.048453
25773 0.246594
25779 1.232512
25783 0.391261
25787 0.444604
25794 0.403358
25795 0.540353
25798 0.333007
25799 0.476318
25804 0.503424
25806 0.556713
25810 0.427881
25816 0.245360
25819 0.224724
25831 0.176370
25832 0.363662
25836 0.229206
25838 0.361786
25839 1.226576
25853 0.543458
25861 0.275763
25868 0.369531
25880 0.022835
25881 0.478007
25884 0.530468
25891 1.221698
25896 0.568075
25898 0.477183
25900 0.912129
25901 0.096602
25902 0.029443
25903 0.212303
25904 0.185999
25928 0.391650
25929 0.057660
25937 0.513694
25943 0.526571
25944 0.411329
25945 0.430991
25959 0.114797
25977 0.353740
25979 0.043110
25984 0.317478
25987 0.074399
25990 0.301488
25991 0.556713
25994 0.579747
25997 0.154618
25999 0.357327
26001 0.615035
26011 0.210735
26015 0.249609
26029 1.101363
26030 0.305665
26036 0.615035
26052 1.171496
26055 1.098749
26056 0.160444
26057 0.022284
26061 1.049700
26062 0.263009
26066 0.253449
26070 0.282645
26074 0.028830
26075 0.590005
26079 0.100904
26082 1.153191
26085 0.556364
26086 0.069589
26091 0.484987
26095 0.180010
26098 0.271932
26106 1.147674
26112 0.470381
26115 0.294230
26116 0.592350
26121 1.090857
26125 0.034253
26126 0.059392
26131 0.170143
26143 0.195456
26144 0.391450
26151 1.138955
26154 1.087085
26155 1.255373
26157 1.100116
26159 0.076515
26161 0.998434
26162 0.348520
26174 0.244205
26175 0.029569
26176 0.209671
26178 0.284617
26184 0.386619
26194 0.375700
26195 0.137695
26215 0.183694
26216 0.009300
26228 1.108095
26263 0.593070
26266 1.063760
26272 0.166226
26273 1.225568
26275 0.153759
26277 1.253179
26279 0.355567
26305 0.506542
26306 0.276766
26312 1.091688
26319 1.261983
26321 0.437921
26327 0.384397
26328 0.445439
26343 0.247793
26347 0.162951
26373 0.210950
26375 0.528097
26379 0.538156
26382 0.442743
26385 0.363042
26387 0.955502
26389 0.059906
26390 0.922553
26403 1.172737
26407 0.478007
26413 0.519456
26414 1.177727
26430 0.107274
26432 1.095047
26435 0.182589
26438 1.039014
26445 1.045918
26454 0.355923
26456 1.096008
26462 1.115069
26463 0.305819
26471 0.583894
26477 0.111151
26479 0.847034
26487 0.280906
26495 0.116779
26498 0.481552
26500 0.421358
26509 0.333144
26513 0.336106
26516 0.407554
26534 0.510349
26541 0.488953
26546 0.229111
26549 0.059520
26550 0.510349
26557 0.011196
26560 0.306060
26566 0.155837
26575 0.145974
26588 0.542053
26590 1.045751
26592 0.221413
26603 0.166845
26607 0.554131
26613 0.155705
26614 1.252036
26616 0.205927
26626 0.318455
26627 0.506897
26629 1.054346
26637 0.166138
26648 0.401110
26651 0.322894
26654 0.599660
26661 0.427108
26662 0.488770
26668 0.014506
26679 0.512530
26682 0.095109
26684 0.329483
26686 0.133061
26696 0.260033
26697 0.250904
26701 0.015274
26705 0.506897
26711 1.172737
26712 0.140107
26717 0.466184
26722 0.074002
26723 0.185080
26728 0.608791
26729 1.131703
26731 0.323930
26732 0.418190
26734 0.134789
26740 0.490917
26742 1.169744
26744 0.546001
26746 0.573479
26747 0.311673
26749 0.354828
26753 0.070604
26754 1.113426
26759 0.303471
26769 0.931718
26775 0.375700
26787 0.277270
26794 0.224648
26803 1.075369
26810 0.195249
26811 0.028830
26812 0.110485
26814 0.061778
26815 0.369613
26819 0.113615
26821 0.102832
26826 1.086777
26827 1.110928
26838 0.082371
26841 0.420375
26844 1.045080
26858 0.570260
26866 0.223578
26867 0.553532
26870 0.212725
26877 0.177414
26880 0.148799
26884 0.398004
26892 1.356153
26893 0.175613
26894 0.249736
26896 0.220273
26899 1.165080
26903 0.415149
26907 1.039357
26909 0.254849
26911 0.508014
26919 0.151736
26921 0.371027
26925 0.555629
26927 0.145056
26930 1.125065
26938 1.101416
26947 0.602976
26951 0.075372
26952 0.271339
26957 0.540234
26958 0.272798
26969 0.120753
26974 1.085357
26975 0.576596
26981 0.520796
26983 0.384397
26987 0.273639
26988 1.107064
26996 0.505208
26998 0.227053
27016 0.189566
27019 0.138170
27027 0.125347
27029 0.229111
27032 0.228355
27033 0.528278
27036 0.483596
27044 0.019381
27047 0.372331
27054 0.134352
27057 0.430004
27065 0.928355
27070 0.957149
27071 0.012813
27077 0.198094
27078 0.558689
27080 0.068701
27082 0.442449
27084 1.171117
27088 0.118552
27094 0.591380
27096 0.037401
27101 0.038872
27113 0.262089
27117 0.326815
27139 0.240666
27144 0.185438
27147 0.215103
27149 0.329483
27155 0.137136
27156 0.571668
27170 0.214547
27171 0.289807
27172 0.095701
27175 0.315755
27185 0.322894
27186 1.065449
27187 0.224049
27188 0.058242
27193 1.274885
27196 1.117818
27206 1.167789
27207 0.028651
27208 0.305665
27209 0.205734
27217 1.074051
27220 0.473415
27221 0.081539
27223 0.473496
27224 0.523097
27234 0.517530
27238 1.104854
27245 0.049282
27246 0.291947
27247 0.591380
27257 0.314061
27262 0.357117
27263 0.159061
27265 0.448463
27272 0.225013
27275 0.134092
27279 0.286918
27280 0.502673
27289 0.384397
27290 0.288298
27305 0.142529
27315 1.086478
27316 0.021656
27319 0.212430
27323 0.051713
27327 0.096546
27342 0.588363
27348 0.050690
27349 0.320331
27357 0.510908
27362 0.206542
27364 1.084782
27374 0.315496
27378 0.590005
27380 0.556003
27384 0.403617
27389 0.009263
27418 0.197256
27424 0.037350
27429 0.137013
27435 0.359012
27445 0.328105
27449 0.009338
27450 0.507827
27457 1.007277
27458 0.483596
27459 0.261860
27464 0.211418
27469 0.179856
27471 0.573987
27477 1.007643
27478 0.492727
27480 0.200141
27486 1.231818
27489 0.358505
27496 0.046594
27511 0.132668
27515 0.351646
27516 0.391650
27519 0.570887
27528 1.130035
27530 0.368155
27535 0.447710
27538 0.182426
27540 0.533351
27541 0.568075
27547 0.290024
27550 0.342095
27554 0.213554
27555 0.095531
27557 0.161199
27566 0.269752
27570 0.294648
27580 1.060936
27584 0.214764
27588 0.140107
27593 0.224049
27598 0.433076
27599 0.530345
27602 0.347537
27607 1.201241
27608 0.573338
27612 0.419342
27620 0.138939
27625 0.433600
27630 0.324685
27632 0.365917
27635 0.033917
27639 0.411854
27641 0.043245
27647 0.376148
27649 0.055575
27672 0.019463
27674 0.978153
27681 0.386348
27693 0.594068
27701 0.379131
27709 1.192617
27712 1.093199
27721 0.270204
27736 0.208318
27742 0.322503
27743 0.432447
27746 0.563551
27749 1.198121
27754 0.173312
27758 0.191137
27763 1.089829
27767 0.384397
27772 0.486668
27778 0.584567
27782 0.221574
27783 0.570526
27791 0.447652
27794 0.046128
27795 0.037200
27799 1.215397
27800 0.046359
27803 0.522780
27818 0.026510
27823 0.212187
27829 1.249828
27833 0.985634
27834 0.214310
27841 0.458498
27843 0.119039
27847 1.045751
27853 1.022831
27862 0.301336
27871 0.498977
27875 0.581886
27888 0.128928
27894 0.532242
27895 0.227791
27902 0.042514
27903 0.502673
27908 0.202512
27910 0.018600
27913 0.046128
27914 0.546249
27925 0.169054
27929 0.463336
27940 0.550254
27973 0.106285
27974 0.083030
27977 0.545596
27993 0.451514
27994 0.331377
28003 1.085357
28004 0.390134
28007 0.407758
28010 0.376148
28018 0.147699
28020 0.147699
28024 0.120899
28027 0.096546
28033 0.390499
28035 0.372385
28036 0.133919
28040 0.184078
28043 0.074399
28046 0.407594
28047 1.208767
28050 0.314507
28052 0.238078
28053 1.030729
28059 0.483434
28060 0.077994
28066 0.153759
28069 0.447052
28078 0.126724
28079 0.408726
28084 0.417235
28092 0.518660
28093 0.167737
28098 0.103891
28099 0.133427
28104 0.274119
28107 0.209671
28117 0.384397
28121 0.215802
28128 0.299699
28131 1.196708
28133 0.207871
28136 0.244616
28142 0.276285
28144 0.407594
28145 0.566238
28148 0.059138
28151 0.025770
28153 0.091041
28159 1.124362
28181 1.086777
28187 0.034253
28191 0.543458
28194 0.466995
28197 0.377212
28199 0.163767
28204 0.172670
28207 0.376860
28210 1.233360
28221 0.111599
28223 0.485554
28225 0.344972
28229 0.102299
28233 0.916444
28236 0.251190
28242 0.600130
28248 0.208767
28255 0.290642
28256 0.394513
28257 0.321821
28258 0.089088
28260 0.142958
28268 0.508014
28269 0.434143
28270 0.497184
28273 0.213898
28277 0.010251
28282 0.156744
28284 0.111599
28297 1.146890
28298 1.238263
28302 1.132413
28305 0.506604
28314 0.556713
28328 0.071627
28337 0.045671
28345 0.499716
28346 0.464006
28360 0.421257
28364 0.091213
28366 0.563782
28378 0.268468
28381 0.549652
28386 0.172979
28389 1.120979
28413 0.164742
28414 1.172305
28416 1.105637
28426 0.127346
28433 0.032484
28434 1.031498
28437 0.212081
28438 0.530468
28442 0.223198
28444 0.390597
28458 0.419342
28459 0.181521
28465 0.157701
28468 0.095601
28478 1.218466
28487 0.970445
28491 0.602109
28492 1.094555
28496 0.212081
28498 0.362575
28501 0.087743
28505 0.410024
28513 1.131156
28515 0.148431
28516 0.122680
28531 0.054914
28546 0.100278
28551 0.376305
28560 0.393133
28565 0.538156
28568 0.191313
28569 0.010389
28580 0.290207
28584 1.109260
28589 1.062150
28591 0.024934
28595 0.059906
28602 0.024800
28608 1.162417
28611 0.454624
28613 0.455071
28625 0.102299
28627 0.298338
28630 1.014253
28633 0.155645
28635 0.306858
28636 1.009822
28648 0.162019
28649 0.448160
28650 0.261100
28651 0.089279
28654 0.159561
28661 1.129414
28665 0.056598
28666 0.579229
28673 0.477899
28676 0.401110
28680 0.312730
28681 0.103079
28684 0.561658
28689 1.108593
28692 1.109399
28700 0.093502
28708 0.339590
28710 0.192199
28716 0.366250
28720 0.317768
28723 0.040641
28726 0.030548
28728 0.570772
28733 0.489851
28734 0.119109
28736 0.382123
28739 0.389522
28744 0.053887
28745 0.104836
28748 1.252036
28751 1.096244
28761 0.267591
28762 0.352889
28773 0.080322
28774 0.035123
28779 0.587475
28780 0.236002
28792 0.201431
28796 0.142099
28800 0.062901
28805 0.520796
28812 0.339174
28821 1.023362
28822 0.562181
28827 0.127346
28831 0.196288
28835 0.091796
28837 0.968681
28848 0.135008
28852 0.058886
28855 0.452232
28857 1.157860
28861 0.563782
28866 0.953477
28867 0.010296
28873 0.067835
28875 0.583223
28878 0.443535
28879 0.561342
28882 0.015174
28896 0.160691
28906 0.172979
28912 0.290111
28938 0.028830
28943 0.197256
28948 0.199687
28951 0.275883
28952 0.025069
28955 0.474296
28960 0.217193
28967 0.340845
28973 0.353889
28976 0.229681
28979 0.117455
28988 1.184025
28989 0.890371
28992 0.380308
28995 0.366656
28996 1.101939
29000 0.343098
29002 0.182083
29003 1.103592
29004 0.193439
29009 0.569297
29012 0.105435
29016 0.973214
29021 0.359436
29028 1.060936
29033 0.027788
29042 1.137951
29054 0.593722
29058 0.029011
29059 0.539792
29061 0.958360
29064 0.407009
29067 0.567725
29072 0.089472
29075 0.099659
29076 0.585376
29089 1.143661
29097 0.318855
29099 0.461277
29110 0.416973
29111 1.303041
29112 0.276766
29117 0.332452
29126 1.058668
29132 0.036226
29133 0.124929
29135 0.448753
29144 0.298803
29145 0.427989
29146 0.233092
29152 1.209445
29153 0.020501
29154 0.231565
29155 1.096244
29157 0.321821
29162 1.095532
29167 0.054589
29169 1.158457
29170 1.084685
29172 0.453040
29186 0.473104
29187 1.128392
29190 0.332880
29192 0.047069
29202 0.341686
29206 0.087033
29213 0.346711
29228 0.270502
29232 0.076560
29247 0.169587
29250 0.523535
29252 1.007154
29256 0.120124
29264 0.486210
29265 0.253581
29271 0.010931
29272 0.440034
29273 0.095601
29274 0.284906
29275 0.284554
29276 0.508920
29280 0.285552
29284 0.096501
29294 0.984888
29296 0.991529
29302 0.162421
29306 0.221768
29309 0.178944
29319 0.209671
29338 1.049350
29339 1.138407
29349 0.374281
29350 0.195067
29354 0.247998
29357 0.078372
29359 0.092626
29368 0.203820
29370 0.493273
29372 0.299530
29373 0.543781
29376 0.382841
29391 1.104119
29396 0.192199
29397 0.279562
29400 1.123923
29403 0.279562
29409 0.054140
29410 0.109828
29418 0.403943
29421 0.048301
29424 0.312926
29427 0.431789
29433 1.012246
29441 0.212570
29458 0.046313
29475 0.413701
29479 0.463336
29485 1.002775
29489 0.202106
29490 0.535923
29496 0.192199
29499 1.070366
29507 1.059436
29510 0.390311
29512 0.585034
29524 0.336887
29527 1.268511
29532 0.195967
29535 0.450359
29537 0.379709
29547 0.242777
29548 0.315812
29549 1.137249
29554 0.534406
29564 0.436343
29573 0.081282
29578 0.197690
29589 0.552992
29597 0.212303
29603 0.011088
29606 0.049282
29624 0.519881
29628 0.524178
29631 0.239251
29632 0.111825
29633 0.912070
29638 0.060694
29642 0.088707
29644 0.364852
29646 0.515393
29647 0.459363
29650 0.546599
29661 0.241506
29663 0.276341
29672 0.301488
29675 0.276214
29690 1.086145
29697 0.510995
29700 0.267913
29711 0.450026
29712 0.293540
29713 0.437921
29730 0.320674
29731 0.325441
29733 0.576596
29757 0.474844
29774 0.066852
29775 0.126220
29781 0.524733
29785 0.392178
29794 0.142776
29801 0.013030
29809 0.418032
29813 0.037401
29817 0.356657
29818 1.179702
29820 0.396251
29826 1.040554
29828 0.056948
29829 0.009984
29832 0.321142
29834 0.054589
29857 0.922553
29858 0.200555
29868 1.060742
29874 0.276385
29879 0.010343
29880 0.538156
29892 0.227956
29903 0.482244
29904 0.478153
29905 0.359078
29910 0.352504
29915 0.265583
29917 0.391261
29928 0.111825
29938 0.481332
29944 0.131169
29947 0.567143
29954 0.566480
29958 0.502988
29960 0.543781
29967 0.552992
29970 0.226857
29980 1.085357
29981 1.031089
29985 0.272945
29991 0.578930
